44 64
96.065 119.59 1.8292 0.75831 0 0 0 0 0 0 0 0 -0.00022198 0.00086455 0.00036306 0.00086455 0.0061956 0.011315 0.018325 0.03356 0.043527 0.071699 0.045888 0.072132 0.021244 0.20934 0.14886 0.24113 0.011033 0.069329 0.1831 0.34876 0.0036075 0.030783 0.18029 0.16251 0.10938 0.088414 0.28291 0.306 -0.12524 -0.081671 0.33862 0.37075 -0.051272 -0.036429 0.17453 0.20655 -0.016645 -0.033792 0.13778 0.12493 -0.037416 -0.047721 0.12335 0.087793 -0.035036 -0.051733 0.08076 0.078564 0.024364 -0.015315 0.069646 0.06409 -0.027094 -0.0068416 0.056976 0.03803
68.588 121.81 2.1389 0.61496 0 0 0 0 0 0 0 0 0 0 0 0 0 0 0 0 0 0 0 0 0.039666 0.04451 0.051466 0.081196 -0.02808 0.020824 0.044998 0.081362 -0.0012316 9.9964e-05 0.0012316 0.0013666 -0.00046344 0.0046219 0.00079473 0.0048602 0.098316 0.071219 0.14623 0.1841 -0.074468 0.071305 0.13229 0.17751 -0.0034621 0.0010645 0.0034621 0.0020768 0.041747 0.11407 0.13886 0.29585 0.089677 -0.0090495 0.45386 0.56529 -0.10773 0.0049172 0.33965 0.25066 -0.018846 0.010582 0.039248 0.023426
92.245 126.82 2.0353 3.3896 0.030462 0.0024486 0.063289 0.047514 -0.019898 0.035618 0.069772 0.072851 0.091555 0.046632 0.12533 0.086907 -0.051123 -0.0066595 0.3345 0.11674 0.028778 -0.016248 0.067944 0.069476 0.013197 -0.0025966 0.10198 0.20017 0.13073 -0.016299 0.25992 0.27648 -0.11812 -0.12421 0.25404 0.16993 0.044119 0.012947 0.11777 0.10242 0.02301 0.013051 0.26593 0.43245 -0.066904 -0.099123 0.20531 0.31064 -0.021659 -0.027185 0.024458 0.029093 0.019302 -0.016529 0.02905 0.022335 -0.022463 -0.057335 0.1051 0.12024 -0.0163 -0.010828 0.024117 0.02977 -0.00014962 -0.00012855 0.00014962 0.00014343
144.55 125.35 1.8592 4.5526 0.0094001 -0.0097947 0.029714 0.036187 0.035975 -0.0048679 0.094417 0.080896 0.015899 0.022404 0.20096 0.12935 -0.030033 0.019843 0.18276 0.098255 0.012363 0.04263 0.05266 0.062633 0.05011 0.03206 0.15355 0.15427 -0.040311 -0.0083345 0.28002 0.24847 -0.04896 -0.066092 0.23266 0.12733 0.0097342 0.037472 0.081701 0.17958 0.004713 0.018729 0.19951 0.57671 -0.14259 -0.069121 0.20107 0.29087 -0.017661 -0.017641 0.029892 0.026772 -0.016017 -0.054315 0.026152 0.065712 -0.012558 -0.094399 0.03053 0.11854 -0.014862 -0.028223 0.016736 0.030973 -0.00035569 -0.0003457 0.00035569 0.0003457
151.13 128.96 1.8726 0.35682 0.068544 0.015012 0.068544 0.022607 0.010014 0.011007 0.34928 0.13909 -0.071588 -0.025781 0.093086 0.06822 0.0055043 0.012191 0.02522 0.023001 0.075567 -0.016565 0.075567 0.028326 0.033867 -0.049481 0.3778 0.24647 -0.033934 0.10207 0.13134 0.19732 -0.025837 0.00036192 0.060986 0.08757 0.0083326 -0.0036205 0.015964 0.016115 0.12208 0.012741 0.28482 0.34504 -0.018307 0.045437 0.22942 0.32234 -0.064273 -0.0075631 0.098861 0.12485 0.00094342 -0.001303 0.0014633 0.0024275 0.056879 -0.049773 0.12296 0.16753 -0.039472 -0.050016 0.13903 0.21275 -0.013772 -0.015878 0.056372 0.054494
77.962 129.73 2.0998 5.7484 0.0013047 0.0047785 0.0030246 0.0047785 -0.00055789 0.0033952 0.0028194 0.0040155 9.2735e-06 4.248e-05 3.28e-05 4.248e-05 0.0024196 0.01011 0.012922 0.012138 0.010301 0.0035969 0.049598 0.026175 0.059302 0.096913 0.13929 0.13483 -0.043523 0.15273 0.15341 0.23053 0.005907 0.003243 0.081051 0.09335 0.0010496 -0.010877 0.011541 0.011445 0.17042 -0.0023902 0.23659 0.26311 -0.081973 0.018326 0.36481 0.58235 -0.02049 0.055597 0.087234 0.14216 0 0 0 0 0.094178 0.01226 0.1959 0.10684 -0.051842 0.043059 0.19802 0.22684 0.00070908 0.0043314 0.059826 0.075085
156.06 134.53 1.9282 3.084 -0.0041448 0.002614 0.022304 0.024579 0.0080585 0.063542 0.043617 0.10208 -0.015396 0.064141 0.028037 0.067871 -0.0014957 0.0036702 0.0014957 0.0036702 0.0235 0.015216 0.089519 0.072677 0.079446 0.025785 0.24639 0.37605 -0.10037 0.040711 0.24105 0.50025 -0.029458 0.020182 0.041092 0.055265 0.036293 -0.018645 0.075073 0.083566 0.04319 -0.036213 0.15103 0.24859 -0.018378 -0.038065 0.22959 0.29835 -0.043193 0.090856 0.22308 0.13607 0.016668 0.0018428 0.036242 0.02652 -0.0032669 -0.03253 0.080039 0.08512 0.025448 -0.025143 0.092929 0.092996 0.0037497 -0.0013513 0.24264 0.070287
152.18 141.32 2.0751 4.3657 -0.003619 -0.00037441 0.012554 0.012005 0.028195 0.00091143 0.062056 0.058955 -0.018654 -0.0023005 0.080032 0.077619 -0.0049717 -0.010372 0.023653 0.031241 -0.0021677 0.027935 0.054974 0.073974 0.076748 0.064159 0.18647 0.13631 0.018742 0.081442 0.2553 0.28423 -0.074741 0.0563 0.15071 0.10957 0.031675 -0.02293 0.073267 0.086439 0.091511 -0.022172 0.20326 0.17754 0.05177 -0.012796 0.4582 0.27904 -0.10354 -0.027158 0.32821 0.16327 0.016055 0.023577 0.040365 0.047125 0.058532 0.090327 0.12511 0.18524 -0.058777 -0.0050317 0.22026 0.22218 -0.022527 -0.025852 0.071801 0.039721
103.77 147.15 2.1287 5.0776 -0.0094601 0.0161 0.06659 0.060093 0.011978 0.0032048 0.090273 0.071935 -0.0053472 -0.038224 0.098155 0.12069 -0.015586 -0.015115 0.025924 0.036814 -0.0050473 -0.007426 0.10693 0.13477 -0.024035 0.056199 0.14227 0.20718 0.022576 0.064513 0.21907 0.18342 -0.032574 0.046553 0.072194 0.077223 0.026785 0.076706 0.311 0.20823 -0.043319 0.059335 0.2867 0.31422 0.0052863 0.0049705 0.23946 0.30978 -0.024092 -0.0073292 0.15106 0.27029 -0.014125 0.056761 0.21582 0.15595 -0.089518 -0.035087 0.17748 0.13758 -0.022902 -0.018746 0.10839 0.1228 -0.0066683 -0.02679 0.036393 0.077389
90.859 149.87 2.3625 1.4561 0.062515 0.00311 0.11442 0.079843 -0.056953 -0.043188 0.36513 0.14903 -0.0072694 -0.14525 0.46441 0.29479 -0.056129 -0.035235 0.093228 0.077635 -0.011694 -0.061301 0.2025 0.17595 -0.057904 -0.076866 0.24397 0.23618 0.007772 -0.0054007 0.24024 0.22666 -0.026874 -0.0093719 0.067192 0.077325 -0.04038 -0.022266 0.13576 0.10544 0.001275 -0.024253 0.15728 0.11217 0.00013913 -0.033816 0.16585 0.096468 -0.014431 -0.0044183 0.040782 0.022384 0.032004 0.013194 0.076992 0.068914 -0.048675 0.051433 0.11618 0.096284 -0.0028351 -0.0027704 0.041829 0.021368 -0.002282 0.0011546 0.018276 0.0090966
135.17 153.51 2.0208 3.9714 0.00706 -0.0023171 0.029458 0.024676 -0.013705 -0.015906 0.062156 0.092267 0.013385 0.0015928 0.035352 0.041208 0.0026612 0.019315 0.13316 0.1592 -0.0016703 -0.0063775 0.041071 0.030441 0.010166 0.0091877 0.13986 0.12901 -0.0061375 0.040675 0.10979 0.12957 0.15782 0.078498 0.25045 0.27328 0.0274 0.037081 0.060639 0.053601 0.001349 0.086933 0.23532 0.23381 0.063092 0.0097818 0.2538 0.3275 0.073049 -0.038896 0.20687 0.3407 0.013545 0.018868 0.093602 0.10923 -0.050637 -0.013581 0.28379 0.26497 -0.027501 -0.038627 0.11102 0.10944 0.063625 0.018991 0.10345 0.12989
174.3 154.71 1.8988 0.78001 0.044356 -0.024241 0.044356 0.032286 0.020362 -0.15965 0.21414 0.30188 -0.028707 -0.060594 0.20752 0.24971 -0.034436 0.0019256 0.080852 0.086725 0.00043574 -0.00041431 0.00043574 0.00041431 0.062074 0.046233 0.081848 0.15948 0.0082272 0.17498 0.13578 0.30558 -0.016334 0.14934 0.079269 0.26208 0 0 0 0 0.11774 -0.045848 0.1244 0.14553 0.18431 -0.03166 0.22779 0.34872 0.026325 -0.025387 0.10336 0.34904 0 0 0 0 0.0059906 -0.0051231 0.0059906 0.0051231 0.031457 -0.08148 0.042801 0.082151 -0.0028992 -0.090441 0.022961 0.090694
86.395 155.91 1.9855 4.1702 -0.0042463 0.004956 0.017869 0.0096075 0.043293 -0.019983 0.052069 0.039701 0.033039 -0.082418 0.1524 0.14255 -0.016906 0.011652 0.10963 0.087758 0.0059982 -0.0051738 0.040819 0.022882 0.01363 0.017059 0.13302 0.06668 0.034313 0.024585 0.21579 0.13747 0.039968 -0.0070461 0.15898 0.14018 0.0026236 -0.0030733 0.010189 0.0061628 0.062243 0.018704 0.20134 0.14336 0.0075779 -0.039396 0.30893 0.21964 0.11639 0.070069 0.29551 0.19058 -0.00023037 -3.7149e-05 0.0003328 0.00028921 0.013095 -0.017247 0.071207 0.067503 0.051192 0.097773 0.36043 0.27234 -0.021609 0.069951 0.37401 0.24136
106.25 155.61 2.0983 5.6288 -0.0092093 0.019491 0.076819 0.1164 0.0062229 0.012954 0.066853 0.086817 0.057508 0.053355 0.11488 0.10325 -0.05242 0.023559 0.05997 0.041798 -0.0020879 0.052431 0.13491 0.18488 0.0080243 0.033923 0.1619 0.18684 0.0012632 -0.068702 0.18499 0.26615 -0.024386 -0.055063 0.081257 0.083207 -0.061825 0.047412 0.18435 0.3011 -0.059508 0.073899 0.27566 0.32208 -0.11305 0.041912 0.1985 0.16029 -0.0010269 -0.0049354 0.029447 0.027823 -0.0032698 -0.05462 0.078366 0.14777 0.028552 -0.045287 0.24457 0.26047 -0.082829 0.021417 0.23984 0.22433 -0.016199 0.007331 0.053879 0.064727
121.08 156.02 2.2621 4.6827 -0.04714 -0.0050212 0.073906 0.072469 -0.02759 -0.01776 0.035941 0.074678 -0.0046318 -0.0062678 0.019998 0.06506 0.015688 -0.002653 0.040904 0.052049 -0.018968 -0.0015167 0.16817 0.12357 -0.029436 0.065266 0.084639 0.088429 0.0053467 0.051143 0.083268 0.12528 -0.0034469 0.0046704 0.085478 0.099192 0.056687 0.044515 0.20982 0.17062 0.0073608 0.11964 0.28088 0.41023 -0.067411 0.067278 0.27339 0.36785 -0.016271 0.058242 0.16767 0.18218 -0.028676 0.0023001 0.15053 0.12875 -0.035431 -0.080257 0.14879 0.2755 -0.03389 -0.069206 0.095703 0.1973 0.055991 -0.020385 0.13466 0.13346
139.7 158.31 2.0494 3.2 -0.096807 -0.13492 0.14564 0.16883 -0.0070285 -0.054472 0.083675 0.15205 0.015952 -0.043381 0.1845 0.22702 0.10185 -0.0064709 0.27202 0.2938 -0.014769 -0.016815 0.091775 0.11086 -0.0089659 0.01444 0.063703 0.08839 0.060702 0.0036123 0.1518 0.15125 0.12015 -0.044633 0.23131 0.34344 0.00026283 -0.011574 0.063577 0.035645 0.015964 -0.0042279 0.13749 0.10498 0.056556 0.033005 0.24772 0.19261 -0.0054368 -0.076989 0.19503 0.19497 -0.006458 0.0030069 0.040359 0.014887 0.025599 -0.0046527 0.058913 0.040699 0.073625 0.044181 0.26019 0.1601 -0.05242 0.028278 0.15392 0.06476
108.57 163.78 1.9562 2.329 0.0086563 -0.015845 0.043379 0.06053 0.074735 -0.069047 0.14563 0.13949 0.039035 -0.044423 0.29636 0.26347 0.023792 -0.017238 0.16066 0.22719 -0.012149 0.019075 0.070826 0.076357 0.038739 0.012047 0.081504 0.097839 0.028125 -0.035096 0.28503 0.28929 0.029698 -0.041608 0.16006 0.21244 0.043383 -0.011144 0.059982 0.05003 0.12861 0.11799 0.15886 0.21613 -0.10353 0.097536 0.27593 0.3264 0.0032078 -0.016164 0.12533 0.13516 0.018457 -0.006644 0.018457 0.007804 0.06918 -0.10492 0.084387 0.11921 -0.085152 -0.093068 0.1196 0.12116 -0.00043651 -0.0056276 0.042728 0.046951
81.878 165.1 1.929 3.3367 0.033609 -0.016047 0.03557 0.02083 0.095474 -0.17454 0.16159 0.21551 -0.079165 -0.11397 0.26316 0.30128 0.0072312 -0.0048075 0.15409 0.16134 -0.0067255 0.014489 0.025832 0.024425 0.026157 -0.0061246 0.055053 0.095746 0.03091 0.014065 0.18892 0.29992 -0.026326 0.010429 0.29312 0.32873 0.013074 -0.0070201 0.079391 0.087362 -0.0062696 -0.016531 0.071774 0.10145 0.016063 -0.048861 0.093578 0.17766 0.0060021 -0.066437 0.41271 0.25061 0.0079478 -0.011114 0.013715 0.016475 -0.011583 0.00029657 0.043838 0.072453 -0.0040651 -0.0023219 0.0050048 0.013341 0.003167 -0.010362 0.025582 0.014476
72.227 174.38 1.9934 2.4143 -0.078041 -0.22338 0.15884 0.24299 0.034205 -0.032635 0.20264 0.24059 0.023278 -0.04182 0.21426 0.34172 -0.026325 -0.053234 0.085468 0.10429 0.018926 0.025944 0.029269 0.080297 0.043958 0.13223 0.20196 0.40579 -0.049968 0.060435 0.17861 0.32332 -0.017955 0.0012455 0.042017 0.04631 0.015878 -0.016939 0.021378 0.071301 0.0056758 -0.10429 0.11771 0.31542 -0.037749 -0.070292 0.10711 0.20217 -0.019075 -0.016037 0.031156 0.034846 -0 0 0 0 -0 0 0 0 -0 0 0 0 -0 0 0 0
78.162 180.71 1.8832 2.7959 0.0063473 -0.0090183 0.031827 0.033949 0.11126 -0.22786 0.13417 0.23496 -0.061257 -0.23223 0.18714 0.29045 0.027218 0.035637 0.12655 0.3278 0.002639 -0.0024141 0.0052236 0.0085972 0.043051 0.062259 0.098677 0.1644 0.0090986 0.14368 0.14893 0.23118 -0.032125 -0.052921 0.12412 0.25516 -0 0 0 0 0.056207 -0.043782 0.079994 0.10773 0.010834 -0.13702 0.23167 0.41432 -0.028133 0.0032514 0.11084 0.22898 -0 0 0 0 -0 0 0 0 0.0011108 -0.0094678 0.003569 0.0095142 0.002068 -0.015439 0.014288 0.029915
145.64 182.42 1.9622 0.28142 -0.0044755 0.007382 0.041154 0.036676 -0.0084054 0.0065739 0.051713 0.032185 -0.0042901 -0.0012837 0.0047974 0.0025316 0 0 0 0 0.015879 -0.0087826 0.042527 0.058432 -0.024337 0.027047 0.095535 0.14299 -0.0070401 0.022455 0.026773 0.036349 -0.0017244 0.0017452 0.0033621 0.0030954 0.11773 0.21468 0.1403 0.24018 -0.067281 0.25327 0.31971 0.50622 -0.1381 0.0071729 0.18348 0.21071 -0.0071009 -0.0021739 0.0084056 0.0058057 0.0051949 -0.0097881 0.1504 0.24973 -0.17955 -0.16058 0.25765 0.2729 -0.037809 -0.029419 0.061657 0.045255 -0.00048555 -0.00026059 0.00048555 0.00026059
107.47 114.53 2.8374 1.3665 0 0 0 0 0 0 0 0 0 0 0 0 0 0 0 0 0.021246 0.03664 0.021246 0.03664 0.083741 0.21733 0.10229 0.35443 -0.07885 0.19734 0.11496 0.30142 -0.015347 0.039586 0.029711 0.043146 0.0037262 0.0095793 0.1035 0.2619 -0.0060619 -0.16427 0.17759 0.42169 -0.059358 -0.089274 0.24481 0.31258 -0.027306 -0.0040403 0.2997 0.17678 -0.022041 -0.027155 0.042899 0.073507 0.014013 -0.0013625 0.051969 0.083208 -0.0065216 -0.021048 0.09545 0.075872 -0.0081036 -0.023302 0.088145 0.059409
90.115 116.04 2.4912 0.88337 0 0 0 0 0 0 0 0 1.2086e-06 -9.923e-07 1.2086e-06 9.923e-07 0.0050833 0.0074693 0.0066456 0.011247 0.00090971 0.001108 0.00090971 0.001108 0.0013005 0.029038 0.013816 0.029038 -0.0022482 0.077583 0.023336 0.077584 0.015888 0.035688 0.046477 0.071996 0.059304 0.16943 0.20163 0.31404 -0.10486 0.13679 0.28679 0.38168 -0.037366 0.074967 0.30071 0.44506 -0.035724 0.02591 0.252 0.17155 -0.042856 -0.074538 0.16714 0.19351 -0.039271 -0.085341 0.1299 0.12344 -0.0079115 -0.012552 0.11929 0.11186 -0.027792 -0.019708 0.10394 0.065066
141.49 118.3 2.5043 1.7555 -0 0 0 0 -0 0 0 0 -0 0 0 0 -0 0 0 0 0.0086686 0.014097 0.016915 0.015868 0.055172 0.13891 0.10969 0.29254 -0.039458 0.18062 0.073414 0.27046 0.017152 0.15536 0.044631 0.19371 0.049089 0.065801 0.29498 0.16596 -0.0062828 -0.038849 0.29829 0.36825 -0.0019488 -0.1227 0.11949 0.39507 0.033751 -0.081651 0.09728 0.2956 0.013299 -0.043333 0.12148 0.097222 -0.032333 -0.043642 0.11571 0.09747 -0.0046275 0.0021987 0.054194 0.074722 0.013454 0.0018099 0.038642 0.052376
79.747 121.78 2.806 1.0344 0 0 0 0 0 0 0 0 -0.00010574 0.00041576 0.00010574 0.00041576 -1.0352e-05 4.0703e-05 1.0352e-05 4.0703e-05 0.0029783 0.077859 0.01346 0.077859 0.002661 0.095884 0.036905 0.097566 -0.0069743 0.040449 0.065045 0.097599 -0.0062739 0.00032884 0.0067034 0.0068777 -0.053492 0.042634 0.2698 0.47802 -0.037044 0.020398 0.43437 0.47539 -0.10485 0.0029071 0.28977 0.23302 -0.011258 -0.0012678 0.011391 0.0044821 -0.0032193 -0.05529 0.086089 0.080094 -0.029545 -0.032799 0.16727 0.11717 -0.03082 -0.022867 0.099366 0.088645 -0.0074218 -0.00015083 0.013449 0.0082717
96.804 137.95 2.6557 5.4643 0.0014298 0.010734 0.0035163 0.011471 0.010083 0.017448 0.036655 0.048544 0.00061337 0.0073769 0.04219 0.03621 0.010526 0.0049647 0.034609 0.037107 0.038363 0.016532 0.15387 0.15374 -0.030924 0.05632 0.24798 0.26794 -0.008173 0.067834 0.11828 0.14467 -0.010713 0.0047032 0.059076 0.059895 0.098473 -0.0076566 0.18985 0.11462 -0.063671 0.07764 0.35112 0.29727 -0.027417 -0.019435 0.11865 0.15336 -0.019827 -0.0021548 0.08473 0.10027 0.061151 -0.018534 0.06125 0.034795 0.030191 -0.040335 0.41324 0.40628 -0.1003 0.093007 0.14032 0.16805 0.0054634 0.013703 0.050586 0.051353
145.8 147.69 2.765 4.6211 -0.0014961 0.00090216 0.0055618 0.017727 0.010654 -0.0051384 0.042206 0.035514 0.077596 -0.07582 0.14354 0.15319 -0.039277 0.00041326 0.12078 0.10137 -0.0047498 0.03769 0.038974 0.067562 -0.0043561 0.037575 0.070644 0.085471 0.018904 0.059182 0.15958 0.17059 -0.0037291 -0.037536 0.11544 0.10091 -0.022777 -0.021411 0.057708 0.11395 0.071127 0.0074854 0.14779 0.17339 0.05444 0.084159 0.44784 0.31449 -0.095498 0.017345 0.21108 0.11309 0.013539 0.094101 0.04466 0.1339 0.027738 0.087726 0.13089 0.37225 -0.070028 -0.062689 0.28132 0.26279 -0.033382 -0.029376 0.07279 0.039776
133.39 150.66 2.8914 4.7282 -0.021809 0.0014669 0.031327 0.039463 -0.003028 0.0021515 0.0112 0.035691 0.024011 -0.0070691 0.066067 0.04916 0.071359 -0.045549 0.14368 0.13755 -0.0089004 0.020823 0.088487 0.077553 -0.015243 0.059569 0.087254 0.1076 -0.013201 0.014868 0.060784 0.066545 0.034831 -0.015909 0.14212 0.11106 -0.017409 -0.0060574 0.11678 0.12892 -0.022727 -0.040971 0.13764 0.16107 0.10765 0.06511 0.20656 0.2047 0.0025902 0.1212 0.27769 0.26722 -0.018182 0.1307 0.0865 0.16366 0.019078 0.19066 0.081835 0.24899 0.046762 0.14227 0.22045 0.39708 -0.038872 -0.05844 0.30803 0.18626
160.39 175.74 2.6343 4.1009 0 -0 0 0 0.0011268 0.0014111 0.0012369 0.001568 7.8435e-05 0.00018501 0.000165 0.00030847 -5.9365e-17 -8.4667e-17 5.9365e-17 8.4667e-17 0.027393 0.0073155 0.030431 0.033496 0.087054 0.1541 0.13972 0.39864 -0.046519 0.28186 0.10212 0.40463 -0.057861 0.072156 0.059593 0.075687 0.024849 -0.0010612 0.033754 0.029598 0.056455 -0.12764 0.13394 0.2755 0.040537 -0.18757 0.17483 0.42704 -0.063214 -0.049933 0.12085 0.16526 0.0042261 0.001531 0.018598 0.023573 -0.0052072 0.0053719 0.035645 0.044014 0.046609 0.052812 0.14251 0.16584 -0.023239 0.071098 0.13506 0.13739
129.15 111.12 3.7268 1.6941 -0 0 0 0 -0 0 0 0 -0 0 0 0 -0 0 0 0 0.0092671 0.024743 0.0094692 0.024743 -0.0081439 0.14313 0.029826 0.14313 0.0022703 0.19555 0.036055 0.19555 -0.013665 0.048936 0.016173 0.048936 0.042569 0.066322 0.2501 0.1641 -0.0058581 -0.031637 0.16227 0.47284 0.04746 -0.039984 0.14323 0.55983 -0.073581 0.033247 0.20144 0.26657 0.00049288 -0.038001 0.10795 0.093292 -0.010982 -0.029059 0.076238 0.10058 0.019187 -0.020379 0.063892 0.10771 -0.0010901 -0.030864 0.098332 0.072893
156.88 119.39 3.5821 2.3433 -0 0 0 0 -0 0 0 0 -0 0 0 0 -0 0 0 0 0.0075318 0.011835 0.0075318 0.011835 0.0012408 0.089322 0.05948 0.097172 -0.0091292 0.045253 0.013255 0.046358 -0.00028314 0.00038212 0.00028314 0.00038212 0.054439 0.021472 0.14226 0.10249 0.026972 0.020232 0.35905 0.39194 -0.058123 0.11085 0.43225 0.48346 -0.068807 0.10112 0.094463 0.12877 -0.026765 -0.0092432 0.10772 0.050411 0.021398 -0.051487 0.11072 0.093879 0.033872 -0.048087 0.1328 0.13958 0.023774 -0.011225 0.213 0.23213
88.745 141.27 3.5808 5.4115 0 0 0 0 0.0023122 0.0017841 0.0042194 0.0035007 0.0028526 0.0030818 0.016494 0.016989 -0.0019769 0.013345 0.012577 0.015228 0.016769 0.010645 0.029262 0.029642 -0.021203 0.070981 0.11377 0.17302 0.0069302 0.035737 0.11405 0.11448 -0.011444 -0.0062349 0.070465 0.068497 0.034458 -0.010173 0.051501 0.035541 0.014265 0.071599 0.43001 0.36447 -0.051006 0.033097 0.18653 0.21829 -0.02584 0.0099593 0.082303 0.088157 0.0015045 -8.6674e-05 0.0015045 0.00028771 0.13554 -0.062908 0.35775 0.30018 -0.096481 0.071925 0.26635 0.36914 -0.0065684 0.046717 0.092781 0.091434
164.37 149.2 3.1687 4.43 0.045542 -0.030931 0.065463 0.090411 0.020795 -0.031967 0.15569 0.27354 -0.10308 0.049926 0.13129 0.11543 -0.005472 0.0017654 0.005472 0.0017654 0.0087501 -0.0079207 0.040346 0.031973 0.042018 -0.056103 0.17862 0.19604 -0.0451 -0.071422 0.15746 0.14208 -0.0098116 -0.0018851 0.010981 0.0050738 0.034751 0.040086 0.10046 0.11898 0.071547 0.16006 0.37282 0.34649 -0.11622 0.082132 0.2755 0.17512 -0.0026001 -0.00051221 0.0027909 0.00097079 0.04153 0.055475 0.077076 0.11593 0.0075688 0.0069679 0.33386 0.28715 -0.075171 -0.053571 0.17257 0.098212 -0.00037714 -4.2282e-05 0.00037714 8.3884e-05
90.638 160.47 3.0513 0.63175 -0.050102 0.0019867 0.32536 0.40216 -0.080312 0.0049633 0.21722 0.16148 -0.0050809 0.0074941 0.018838 0.012015 0.00022551 0.0016243 0.0048988 0.0048527 -0.078919 -0.05558 0.31769 0.27814 -0.065676 -0.031066 0.25743 0.22401 -0.02213 -0.0029772 0.071964 0.071425 -0.0061947 0.0059429 0.038371 0.023234 -0.012166 -0.024043 0.23914 0.23401 0.0024141 0.039484 0.23794 0.24721 -0.068344 0.07797 0.12595 0.12563 -0.0053894 -0.0042055 0.019101 0.011649 -0.022161 -0.043308 0.076853 0.090509 0.036275 -0.043596 0.10207 0.082951 -0.041316 -0.046978 0.076698 0.07458 -0.0053795 -0.00093875 0.0065303 0.0034803
101.97 171 4.0994 2.6937 -0.00024379 -0.051634 0.076136 0.065112 0.0055777 -0.017549 0.085075 0.06891 0.027707 0.016636 0.21989 0.1919 0.20767 -0.033111 0.31678 0.23854 0.001748 -0.00066316 0.0018535 0.00073875 0.073236 0.058404 0.1669 0.14008 0.0042094 -0.029574 0.33282 0.3159 0.14569 -0.083455 0.35118 0.37676 -0.0003017 0.00019093 0.0018746 0.0019263 0.045593 -0.05955 0.078544 0.1099 -0.0071727 -0.060462 0.12755 0.16095 0.058123 -0.052846 0.14008 0.17102 -7.2712e-06 -5.3158e-05 5.9821e-05 9.1879e-05 0.0031492 -0.001081 0.0043402 0.0085827 0.0015286 -0.0069476 0.016519 0.028328 -0.001065 -0.0030775 0.0035689 0.0059686
169.43 184.23 3.4703 4.1007 0 -0 0 0 0 -0 0 0 0 -0 0 0 0 -0 0 0 0.00082057 0.00013832 0.0011919 0.00048311 8.2823e-05 0.000354 0.0046847 0.0062943 -0.00012163 -0.00017342 0.00012163 0.00017342 -1.9837e-16 -1.3097e-16 1.9837e-16 1.3097e-16 0.056538 0.013393 0.063163 0.092389 0.10304 0.088699 0.19205 0.59501 -0.088632 0.15534 0.1881 0.55735 -0.086313 0.068437 0.090656 0.092005 0.013061 -0.0058595 0.035423 0.036948 0.025692 -0.10318 0.081623 0.1624 0.014465 -0.12418 0.13811 0.2687 -0.040527 -0.017591 0.066314 0.085939
156.68 135.49 5.5539 2.6813 -0 0 0 0 -0 0 0 0 -0 0 0 0 -0 0 0 0 0.014716 0.042394 0.079129 0.062362 0.027427 0.088282 0.17723 0.17833 -0.048577 0.12313 0.17009 0.19392 -0.0092782 0.011125 0.014507 0.011539 0.029087 -0.030424 0.22474 0.11308 0.021156 -0.069593 0.27033 0.20656 0.071282 -0.019327 0.53847 0.37658 -0.08323 0.065282 0.20942 0.12342 0.0020898 -0.012425 0.015781 0.013912 0.024391 0.0028396 0.065982 0.047488 0.11149 -0.032375 0.19719 0.15303 -0.060392 -0.011612 0.19876 0.1048
112.63 147.93 5.0339 4.7722 0.0002863 0.0005716 0.0054588 0.0037718 0.00050797 0.016621 0.02977 0.031037 -0.0039199 0.0043818 0.01056 0.011565 0.019753 0.026383 0.070384 0.070076 0.0087782 0.0043932 0.030207 0.02616 0.019245 0.03348 0.11534 0.13117 -0.02115 0.041982 0.078042 0.10002 0.047989 0.0016124 0.1253 0.13504 0.061079 0.0083591 0.19753 0.12989 0.00032469 0.20286 0.2973 0.34727 -0.0015497 0.20624 0.1464 0.33102 -0.027124 0.047304 0.31139 0.19996 0.016958 -0.017233 0.037407 0.028914 0.03946 -0.10328 0.12471 0.33271 -0.018998 -0.099605 0.076374 0.31846 -0.025113 -0.046984 0.074492 0.088645
92.608 152.42 4.5963 5.3224 2.0381e-05 -2.9158e-05 2.0381e-05 2.9158e-05 0.0013405 0.00052335 0.0035831 0.0085778 -0.00041699 0.0030641 0.0032606 0.0083142 -0.00018962 0.00051374 0.00039731 0.00068676 0.0049019 0.014423 0.0063418 0.014467 -0.0010273 0.028961 0.073689 0.058866 0.0015216 0.012627 0.11488 0.10413 -0.015692 0.0030226 0.02414 0.027526 0.068547 -0.010853 0.10913 0.078426 -0.010466 0.10812 0.38502 0.30824 -0.04126 0.014087 0.17229 0.18811 -0.016934 0.013699 0.047407 0.057022 0.020228 -0.010073 0.021879 0.011073 0.09069 -0.082148 0.36424 0.42927 -0.049472 0.068623 0.26319 0.38912 -0.025984 0.072812 0.15974 0.14345
117.65 161.14 5.3137 4.5768 -1.1586e-05 0.00013892 0.00053248 0.00032762 3.8705e-05 0.00081134 0.00056423 0.0011217 0.019128 0.008451 0.021401 0.013231 -0.0043283 0.051327 0.051728 0.074117 0.01841 0.0032539 0.030385 0.016702 -0.01288 0.025242 0.091504 0.097937 0.015511 0.014888 0.068753 0.067044 0.048862 -0.047112 0.19649 0.2386 0.02413 0.026386 0.068901 0.060506 0.018762 0.048853 0.18564 0.17683 0.015006 0.048215 0.13063 0.18663 -0.0089586 0.050051 0.30428 0.23309 0.039694 -0.012382 0.10142 0.093003 0.051551 0.014576 0.22061 0.44115 -0.017512 -0.019979 0.14678 0.4719 -0.045681 -0.057833 0.14631 0.19303
85.937 103.5 6.6388 0.97387 0 0 0 0 0 0 0 0 0 0 0 0 0 0 0 0 0 0 0 0 0 0 0 0 0.00094487 0.0058899 0.01011 0.011109 -0.0005183 0.00061389 0.0014797 0.0018843 0.036449 0.053246 0.0473 0.063042 0.077583 0.19217 0.42696 0.62571 -0.11563 0.048665 0.21111 0.29586 -0.0098849 -0.00065649 0.01413 0.0099442 0.05095 0.001953 0.14143 0.13496 -0.043877 -0.065131 0.2564 0.29065 -0.035535 -0.033943 0.11177 0.10957 -0.0053894 -0.00063271 0.011959 0.0088956
146.79 159.72 6.4567 0.89581 0.033572 0.013619 0.035283 0.026271 0.025107 0.0035 0.33877 0.36928 -0.061159 -0.058986 0.21941 0.24819 -0.024986 -0.0025142 0.045052 0.040882 0.078981 -0.018355 0.10381 0.090249 -0.054966 -0.10039 0.34525 0.35291 -0.0072048 -0.04321 0.10399 0.11313 -0.013177 -0.011525 0.045738 0.042306 0.023179 -0.014094 0.027603 0.03008 0.043452 -0.018414 0.17582 0.4635 -0.074189 -0.0005734 0.10183 0.20061 -0.001949 -0.0024687 0.0032486 0.0036299 0.0013787 -0.00094004 0.0013787 0.00094004 0.0095264 -0.030727 0.018539 0.051193 -0.0083832 -0.014097 0.012953 0.025682 -0.00017644 7e-06 0.00017644 6.8779e-05
77.518 152.03 10.089 5.5634 0 0 0 0 0 0 0 0 7.9605e-19 9.0802e-19 7.9605e-19 9.0802e-19 4.7048e-18 5.3665e-18 5.5981e-18 6.3856e-18 0.00060696 3.9884e-05 0.00060696 3.9884e-05 0.00033852 0.036473 0.010772 0.041161 -0.0057634 0.03115 0.031323 0.063362 -0.0025715 0.0014054 0.002751 0.0041812 0.00091862 6.0363e-05 0.00091862 6.0363e-05 0.16168 0.1012 0.41316 0.37643 -0.11265 0.18441 0.4006 0.40684 -0.039922 0.049183 0.17251 0.08642 0 0 0 0 0.070416 -0.05957 0.1331 0.11614 -0.038789 -0.079817 0.27755 0.29621 -0.032177 -0.028043 0.10091 0.061112
131 154.72 10.39 4.962 -4.3864e-05 0.00014976 0.00034443 0.00035647 -0.00025395 1.7294e-05 0.00045036 0.0003135 -6.169e-20 -3.5016e-18 3.2968e-18 3.9009e-18 0 0 0 0 0.011769 0.018209 0.020423 0.020237 -0.011031 0.06597 0.1065 0.13246 -0.0078721 0.050865 0.21824 0.21754 -0.018083 0.0041823 0.032401 0.022434 0.069351 -0.016161 0.077596 0.080115 0.026726 -0.023246 0.30398 0.70535 -0.08952 -0.045743 0.26693 0.40509 -0.015257 -0.0058832 0.023145 0.014484 0.0040291 -0.0027675 0.0040504 0.0027675 0.0060944 -0.042694 0.024902 0.079891 -0.0081277 -0.021341 0.014075 0.032463 -0.00048659 -0.0003049 0.00048659 0.0003049
