52 64
133.5 121.76 1.991 1.7929 -0 0 0 0 -0 0 0 0 -0 0 0 0 -0 0 0 0 -0.033026 0.11955 0.11476 0.13881 0.017177 0.20779 0.13312 0.32692 -0.05322 0.073335 0.12335 0.2038 -0.012791 0.069717 0.046306 0.081257 -0.014617 -0.0005162 0.3359 0.35195 -0.19127 -0.11714 0.28497 0.33683 0.0066002 -0.055368 0.13428 0.11675 0.063089 0.059151 0.23326 0.22003 -0.00054071 -0.04215 0.094403 0.12661 -0.059076 -0.016788 0.07854 0.072446 0.017895 0.010065 0.045856 0.034851 0.099508 -0.021907 0.11783 0.092244
170.03 128.08 1.925 4.5801 0.0032621 0.015621 0.04241 0.042873 0.038622 0.049783 0.096276 0.073401 -0.021548 0.046213 0.11947 0.071853 -0.018196 0.013692 0.035495 0.024594 -0.012058 0.12863 0.1616 0.17041 -0.010148 0.065842 0.1237 0.13265 -0.02386 0.063258 0.26361 0.18564 -0.075839 -0.0074849 0.1071 0.05101 0.031901 -0.13996 0.15281 0.30639 0.0013696 -0.13333 0.12373 0.5497 -0.13758 -0.14639 0.23877 0.35974 -0.031138 -0.018487 0.034022 0.020796 0.0034009 -0.014905 0.0043142 0.014905 0.0058518 -0.062481 0.013514 0.079156 -0.0091952 -0.024766 0.010572 0.032171 -0.00029146 -0.00037804 0.00029146 0.00037804
178.13 127.67 2.108 2.6014 -0 0 0 0 -0 0 0 0 -0 0 0 0 -0 0 0 0 0.027646 0.025157 0.035661 0.062284 0.03972 0.19519 0.074691 0.31057 -0.076619 0.23243 0.13512 0.31108 -0.028639 0.030563 0.034661 0.034792 0.056665 0.010239 0.082093 0.11513 0.11101 0.0036726 0.17411 0.34029 0.04336 0.048895 0.32938 0.31727 -0.1437 0.068891 0.22334 0.099358 0.016998 -0.011051 0.057657 0.063171 0.042263 -0.055944 0.083113 0.12273 0.14085 -0.0083472 0.15457 0.091173 -0.15109 0.026971 0.27838 0.067438
79.587 131.08 2.0976 5.0547 0.023061 0.01328 0.090631 0.021753 -0.019826 0.010528 0.098516 0.030325 -0.0080478 0.015651 0.066014 0.041571 0.035479 -0.0095838 0.062711 0.041473 0.054336 0.0012931 0.17668 0.029973 0.04187 0.12601 0.30431 0.17945 -0.086779 0.090132 0.16663 0.15868 0.015787 0.026755 0.086734 0.074296 0.11333 -0.010396 0.16188 0.063461 0.070263 0.11184 0.2933 0.22739 -0.037114 0.16901 0.14366 0.20923 0.0028332 0.18978 0.14352 0.22018 0.038192 -0.019308 0.039568 0.025805 0.057704 -0.1497 0.12044 0.2662 -0.0071523 -0.15105 0.064082 0.33045 -0.014306 -0.10828 0.054145 0.2048
99.636 135.29 2.0443 5.2854 -0.0097251 0.0301 0.042377 0.044483 -0.013922 -0.0046952 0.037211 0.020082 0.088622 -0.01329 0.12007 0.082022 -0.044133 0.0032444 0.076845 0.049878 -0.059646 0.035971 0.091005 0.078064 -0.043099 0.099867 0.11278 0.12021 0.038211 0.041956 0.2948 0.22095 -0.044124 -0.022074 0.095412 0.11899 0.0014695 -0.034576 0.066315 0.22924 -0.0032696 0.022705 0.2441 0.40163 -0.11629 0.084847 0.44131 0.31245 -0.071683 -0.0082033 0.1031 0.095959 0.0053568 -0.043386 0.0094311 0.05223 0.023915 -0.092119 0.061942 0.10977 -0.020082 -0.056892 0.23902 0.12802 -0.050146 -0.0046348 0.05518 0.026487
170.07 135.76 1.6989 5.2569 -0.054982 0.015311 0.094842 0.1272 -0.0073382 0.020938 0.056344 0.079197 0.029363 0.039428 0.071474 0.072842 -0.019471 0.010396 0.04886 0.027324 -0.081491 0.075495 0.28144 0.23232 -0.020088 0.14286 0.11833 0.20141 -0.053108 0.041709 0.17592 0.17952 -0.032461 -0.010713 0.070325 0.038637 0.10744 -0.086517 0.35402 0.27138 -0.056422 0.099735 0.18278 0.26319 -0.095131 0.048729 0.19308 0.33041 -0.05861 -0.004505 0.075763 0.091764 0.045993 -0.051207 0.064786 0.077028 -0.00047711 -0.12065 0.10929 0.24313 -0.052152 -0.088906 0.069186 0.15191 -0.011965 -0.012353 0.012281 0.014547
180.12 142.39 1.8518 3.4294 0.0019917 0.013714 0.03019 0.045901 -0.010883 0.013618 0.036787 0.032947 0.00060001 0.0014267 0.0017777 0.0031085 0 -0 0 0 0.009678 0.016008 0.040401 0.093761 0.018942 0.071297 0.089256 0.13064 0.011312 0.16618 0.19237 0.21733 -0.040413 0.058141 0.052342 0.060296 0.052932 -0.0021546 0.089534 0.12547 0.06085 0.074568 0.16771 0.25943 0.12234 0.10907 0.35151 0.32582 -0.15947 0.12905 0.32871 0.20657 0.0018211 -0.0012943 0.040852 0.049821 0.12788 -0.033627 0.14392 0.10684 0.077978 0.043162 0.15907 0.12727 -0.093413 0.0084692 0.34141 0.1421
107.93 143.96 1.9839 4.1353 0.0027994 0.038755 0.042555 0.051563 -0.01728 0.062478 0.060117 0.084178 -0.0017039 0.03988 0.062536 0.084211 0.00026653 0.0019746 0.054746 0.065225 0.053111 -0.017457 0.1017 0.15633 -0.097865 0.0040419 0.16409 0.21959 -0.036296 0.076898 0.15939 0.20256 -0.020216 -0.00048804 0.056085 0.057901 0.019826 -0.060883 0.038367 0.089865 0.078322 -0.079075 0.20899 0.34066 0.0032276 0.20598 0.23507 0.36518 -0.069168 0.13296 0.093727 0.14894 -0.0029451 0.034738 0.034474 0.038658 0.1185 0.072755 0.13311 0.12914 -0.036459 -0.006354 0.26124 0.34016 -0.044171 -0.070256 0.063536 0.17868
133.94 143.53 1.8383 0.42963 -0.021839 -0.013844 0.082739 0.09233 0.017985 -0.062618 0.056918 0.080448 0.034684 -0.042802 0.16447 0.13753 -0.004065 -0.047747 0.099295 0.089391 -0.11252 0.11364 0.20858 0.15036 0.0085473 0.052985 0.10456 0.11724 -0.0040352 -0.029667 0.20388 0.21652 -0.022551 -0.02496 0.058597 0.049153 -0.12887 0.02885 0.39514 0.31713 -0.079055 0.068217 0.24257 0.2076 -0.077683 0.046675 0.21539 0.19602 -0.01736 0.027211 0.042203 0.046429 -0.086995 -0.061796 0.19091 0.14655 0.056559 -0.059951 0.20173 0.12065 -0.027333 0.027819 0.13776 0.1509 0.0048708 0.06448 0.10317 0.10409
80.483 146.64 2.2642 3.7039 0.00011473 -0.0013835 0.0064909 0.004688 0.10111 -0.068193 0.15641 0.1468 -0.025152 -0.1751 0.14312 0.22714 0.032422 -0.082131 0.18388 0.25384 -0.011243 0.0068162 0.018884 0.014087 0.040371 0.010326 0.072981 0.1188 -0.029812 0.052838 0.085072 0.13496 0.11514 0.070868 0.15784 0.16695 -0.036445 0.041245 0.060585 0.064413 0.02052 -0.009124 0.074425 0.12545 0.17251 0.014524 0.24921 0.22472 0.083738 0.091754 0.18946 0.19991 0.010789 -0.027013 0.030523 0.053267 0.042487 -0.023118 0.098699 0.22243 0.079153 -0.010219 0.14413 0.405 0.082811 -0.068592 0.13021 0.2349
61.608 155.67 2.0617 3.0264 -0.037024 0.038757 0.037337 0.042011 0.018103 0.0047155 0.035381 0.034483 0.021688 -0.060659 0.075609 0.14605 0.1208 -0.033925 0.17032 0.26951 -0.050432 0.05346 0.12535 0.23538 -0.038329 0.15206 0.11668 0.28379 0.019425 0.1037 0.1545 0.33182 0.065335 -0.069329 0.21145 0.53049 0.025625 -0.11281 0.049425 0.14375 -0.011902 -0.15699 0.047488 0.20629 -0.029322 -0.12782 0.061633 0.17418 -0.015928 -0.064056 0.023787 0.068392 -0 0 0 0 -0 0 0 0 -0 0 0 0 -0 0 0 0
110.99 156.57 2.0877 3.7031 -0.00018557 -0.00025229 0.0063542 0.0034028 0.0014973 0.0044838 0.01961 0.013617 0.0028311 0.0035963 0.0092486 0.0095938 0.015777 0.0017123 0.055483 0.062912 0.011323 0.033351 0.034163 0.037586 -0.0082731 0.060812 0.062072 0.10002 0.033401 0.077145 0.20019 0.16313 -0.017712 0.0075329 0.129 0.14397 0.070806 0.0053002 0.10565 0.076515 0.078911 0.18316 0.21488 0.29271 -0.097967 0.13202 0.28346 0.27459 -0.0023767 0.098872 0.17648 0.17654 0.061202 -0.012865 0.081281 0.060028 0.024467 -0.13735 0.14936 0.20832 0.01623 -0.070803 0.21938 0.32149 0.081583 0.008111 0.22756 0.30956
182.59 165.38 1.7789 0.50592 0.015048 -0.1631 0.1708 0.27558 -0.09601 -0.11032 0.23372 0.31679 -0.040505 -0.027635 0.10197 0.11911 -0.0073354 -0.018156 0.027193 0.030525 0.02354 -0.00058179 0.14981 0.21258 -0.02958 0.039082 0.18299 0.31199 0.032861 0.11124 0.11414 0.18895 0.090654 0.18648 0.10424 0.24113 0.020197 -0.036091 0.058613 0.071896 0.030903 -0.084193 0.13926 0.20808 0.093314 -0.04992 0.13436 0.27158 0.044151 -0.12971 0.11209 0.26263 8.2471e-05 -0.00014886 8.2471e-05 0.00014886 0.0020137 -0.0069309 0.0020137 0.0069309 0.0086072 -0.023999 0.0092336 0.02458 -0.0015509 -0.024243 0.0064043 0.024736
100.49 168.03 1.8652 4.9743 -0.034757 -0.068136 0.047414 0.074146 -0.017275 -0.038057 0.018737 0.045676 -0.00574 -0.015349 0.00661 0.023002 -0.0011301 -0.00070648 0.0012074 0.0022253 -0.00010622 -0.0064438 0.010831 0.012761 0.040401 0.059184 0.075052 0.098892 -0.035868 0.070665 0.069771 0.11641 -0.0047453 0.00068092 0.0099515 0.015447 0.094257 0.063613 0.1498 0.11801 0.055487 0.2881 0.28266 0.44051 -0.15942 0.082779 0.21296 0.17447 -0.020486 0.0067195 0.04894 0.034094 0.070915 -0.035903 0.10869 0.083937 0.12004 -0.065877 0.28553 0.31574 -0.20007 0.021895 0.28503 0.23612 -0.026456 0.023059 0.067842 0.074491
63.846 178.12 2.0013 5.7819 0 0 0 0 0 0 0 0 0 0 0 0 0 0 0 0 0.014148 0.042111 0.014148 0.042111 0.011201 0.14572 0.036731 0.14572 -0.0054992 0.095142 0.023927 0.095142 -0.0025193 0.014437 0.0034266 0.014437 0.041215 0.037881 0.097729 0.23432 0.032131 0.023133 0.1483 0.43426 0.082265 0.21854 0.20447 0.42109 -0.11277 0.21613 0.15762 0.31887 -0.020229 -0.053807 0.039125 0.080172 0.030212 -0.10739 0.039128 0.10935 0.082745 -0.18722 0.092286 0.2057 0.035439 -0.13994 0.088352 0.18727
67.674 186.52 2.0068 5.6033 0 0 0 0 0 0 0 0 0 0 0 0 0 0 0 0 0.0004342 0.0012286 0.0004342 0.0012286 0.0030127 0.025 0.0050904 0.025 0.0017005 0.010954 0.0029007 0.010954 -1.6474e-05 0.00015554 1.6474e-05 0.00015554 0.044551 0.13289 0.09212 0.24985 0.093282 0.24715 0.14235 0.37569 -0.066674 0.32326 0.16068 0.46303 -0.094556 0.14485 0.097507 0.17122 -0.0052202 -0.078573 0.035086 0.1028 0.058095 -0.17497 0.072943 0.20439 0.022348 -0.21064 0.078422 0.26456 -0.013246 -0.072036 0.08534 0.16145
105.56 120.26 3.1174 1.654 -0 0 0 0 -0 0 0 0 -0 0 0 0 -0 0 0 0 0.00014767 0.036727 0.065997 0.098604 -0.012229 0.10622 0.066325 0.12371 0.043507 0.14663 0.061936 0.16613 -0.0051468 0.11815 0.060871 0.18837 0.014751 -0.019041 0.099304 0.079465 0.087456 0.057998 0.37439 0.41891 -0.020905 -0.022542 0.28259 0.50212 -0.020762 -0.052543 0.14416 0.19918 0.0052157 -0.0013501 0.055264 0.041137 0.057108 -0.025581 0.13841 0.16423 -0.055144 -0.010309 0.12596 0.15637 -0.0028213 -0.033289 0.0598 0.049586
148.58 122.1 2.8651 1.3148 0 0 0 0 0 0 0 0 0 0 0 0 0.00095367 0.0036433 0.00095367 0.0036433 0.018284 0.071093 0.022109 0.071093 -0.00010981 0.13962 0.027771 0.13962 0.039654 0.11961 0.18631 0.18459 0.033666 -0.0058701 0.10192 0.14166 0.07072 0.049684 0.17042 0.22564 0.00040839 0.055763 0.25461 0.49581 -0.10535 -0.0030212 0.47814 0.31401 -0.016383 -0.0035479 0.082186 0.064448 0.011181 -0.042505 0.096279 0.060387 -0.024639 -0.064825 0.1079 0.090847 -0.00018208 -0.016413 0.14956 0.11886 -0.021685 0.00080575 0.052543 0.052337
72.849 138.26 2.8145 5.6364 0 0 0 0 0.01734 0.018411 0.020339 0.021724 0.01713 0.0083328 0.049486 0.074086 0.0071878 -0.014037 0.019447 0.063875 0.013025 0.0067385 0.013025 0.0067385 0.0039729 0.059936 0.24127 0.21519 -0.031511 0.010637 0.11949 0.11649 -0.0050819 0.010276 0.035741 0.034434 0.091174 0.038914 0.13169 0.06039 -0.0010934 0.16087 0.37631 0.3046 -0.12674 0.054683 0.18638 0.16084 0.065806 0.065128 0.17683 0.1191 0.044697 -0.018858 0.05983 0.035378 0.08792 -0.12616 0.22436 0.31327 -0.043548 0.083833 0.2739 0.34207 -0.019454 0.016065 0.15773 0.12168
120.29 154.39 2.9156 4.1077 -0.0013279 -0.00033125 0.0013279 0.00082043 -0.0025158 -0.005887 0.0082449 0.012707 0.063087 -0.037558 0.12489 0.16336 -0.042926 0.017714 0.10412 0.11058 0.0021793 0.037615 0.043803 0.046347 -0.01259 0.056351 0.055054 0.078955 0.062581 -0.002239 0.13986 0.14163 0.050321 0.0023044 0.18371 0.13165 0.093101 0.03208 0.15085 0.17369 -0.091209 0.14365 0.24201 0.31837 -0.061916 0.06624 0.16409 0.18803 0.16476 -0.027396 0.20838 0.10137 0.018299 -0.02701 0.05254 0.076924 0.12117 0.039041 0.23706 0.29361 -0.091808 0.076178 0.21048 0.39125 -0.017783 -0.010275 0.10942 0.12501
148.3 153.86 2.6512 2.7975 -0.01218 -0.0044201 0.028063 0.022927 0.037895 -0.018018 0.076892 0.10328 0.097475 -0.070941 0.12959 0.15156 -0.099992 -0.018206 0.24892 0.077377 0.0035025 0.0091733 0.060022 0.029704 0.032077 0.11773 0.14447 0.22561 0.11575 0.070276 0.24695 0.3123 -0.07731 0.011058 0.3418 0.39565 0.052478 -0.0057137 0.11139 0.059733 -0.009021 -0.082888 0.27305 0.22968 -0.030377 -0.080772 0.15582 0.21645 0.0061515 -0.08337 0.069564 0.14134 0.0033796 -0.0068025 0.02066 0.012729 -0.0053144 -0.022629 0.028901 0.028781 0.019356 -0.010919 0.087835 0.060453 0.055943 0.042737 0.1018 0.081314
66.176 168.53 2.8272 2.5567 0.014181 -0.021639 0.037462 0.051627 -0.023374 -0.14976 0.14665 0.17833 0.027675 -0.044052 0.1729 0.12977 0.057032 -0.087461 0.2866 0.26505 -0.0050352 0.10765 0.111 0.29412 -0.074294 0.18012 0.10891 0.34513 -0.011196 0.057202 0.16695 0.31253 -0.04031 -0.076753 0.17355 0.18811 0.029543 -0.12764 0.054428 0.16617 -0.030092 -0.17616 0.068465 0.29557 -0.056895 -0.10933 0.075678 0.17787 -0.0099213 -0.012969 0.010981 0.014849 -0 0 0 0 -0 0 0 0 -0 0 0 0 -0 0 0 0
143.56 167.65 2.7904 4.3082 0.00024968 1.703e-06 0.00024968 0.000447 0.018287 0.0040193 0.028099 0.057783 0.035617 -0.043812 0.050318 0.10629 -0.0079852 -0.027038 0.041398 0.081033 -0.00074987 -0.00066882 0.011713 0.019379 0.095081 0.10415 0.17884 0.24123 -0.068243 0.16169 0.1548 0.30157 -0.00183 0.0152 0.052795 0.065056 -0.0084753 0.0065513 0.013047 0.014021 0.15837 -0.046146 0.1921 0.20471 -0.079167 -0.0047441 0.39286 0.31387 0.02584 0.017496 0.15253 0.082302 -0.050422 0.062935 0.083985 0.1237 0.025276 0.001083 0.14979 0.14044 0.064385 0.03549 0.28903 0.21009 0.050461 0.15398 0.19316 0.20229
181.12 174.63 3.0112 0.93942 0.034037 -0.07008 0.12822 0.11448 -0.066312 -0.095621 0.26519 0.23815 0.081166 -0.065862 0.23915 0.17684 -0.028651 -0.11372 0.21151 0.29191 0.024001 -0.017092 0.056919 0.068586 0.032101 0.034502 0.17828 0.23908 0.0099684 0.20975 0.099987 0.27956 -0.024031 0.12431 0.086478 0.16954 0.0032788 -0.003263 0.0032788 0.003263 0.069008 -0.065604 0.075823 0.11255 0.071771 -0.18728 0.14811 0.36859 -0.083362 -0.094016 0.11183 0.20493 0 0 0 0 4.2208e-16 5.7722e-16 1.1311e-15 1.5468e-15 0.00040984 -0.012621 0.0015063 0.012621 -0.0013693 -0.0060009 0.0018622 0.0060009
160.39 187.83 2.8137 0.83653 0.029555 -0.043364 0.15791 0.12636 0.014847 -0.1622 0.32284 0.46958 -0.080729 -0.036586 0.19121 0.25063 -0.0016134 -0.00090932 0.015104 0.014832 0.00058626 0.064918 0.065456 0.12982 0.0030827 0.13051 0.090767 0.24302 -0.04992 0.03404 0.14218 0.21191 -0.010641 -0.0013541 0.020609 0.022448 0.066925 -0.068474 0.076623 0.20545 -0.062015 -0.11801 0.16155 0.41795 -0.086177 -0.049738 0.10446 0.13425 -0.0051515 -0.0032989 0.0069244 0.0086868 0.0034401 -0.014868 0.0034512 0.014868 -0.0043623 -0.035062 0.0083671 0.035062 -0.0025643 -0.0057245 0.0025802 0.0057245 1.3042e-17 1.4449e-17 1.3042e-17 1.4449e-17
88.311 190.5 2.706 4.9399 0 0 0 0 0 0 0 0 0 0 0 0 0 0 0 0 0.040902 0.060512 0.040902 0.060512 0.054308 0.29094 0.12137 0.34195 -0.071522 0.12337 0.10308 0.28389 -0.027887 0.0076632 0.029473 0.041405 0.082348 0.020347 0.19672 0.2313 -0.13178 -0.19911 0.27499 0.45836 -0.077352 -0.13284 0.088543 0.21918 -0.014504 -0.010727 0.015237 0.021797 -0.041082 -0.04369 0.094755 0.073185 0.043542 0.075551 0.087267 0.13141 -0.020231 0.15674 0.13153 0.19644 -0.017415 0.007292 0.022181 0.017653
100.35 194.26 2.8588 2.3138 0.0021643 -0.0050465 0.0097347 0.0125 -0.0023626 0.002564 0.0078778 0.011521 0.10218 -0.0099321 0.12107 0.10245 0.063556 -0.19999 0.29627 0.30865 7.7197e-08 7.0916e-08 7.7197e-08 7.0916e-08 0.054514 0.063237 0.075991 0.10615 0.00037792 0.18283 0.090934 0.25958 -0.0023817 0.11807 0.050162 0.21045 5.2209e-08 4.7961e-08 5.2209e-08 4.7961e-08 0.069574 -0.044481 0.081211 0.10257 0.15866 -0.11246 0.2166 0.45417 -0.019791 -0.03007 0.13369 0.44595 -0 0 0 0 0.00043611 -0.0010904 0.00081062 0.0010904 0.013318 -0.035154 0.014271 0.035419 -0.0015554 -0.058356 0.013685 0.058731
155.26 198.71 2.5523 4.9493 0 0 0 0 0 0 0 0 0 0 0 0 0 0 0 0 0.0023196 0.0002188 0.0023196 0.0069296 0.0078355 0.042338 0.026194 0.076472 -0.0086341 0.034376 0.014418 0.036941 -0.00023174 0.00055512 0.00023174 0.00055512 0.0085783 0.017378 0.038633 0.15238 0.11392 -0.011287 0.16602 0.2735 0.0048527 0.1972 0.34527 0.3856 -0.084577 0.072515 0.10131 0.081939 0.075188 0.096025 0.22689 0.3395 -0.12389 0.1125 0.21344 0.27533 0.14114 -0.12216 0.25041 0.19859 -0.093056 -0.0075209 0.16321 0.093007
82.66 200.43 2.7893 5.0306 0 0 0 0 0 0 0 0 0 0 0 0 0 0 0 0 0 0 0 0 0.0040759 0.0080494 0.0040759 0.0080494 0.0066976 0.017602 0.0066976 0.017602 0.00050327 0.00094989 0.00050327 0.00094989 0.11721 0.12781 0.12057 0.1541 0.032885 0.27369 0.27122 0.59656 -0.12214 0.0079654 0.18358 0.45465 -0.037431 0.0029913 0.04331 0.06381 0.0067513 -0.050066 0.14509 0.19096 -0.060207 -0.15028 0.11286 0.2043 -0.03551 -0.043045 0.045309 0.12788 -0.0065186 -0.0049252 0.0080914 0.013396
93.145 111.42 3.2574 1.9247 -0 0 0 0 -0 0 0 0 -0 0 0 0 -0 0 0 0 -0.021851 0.055577 0.050782 0.058346 -0.0014004 0.001083 0.0014004 0.001083 -0 0 0 0 -0 0 0 0 0.046004 0.071877 0.28594 0.26019 -0.015379 0.20375 0.16579 0.55187 -0.091329 0.22494 0.18227 0.43619 -0.038545 0.019202 0.046101 0.037933 -0.0034517 -0.026739 0.13165 0.14867 0.02843 -0.090699 0.127 0.16637 -0.021509 -0.073494 0.21175 0.14827 -0.033739 -0.0047045 0.069174 0.020762
148.95 119.89 3.5983 1.5188 0 0 0 0 0 0 0 0 0 0 0 0 0 0 0 0 0.026693 0.05803 0.031231 0.070606 -0.024352 0.16749 0.064326 0.18387 0.0023287 0.095596 0.095443 0.14605 0.0056999 0.079971 0.063174 0.11792 0.095615 -0.0050858 0.17952 0.15679 0.0098427 -0.044726 0.28527 0.52535 -0.13354 -0.011869 0.3495 0.34422 0.095418 -0.021234 0.18963 0.18918 0.020098 -0.028307 0.071596 0.043556 0.040249 -0.041023 0.14617 0.11006 -0.051587 0.00036043 0.15242 0.11183 0.039491 -0.022223 0.066705 0.064674
143.74 130.97 3.7729 1.5502 0 0 0 0 0 0 0 0 0 0 0 0 0 0 0 0 0.056245 0.084042 0.12281 0.20733 -0.025816 0.17304 0.27169 0.41436 -0.047246 0.049995 0.24837 0.24652 0.057567 0.073141 0.183 0.26357 0.026987 -0.076035 0.13538 0.12431 0.019547 -0.10588 0.27968 0.28458 -0.079967 -0.029201 0.21763 0.15483 0.069209 -0.04464 0.18579 0.1812 -0.003418 -0.0090225 0.033295 0.02494 0.043764 -0.025809 0.11299 0.11479 -0.048599 -0.016113 0.08113 0.088552 0.032621 -0.027179 0.044201 0.042675
100.3 153.94 4.0592 0.59919 0.09024 0.040141 0.17731 0.059671 -0.092587 -0.0064334 0.2414 0.21456 -0.033478 -0.019355 0.088536 0.13313 -0.012465 0.015854 0.04141 0.038408 0.082895 -0.0097142 0.31591 0.29172 -0.13518 0.030405 0.37573 0.36673 -0.080012 0.053988 0.14124 0.14734 0.014134 0.014552 0.12647 0.050527 -0.0097993 -0.033063 0.13054 0.17023 0.0060439 -0.14457 0.18817 0.26861 -0.061869 -0.050217 0.10679 0.11254 0.023542 -0.021374 0.10873 0.035359 -0.023973 0.012817 0.10862 0.094418 -0.041468 0.029408 0.074118 0.067628 -0.0040755 -0.0035716 0.0092112 0.0073001 0.0017285 -0.0098436 0.017172 0.011724
78.481 183.56 3.9057 2.2978 0.00089206 -0.00074957 0.0035281 0.0037232 0.14595 -0.096956 0.19721 0.17827 -0.062528 -0.14048 0.30343 0.24857 0.045724 -0.096478 0.25548 0.19442 0.037669 0.0047443 0.058163 0.075162 0.051986 0.12869 0.12401 0.39647 -0.024862 0.11314 0.13559 0.39624 -0.036651 -0.024349 0.14569 0.16258 0.015209 -0.01458 0.017337 0.023781 0.044945 -0.13346 0.075897 0.25692 -0.046932 -0.11744 0.070788 0.22376 -0.015694 -0.01972 0.019097 0.030628 -2.0775e-18 -1.8478e-18 2.0775e-18 1.8478e-18 1.5643e-17 1.3914e-17 2.2312e-17 1.9846e-17 -8.9775e-19 1.3905e-18 5.2067e-18 4.8865e-18 -0 0 0 0
170.98 184.24 4.0591 0.91596 -0.026402 -0.14019 0.25487 0.19063 0.037898 -0.13817 0.32977 0.24739 -0.085551 -0.082165 0.29999 0.40099 -0.025448 -0.0073288 0.029924 0.037756 0.036546 -0.035653 0.10394 0.12444 0.034017 0.070514 0.15276 0.31226 -0.062846 0.033072 0.17044 0.29991 -0.02169 -0.0086924 0.036244 0.035588 0.016287 -0.013967 0.018271 0.020857 0.054973 -0.11737 0.085259 0.22561 -0.063294 -0.099797 0.098669 0.19128 -0.010781 -0.0076955 0.012459 0.011747 6.1345e-18 -4.6717e-17 6.1345e-18 4.6717e-17 1.2169e-05 -9.2675e-05 1.2169e-05 9.2675e-05 3.6535e-05 -0.00027823 3.6535e-05 0.00027823 0 0 0 0
99.18 195.63 3.0625 4.6742 0 -0 0 0 0 -0 0 0 0 -0 0 0 0 -0 0 0 0.018728 0.044085 0.018728 0.044106 0.020632 0.22401 0.090498 0.22702 -0.051575 0.060071 0.070773 0.089395 -0.0021353 0.00018557 0.0021353 0.0010483 0.10378 0.1536 0.33259 0.35908 -0.2287 -0.11361 0.32431 0.47419 -0.06706 -0.041618 0.07367 0.095917 0.001308 0.003201 0.011186 0.016656 -0.069345 -0.10616 0.20162 0.17387 0.0094379 -0.0088411 0.13024 0.1393 -0.037423 0.10794 0.12841 0.14632 -0.0081722 0.0056337 0.01989 0.020802
86.737 205.36 3.2556 4.9128 0 0 0 0 0 0 0 0 0 0 0 0 0 0 0 0 0 0 0 0 0 0 0 0 0 0 0 0 0 0 0 0 0.083781 0.12408 0.089319 0.12709 0.029529 0.36596 0.19229 0.49718 -0.1102 0.079703 0.16303 0.3582 -0.026906 0.0070346 0.03027 0.041952 0.067924 -0.0093688 0.21621 0.23539 -0.12656 -0.18542 0.22218 0.34551 -0.053248 -0.092587 0.060057 0.1282 -0.0053888 -0.0048293 0.0064761 0.011194
66.717 106.91 5.2958 0.7918 0 0 0 0 0 0 0 0 0 0 0 0 0 0 0 0 0 0 0 0 0 0 0 0 0 0 0 0 0 0 0 0 0 0 0 0 0.16869 0.15271 0.31442 0.26142 -0.12756 0.12258 0.30713 0.36859 -0.021402 0.017989 0.040977 0.050571 0.040686 0.018036 0.052775 0.07496 0.073846 0.025297 0.45278 0.39603 -0.11219 -0.0061435 0.22061 0.25418 -0.0036169 0.010941 0.085167 0.05389
80.639 123.67 5.5722 1.7228 -0 0 0 0 -0 0 0 0 -0 0 0 0 -0 0 0 0 0.0029506 0.066959 0.17732 0.20372 0.018046 0.19414 0.19532 0.46756 -0.08576 0.07044 0.11767 0.12399 -0 0 0 0 0.055744 -0.041167 0.23846 0.19059 -0.056723 -0.12317 0.40783 0.4473 -0.079925 -0.045884 0.19634 0.11341 -0.0043801 -0.00039262 0.0043801 0.0006158 0.014076 -0.017089 0.034103 0.034029 0.004207 -0.0022198 0.11783 0.13112 -0.024648 -0.0018884 0.082587 0.046598 -0.001566 -0.00019857 0.001566 0.00028672
109.13 128.67 5.366 1.7422 -0.0021518 0.0050381 0.0023685 0.0050381 -0 0 0 0 -0 0 0 0 -0 0 0 0 -0.059492 0.040165 0.17115 0.25649 0.02943 0.087578 0.22384 0.26187 0.036399 0.16394 0.13509 0.42177 -0.057363 0.053285 0.080963 0.10558 -0.035272 -0.031965 0.16718 0.13919 0.11751 -0.043677 0.28741 0.24076 -0.023135 -0.10436 0.29905 0.39012 -0.044268 -0.041976 0.14292 0.088848 -0.014464 -0.022851 0.046654 0.056091 0.03315 -0.03576 0.061215 0.052383 -0.012758 -0.014803 0.080212 0.086565 -0.0080152 0.0042041 0.0578 0.026402
168.18 128.78 5.9384 1.491 0 0 0 0 0 0 0 0 0 0 0 0 0 0 0 0 0 0 0 0 0.11169 0.11268 0.15808 0.19553 -0.042975 0.18685 0.22701 0.42554 0.044885 0.067315 0.18931 0.24049 0 0 0 0 0.093905 -0.080186 0.22109 0.17221 -0.02784 -0.088039 0.41423 0.38675 0.042373 -0.049471 0.20661 0.17143 0 0 0 0 0.019722 0.00072132 0.075917 0.064964 -0.0097924 -0.026653 0.11289 0.12799 -0.0011392 -0.016317 0.027095 0.0301
130.67 135.47 5.164 3.4091 0.0079061 0.0023843 0.049809 0.04799 0.029782 0.043085 0.10416 0.11557 -0.0031114 0.038709 0.24532 0.15794 -0.03352 -0.0010096 0.047692 0.023004 0.024003 -0.017251 0.054938 0.051851 0.077462 -0.064466 0.19695 0.22874 -0.069915 -0.10227 0.43241 0.25315 -0.025171 -0.009472 0.029068 0.014689 0.041456 0.032213 0.08681 0.087384 0.030123 0.11102 0.26676 0.32407 -0.10813 0.0027641 0.25333 0.2064 -0.0034851 -0.00073272 0.0036096 0.0015125 0.0039158 -0.012294 0.053903 0.059589 0.052685 -0.0085689 0.2907 0.16672 -0.10395 0.0011089 0.1996 0.057719 -0.0001019 -1.4651e-05 0.0001019 1.4651e-05
91.989 139.99 4.9911 4.9236 0.010471 0.0031952 0.01772 0.0074841 0.0022522 -0.013939 0.073227 0.082164 -0.012704 0.014485 0.044114 0.070294 -0.0010283 0.0067307 0.0043201 0.0086334 0.022151 0.00667 0.08923 0.017 0.017273 0.065937 0.20629 0.13134 -0.036518 0.065384 0.27775 0.2344 0.017433 0.026041 0.089889 0.076613 0.056907 -0.0093392 0.077748 0.038086 0.035199 -0.054681 0.24345 0.4488 -0.096813 -0.085433 0.35046 0.48612 0.032985 0.011442 0.20382 0.19631 0.0056542 -0.0036293 0.0056542 0.0047351 -0.0014184 -0.051336 0.021728 0.064582 -0.0050509 -0.049432 0.031039 0.061175 0.012488 -0.029888 0.040071 0.06228
157.26 144.69 4.6068 4.4274 0.0052375 0.0068238 0.0061337 0.010429 0.020414 0.012157 0.045131 0.085201 -0.016136 -0.0081137 0.053422 0.073641 -0.0041767 0.0012558 0.0061352 0.0040993 0.018701 0.029086 0.061017 0.07249 -0.017988 0.037243 0.23947 0.18974 -0.026685 0.096602 0.18184 0.14027 -0.025462 0.01643 0.033246 0.020883 -0.056587 0.084154 0.17297 0.18328 0.089368 -0.0047873 0.41396 0.40359 -0.09519 -0.046199 0.28205 0.48481 -0.055282 -0.01057 0.063173 0.045896 -0.045045 -0.053112 0.090616 0.14527 -0.0098159 -0.056997 0.076832 0.097256 -0.009307 -0.044607 0.0281 0.062101 -0.0030917 -0.003701 0.0035262 0.0047519
145.16 160.8 5.5097 3.0923 0.0080555 0.0080898 0.010062 0.010687 -0.0015592 0.019142 0.041398 0.059908 0.037201 0.073332 0.069672 0.1083 -0.02193 0.031996 0.038378 0.035573 0.018794 -0.0088661 0.045628 0.028836 0.03805 0.0064859 0.18258 0.18935 0.13036 -0.002017 0.42125 0.38463 -0.10456 -0.0037204 0.21531 0.10515 0.0011857 -0.0021214 0.0039686 0.0022087 0.046219 -0.019096 0.088744 0.096708 0.091176 0.044646 0.25226 0.33896 -0.068274 0.017983 0.17371 0.12914 0.011081 0.0060706 0.026204 0.012735 0.042633 0.018764 0.096913 0.080191 0.11119 -0.038335 0.25587 0.24858 -0.070382 0.021439 0.21131 0.10501
180.55 199.68 5.0197 4.0467 0 -0 0 0 0 -0 0 0 0 -0 0 0 0 -0 0 0 0 -0 0 0 -2.9214e-05 0.0002428 2.9214e-05 0.0002428 -8.7991e-06 7.3129e-05 8.7991e-06 7.3129e-05 -9.843e-18 -1.2536e-17 5.4561e-17 6.9487e-17 0.0077923 0.0044585 0.008135 0.011655 0.12022 0.016084 0.18489 0.40049 -0.10725 0.05125 0.18909 0.42389 -0.020556 0.011315 0.029376 0.032905 0.0013814 0.0024613 0.008695 0.010146 0.075124 0.099673 0.27731 0.43879 -0.0038219 0.1023 0.31155 0.32125 -0.050159 0.11945 0.14517 0.15673
61.627 101.94 7.5307 0.82659 0 0 0 0 0 0 0 0 0 0 0 0 0 0 0 0 0 0 0 0 0 0 0 0 0 0 0 0 0 0 0 0 0.0022414 0.0017073 0.0022414 0.0017073 0.12712 0.19379 0.3737 0.34503 -0.11807 0.080108 0.26505 0.29317 -0.0057385 0.0056824 0.013544 0.011529 0.035631 0.071555 0.12468 0.13686 0.043523 -0.0271 0.37444 0.44095 -0.063384 -0.025883 0.27171 0.22257 -0.013323 0.0046698 0.06318 0.021313
186 109.43 6.4729 2.2245 -0 0 0 0 -0 0 0 0 -0 0 0 0 -0 0 0 0 -0 0 0 0 -0 0 0 0 -0 0 0 0 -0 0 0 0 0.0019443 0.0010354 0.0019443 0.0010354 0.18174 0.12622 0.23809 0.2929 -0.15698 0.25269 0.31156 0.38271 -0.010806 0.021792 0.010975 0.022138 0.0040826 0.015694 0.04379 0.020287 0.10012 -0.030898 0.2086 0.21273 -0.084291 -0.04918 0.36 0.40247 -0.025466 0.10937 0.1763 0.16787
107.05 129.35 7.663 1.8799 0.0021054 0.0095801 0.0034322 0.0095801 -0.00031281 0.0014553 0.00033588 0.0014553 -0 0 0 0 -0 0 0 0 0.039001 0.033326 0.20693 0.27578 -0.027653 0.10532 0.30563 0.33852 -0.029509 0.15094 0.15045 0.26431 -0.016642 0.011713 0.019349 0.015703 0.0048671 -0.042133 0.15896 0.13413 0.046071 -0.085059 0.36555 0.28486 -0.040283 -0.095891 0.36728 0.31666 -0.027342 -0.0070631 0.046489 0.022034 -0.0034078 -0.0063478 0.011835 0.013036 0.021217 -0.014686 0.040678 0.063911 -0.014172 -0.015422 0.075907 0.097899 -0.0037904 -0.0013752 0.0069998 0.0033132
168.03 129.23 6.9819 1.504 0 0 0 0 0 0 0 0 0 0 0 0 0 0 0 0 0 0 0 0 0.097762 0.083879 0.12589 0.18044 -0.048986 0.14372 0.24518 0.37356 0.040933 0.074752 0.19574 0.31017 0 0 0 0 0.083834 -0.064502 0.19933 0.16576 -0.044239 -0.10342 0.41695 0.37832 0.012485 -0.073744 0.25842 0.2479 0 0 0 0 0.019672 -0.0060722 0.059425 0.058461 -0.015111 -0.029087 0.084666 0.10573 0.0031738 -0.01619 0.025427 0.03048
126.98 110.36 9.9714 1.5959 -0 0 0 0 -0 0 0 0 -0 0 0 0 -0 0 0 0 0.0083795 0.020003 0.0088821 0.020003 -0.0015441 0.10812 0.043013 0.10812 0.0053004 0.13456 0.065459 0.13456 -0.0089339 0.021727 0.01773 0.021727 0.055775 -0.0073592 0.080633 0.071203 0.020846 -0.022328 0.40171 0.42804 -0.025384 -0.036653 0.48272 0.52661 -0.049999 -0.0058781 0.08523 0.074848 0.0083163 -0.0049072 0.022616 0.022431 -0.0054732 -0.035663 0.077131 0.079096 0.0035255 -0.039254 0.11331 0.11658 -0.011537 -0.0051092 0.026304 0.023031
125 98.86 13.242 2.0704 -0 0 0 0 -0 0 0 0 -0 0 0 0 -0 0 0 0 0.035378 0.019646 0.036413 0.043701 -0.030804 0.10301 0.12994 0.15397 -0.0066311 0.0041441 0.0073486 0.0041441 -0 0 0 0 0.063707 -0.003075 0.11528 0.095845 0.076683 -0.0309 0.59258 0.54598 -0.084388 0.016774 0.29357 0.35762 -0.008832 -0.00094374 0.008832 0.0040743 0.00269 -0.0043316 0.013391 0.010408 0.026339 -0.032441 0.091212 0.11307 -0.025247 -0.031742 0.071248 0.093174 -0.0014535 -0.00039338 0.0014535 0.00085302
