33 64
124.08 112.91 1.9069 1.563 0 0 0 0 0 0 0 0 0 0 0 0 0 0 0 0 0.020295 0.16329 0.056835 0.20301 -0.015527 0.18897 0.12201 0.34322 -0.00030365 0.11426 0.17518 0.18269 -0.015864 0.073294 0.089674 0.1855 0.0028967 -0.086054 0.18443 0.37114 -0.084802 -0.085607 0.22344 0.44122 0.01462 -0.050706 0.24494 0.23989 -0.015902 -0.052654 0.10822 0.15746 0.014003 -0.023653 0.045656 0.033003 -0.0072786 -0.032369 0.076629 0.09783 -0.017295 -0.024564 0.072633 0.096567 -0.0056246 -0.01132 0.013515 0.013438
97.48 117.63 2.2279 0.63358 0 0 0 0 0 0 0 0 0 0 0 0 0 0 0 0 0.015199 0.035745 0.04122 0.035745 0.013332 0.11101 0.15875 0.18358 -0.039335 0.060195 0.063207 0.11085 0.012313 0.013887 0.012657 0.013887 0.1259 0.114 0.40819 0.26304 -0.11725 0.027255 0.45415 0.42677 -0.084424 -0.021416 0.11555 0.12929 0.084113 0.018444 0.11501 0.041825 0.0056448 -0.0075279 0.24683 0.22161 -0.089017 -0.030679 0.16512 0.14588 -0.012045 -0.0073453 0.014079 0.014228 0.027292 -0.015321 0.06671 0.028296
108.03 121.63 2.1368 4.7462 -0.029953 -0.034283 0.060841 0.069128 -0.0060102 -0.0060176 0.0088553 0.012357 0.0050786 0.0092326 0.0058154 0.015387 0.00059301 0.024877 0.0093228 0.026997 0.013365 0.024162 0.017332 0.026693 -0.0055614 0.079348 0.055192 0.079355 0.057435 0.06041 0.13607 0.13525 0.026616 0.0057742 0.1294 0.17397 0.045894 -0.012495 0.071894 0.072772 0.074297 0.024144 0.2786 0.38865 -0.057792 0.0327 0.35761 0.44296 0.046557 0.055494 0.26613 0.37477 0.0019199 -0.0054292 0.0049543 0.0054676 0.031624 -0.064788 0.060851 0.1431 -0.020979 -0.079581 0.08423 0.13402 0.012955 -0.066474 0.07 0.1227
162.28 143.86 2.0978 0.40906 0.0079336 -0.033462 0.074328 0.076338 -0.025758 -0.015299 0.032439 0.03916 0.0020184 0.002111 0.0054885 0.00786 0.00063526 0.00093268 0.0026466 0.0053193 0.00070284 -0.0064508 0.0040839 0.0079931 0.11234 0.15125 0.16361 0.22208 -0.060238 0.22119 0.17739 0.31603 -0.011158 0.064181 0.090327 0.099467 0.00022429 -0.00051738 0.00022429 0.00051738 0.25346 -0.11408 0.29941 0.26284 -0.015879 -0.0016912 0.39222 0.41576 -0.004188 0.057617 0.12619 0.15116 0 0 0 0 0.030261 -0.023583 0.035662 0.033834 0.042193 -0.10431 0.098611 0.14899 -0.0091891 -0.064078 0.034171 0.084098
95.868 156.08 2.1309 2.3404 -0.04153 0.022888 0.14556 0.16216 -0.029455 -0.0047573 0.11331 0.14444 0.017975 0.02984 0.035612 0.094641 -0.0095745 0.048713 0.019422 0.063326 -0.058708 0.027638 0.13222 0.14833 -0.003313 0.06022 0.1515 0.26281 0.06524 0.077247 0.15294 0.40575 -0.020644 0.058776 0.2067 0.32574 -0.019638 -0.03925 0.094614 0.19877 -0.019061 0.038016 0.18365 0.26097 0.032568 0.071692 0.12259 0.283 -0.096732 -0.055594 0.14083 0.26204 0.017337 -0.044726 0.029066 0.050052 0.021788 -0.084698 0.06147 0.097442 -0.0028209 -0.088657 0.040225 0.10165 -0.026203 -0.032364 0.028564 0.04296
103.74 172.53 2.2792 5.2777 -0.0013945 0.0053598 0.0015042 0.0053598 -0.00051929 0.0011597 0.00051929 0.0011597 0 0 0 0 0 0 0 0 0.0098129 0.10969 0.07787 0.12456 0.0034662 0.20127 0.142 0.25079 -0.04278 0.22308 0.082229 0.25985 -0.029506 0.094422 0.035288 0.094711 0.0064139 -0.076864 0.13889 0.19521 0.03843 -0.089443 0.19633 0.31597 -0.013337 0.050006 0.15567 0.40099 -0.009719 0.040358 0.15818 0.239 -0.010808 -0.026462 0.089555 0.15954 0.022382 -0.00092657 0.12189 0.20462 0.054359 -0.039707 0.1824 0.24053 -0.042387 -0.028525 0.099918 0.11924
149.56 172.01 2.358 4.3652 0 -0 0 0 2.1394e-16 -7.741e-17 2.1394e-16 7.741e-17 1.0147e-16 4.9339e-17 3.873e-16 8.6156e-16 0.00043152 -5.683e-05 0.00052234 0.00025063 -0.014377 0.14737 0.072684 0.16606 0.051097 0.18346 0.15226 0.25408 -0.0054347 0.20843 0.12498 0.24436 -0.04602 0.14755 0.086148 0.15923 -0.02991 -0.081329 0.10991 0.20843 0.011596 -0.16427 0.19271 0.29676 0.089138 -0.15824 0.19151 0.3695 0.015949 -0.019655 0.15076 0.26143 -0.0543 -0.020488 0.063546 0.072022 0.00082776 -0.018788 0.017678 0.028413 0.032436 -0.037795 0.075011 0.10758 0.11958 0.0031405 0.1697 0.23585
97.186 174.29 2.0376 5.086 0 0 0 0 0 0 0 0 0 0 0 0 0 0 0 0 0.015889 0.026428 0.016362 0.026776 0.0028595 0.11044 0.054147 0.12231 0.019416 0.15989 0.06089 0.16174 -0.010656 0.11538 0.028851 0.11538 0.048171 0.10812 0.091061 0.14632 0.026258 0.10124 0.23935 0.28096 0.01529 0.040499 0.23991 0.42831 -0.026191 0.045219 0.097617 0.35338 -0.029224 0.0017003 0.11741 0.1713 0.014364 -0.058765 0.19429 0.28847 0.060024 -0.094233 0.19173 0.22498 0.030201 -0.007677 0.11456 0.17646
122.29 179.61 2.0977 4.8664 0 0 0 0 0 0 0 0 0 0 0 0 0 0 0 0 0.019933 0.11936 0.035676 0.11936 0.026956 0.20874 0.087111 0.24114 -0.036744 0.17661 0.13358 0.1864 -0.022379 0.066175 0.033726 0.066175 0.0027038 0.031168 0.12779 0.26397 -0.022102 0.068869 0.18244 0.40455 0.04206 0.0025137 0.23265 0.39198 -0.062904 0.066336 0.1674 0.18168 0.046487 -0.05531 0.10234 0.139 -0.027848 -0.038284 0.13165 0.26067 -0.078419 -0.068187 0.12502 0.17059 0.018128 -0.068094 0.07832 0.083661
109.24 113.11 2.8353 1.6741 -0 0 0 0 -0 0 0 0 -0 0 0 0 -0 0 0 0 -0.045613 0.12952 0.10124 0.49079 -0.0026691 0.14258 0.18334 0.38611 -0.045827 0.082806 0.081215 0.17517 -0.00068937 0.0029555 0.0014417 0.00297 -0.018816 -0.087294 0.19282 0.38082 -0.020411 -0.10264 0.24815 0.34174 -0.052216 -0.060915 0.1582 0.21562 -0.010714 -0.0020426 0.011646 0.0099709 0.0076359 -0.015961 0.019898 0.03936 -0.0064769 -0.012242 0.023749 0.038589 0.040221 0.014055 0.058997 0.065839 -0.014881 0.032869 0.064954 0.057188
123.63 121.26 2.7323 5.0085 -0.011366 -0.017615 0.026665 0.034991 0.0043137 -0.0060446 0.015805 0.038064 -0.0058729 -0.020657 0.020609 0.073167 -0.0017309 -0.0020822 0.0019974 0.0065277 0.014721 0.059295 0.067749 0.099556 -0.0042522 0.10519 0.14882 0.2048 -0.044524 0.049994 0.14693 0.15022 -0.01355 0.027262 0.041343 0.032008 0.027532 -0.035901 0.052744 0.10958 0.045032 -0.071839 0.20644 0.36669 0.028222 -0.048286 0.2613 0.67517 -0.080681 -0.016587 0.15003 0.2749 0 0 0 0 0.004616 -0.014334 0.0048304 0.014334 0.010764 -0.049554 0.018216 0.07688 -0.0075525 -0.016223 0.010877 0.030642
140.12 123.99 2.7704 4.7024 -0.00040383 -0.021093 0.021083 0.071036 -0.010329 -0.0093619 0.011378 0.031922 0.030012 -0.0083735 0.030214 0.018228 0.0043076 -0.040467 0.15139 0.1137 0.019581 0.022998 0.070652 0.088326 -0.025665 0.060623 0.1024 0.12177 -0.0059826 0.053747 0.10004 0.09889 -0.013306 -0.026971 0.048866 0.043304 0.012017 -0.01094 0.15655 0.246 0.040751 -0.041194 0.24218 0.70698 -0.11705 -0.049482 0.21132 0.40126 -0.012292 -0.004152 0.014302 0.010291 0.00031159 -0.022352 0.012212 0.033447 -0.00063783 -0.053035 0.016893 0.077577 -0.0082668 -0.02496 0.010742 0.025919 -0.0001613 -0.00013512 0.0001613 0.00013512
85.94 139.67 2.7342 0.52786 0 0 0 0 0 0 0 0 0 0 0 0 0 0 0 0 -0.018469 0.055676 0.090111 0.072733 0.083537 0.11289 0.14651 0.15686 -0.067992 0.2252 0.19824 0.27458 -0.029816 0.036534 0.040131 0.036717 -0.091316 -0.011696 0.16621 0.13331 0.14177 -0.050623 0.31617 0.17843 0.057467 -0.072489 0.43034 0.36253 -0.11339 0.034949 0.15364 0.071424 -0.040723 -0.0050224 0.089956 0.056097 0.031647 0.043231 0.15571 0.077671 0.10273 0.017482 0.22721 0.1667 -0.080032 0.0068683 0.13246 0.074206
119.2 164.08 3.0407 2.1156 -0.055802 -0.001724 0.06483 0.050026 0.012397 0.0083553 0.020992 0.041055 -0.0016224 0.023173 0.050713 0.10454 -0.0017211 -0.014215 0.017519 0.032109 -0.051307 0.056658 0.15736 0.14642 0.042679 0.1625 0.19649 0.28613 -0.096135 0.05974 0.26293 0.3723 0.0074604 0.025678 0.092532 0.11467 0.051781 -0.070344 0.11536 0.13063 0.052047 -0.075821 0.22034 0.40268 -0.058679 0.024784 0.20876 0.37814 0.016394 0.047975 0.12414 0.16675 0.0062074 -0.0095831 0.007541 0.0097099 0.017043 -0.049578 0.027724 0.076771 0.011258 -0.074533 0.036766 0.11133 -0.0035399 -0.043328 0.026325 0.056907
161.71 163.75 3.0236 3.872 8.7638e-17 2.5283e-17 1.2584e-16 6.5659e-17 -4.8262e-05 -0.00017183 0.00028749 0.000383 -6.2989e-05 -6.3192e-05 0.00013223 0.00018169 0 -0 0 0 0.029649 0.046281 0.031774 0.046281 0.069404 0.18639 0.10543 0.22591 -0.067939 0.22476 0.13832 0.29085 -0.028739 0.039597 0.030874 0.045008 0.002386 0.021372 0.13094 0.18805 -0.00011832 -0.1151 0.15894 0.24322 0.093744 -0.10112 0.44896 0.49576 -0.1098 0.00010611 0.18457 0.14112 -0.059004 0.0083883 0.09739 0.088873 -0.011275 -0.0068215 0.027258 0.024307 0.030306 -0.058561 0.066974 0.089683 -0.014426 -0.00065901 0.046679 0.056022
170.08 165.35 2.8937 3.6736 8.0598e-17 2.091e-17 2.0264e-16 1.5434e-16 2.7851e-17 4.3625e-17 1.4253e-16 1.4275e-16 0 -0 0 0 0 -0 0 0 0.0024898 0.0037824 0.0024898 0.0037824 0.019331 0.10501 0.029427 0.10506 -0.01697 0.10119 0.038363 0.10119 -0.0034757 0.0048631 0.004033 0.0048631 0.071139 0.058795 0.093255 0.097159 0.066475 0.027234 0.20855 0.35353 -0.065345 0.1172 0.46753 0.564 -0.11703 0.052663 0.15195 0.11241 -0.023884 -0.012287 0.10755 0.11404 -0.021429 -0.0828 0.071795 0.10197 0.027932 -0.12987 0.14727 0.22122 -0.03576 -0.014091 0.061636 0.073931
159.26 173.8 2.4468 4.2666 0 -0 0 0 1.4826e-16 8.5705e-17 5.125e-16 8.4801e-16 5.2114e-16 6.3878e-16 1.5186e-15 1.8442e-15 -5.8832e-17 6.288e-17 4.5088e-16 7.7954e-16 0.015185 0.04472 0.017091 0.04472 0.012137 0.15268 0.048896 0.1576 -0.030928 0.12432 0.041345 0.13245 -0.007547 0.018942 0.0084158 0.02223 0.032853 0.076991 0.14715 0.22047 0.0061626 0.036818 0.20791 0.35996 -0.026216 0.18115 0.21849 0.35028 -0.11806 0.15878 0.15956 0.1821 -0.021554 -0.070233 0.058594 0.099828 0.029384 -0.096549 0.095249 0.13952 0.13607 -0.069675 0.2074 0.32486 -0.029953 0.046309 0.20894 0.28082
134.46 176.41 3.0139 4.5295 0 -0 0 0 0 -0 0 0 5.7554e-17 -1.0643e-17 5.7554e-17 1.0643e-17 5.0398e-17 6.5005e-17 1.2846e-16 2.5103e-16 0.037985 0.072351 0.048665 0.10308 0.036134 0.15433 0.12984 0.29747 -0.006535 0.17171 0.12461 0.25893 -0.028345 0.11438 0.056905 0.12261 0.036269 0.014498 0.18753 0.2644 -0.085701 -0.043849 0.2278 0.38838 -0.016146 -0.13503 0.16952 0.29396 0.069098 -0.029635 0.15822 0.21484 0.013879 -0.045318 0.095198 0.15404 -0.054374 -0.048194 0.12839 0.29291 -0.018614 -0.0070463 0.023302 0.038349 0.10165 -0.035558 0.10477 0.094493
156.46 175.84 2.6986 4.3686 0 -0 0 0 2.4667e-17 6.8901e-17 2.4667e-17 6.8901e-17 2.2804e-16 3.0203e-16 5.0507e-16 5.3075e-16 -1.0803e-17 5.4026e-17 9.4889e-17 1.4238e-16 0.0075652 0.059441 0.021776 0.059441 0.010876 0.13178 0.040289 0.13178 -0.017808 0.10254 0.025524 0.1037 -0.0017723 0.0057258 0.0021119 0.0060381 -0.01004 0.035605 0.13536 0.28594 0.0089272 -0.045305 0.22529 0.39296 0.051006 0.057873 0.26541 0.39722 -0.10263 0.089758 0.13727 0.12335 -0.06565 -0.02141 0.10001 0.15252 -0.0043053 -0.039697 0.033676 0.053905 0.21142 -0.095337 0.25719 0.27774 -0.12226 -0.026255 0.24541 0.14639
114.25 183.88 2.6511 4.9061 0 0 0 0 0 0 0 0 0 0 0 0 0 0 0 0 -2.9075e-05 0.00014823 2.9075e-05 0.00014823 0.0067966 0.039452 0.0069431 0.039452 -0.0018511 0.057011 0.021927 0.057481 -0.0017989 0.0052581 0.0029028 0.0053537 0.047818 0.10618 0.11301 0.16753 0.01568 0.14548 0.18676 0.49951 0.0018858 0.1253 0.21918 0.4737 -0.054438 0.096261 0.14562 0.20255 -0.029801 -0.042944 0.11596 0.11844 0.060756 -0.060295 0.16241 0.28585 -0.066878 -0.07056 0.14377 0.25861 0.032487 -0.061766 0.09068 0.10574
119.32 151.41 3.4278 1.5113 0.0092015 -0.088295 0.10941 0.17801 -0.023212 -0.094435 0.15896 0.24467 -0.022105 -0.053231 0.069012 0.083395 0.011008 0.019499 0.047514 0.054523 0.00057788 -0.0070955 0.0083878 0.0093102 0.043968 0.015879 0.073731 0.20602 -0.018417 0.034291 0.080234 0.20296 0.1006 0.012994 0.217 0.16008 -0.011736 0.04925 0.031447 0.053127 0.135 0.078377 0.17334 0.33045 -0.022592 0.12936 0.23127 0.35032 0.034302 0.04612 0.17751 0.14461 0.011283 -0.0054354 0.083617 0.14405 0.018644 -0.033446 0.14209 0.25447 -0.027411 -0.069942 0.1526 0.27111 -0.034925 -0.052251 0.068487 0.0783
107.02 156.19 3.2606 2.0587 0.0063275 0.010629 0.0072473 0.024381 0.010309 0.0036635 0.045423 0.10247 0.0033037 -0.039765 0.036246 0.065784 -0.0047215 -0.028906 0.035249 0.050797 0.04848 0.099763 0.10927 0.17299 -0.083645 0.083452 0.22494 0.39592 0.0074683 0.072836 0.14566 0.20157 -0.017307 0.082752 0.17003 0.19465 0.04597 -0.034275 0.14889 0.26776 -0.045008 0.035753 0.23765 0.3905 0.016786 0.084799 0.21897 0.27677 -0.049852 -0.042408 0.16913 0.15657 0.013264 -0.044323 0.023749 0.067508 0.0018288 -0.088426 0.045186 0.14285 -0.013152 -0.075673 0.051716 0.1022 -0.016385 -0.028812 0.020263 0.032639
119.75 163.75 3.6809 2.1866 -0.026166 -0.01927 0.18564 0.12576 -0.046066 -0.012039 0.06213 0.05438 0.050255 -0.072616 0.1357 0.16851 0.013959 -0.03917 0.10996 0.1617 0.027382 -0.034272 0.20704 0.15609 0.010099 0.1331 0.22041 0.24931 -0.046019 0.036651 0.23034 0.27079 0.011897 0.051303 0.096303 0.12722 0.058384 -0.048471 0.073051 0.06301 0.083631 -0.10158 0.24258 0.34508 -0.05274 -0.055448 0.20901 0.3846 -0.018348 -0.021871 0.16013 0.20325 0.0010662 -0.00054511 0.0010662 0.00054511 0.0096559 -0.024432 0.01217 0.030997 0.0045953 -0.058943 0.023931 0.074005 -0.0077637 -0.029579 0.013818 0.034732
132.57 163.18 3.3589 2.0965 -0.028128 -0.029491 0.21585 0.16674 -0.071938 -0.022439 0.1003 0.069621 0.016517 -0.015216 0.023377 0.018479 0.020651 -0.046198 0.07644 0.095212 -0.018218 -0.036784 0.19603 0.14735 -0.08441 0.073635 0.11918 0.11614 0.061375 0.079484 0.13478 0.254 -0.030156 0.026208 0.093799 0.17585 0.072914 -0.065251 0.10649 0.090736 0.015779 0.043763 0.30113 0.30198 0.0095985 0.083185 0.28298 0.37074 -0.047634 0.056729 0.14534 0.2253 0.0061147 -0.0046834 0.0061147 0.0046834 0.041936 -0.074873 0.079169 0.10615 0.028896 -0.1067 0.091153 0.2454 -0.0082062 -0.057745 0.061 0.14269
161.17 164.55 3.4517 3.9179 7.2118e-18 -2.7573e-17 6.2721e-17 2.7573e-17 -6.1881e-05 -6.0771e-05 6.1881e-05 6.0771e-05 -0.00011028 -0.0001083 0.00011028 0.0001083 0 -0 0 0 0.031833 0.045794 0.035254 0.045794 0.066672 0.18496 0.10294 0.21718 -0.051287 0.18279 0.11206 0.24356 -0.028117 0.033975 0.033084 0.03927 0.010822 0.034081 0.13782 0.20686 0.00027513 -0.13338 0.15312 0.26775 0.13915 -0.11084 0.42757 0.48682 -0.13576 0.0021336 0.24441 0.16505 -0.063045 0.0061291 0.1036 0.091198 -0.010311 -0.0052723 0.024899 0.024795 0.03831 -0.060417 0.070138 0.098696 -0.018843 -0.0056386 0.0543 0.064986
143.87 180.94 3.6752 4.4787 0 -0 0 0 0 -0 0 0 0 -0 0 0 1.4886e-17 7.6868e-17 7.5329e-17 7.6868e-17 0.0065188 0.023738 0.010186 0.023758 0.013037 0.12691 0.03623 0.12692 -0.0082261 0.099847 0.026954 0.099847 -0.0041368 0.010733 0.0043729 0.010733 0.054117 0.087374 0.17086 0.26367 -0.065875 -0.018573 0.2323 0.44193 0.067338 -0.0053225 0.25465 0.42414 -0.11548 0.1177 0.21541 0.20027 0.00092868 -0.058779 0.12651 0.16603 -0.058162 -0.053804 0.11123 0.18827 0.10642 -0.060894 0.11447 0.091504 -0.054197 -0.064196 0.22071 0.15617
122.71 106.69 5.2471 1.5848 -0 0 0 0 -0 0 0 0 -0 0 0 0 -0 0 0 0 0.0061205 0.014532 0.0061767 0.014532 -0.0011299 0.18533 0.044802 0.18533 -0.0088136 0.093894 0.040911 0.093972 -0.0026044 0.0035679 0.0029349 0.0035819 0.053168 0.0040254 0.084448 0.10146 0.0012496 -0.064827 0.29523 0.72869 -0.057384 -0.040382 0.18079 0.372 -0.013963 0.015376 0.029809 0.045153 -0.029493 0.033753 0.14197 0.093211 0.0084799 0.0088182 0.060526 0.09545 0.019669 0.048907 0.08551 0.13215 -0.016292 0.020439 0.10729 0.062129
107.74 116.57 4.4537 4.9452 0.044656 -0.0087068 0.046303 0.028848 -0.03517 -0.065456 0.14839 0.12326 0.017993 -0.051373 0.082558 0.17455 -0.013363 -0.032682 0.034493 0.087156 0.0047333 -0.0062182 0.0052838 0.0064807 0.037823 0.042843 0.12629 0.15337 0.0067425 0.15058 0.2095 0.30955 -0.016184 0.099636 0.10728 0.15364 0 0 0 0 0.037481 -0.059695 0.067223 0.14501 0.071564 -0.11517 0.20268 0.46732 -0.057725 -0.045929 0.20166 0.54387 0 0 0 0 0 0 0 0 0.0017762 -0.010324 0.0017762 0.010324 0.00015579 -0.0202 0.0051815 0.0202
177.11 166.04 5.2136 3.6304 0 -0 0 0 0 -0 0 0 0 -0 0 0 0 -0 0 0 -4.3672e-17 -7.8483e-18 6.0043e-17 6.2605e-17 -0.0027193 0.010382 0.0027256 0.010382 0.00093509 0.0079225 0.003651 0.0079225 0 -0 0 0 0.049333 0.045835 0.064761 0.058608 0.11962 0.047144 0.26764 0.46256 -0.1396 0.03584 0.36501 0.52103 -0.020937 0.00040051 0.020937 0.014137 0.042375 0.037477 0.18312 0.1223 -0.077713 -0.038877 0.19249 0.16404 0.018665 0.021872 0.23945 0.24895 -0.028646 0.036639 0.096917 0.062396
95.809 183.89 5.1085 5.0749 0 0 0 0 0 0 0 0 0 0 0 0 0 0 0 0 0 0 0 0 0.00074108 0.00028108 0.00074108 0.00028108 9.8073e-05 3.7198e-05 9.8073e-05 3.7198e-05 0 0 0 0 0.069054 0.03678 0.077237 0.04734 0.064607 0.11309 0.23478 0.38836 0.0066062 0.12251 0.26516 0.58081 -0.10156 0.10431 0.17348 0.23536 0.042002 -0.027417 0.081044 0.059677 -0.023245 -0.091389 0.16673 0.18412 0.0027805 -0.11177 0.15037 0.23165 0.064932 -0.0022811 0.17729 0.16037
135.91 119.85 6.279 4.8464 0.014975 -0.0011817 0.10348 0.097662 -0.017019 -0.053245 0.13277 0.26493 0.021691 0.0074329 0.19104 0.2268 -0.039651 0.025797 0.084165 0.049085 0.018343 -0.016305 0.095212 0.12693 0.028952 0.067071 0.20394 0.53002 0.010879 -0.0067407 0.28363 0.33742 -0.039162 -0.033334 0.10186 0.066446 0.016635 -0.018032 0.026099 0.057008 0.042662 -0.10202 0.11994 0.38097 -0.037082 -0.048289 0.090804 0.1861 -0.0016393 -0.00014811 0.0016489 0.0007526 0 0 0 0 0 0 0 0 0 0 0 0 0 0 0 0
119.59 167.48 7.3406 2.045 0.026848 0.025685 0.069374 0.045553 0.01406 0.019947 0.17015 0.20013 -0.032744 0.0092146 0.22598 0.34678 -0.014589 0.0085608 0.029519 0.030581 0.07321 -0.034577 0.16883 0.093245 -0.021743 0.055899 0.40327 0.36705 -0.0026125 0.089664 0.26352 0.3089 -0.026708 0.010749 0.081971 0.055744 0.0086213 -0.011619 0.010662 0.012986 0.072655 -0.097911 0.15553 0.21786 -0.017676 -0.10643 0.16082 0.29896 -0.024119 -0.022666 0.047005 0.045733 -0 0 0 0 -0.00014037 -0.00021231 0.00014037 0.00021231 -0.00056077 -0.0019368 0.00096422 0.0019368 -7.9394e-05 -0.00014169 0.00011486 0.00014169
103.53 194.1 6.3518 5.0309 0 0 0 0 0 0 0 0 0 0 0 0 0 0 0 0 0 0 0 0 0 0 0 0 0 0 0 0 0 0 0 0 0.056381 0.044499 0.082926 0.067737 0.053918 0.14012 0.20385 0.45505 -0.079191 0.18095 0.25181 0.49544 -0.037639 0.060101 0.063719 0.088938 0.030776 -0.018809 0.10446 0.078714 0.00414 -0.066598 0.17687 0.27867 0.051822 -0.078251 0.21034 0.25687 -0.039433 0.013703 0.26605 0.15481
