33 64
123.82 113.12 1.7551 1.654 -0 0 0 0 -0 0 0 0 -0 0 0 0 -0 0 0 0 0.0029764 0.14987 0.070664 0.20706 -0.0054483 0.20608 0.12755 0.36495 -0.019323 0.10619 0.19051 0.31388 -0.013713 0.065689 0.090937 0.22992 -0.0036599 -0.074977 0.12993 0.25205 -0.036079 -0.098783 0.16169 0.40806 -0.016711 -0.10161 0.23108 0.32052 -0.004172 -0.06631 0.12688 0.1694 0.011051 -0.013834 0.031431 0.028514 -0.0064179 -0.017094 0.05971 0.075947 -0.0094515 -0.016452 0.049584 0.065931 0.00031392 -0.0095367 0.024908 0.015393
169.96 155.64 1.9908 3.3634 2.3183e-17 6.9323e-17 3.2019e-16 1.3631e-16 -2.9798e-17 -6.7203e-18 1.4672e-16 3.3089e-17 0 -0 0 0 0 -0 0 0 0.019981 0.051349 0.023929 0.051349 0.042844 0.17982 0.086073 0.19668 -0.080163 0.16226 0.17654 0.19408 -0.012797 0.010305 0.015341 0.012003 0.064703 0.040385 0.10672 0.13082 0.0024627 -0.069275 0.25856 0.25571 0.036028 -0.021325 0.40475 0.55822 -0.11796 0.039236 0.13465 0.16626 -0.022606 -0.032269 0.09115 0.073651 -0.023581 -0.062605 0.12083 0.083109 0.02345 -0.13062 0.066736 0.17838 -0.02116 -0.03562 0.035699 0.057751
171.98 160.04 2.1206 3.5955 -5.1852e-17 -8.5908e-17 9.9622e-17 8.5908e-17 -1.1024e-16 -8.4626e-17 1.3454e-16 8.4626e-17 0 -0 0 0 0 -0 0 0 0.01375 0.037333 0.01375 0.037333 0.0084122 0.11969 0.023597 0.11969 -0.0093074 0.12238 0.052133 0.13646 -0.0044747 0.0042128 0.0065655 0.0064747 0.072612 0.064138 0.10851 0.13869 0.016397 0.046367 0.17624 0.31897 -0.067676 0.20486 0.40789 0.43041 -0.084409 0.070019 0.10102 0.081287 -0.025473 -0.050728 0.095691 0.10583 -0.0080303 -0.11109 0.1541 0.15606 0.081046 -0.15757 0.20172 0.33648 -0.11212 -0.033643 0.14028 0.16006
90.687 161.92 2.0372 2.24 -0.068957 0.016369 0.10574 0.085917 0.0046786 0.031378 0.083991 0.12897 0.040393 0.069689 0.1132 0.25111 0.015753 0.056901 0.17695 0.23965 -0.027634 0.057634 0.11711 0.1884 -0.047871 0.13674 0.2345 0.31508 0.053142 0.10592 0.19385 0.34296 -0.052507 -0.040996 0.17876 0.29089 0.011097 -0.11176 0.08943 0.18823 0.0063982 -0.14381 0.14065 0.23474 -0.033529 -0.14596 0.1057 0.20636 -0.056348 -0.075308 0.079334 0.11284 0.0018746 -0.0073988 0.0020641 0.0073988 0.0014644 -0.027127 0.0087657 0.027523 -0.003462 -0.020545 0.0058487 0.020625 -0.0021493 -0.0043511 0.0023091 0.0043511
160.65 173.85 2.1893 4.2059 6.7464e-17 -2.5371e-17 1.2641e-16 8.0891e-17 -4.8979e-17 1.4627e-16 3.7654e-16 3.3193e-16 -7.9461e-17 1.1664e-16 1.7054e-16 1.671e-16 -2.776e-17 9.6939e-17 2.776e-17 9.6939e-17 0.011298 0.03524 0.017498 0.03524 0.013565 0.14064 0.026137 0.14086 -0.024877 0.11438 0.031707 0.11452 -0.0040866 0.010305 0.0040866 0.010305 0.035832 0.10081 0.13519 0.20463 0.0073977 0.063059 0.16831 0.33476 -0.0045761 0.16763 0.23992 0.39568 -0.090559 0.18194 0.12334 0.21696 -0.01729 -0.064936 0.077491 0.10646 0.0052923 -0.11482 0.11188 0.21074 0.12062 -0.10356 0.18488 0.28606 -0.023258 0.08419 0.22398 0.27494
97.326 176.09 2.0633 5.2342 0 0 0 0 0 0 0 0 0 0 0 0 0 0 0 0 0.0086269 0.052173 0.025223 0.052882 -0.014828 0.11349 0.055246 0.11974 -0.0035283 0.1073 0.030209 0.10857 -0.0088182 0.034101 0.013619 0.034107 0.0064713 0.092502 0.10383 0.17059 0.04327 0.10945 0.30813 0.3292 -0.033232 0.14177 0.23191 0.46871 -0.047875 0.074498 0.14085 0.29941 -0.034424 -0.046425 0.1149 0.19965 0.014601 -0.10507 0.15648 0.19933 0.078316 -0.051345 0.19201 0.18972 -0.044898 0.034441 0.12776 0.16059
113.31 178.37 2.0533 4.8246 0 0 0 0 0 0 0 0 0 0 0 0 2.0111e-05 1.2527e-05 0.00013282 6.6432e-05 0.032921 0.075196 0.040975 0.075196 0.022751 0.17086 0.083886 0.24776 0.020511 0.12434 0.10882 0.27244 -0.0032251 0.099833 0.091702 0.13287 0.040473 0.03414 0.17873 0.17799 -0.017654 0.038533 0.18951 0.38039 -0.04809 0.112 0.21183 0.3954 0.017275 -0.004537 0.14501 0.21123 -0.020388 -0.062913 0.10461 0.10614 0.071042 -0.091115 0.12719 0.16325 -0.014758 -0.079169 0.10957 0.30248 -0.05395 -0.03197 0.079879 0.12605
123.68 179.9 1.8819 4.7346 0 0 0 0 3.6641e-06 5.9469e-06 3.1641e-05 3.0409e-05 7.1034e-06 2.1633e-05 0.00030443 0.00011552 -1.3844e-05 1.4027e-06 3.9955e-05 9.5488e-06 0.019247 0.10091 0.044096 0.10145 0.015645 0.14869 0.087732 0.22657 0.0032235 0.17586 0.11952 0.20475 -0.030021 0.10004 0.044919 0.10316 -0.0094906 0.048974 0.12882 0.26247 -0.037587 0.11399 0.21445 0.41609 0.025768 -0.0073178 0.21056 0.3533 0.004628 -0.018862 0.16513 0.19838 0.034906 -0.053572 0.092291 0.11062 -0.0067954 -0.055325 0.12687 0.30406 -0.097084 -0.04325 0.1423 0.22147 0.0043841 -0.046255 0.05581 0.066062
111.5 182.57 1.7266 4.8624 0 0 0 0 0 0 0 0 0 0 0 0 0 0 0 0 -6.6481e-05 0.00043994 6.6481e-05 0.00043994 0.010088 0.053573 0.024058 0.053575 0.0030123 0.073167 0.020709 0.073167 -0.0074446 0.046167 0.02912 0.046336 0.068363 0.14863 0.14928 0.18022 -0.01251 0.13226 0.21615 0.45302 -0.020506 0.094026 0.16065 0.49375 0.015322 0.017527 0.14271 0.24438 -0.00079658 -0.057239 0.13915 0.13795 0.027607 -0.055632 0.17605 0.21777 -0.02054 0.081822 0.16197 0.26619 -0.03646 0.021601 0.11697 0.15169
119.35 184.07 1.9884 4.7871 0 0 0 0 0 0 0 0 0 0 0 0 0 0 0 0 0.0017521 0.02057 0.0060452 0.020571 0.003844 0.062512 0.015624 0.062513 0.0033084 0.092454 0.057552 0.092454 -0.0085581 0.03495 0.016947 0.03495 0.037088 0.13386 0.15018 0.2507 -0.019218 0.12483 0.16545 0.481 0.0057132 0.035399 0.24347 0.42953 -0.0051433 0.083559 0.13332 0.24718 0.0044662 -0.051854 0.12605 0.13591 0.030783 0.06525 0.15004 0.25827 -0.077901 0.087359 0.17119 0.23378 0.0052586 -0.055104 0.10678 0.11783
139.65 115.03 2.4588 1.7143 -0 0 0 0 -0 0 0 0 -0 0 0 0 -0 0 0 0 0.02367 0.020835 0.023764 0.020835 0.071141 0.19723 0.12346 0.32089 -0.023059 0.20097 0.13277 0.38081 -0.0015521 0.13052 0.10216 0.25384 0.045952 0.0093023 0.1192 0.11406 0.036935 -0.1276 0.18495 0.39308 -0.034065 -0.10242 0.22009 0.36939 -0.0090754 -0.080158 0.11289 0.26251 0.0086162 -0.016679 0.031581 0.022175 -0.0067175 -0.018175 0.054627 0.033508 0.013139 -0.028746 0.061659 0.059448 -0.0048198 -0.0064475 0.039461 0.059994
121.78 120.52 2.8442 4.8166 -0.015585 -0.0080707 0.028395 0.031754 0.00025222 -0.0015253 0.0056169 0.021073 1.1095e-05 0.0012497 0.0041824 0.019647 1.498e-05 -0.00035602 0.0012375 0.0035865 0.0052979 0.027615 0.067942 0.054437 0.00035017 0.046729 0.1175 0.12608 0.0012905 0.06323 0.11735 0.15683 -0.0053681 0.060782 0.065687 0.091677 0.049539 -0.034169 0.10323 0.19995 0.018375 -0.064589 0.22829 0.49739 0.039675 -0.084945 0.16672 0.63641 -0.054364 -0.043083 0.10964 0.27378 0.0034607 -0.011723 0.0048593 0.011723 0.0030712 -0.03648 0.011846 0.03648 0.0023103 -0.035764 0.0059074 0.035764 -0.0020605 -0.015874 0.0044426 0.015874
140.42 124.49 2.7895 4.7377 9.1916e-05 -0.0091964 0.0035657 0.025742 -0.0014596 -0.0062319 0.0033213 0.033234 0.0034444 -0.0033101 0.005811 0.01687 0.020115 -0.026447 0.11712 0.079461 0.0095763 0.019344 0.059431 0.07145 -0.015075 0.055517 0.09677 0.11128 -0.011136 0.07162 0.1039 0.11765 -0.010659 -0.022328 0.045201 0.039953 0.0048509 -0.0026336 0.15991 0.36718 0.031318 -0.034335 0.20973 0.69967 -0.11101 -0.061569 0.19153 0.38222 -0.015508 -0.0055673 0.017123 0.013647 -0.00020903 -0.026781 0.013184 0.047898 -0.0022073 -0.051712 0.017065 0.073501 -0.0063384 -0.020765 0.0084504 0.021278 -0.00016553 -0.00014694 0.00016553 0.00014694
151.64 124.42 2.4712 2.6025 -0 0 0 0 -0 0 0 0 -0 0 0 0 -0 0 0 0 -0.031574 0.014975 0.036265 0.035724 0.053275 0.083156 0.11566 0.13787 -0.03873 0.18489 0.22672 0.25241 -0.026468 0.057025 0.039727 0.060741 -0.02357 -0.011897 0.025095 0.023086 0.063444 -0.032126 0.13459 0.11624 0.15909 -0.084665 0.45287 0.36427 -0.11724 0.072194 0.41114 0.30057 0.002499 0.0028743 0.0054943 0.0043041 0.0042732 -0.0091122 0.03693 0.031431 0.061749 -0.012728 0.084951 0.078814 0.063149 -0.064087 0.23945 0.14678
128.49 129.28 2.9497 4.8716 -0.011235 -0.0081182 0.024107 0.023288 0.0063217 -0.028677 0.018355 0.063747 -0.0071209 -0.013823 0.012532 0.04498 0.014531 -0.0096272 0.017514 0.024942 -0.0007373 0.016146 0.032211 0.025004 0.010856 0.048843 0.057616 0.10824 -0.012646 0.027202 0.045565 0.059942 0.010105 0.0092395 0.022345 0.016829 0.011477 0.035503 0.15928 0.24317 0.03424 0.089263 0.25219 0.53034 -0.020238 0.13987 0.24222 0.52709 -0.059215 0.018779 0.12154 0.17417 0.007955 -0.041152 0.031964 0.081069 0.010132 -0.075845 0.062936 0.17859 -0.0077441 -0.094278 0.075172 0.22179 -0.017231 -0.019087 0.021114 0.038516
163.96 144.83 2.7103 2.6992 1.0518e-06 -4.982e-07 1.0518e-06 4.982e-07 2.0305e-06 -9.6177e-07 2.0305e-06 9.6177e-07 -0 0 0 0 -0 0 0 0 0.058623 0.046544 0.061243 0.056492 0.038061 0.25319 0.191 0.41984 -0.093988 0.074706 0.12863 0.18419 0.023855 0.082106 0.099222 0.094526 0.10921 0.027103 0.17196 0.11614 -0.09856 -0.1723 0.31968 0.38587 -0.071799 -0.076817 0.13363 0.15766 0.15866 -0.034114 0.31419 0.20986 0.038683 -0.014886 0.11739 0.057634 -0.072942 -0.0068912 0.097967 0.064369 -0.0090098 0.0048331 0.03069 0.017817 0.037372 -0.010488 0.070723 0.057482
162.22 163.55 2.7767 3.775 1.3723e-17 3.2299e-17 5.9187e-17 4.1891e-17 -6.8747e-17 1.0822e-16 1.8695e-16 2.2889e-16 -1.737e-16 -7.3913e-17 1.9222e-16 1.9478e-16 0 -0 0 0 0.028048 0.038497 0.028048 0.038497 0.061466 0.16314 0.10209 0.22885 -0.051988 0.22692 0.14813 0.32004 -0.040011 0.043042 0.048849 0.050618 0.040878 0.036464 0.13019 0.17049 -0.033594 -0.1287 0.18933 0.27043 0.11298 -0.17773 0.37269 0.46574 -0.1213 -0.020584 0.19544 0.18263 -0.039551 0.017938 0.11249 0.1067 -0.019186 -0.010208 0.063287 0.052082 0.024193 -0.040193 0.044222 0.06698 -0.0019509 0.022517 0.063654 0.080357
101.92 169.84 2.7981 5.1636 0 0 0 0 0 0 0 0 0 0 0 0 0 0 0 0 0.03831 0.082516 0.05075 0.085546 0.041883 0.17311 0.14082 0.24112 -0.034531 0.1556 0.14637 0.33417 -0.030405 0.083817 0.072729 0.13129 -0.021083 0.0044737 0.175 0.19149 0.0090005 -0.12996 0.24989 0.29211 0.077725 -0.04945 0.27951 0.40977 -0.032052 0.0017967 0.19169 0.2329 -0.032267 -0.049715 0.095116 0.11777 -0.0064072 -0.016373 0.05216 0.065176 0.037973 -0.076021 0.099802 0.2039 -0.013345 -0.033591 0.060099 0.082015
151.82 172.19 2.5517 4.3962 0 -0 0 0 -9.6246e-17 -6.5781e-17 1.8649e-16 2.9821e-16 -4.8641e-17 -8.7701e-18 2.9194e-16 3.0254e-16 -1.3656e-17 -3.7387e-18 1.9496e-17 2.0325e-17 0.020089 0.09183 0.059094 0.15976 0.0063356 0.16965 0.10031 0.2476 -0.019294 0.1809 0.11614 0.21878 -0.026238 0.038185 0.033823 0.03967 -0.042485 0.020961 0.13799 0.25728 -0.013397 -0.12467 0.16904 0.26437 0.13932 -0.071825 0.30002 0.3893 -0.10755 0.088847 0.22789 0.23363 -0.049254 -0.063123 0.081722 0.14665 -0.010678 -0.01472 0.027979 0.044262 0.12649 -0.055463 0.13698 0.10632 -0.044927 -0.07462 0.22191 0.15884
137.36 176.68 2.7146 4.5338 -2.708e-06 4.8885e-07 2.708e-06 4.8885e-07 -2.2872e-06 4.1289e-07 2.2872e-06 4.1289e-07 1.4758e-16 1.4036e-16 3.0605e-16 4.5517e-16 -4.6381e-17 7.624e-17 1.4045e-16 2.2435e-16 0.019404 0.067909 0.045683 0.10628 0.024125 0.12527 0.10664 0.27245 -0.013316 0.1837 0.10744 0.24203 -0.029805 0.097866 0.04566 0.10417 0.021247 0.076273 0.16218 0.2723 -0.076618 0.013091 0.23865 0.4154 0.030658 -0.11576 0.19514 0.32916 0.054156 -0.0041939 0.19624 0.25811 0.0097809 -0.068126 0.068616 0.14874 -0.056034 -0.067979 0.081417 0.18278 0.0012259 -0.015259 0.02459 0.07149 0.12347 -0.041331 0.15713 0.11923
128.72 180.78 2.8868 4.6328 0 -0 0 0 0 -0 0 0 0 -0 0 0 8.6501e-19 6.5844e-17 6.5148e-17 6.5844e-17 0.011385 0.048793 0.015545 0.048856 0.029558 0.13799 0.080654 0.17932 -0.023378 0.16326 0.074976 0.17573 -0.014139 0.069458 0.018079 0.069458 0.040171 0.086217 0.17887 0.23874 -0.027646 0.1404 0.23629 0.47542 -0.011668 -0.052337 0.26797 0.36809 0.03998 0.0064976 0.14827 0.23863 -0.0012101 -0.066341 0.092211 0.11563 -0.029907 -0.11244 0.11841 0.28628 -0.033828 -0.04452 0.059881 0.1061 0.064764 -0.045949 0.074925 0.0749
144.9 180.06 2.9694 4.4685 0 -0 0 0 3.0366e-17 1.8265e-17 3.0366e-17 1.8265e-17 -2.6005e-17 1.5734e-16 1.268e-16 1.5734e-16 -3.9593e-18 6.5826e-18 3.9593e-18 6.5826e-18 0.016264 0.048104 0.023903 0.048145 -0.0048309 0.14573 0.0496 0.14573 -0.0057791 0.12381 0.031363 0.12381 -0.0069239 0.025804 0.0087594 0.025804 0.013339 0.09758 0.14844 0.30509 0.0025678 0.010978 0.22914 0.39543 0.062939 -0.050734 0.21069 0.41792 -0.072372 0.095405 0.20683 0.24058 -0.019658 -0.0454 0.10226 0.21526 -0.064277 -0.047528 0.097907 0.15807 0.02684 -0.065096 0.05964 0.10547 0.055433 -0.029064 0.27755 0.20311
140.78 181.93 2.7912 4.4579 0 -0 0 0 0 -0 0 0 -3.9995e-17 6.8115e-17 3.9995e-17 6.8115e-17 -3.3493e-18 5.7042e-18 3.3493e-18 5.7042e-18 0.0086855 0.019649 0.014579 0.019649 0.010081 0.11984 0.040045 0.11984 -7.4317e-06 0.11121 0.029378 0.11121 -0.0090158 0.04608 0.015123 0.04608 0.021295 0.11457 0.14307 0.27585 -0.0015762 0.053585 0.23074 0.42893 0.026082 -0.047637 0.23524 0.41786 -0.02256 0.07537 0.18969 0.26942 0.0043856 -0.047338 0.10525 0.20152 -0.093063 -0.072052 0.1406 0.24152 0.0056847 -0.059296 0.058914 0.086154 0.1387 -0.052299 0.19167 0.14633
123.11 122.32 3.3821 4.8779 -0.014429 -0.010104 0.027929 0.028845 0.0011799 -0.0030664 0.0063992 0.016178 -0.00091988 -0.0050177 0.0056488 0.025754 0.00090039 -0.0018629 0.0023851 0.0099225 -0.0013203 0.037391 0.073463 0.061401 0.0048894 0.041219 0.11343 0.13367 -0.011718 0.042188 0.1101 0.13032 -0.0035094 0.033134 0.05671 0.056926 0.041152 -0.028827 0.10769 0.211 0.027066 -0.050231 0.23746 0.48726 0.040359 -0.018726 0.23552 0.61826 -0.063954 -0.026858 0.14093 0.29133 0.002453 -0.012378 0.0039622 0.012378 0.0040632 -0.03508 0.013622 0.035913 0.0054919 -0.050421 0.019993 0.060295 -0.0049908 -0.016934 0.0078705 0.018262
119.22 163.91 3.9643 1.9938 -0.066417 -0.012414 0.1778 0.12844 0.019604 -0.043715 0.049873 0.051769 0.017178 -0.090339 0.11852 0.16219 -0.0020355 -0.065504 0.095195 0.14049 -0.053918 0.01327 0.20258 0.17959 0.025336 0.15748 0.1765 0.24292 -0.042263 0.12204 0.13613 0.19741 0.062003 0.078236 0.16881 0.15691 0.038108 -0.066055 0.093835 0.10948 0.065981 -0.10549 0.22278 0.39683 -0.027161 -0.037475 0.21604 0.40281 -0.02386 -0.06323 0.12732 0.19286 0.0012578 -0.0021312 0.0012578 0.0021324 0.0085818 -0.028469 0.014057 0.040508 -0.00011402 -0.050326 0.023707 0.061012 -0.0051801 -0.020139 0.0083963 0.020612
124.3 106.21 4.7001 1.6293 -0 0 0 0 -0 0 0 0 -0 0 0 0 -0 0 0 0 0.0043585 0.010217 0.0044373 0.010217 -0.00097238 0.18403 0.029512 0.18403 -0.011328 0.13284 0.03009 0.13284 -0.0032839 0.0090597 0.0032839 0.0090597 0.053204 0.001497 0.081897 0.096365 0.008687 -0.078371 0.24025 0.69267 -0.047462 -0.046379 0.17644 0.49764 -0.020962 0.0017006 0.025506 0.042914 -0.02435 0.019316 0.12906 0.065502 0.0024943 0.0066955 0.033531 0.063481 0.01442 0.024299 0.052992 0.06209 -0.010581 0.018838 0.083226 0.063107
106.29 116.28 5.3671 4.7481 0.04141 0.001802 0.044947 0.02295 -0.025263 -0.031446 0.13371 0.12025 -0.011476 -0.064573 0.062583 0.10009 0.038453 -0.028244 0.059401 0.051659 0.014747 -0.012817 0.015168 0.014667 0.044218 0.014449 0.13675 0.2052 0.047168 0.12105 0.22163 0.57043 -0.02795 0.059852 0.17097 0.30141 0 0 0 0 0.048852 -0.043526 0.072236 0.133 0.030795 -0.13119 0.14206 0.48672 -0.028939 -0.071746 0.074266 0.20375 0 0 0 0 0 0 0 0 0 0 0 0 0 0 0 0
85.438 147.49 5.3139 2.7777 -0.021913 0.028862 0.17886 0.089526 -0.019191 0.011308 0.1269 0.071593 0.011901 -0.048142 0.52399 0.33045 -0.062602 0.0038137 0.12262 0.059578 0.050864 -0.052304 0.24007 0.18366 -0.046111 0.10276 0.27395 0.31093 -0.031021 -0.014415 0.25105 0.22798 -0.014192 -0.015423 0.036371 0.021693 0.022363 -0.031856 0.032089 0.040632 0.033434 -0.13952 0.1239 0.25052 -0.048935 -0.055713 0.084617 0.1147 -0 0 0 0 -0 0 0 0 -6.5866e-05 -0.00017296 6.5866e-05 0.00017296 -1.9461e-05 -5.1105e-05 1.9461e-05 5.1105e-05 -0 0 0 0
176.9 167.6 5.2544 3.7193 0 -0 0 0 0 -0 0 0 0 -0 0 0 0 -0 0 0 8.814e-18 2.7242e-17 3.7661e-17 4.6049e-17 -0.0022176 0.0034016 0.0022176 0.0034016 0.00013744 0.0018573 0.0017548 0.0018573 0 -0 0 0 0.056099 0.05321 0.07638 0.093703 0.10099 0.05957 0.25216 0.51678 -0.14416 0.062897 0.37011 0.48285 -0.018843 -2.024e-06 0.018843 0.010554 0.027904 0.043797 0.17752 0.15269 -0.058896 -0.057201 0.14282 0.15612 -0.011049 0.032079 0.24318 0.24707 -0.036194 0.03439 0.064825 0.047085
156.05 185.11 4.9512 4.4351 0 -0 0 0 0 -0 0 0 0 -0 0 0 0 -0 0 0 -0.00039463 0.0012146 0.00052415 0.0012146 -0.00040006 0.007792 0.001618 0.007792 3.8726e-05 0.00013604 3.8726e-05 0.00013604 -1.2451e-17 3.5442e-18 1.2451e-17 3.5442e-18 0.04462 0.14168 0.14975 0.23624 -0.0058627 0.040879 0.18733 0.51224 -0.083442 0.16572 0.35008 0.44523 -0.044798 0.030094 0.053828 0.037777 -0.031806 -0.065229 0.11675 0.1496 -0.032286 -0.062027 0.070223 0.10484 0.0093712 -0.087278 0.32669 0.23356 -0.038764 -0.014301 0.062327 0.035701
99.184 188.64 4.9976 5.0095 0 0 0 0 0 0 0 0 0 0 0 0 0 0 0 0 0 0 0 0 0 0 0 0 0 0 0 0 0 0 0 0 0.060498 0.056236 0.069095 0.061331 0.087473 0.16212 0.22697 0.43062 -0.042586 0.24562 0.24697 0.47502 -0.067071 0.12372 0.12113 0.20665 0.053565 -0.0080731 0.15099 0.10286 -0.046144 -0.083591 0.21036 0.20613 0.0024664 -0.1262 0.13744 0.24007 0.068011 -0.007406 0.17494 0.167
137.24 120.18 6.5897 4.9453 0.021764 0.0069803 0.07545 0.058749 0.0025317 -0.021984 0.10996 0.19136 -0.015844 0.032915 0.1449 0.17488 -0.017796 0.015828 0.036017 0.0229 0.02485 -0.0095889 0.082593 0.091323 -0.0010326 0.058314 0.20959 0.56358 -0.015172 -0.02966 0.33431 0.34606 -0.034512 -0.020285 0.092484 0.050885 0.012709 -0.011094 0.019629 0.032687 0.030144 -0.11036 0.12334 0.42691 -0.03699 -0.058473 0.087869 0.18657 -0.0011779 -0.0032772 0.0029205 0.0032772 0 0 0 0 0 0 0 0 0 0 0 0 0 0 0 0
119.94 167.48 6.8865 1.9138 0.011366 0.023566 0.043783 0.040295 0.02583 -0.0038357 0.17178 0.28857 -0.028577 0.0092877 0.20537 0.49293 -0.016526 0.002876 0.026263 0.040857 0.055405 -0.025077 0.19283 0.11447 -0.04538 0.041807 0.30394 0.33065 -0.0041774 0.067694 0.21258 0.32001 -0.042441 0.0070715 0.087406 0.073872 0.012296 -0.017544 0.019316 0.02124 0.047901 -0.090244 0.12714 0.20781 -0.023016 -0.098257 0.13397 0.25251 -0.024942 -0.02049 0.038397 0.038317 -0 0 0 0 -0.00024529 -0.00052047 0.00024529 0.00052047 -0.00089091 -0.0012479 0.00089091 0.0012479 -2.8705e-05 -3.7411e-05 2.8705e-05 3.7411e-05
