34 64
106.62 115.26 2.0741 1.3921 0 0 0 0 0 0 0 0 0 0 0 0 0 0 0 0 0.045713 0.074102 0.045713 0.082493 0.04582 0.25938 0.086639 0.38333 -0.060847 0.17115 0.085876 0.26067 -0.021476 0.055318 0.034692 0.072361 0.043029 0.046824 0.12354 0.1886 -0.0092562 -0.10988 0.15916 0.49019 -0.010037 -0.051705 0.21779 0.35095 0.0067053 0.010802 0.21893 0.16613 -0.012654 -0.052956 0.052701 0.075908 -0.0047994 -0.047237 0.063039 0.084267 0.025408 -0.0096366 0.10588 0.06873 -0.011364 -0.0019879 0.11899 0.062392
143.42 119.65 2.0036 4.795 -0.0020662 0.017766 0.026303 0.032966 0.020688 -0.00015138 0.052629 0.050117 0.037856 0.0072642 0.12149 0.091053 0.0072812 0.0027127 0.17057 0.083538 -0.0023659 0.049412 0.07252 0.13134 0.038369 0.21269 0.13758 0.50297 -0.07998 0.03572 0.25739 0.36494 -0.023179 -0.046813 0.099084 0.081856 0.011871 -0.07352 0.041787 0.12249 0.043057 -0.17983 0.081423 0.44447 -0.095229 -0.12644 0.12833 0.24313 -0.0073843 -0.0067306 0.0086374 0.010247 -1.3145e-05 -0.00063236 4.9738e-05 0.00063236 0.00056137 -0.0022079 0.00071739 0.0022079 -4.2607e-05 -0.0015183 0.00061644 0.0015183 0 0 0 0
138.92 125.91 1.9722 4.8186 -0.003377 0.0017265 0.019634 0.026946 0.016549 0.0062872 0.034411 0.034082 0.0066154 0.032607 0.063807 0.057656 -0.00065815 0.031075 0.085295 0.0479 -0.0011858 0.059656 0.045429 0.072564 -0.018699 0.030961 0.090203 0.097918 0.082951 -0.0085346 0.14647 0.15214 0.0039714 -0.013814 0.20166 0.11821 -0.010957 -0.028811 0.077782 0.14226 0.068755 -0.0032999 0.15354 0.59834 -0.10285 -0.0006386 0.25378 0.54629 -0.044071 -0.032011 0.085971 0.092581 -0.0025122 -0.029311 0.010821 0.033603 0.01575 -0.074952 0.023094 0.10452 -0.019695 -0.078707 0.033183 0.087763 -0.0050282 -0.0059911 0.0055017 0.0061282
91.535 128.46 2.0162 3.2643 0.028084 -0.010807 0.043896 0.054353 -0.0030979 0.020921 0.070359 0.097813 0.097052 0.02189 0.15266 0.10927 -0.070963 -0.035565 0.26472 0.088702 0.054704 -0.0055807 0.081426 0.13228 0.011146 -0.045085 0.16372 0.29084 0.047388 -0.064204 0.25709 0.32365 -0.086609 -0.077815 0.15515 0.10096 0.038711 -0.0088613 0.087043 0.072099 0.048919 -0.0031253 0.23976 0.42867 -0.092797 -0.082022 0.20603 0.36972 -0.020523 -0.014268 0.025395 0.020844 0.0174 -0.0094391 0.020959 0.016894 -0.01263 -0.064247 0.098538 0.10852 -0.01517 -0.031163 0.022605 0.036687 -0.00068291 -0.00070139 0.0007056 0.00083107
78.399 132.13 2.0645 0.5907 0 0 0 0 0.0030371 0.0010076 0.0066846 0.0094377 -0.00052782 0.00057298 0.0052064 0.0060046 0 0 0 0 0.0058237 0.10503 0.043819 0.10503 0.02754 0.1763 0.13545 0.20378 -0.043841 0.054607 0.077224 0.066407 0 0 0 0 0.0053584 0.073884 0.23733 0.38942 -0.035108 0.0034929 0.4475 0.4734 -0.11532 -0.015587 0.1978 0.14407 -0.010293 0.015294 0.017508 0.016961 -0.021482 -0.0086791 0.11252 0.14957 -0.046303 -0.016593 0.172 0.23018 -0.030213 0.019031 0.1278 0.11579 -0.015263 0.0034942 0.041444 0.042668
104 134.86 2.0534 2.9189 0.0058393 0.0035972 0.053285 0.051393 0.014121 0.0073636 0.082731 0.065769 0.07703 -0.042585 0.11837 0.093773 -0.032712 0.042436 0.28616 0.10834 0.026665 0.0060633 0.087204 0.06386 0.027638 0.080085 0.10427 0.15736 0.032414 0.051608 0.13382 0.18196 0.024555 -0.054708 0.37174 0.20021 0.008922 -0.020819 0.051544 0.060805 0.10811 -0.028664 0.1539 0.28123 0.023918 -0.057052 0.19268 0.28554 -0.055029 -0.062975 0.25007 0.24335 0.018345 -0.0023996 0.030189 0.041594 0.037979 -0.035403 0.099934 0.12096 0.052772 -0.0026287 0.16291 0.27508 -0.051522 -0.033502 0.12613 0.18919
142.83 137.55 2.3619 5.6893 -0.019691 0.017628 0.044309 0.046011 -0.0013186 -0.0032141 0.046801 0.043338 -0.005354 -0.0007176 0.032978 0.029349 -0.00087249 -0.0013242 0.01475 0.010418 -0.069006 0.029248 0.10398 0.091973 0.022916 0.05468 0.091915 0.10565 -0.050168 0.039386 0.090543 0.076256 -0.0022397 0.0090305 0.021187 0.017584 -0.11401 0.10214 0.3713 0.35877 0.040851 0.078772 0.25175 0.21821 -0.084162 0.049286 0.21297 0.2548 -0.0070545 0.034176 0.094938 0.099437 0.002916 -0.10441 0.13707 0.18177 -0.013422 -0.077726 0.15366 0.1997 0.026513 -0.032332 0.27458 0.35808 -0.03251 -0.009251 0.12707 0.13418
157.7 142.78 2.0297 5.7049 0.0057067 0.027699 0.0366 0.044306 -0.027789 0.013653 0.044971 0.037214 0.0065283 0.0065985 0.020864 0.013319 0.023532 0.01118 0.028821 0.015077 0.027645 0.050792 0.134 0.12946 -0.10615 0.032744 0.18701 0.22453 -0.0053789 0.046613 0.12278 0.12209 0.06137 0.040458 0.099023 0.070065 -0.0010056 -0.074919 0.1556 0.19392 -0.038123 -0.027165 0.46275 0.59363 -0.023725 -0.0017555 0.2453 0.22133 0.0010174 0.0045487 0.11074 0.070655 0.0080431 -0.011253 0.015427 0.020301 -0.017231 -0.069398 0.086654 0.12373 0.015054 -0.03302 0.043278 0.045109 -0.012002 -0.034961 0.031339 0.038717
98.157 144.05 2.0745 5.7124 -0.020109 0.049041 0.054472 0.070994 -0.0051433 0.026472 0.097007 0.11756 -0.021529 0.0044243 0.035938 0.058151 0.012887 0.01489 0.022637 0.024826 -0.059752 0.013699 0.27353 0.35441 -0.053023 0.079237 0.24974 0.26585 -0.023807 0.026145 0.10317 0.10444 0.010526 0.017009 0.0542 0.074797 0.01676 0.065259 0.27691 0.3072 -0.053807 0.062244 0.22748 0.3318 -0.066177 0.061617 0.17208 0.2118 -0.028922 0.0086783 0.094329 0.08444 -0.049183 0.036339 0.1826 0.17784 -0.03852 -0.06087 0.099273 0.1617 -0.011383 -0.050448 0.087849 0.092403 -0.016978 0.0023899 0.067216 0.055347
147.8 143.5 2.0356 4.1096 -0.0012444 -6.7799e-06 0.0066757 0.0086188 0.012907 -0.0062045 0.024074 0.028732 0.047776 -0.018092 0.10092 0.10802 -0.0019014 -0.021781 0.072063 0.11003 -0.0032628 -0.0028595 0.022748 0.029586 0.012278 0.013261 0.045349 0.046567 0.069626 0.068242 0.24343 0.17986 -0.031165 0.091983 0.36017 0.30745 0.0015463 -0.0021017 0.048129 0.043924 0.068305 0.019201 0.10349 0.12823 0.088289 0.012638 0.3182 0.29137 -0.066973 -0.053294 0.31589 0.26886 -0.0022447 0.0075271 0.038546 0.039068 0.013873 0.0029587 0.090738 0.081317 0.090459 0.066071 0.23114 0.26684 -0.062314 0.033144 0.16524 0.13322
133.25 146.58 2.1259 5.339 -0.028125 0.019783 0.094898 0.093961 -0.011438 0.015253 0.062512 0.07455 0.0012998 0.0031237 0.056306 0.056305 -0.0078163 -0.00055808 0.027044 0.022352 -0.019397 -0.034741 0.11158 0.15753 -0.033264 0.0034349 0.19281 0.2197 -0.014203 -0.0083503 0.098047 0.10221 -0.0071661 -0.0066934 0.044065 0.040937 -0.058113 0.070753 0.13678 0.1931 0.033913 0.062023 0.17419 0.2168 -0.052082 0.13547 0.19256 0.19441 0.011215 0.012998 0.080311 0.05421 -0.11918 0.12545 0.16325 0.24902 0.04181 0.0087298 0.19659 0.20741 0.0116 0.14617 0.32021 0.33167 -0.057244 0.1126 0.2528 0.21379
79.884 151.97 2.0018 3.4669 -0.0043688 -0.010005 0.021985 0.02484 0.001926 -0.021983 0.039752 0.071136 0.029218 0.025301 0.086929 0.14283 0.10575 0.039344 0.15285 0.24547 -0.0044781 -0.0033766 0.012738 0.013201 0.017062 0.015361 0.083353 0.14654 0.021011 -0.025722 0.32493 0.33131 0.14803 -0.025723 0.34754 0.39464 -0.0031302 0.001183 0.0052771 0.0070257 0.012282 -0.019017 0.018411 0.0371 0.012161 -0.040666 0.09732 0.096106 0.082051 -0.057138 0.39393 0.35351 -0.00069205 -0.00058135 0.0012842 0.0017506 0 -0 0 0 0.00023767 -0.00033313 0.00023767 0.00033313 0.0092434 -0.048349 0.046958 0.0582
81.95 156.24 2.0356 5.6809 2.8271e-05 -1.9436e-05 2.8271e-05 1.9436e-05 0.0011409 -0.0020473 0.0043141 0.0079795 -0.00023241 -0.0047117 0.0074862 0.010664 0.013398 0.0082635 0.02822 0.031967 0.0022846 0.0040861 0.0022846 0.0040861 0.02783 0.061425 0.052004 0.087444 -0.015578 0.0061447 0.055373 0.068283 0.02 -0.010957 0.031761 0.045981 -0.038944 0.10857 0.16287 0.1721 -0.035832 0.07244 0.32417 0.34497 -0.053789 -0.014156 0.12461 0.15757 0.040926 0.057536 0.08621 0.095663 -0.063062 0.094018 0.35542 0.38839 -0.084653 0.11312 0.32349 0.37844 -0.005006 0.031623 0.12507 0.1234 0.0018251 0.0025691 0.083943 0.095878
99.068 163.92 2.2882 0.43494 -0.069609 -0.0068645 0.23411 0.29381 -0.043667 -0.056037 0.20917 0.25112 -0.010985 -0.0088561 0.050028 0.052548 0.012992 0.013962 0.032024 0.027109 -0.10061 0.031474 0.20292 0.26184 -0.014362 0.11871 0.1434 0.26798 -0.035605 0.10049 0.087657 0.14437 0.063728 -0.01562 0.11825 0.086621 -0.031174 -0.059068 0.24371 0.22179 0.0038961 -0.10242 0.28453 0.31974 -0.067542 -0.046241 0.18509 0.20397 -0.014885 -0.023074 0.08049 0.04843 -0.023931 -0.036617 0.082974 0.071414 0.017988 -0.026417 0.07865 0.085916 -0.011738 -0.029173 0.0794 0.079743 -0.0066547 -0.007387 0.0094789 0.010143
117.6 173.86 1.9387 1.7792 0.012403 -0.015452 0.12984 0.18079 -0.0097811 -0.044412 0.10417 0.18227 0.14122 -0.075322 0.21618 0.28684 -0.020876 -0.011286 0.24378 0.22426 0.030044 -0.032602 0.070521 0.10827 0.011241 0.069686 0.17603 0.30618 0.07428 0.017198 0.24623 0.27887 0.060557 -0.049934 0.3397 0.2528 0.017262 -0.014513 0.019212 0.02579 0.023832 -0.092687 0.1157 0.17338 0.05671 -0.068335 0.14798 0.14961 0.010987 -0.11872 0.12107 0.15655 -0 0 0 0 -0 0 0 0 0.0038246 -0.0053263 0.0049435 0.0059026 0.0082007 -0.018477 0.013531 0.023788
149.98 113.28 2.7795 2.072 -0 0 0 0 -0 0 0 0 -0 0 0 0 -0 0 0 0 -0 0 0 0 0.0019933 0.013847 0.0030348 0.013847 -0.00096209 0.0091604 0.0018743 0.0091604 -0 0 0 0 0.02931 0.049054 0.20326 0.13414 0.079517 0.083548 0.33184 0.36981 -0.067347 0.12139 0.34137 0.61228 -0.036274 0.10123 0.058947 0.12135 0.011228 -0.032275 0.13887 0.096809 -0.012891 -0.048567 0.1447 0.12763 0.029555 -0.076451 0.10526 0.16372 0.025137 -0.033718 0.068645 0.12474
89.968 115.87 2.7332 1.102 0 0 0 0 0 0 0 0 0 0 0 0 0 0 0 0 0.0030248 0.022638 0.0052204 0.022638 0.012999 0.089005 0.031348 0.089005 -0.0064856 0.054969 0.026112 0.054969 -0.00085207 0.0015286 0.0024294 0.0030742 0.05629 0.086037 0.21806 0.35332 -0.085553 0.082117 0.34848 0.44789 -0.055661 0.066374 0.41062 0.37474 -0.051517 0.0026432 0.07821 0.067731 -0.032993 -0.068933 0.087611 0.10756 0.011684 -0.055565 0.14929 0.11628 -0.05331 -0.046855 0.17917 0.14784 -0.017957 -0.0063271 0.039741 0.033697
125.98 136.85 2.8028 4.7612 0.0031016 0.0032972 0.035349 0.024507 -0.0122 0.011658 0.026202 0.033963 -0.0018633 0.0015682 0.020375 0.031812 0.007387 -0.0043766 0.0134 0.018 -0.0089263 0.041451 0.1293 0.075521 -0.041106 0.016193 0.078114 0.1172 0.031895 0.036239 0.077725 0.10413 0.018092 0.076326 0.13995 0.10123 -0.021066 0.086059 0.15338 0.15913 -0.0070995 0.18267 0.11926 0.22629 0.021896 0.27305 0.17927 0.37403 -0.012319 0.050182 0.29119 0.26775 0.034625 -0.068477 0.075042 0.19669 -0.037943 -0.10873 0.088974 0.25584 0.028084 -0.12839 0.093045 0.36782 -0.047188 -0.053877 0.077982 0.14745
123.43 146.06 2.6381 4.3578 -0.0028001 0.0096392 0.020635 0.019757 -0.00045597 -0.0023902 0.017041 0.028738 -9.4809e-05 0.0026274 0.018427 0.02933 0.021852 -0.02725 0.030659 0.052631 0.00052402 0.006033 0.05613 0.05195 -0.0086057 0.043869 0.055101 0.093916 0.018815 0.021092 0.072112 0.082801 0.037458 0.10058 0.16904 0.14289 0.037239 0.053848 0.14372 0.097423 -0.053037 0.052077 0.16467 0.12989 0.030658 0.11149 0.12987 0.17835 0.081183 0.16695 0.30978 0.40066 0.012035 0.025322 0.20654 0.13542 0.01933 0.13971 0.18614 0.21736 -0.0086027 0.033049 0.19991 0.29418 -0.021014 -0.085655 0.19795 0.35152
173.93 148.11 2.9161 3.2242 -1.0907e-16 1.6805e-16 3.7948e-16 5.1716e-16 0 -0 0 0 0 -0 0 0 0 -0 0 0 0.027317 0.12473 0.10191 0.13518 -0.041573 0.15353 0.12362 0.18614 -0.051332 0.041656 0.064355 0.075498 0 -0 0 0 -0.083726 -0.057245 0.19518 0.20464 -0.053145 -0.10242 0.19579 0.32134 -0.038625 0.069714 0.27593 0.53152 -0.037659 0.017962 0.055029 0.087665 -0.033645 -0.044947 0.042715 0.0524 0.021877 -0.015944 0.054426 0.060032 0.033485 -0.023138 0.20506 0.32705 -0.041254 0.064671 0.20495 0.17143
163.37 156.8 2.5186 0.49267 0.040375 0.0020448 0.17448 0.20462 -0.07785 -0.0096403 0.14585 0.17985 -0.010838 -0.0067265 0.035937 0.02768 0.0013025 -0.00079463 0.013961 0.01103 0.063282 -0.040873 0.17159 0.26274 -0.078096 0.05141 0.22265 0.36324 0.0012084 0.10995 0.059809 0.13887 0.0042494 0.13846 0.050798 0.14235 0.047944 -0.019155 0.050051 0.060753 0.09191 -0.026157 0.1752 0.26184 0.070137 0.020746 0.20097 0.3677 -0.084248 -0.085266 0.18833 0.33258 0.0017447 -0.0028766 0.001989 0.0028766 0.033695 -0.043145 0.038646 0.045856 -0.010996 -0.10021 0.049518 0.10716 -0.014575 -0.034315 0.01907 0.035353
102.02 175.02 2.7568 3.5954 2.7051e-18 -5.5459e-18 2.7051e-18 5.5459e-18 0.00023232 0.00011332 0.00023232 0.00011332 -0.0068736 0.0099191 0.091672 0.053507 0.0051387 -0.0028844 0.084875 0.057736 0.0017528 0.0016838 0.0048854 0.0019227 0.049657 0.039414 0.069099 0.046883 0.00014276 0.12092 0.18849 0.21021 0.041363 0.091212 0.15659 0.14923 0.042632 0.0041189 0.065624 0.03018 0.02444 -0.018616 0.21626 0.13595 0.044912 -0.092714 0.1494 0.32105 0.17018 0.00091829 0.28511 0.3314 0.0099302 -0.0048634 0.012182 0.011485 -0.010033 -0.017781 0.043735 0.038557 0.049264 0.0074975 0.14142 0.21177 0.17669 -0.0061536 0.33715 0.41234
85.638 179.78 2.775 5.5766 0.00035904 0.0052695 0.0028844 0.0053025 -0.00068392 0.0029811 0.0019711 0.0030697 0 0 0 0 0 0 0 0 -0.0023556 -0.0092531 0.025123 0.038557 0.070233 0.026887 0.12366 0.18828 -0.04849 0.026404 0.098504 0.14357 -0.0021825 0.00023229 0.0021825 0.0018065 -0.004109 0.049594 0.11745 0.14627 0.1245 0.069302 0.18016 0.23812 -0.074215 0.065936 0.16092 0.26404 -0.0089008 0.0039179 0.0089008 0.0094501 -0.076051 0.14094 0.36716 0.43311 0.06931 0.078927 0.32631 0.27242 -0.09007 -0.027352 0.21519 0.23649 -0.021978 0.013361 0.040138 0.043988
154.89 179.48 2.8016 0.6983 -0.042139 -0.021088 0.081165 0.090533 -0.002231 -0.0051065 0.021434 0.021685 0.00061942 -0.0044769 0.014994 0.017292 -0.00095804 -0.0021314 0.0057866 0.0054363 -0.0060869 0.11598 0.10287 0.2065 0.024426 0.3161 0.08349 0.35711 -0.11234 0.18216 0.13804 0.26602 -0.013774 0.0065835 0.013847 0.017903 0.061823 -0.10089 0.095797 0.20464 -0.044169 -0.2457 0.17742 0.50045 -0.13032 -0.13203 0.1477 0.27392 -0.012228 -0.0042545 0.012372 0.012629 0.0019826 -0.019674 0.0058885 0.019674 -0.0052771 -0.026004 0.0062735 0.026381 -0.00086416 -0.0032079 0.0012073 0.0035384 0 0 0 0
127.86 111.18 3.6687 1.595 -0 0 0 0 -0 0 0 0 -0 0 0 0 -0 0 0 0 0.0049439 0.013338 0.0050082 0.013338 0.0017454 0.11533 0.017237 0.11533 0.013546 0.17524 0.044498 0.17524 -0.012806 0.051015 0.015927 0.051015 0.070242 0.065171 0.22412 0.21332 0.0034511 -0.0085856 0.23016 0.60354 0.017233 -0.05104 0.13375 0.43327 -0.050014 0.035991 0.19589 0.20344 -0.0054752 -0.032631 0.1757 0.10508 -0.013579 -0.055421 0.082344 0.10174 0.026997 -0.036179 0.056863 0.078739 -0.0074338 -0.037196 0.08636 0.073648
132.82 149.55 3.5765 4.8217 -0.00089337 0.0069461 0.021031 0.015668 -0.0038943 0.0040499 0.0087131 0.020731 0.092199 -0.0058423 0.10443 0.074518 -0.023025 0.05544 0.1546 0.15663 0.0034797 0.027812 0.06224 0.051743 -0.020974 0.02548 0.040103 0.055617 0.025109 -0.013777 0.044558 0.048722 0.070494 -0.068816 0.19549 0.15292 -0.02497 0.051094 0.13179 0.11218 -0.029337 0.087954 0.093809 0.15466 0.065791 0.069985 0.31223 0.23963 -0.020669 -0.011417 0.30122 0.17661 0.017916 -0.050037 0.089092 0.20986 0.016955 -0.058767 0.10729 0.37399 -0.059912 -0.073188 0.22296 0.43925 -0.027876 -0.028435 0.070707 0.05337
155.62 178.74 3.3467 0.75347 -0.044817 -0.011275 0.10051 0.11032 -0.0046977 -0.0045722 0.022975 0.02359 -0.0015775 -0.00298 0.014279 0.017109 -0.002757 -0.0037943 0.0077028 0.008161 0.0022796 0.1158 0.11651 0.21201 0.030023 0.34736 0.11137 0.40159 -0.11581 0.17044 0.14917 0.26671 -0.016135 0.0035307 0.017665 0.020099 0.060308 -0.12175 0.083024 0.18196 -0.022373 -0.24721 0.1288 0.43814 -0.12879 -0.14569 0.15031 0.28183 -0.012772 -0.0072008 0.014081 0.013917 0.0005267 -0.011418 0.0026497 0.011418 -0.0016739 -0.014422 0.0023695 0.015093 -0.00013229 -0.0014788 0.00060273 0.0023148 0 0 0 0
104.15 168.95 5.2157 3.6284 -6.2307e-19 1.1771e-18 1.3881e-18 2.6224e-18 0.027157 -0.0058508 0.027969 0.020077 0.023269 -0.12067 0.12839 0.24686 0.047011 -0.022886 0.14595 0.20003 0.00018174 0.0013766 0.00069024 0.0013766 0.018602 0.024864 0.041722 0.041672 0.025121 0.064603 0.079565 0.096763 0.16351 0.051017 0.25092 0.18274 0.0062412 -0.0011943 0.0075892 0.0066055 0.013986 -0.013112 0.059758 0.066114 0.15213 0.017765 0.23673 0.2799 0.0871 0.023544 0.5177 0.33548 0.00039286 -0.00019462 0.0010868 0.0011566 0.00057903 -0.0018294 0.0047178 0.0077832 0.091105 -0.061631 0.14119 0.17399 -0.020188 -0.10407 0.15677 0.19395
172.97 184.89 5.0525 3.9928 0 -0 0 0 0 -0 0 0 0 -0 0 0 0 -0 0 0 -0.00018074 0.00015838 0.00018074 0.00015838 -0.0024284 0.020415 0.0039326 0.021283 -0.0040433 0.02627 0.0048704 0.026481 -0.00029524 0.00039751 0.00029524 0.00039751 0.032458 -0.0046459 0.033154 0.019691 0.14382 -0.021178 0.24629 0.60175 -0.1504 0.054548 0.28337 0.49612 -0.042678 0.016228 0.050782 0.043593 0.0028979 0.0048518 0.011993 0.014014 0.025376 -0.056126 0.047912 0.085493 0.027173 0.012615 0.28882 0.28675 -0.044799 0.0086171 0.079691 0.062343
89.921 102.12 6.3006 1.0917 0 0 0 0 0 0 0 0 0 0 0 0 0 0 0 0 0 0 0 0 0 0 0 0 -7.4256e-06 -1.4296e-05 7.4256e-06 1.4296e-05 -6.5421e-06 -1.2596e-05 6.5421e-06 1.2596e-05 0.056331 0.10088 0.074343 0.12099 0.069584 0.21174 0.34279 0.57228 -0.10074 0.068796 0.24335 0.29521 -0.012059 0.004695 0.013143 0.014521 0.041992 0.0041865 0.23704 0.26416 -0.035288 -0.10598 0.22071 0.29015 -0.048511 -0.055264 0.12968 0.11998 -0.0058124 -0.00029532 0.011934 0.0085429
103.6 126.6 10.318 1.3774 0 0 0 0 0 0 0 0 0 0 0 0 0 0 0 0 0.038289 0.035708 0.041521 0.040563 0.036236 0.18438 0.20938 0.52025 -0.083868 0.065138 0.12086 0.19759 -0.0010787 0.00021125 0.0010787 0.00021125 0.10015 0.033043 0.24236 0.18214 -0.039239 -0.066388 0.35141 0.49934 -0.073502 -0.060196 0.12515 0.15026 -0.0009064 0.00017751 0.0009064 0.00017751 0.037261 -0.032613 0.077348 0.084038 -0.038737 -0.03998 0.11321 0.13642 -0.0012043 -0.0026445 0.0048268 0.0035964 -4.6407e-05 9.0884e-06 4.6407e-05 9.0884e-06
134.43 153.68 10.131 4.6476 2.2999e-19 -4.5877e-19 1.3471e-18 5.2751e-19 0.0027784 0.0028739 0.0027784 0.0028739 -0.0008362 0.010128 0.0093001 0.010128 -3.122e-05 2.0251e-06 3.122e-05 2.0251e-06 0.0055214 0.0022656 0.0058033 0.0053076 0.03358 0.046803 0.085217 0.070902 -0.015617 0.057293 0.3918 0.38503 -0.029384 0.0041236 0.038574 0.024934 0.042946 -0.0018032 0.042977 0.045538 0.063655 -0.0082599 0.20259 0.59419 -0.099634 -0.066746 0.25599 0.42657 -0.01189 -0.0057281 0.015873 0.010845 0.0030717 -0.0033106 0.0030717 0.0036917 0.0064603 -0.041036 0.018383 0.072897 -0.010096 -0.018699 0.012757 0.035388 -3.8268e-06 -2.9401e-05 3.8268e-06 2.9401e-05
109.49 126.72 12.624 1.358 0 0 0 0 0 0 0 0 0 0 0 0 0 0 0 0 0.0091841 0.0052695 0.0091841 0.0054013 0.066113 0.15475 0.1935 0.4262 -0.077332 0.061636 0.11016 0.20213 -1.0225e-05 -2.7623e-05 1.0225e-05 3.7516e-05 0.07798 0.00034113 0.097673 0.034283 0.000428 -0.094945 0.49129 0.60374 -0.075391 -0.05318 0.11687 0.15113 -0.00018712 -7.4097e-05 0.00028586 0.00017343 0.011552 -0.0046656 0.013265 0.0068066 -0.0094627 -0.031067 0.069856 0.08083 -0.0041465 -0.0017214 0.0048109 0.004314 -2.2424e-05 -4.1711e-06 3.0522e-05 1.4906e-05
127.59 160.43 13.443 4.6891 0 -0 0 0 -2.7353e-20 6.3824e-22 9.88e-19 2.3054e-20 -6.8576e-20 1.6001e-21 6.8576e-20 1.6001e-21 0 -0 0 0 0.00087167 0.00015302 0.00087279 0.00020093 0.036088 0.058986 0.086399 0.07659 -0.028047 0.10835 0.42953 0.3768 -0.025333 0.0048476 0.031467 0.016756 0.013317 -0.00044815 0.013318 0.0046569 0.12699 -0.02482 0.27856 0.46827 -0.12427 -0.088262 0.37287 0.39828 -0.016417 -0.0049641 0.02079 0.0099453 0.00058202 -0.00022627 0.00058202 0.00022627 0.0088131 -0.038863 0.019345 0.04642 -0.0074967 -0.020284 0.011551 0.02276 -6.0911e-09 -2.6105e-07 6.0911e-09 2.6105e-07
