67 64
168.36 125.78 2.0359 1.9281 -0 0 0 0 -0 0 0 0 -0 0 0 0 -0 0 0 0 0.0060643 0.0059684 0.0060643 0.0059684 0.10077 0.17256 0.11246 0.21689 -0.020804 0.22589 0.10674 0.31776 -0.034791 0.076475 0.036982 0.080132 0.036101 -0.0016548 0.037856 0.048021 0.089895 -0.033096 0.14809 0.26566 0.16676 -0.0944 0.278 0.42739 -0.097819 0.1087 0.22672 0.38059 0.01825 0.009305 0.043357 0.031608 0.0053123 0.013108 0.12164 0.12324 -0.004659 -0.050786 0.12379 0.12194 0.030778 -0.088912 0.081825 0.13678
147.96 135.13 1.9675 4.6797 -0.0084432 0.012476 0.064918 0.052482 -0.0055321 0.0067823 0.044095 0.041898 0.030074 -0.0059859 0.049531 0.040939 0.0095868 0.02832 0.039955 0.037944 -0.0086675 0.055261 0.11748 0.092985 -0.02469 0.087336 0.09228 0.12891 0.002625 0.067487 0.092174 0.14482 0.026977 -0.0078481 0.099838 0.11719 0.0001524 -0.039146 0.16382 0.1627 0.085493 -0.026915 0.17421 0.49602 -0.022586 0.094151 0.19951 0.55211 -0.044515 0.03255 0.11132 0.25718 -0.00085072 -0.03576 0.025182 0.042472 0.014285 -0.081377 0.028943 0.093844 0.019604 -0.14946 0.05501 0.1679 -0.014599 -0.067153 0.022256 0.09147
119.31 137.79 1.9834 4.8223 -0.020754 0.00042204 0.034925 0.020368 0.0047631 -0.0096158 0.072983 0.051157 0.0024616 0.027442 0.11857 0.070166 -0.0058083 0.017346 0.061213 0.048899 -0.027956 0.0010207 0.056742 0.036743 0.018412 0.042296 0.068355 0.10298 0.051627 0.036718 0.30208 0.1781 -0.017668 0.022078 0.14286 0.10075 -0.018251 0.20845 0.13939 0.31098 -0.032194 0.12511 0.237 0.25906 0.011118 0.10799 0.39126 0.19862 -0.015656 0.087537 0.12646 0.10775 -0.037742 -0.11386 0.074381 0.19343 -0.0035373 -0.10574 0.15773 0.22347 -0.004538 -0.11928 0.15497 0.19775 0.011126 -0.075082 0.055007 0.11542
85.294 139.84 2.3124 0.40348 0.025473 0.097454 0.080107 0.18054 -0.028652 0.040375 0.054838 0.32085 -0.027877 0.015607 0.05311 0.20358 -0.0007966 0.018402 0.030818 0.047157 -0.077207 0.015551 0.23236 0.22944 -0.030555 0.040082 0.16018 0.34322 -0.082815 0.073257 0.11779 0.2433 0.0096948 -0.016212 0.050837 0.063404 -0.12884 -0.0082566 0.29295 0.23431 0.01572 -0.0761 0.20546 0.24864 -0.12499 -0.041498 0.14585 0.15141 -0.040904 -0.0046577 0.047805 0.054328 -0.11567 -0.056021 0.1953 0.11086 0.02983 -0.081186 0.07371 0.09526 -0.023228 -0.031338 0.076662 0.088488 -0.020831 0.0014336 0.03234 0.031088
173.19 140.47 2.0697 3.0362 -0.0065449 0.020163 0.015521 0.021787 -0.0028751 0.0071913 0.0041207 0.0071913 -0 0 0 0 -0 0 0 0 -0.01248 0.011612 0.057591 0.10076 -0.013304 0.057863 0.0752 0.13532 0.07439 0.12448 0.16287 0.20178 -0.056605 0.11268 0.089568 0.124 0.045287 0.013329 0.060872 0.076273 0.028142 0.074761 0.20664 0.25041 0.083669 -0.016753 0.29206 0.26107 -0.1 0.096712 0.40598 0.19186 0.025457 -0.0091551 0.03882 0.034546 -0.01588 -0.087258 0.11188 0.11274 0.19706 -0.015719 0.29147 0.1344 -0.07853 0.023883 0.34951 0.13078
136.11 141.52 1.7933 4.2558 -0.00047027 -0.014367 0.058038 0.057078 -0.0023687 0.0082374 0.058359 0.056955 0.010434 0.00096469 0.046169 0.044932 0.02789 -0.015137 0.040813 0.040579 0.023134 0.019126 0.12337 0.10889 -0.043826 0.036117 0.19304 0.19296 -0.007368 0.045163 0.10633 0.11638 0.026108 0.054603 0.073735 0.12434 0.050473 -0.00079087 0.14269 0.10695 0.036242 0.10646 0.31843 0.2294 0.072207 0.1679 0.16615 0.21205 0.12671 0.084888 0.20416 0.41692 0.04831 0.054993 0.08808 0.08149 0.0058292 -0.018387 0.3286 0.21025 -0.0301 -0.099801 0.15796 0.20985 -0.013872 -0.088033 0.048607 0.1115
165.05 141.93 2.0874 0.71468 0.11038 0.061791 0.16743 0.11516 -0.021288 -0.13282 0.34457 0.34952 -0.13367 -0.13648 0.18919 0.20704 -0.013233 -0.019867 0.045375 0.051362 0.083465 -0.065767 0.27327 0.12811 -0.088512 -0.027159 0.28675 0.28442 -0.063015 0.102 0.1498 0.22006 -0.024772 0.023136 0.056311 0.060017 0.027231 -0.053792 0.098688 0.054698 0.10047 -0.11317 0.21768 0.19097 -0.046666 -0.06714 0.14315 0.14431 -0.031999 -0.014573 0.043038 0.055738 0.0033201 -0.0019248 0.0049744 0.0033717 0.028537 -0.0035943 0.065609 0.047902 -0.0059391 -0.032474 0.054879 0.077133 -0.012133 -0.0046584 0.02052 0.024918
129.98 147.79 1.9311 4.9997 -0.0038852 0.012727 0.058133 0.048958 0.0060503 -0.00058506 0.080577 0.062371 -0.0068648 -0.013124 0.13766 0.071398 0.00088801 0.01049 0.04744 0.029602 0.010895 0.00043146 0.075667 0.072916 0.003365 0.074987 0.30486 0.19464 -0.028197 0.045124 0.17214 0.15336 0.0062407 -0.0061005 0.065339 0.052758 0.0094176 0.098686 0.10791 0.13142 -0.0011135 0.084916 0.42906 0.24318 -0.054747 0.04098 0.20598 0.18857 -0.015705 0.010655 0.068786 0.063795 -0.020516 -0.013231 0.19376 0.18923 -0.027092 0.037864 0.35651 0.20923 -0.053153 0.16529 0.12148 0.18961 -0.03945 0.11003 0.071507 0.13328
179.95 148.91 1.6534 2.9533 4.4133e-05 0.00012674 0.00026639 0.00012674 -3.6122e-05 5.991e-05 0.00015796 5.991e-05 -0 0 0 0 -0 0 0 0 0.026058 0.090339 0.081354 0.10073 -0.038607 0.095592 0.099261 0.15379 -0.014347 0.033637 0.065556 0.082097 0.0074318 0.097816 0.050329 0.10621 -0.036182 -0.041537 0.10093 0.16451 0.02554 0.045265 0.1591 0.2792 0.03135 0.28246 0.20183 0.40336 0.13861 0.093512 0.26084 0.31355 0.0019037 -0.018849 0.05908 0.061164 0.092281 -0.0032005 0.10503 0.091637 0.009145 -0.067123 0.24688 0.22921 0.086425 -0.048323 0.27588 0.17364
93.367 149.42 1.7277 4.2074 -0.020619 -0.0038694 0.024413 0.0086835 0.040954 0.010698 0.058162 0.053088 -0.022809 0.012663 0.079191 0.060951 -0.0087318 -0.00022545 0.073431 0.072173 0.002454 0.022796 0.065285 0.038761 0.053824 0.086507 0.13007 0.14784 -0.037297 0.081247 0.19868 0.13728 -0.0074858 -0.0027879 0.069772 0.054983 0.040235 0.0073102 0.1114 0.058636 0.12492 0.13977 0.214 0.22358 -0.13204 0.13696 0.26399 0.24934 0.05948 0.17401 0.17168 0.19552 0.012779 0.039847 0.11828 0.12146 0.08126 -0.06041 0.21112 0.2482 0.073314 0.00016432 0.24007 0.2148 0.097747 0.1159 0.27759 0.25633
113.88 152.18 1.881 3.3939 0.027426 -0.0008154 0.052753 0.076535 -0.021597 0.0017556 0.086523 0.14809 0.059779 0.039274 0.18739 0.25172 0.05664 0.047317 0.13021 0.1992 0.022481 0.0038629 0.040436 0.044008 0.03905 0.01932 0.17728 0.21565 0.028453 -0.039381 0.22474 0.26961 0.1386 -0.017151 0.21881 0.2951 0.017702 0.03154 0.07582 0.071241 -0.013638 0.019764 0.10563 0.16005 -0.00061203 -0.014087 0.10041 0.10766 0.22107 0.018385 0.2393 0.14098 0.027816 -0.012294 0.051287 0.046156 0.023542 0.044303 0.11657 0.12341 -0.034094 0.12275 0.09563 0.15839 0.23257 0.057491 0.25522 0.15291
172.45 159.9 2.3641 3.6743 0.0070532 0.09577 0.038311 0.1256 -0.037575 0.11739 0.076356 0.16888 -0.042306 0.090828 0.077948 0.11506 -0.013549 0.0077588 0.017359 0.012432 -0.032525 -0.12654 0.064852 0.19475 0.0066497 -0.090914 0.087521 0.25411 0.0028351 -0.023845 0.1619 0.28661 -0.050047 0.020692 0.082819 0.082784 0.01047 -0.010015 0.053304 0.067478 0.10698 0.069291 0.13161 0.14129 0.05273 0.19776 0.25188 0.29643 -0.045605 0.11559 0.18095 0.19709 0.014487 0.030067 0.074919 0.089411 0.062061 -0.029162 0.097116 0.1451 0.13985 -0.10289 0.21252 0.24506 -0.0033338 -0.028859 0.23437 0.21496
122.21 163.38 2.1067 1.5709 0.043965 -0.041083 0.11922 0.13232 -0.036422 -0.082402 0.48778 0.27826 -0.027556 0.00051659 0.19958 0.16406 0.029767 0.010025 0.088838 0.042301 0.0055058 0.0071355 0.1545 0.11222 -0.00026915 0.038821 0.31952 0.18424 -0.0012861 -0.032214 0.29306 0.22303 0.038776 0.0092246 0.13715 0.092164 0.024054 -0.030403 0.14086 0.083763 -0.021599 -0.071079 0.33705 0.22028 -0.021037 -0.031243 0.090279 0.069823 0.015779 -0.03809 0.059656 0.061134 0.0022535 0.0096252 0.022005 0.020963 -0.0079855 0.0020833 0.029262 0.038752 -0.00066244 0.00072751 0.0053659 0.0076759 0.0049884 0.010852 0.0085776 0.012467
184.5 167.8 2.3169 3.3674 0 -0 0 0 0 -0 0 0 0 -0 0 0 0 -0 0 0 0.022896 0.049402 0.025112 0.049402 -0.006039 0.17794 0.049135 0.18541 0.0045216 0.17962 0.090355 0.18485 -0.017612 0.032837 0.035792 0.035379 0.053524 0.15537 0.13467 0.24433 -0.088941 -0.020302 0.18687 0.39555 -0.036816 -0.087662 0.17693 0.42532 -0.056718 0.027679 0.13738 0.19638 -0.071882 -0.10384 0.11598 0.14384 -0.02181 -0.08648 0.11242 0.19669 0.075302 0.016403 0.11309 0.20044 0.002882 0.14131 0.13638 0.22997
146.07 174.22 2.13 5.0887 0.021326 -0.0091195 0.059608 0.052945 0.032028 0.0003302 0.11929 0.10516 0.032662 0.023007 0.13879 0.16737 -0.017423 0.069753 0.078606 0.095404 -0.031199 0.049119 0.17874 0.11469 0.019205 0.014132 0.073374 0.079761 0.059043 -0.054216 0.16833 0.22831 0.10702 -0.053178 0.17531 0.19575 -0.01727 -0.054805 0.35602 0.17926 0.035353 0.10494 0.34069 0.24224 -0.070085 0.016023 0.15953 0.17559 0.11145 -0.051917 0.17056 0.12993 -0.027087 0.017294 0.15909 0.10095 0.052316 -0.034373 0.23753 0.16997 -0.044032 0.074393 0.16317 0.13593 -0.010839 0.036561 0.1055 0.061596
69.72 179.89 1.8488 5.7733 0 0 0 0 0 0 0 0 0 0 0 0 0 0 0 0 0.0020188 0.008457 0.0020188 0.008457 0.013042 0.083953 0.013042 0.083953 -0.010805 0.078418 0.029687 0.078418 -0.0019623 0.0047408 0.0034431 0.0047408 0.05049 0.14862 0.07001 0.24876 0.08134 0.21608 0.12546 0.43987 -0.051158 0.25452 0.19663 0.41888 -0.11179 0.16814 0.12543 0.19995 -0.0068289 -0.079279 0.0427 0.1469 0.031845 -0.18614 0.047678 0.20754 0.064852 -0.19094 0.087121 0.22745 0.0023033 -0.058369 0.092236 0.13211
158.66 182.42 1.7232 1.1381 -0.022639 -0.049363 0.076148 0.09068 0.006422 -0.036579 0.068884 0.091382 -9.8541e-05 -0.052606 0.10844 0.13911 -0.0076064 -0.011057 0.022959 0.029933 -0.050659 0.13329 0.11945 0.21573 -0.031902 0.20222 0.099857 0.31116 0.030306 0.13657 0.10001 0.25577 -0.0077083 0.055937 0.07817 0.14548 0.079213 -0.10995 0.13779 0.23801 -0.067924 -0.064622 0.18197 0.46555 -0.086371 -0.051337 0.13786 0.33535 -0.050881 -0.038779 0.10264 0.16173 0.016137 -0.037648 0.016907 0.039498 -0.0049619 -0.1066 0.031237 0.12014 -0.013539 -0.067349 0.021251 0.077701 -0.0086332 -0.018075 0.01421 0.025744
177.84 181.85 1.8381 3.7781 0 -0 0 0 0 -0 0 0 0 -0 0 0 0 -0 0 0 0.01314 0.031846 0.01314 0.031846 0.025421 0.17518 0.030423 0.17518 -0.026604 0.17828 0.048928 0.17828 -0.01474 0.031616 0.01474 0.031616 0.11697 0.10771 0.14046 0.21102 0.011765 0.093511 0.15762 0.4975 -0.084097 0.029408 0.13437 0.42102 -0.051621 0.11517 0.10804 0.24156 -0.0099111 -0.064422 0.095109 0.12305 -0.038128 -0.15157 0.086023 0.21378 -0.00098859 -0.087862 0.072951 0.21786 0.011666 0.0085853 0.082903 0.17899
143.88 185.92 2.1122 1.1099 0.024348 -0.047835 0.12634 0.17232 -0.049801 -0.02488 0.14636 0.11552 -0.0051372 -0.017902 0.10926 0.11318 -0.0061486 0.0074998 0.035596 0.042497 0.020912 0.041841 0.084076 0.22373 0.026488 0.14715 0.16048 0.27727 -0.015961 0.073998 0.21574 0.21383 -0.050737 -0.0065762 0.13124 0.078085 -0.057089 0.15237 0.12832 0.30853 -0.074486 -0.015604 0.22885 0.40188 -0.11164 -0.072855 0.19601 0.28215 -0.015616 -0.012337 0.037879 0.024555 -0.040516 -0.12415 0.055614 0.15741 -0.034884 -0.085928 0.053365 0.1205 -0.026021 -0.049241 0.039707 0.073917 -0.0018702 -0.0018971 0.0021825 0.0030572
144.44 196.25 1.8787 4.7614 0 0 0 0 0 0 0 0 0 0 0 0 0 0 0 0 -0.0025236 0.0032557 0.015641 0.0041989 0.038929 0.030924 0.05089 0.090942 -0.010108 0.11524 0.09514 0.17014 -0.011457 0.046603 0.016443 0.046706 0.015017 0.033546 0.20399 0.087892 0.11923 0.065338 0.28314 0.32531 0.07356 0.10379 0.30221 0.46012 0.014789 0.19721 0.13801 0.30085 0.0043389 -0.0252 0.077573 0.057567 0.029125 -0.058223 0.10657 0.11642 0.037835 -0.096161 0.11634 0.23271 0.10655 -0.11658 0.12233 0.22312
154.06 196.21 2.0526 4.6014 0 -0 0 0 0 -0 0 0 0 -0 0 0 0 -0 0 0 0.016076 0.014309 0.016717 0.037089 0.0095006 0.097366 0.06937 0.14212 -0.020624 0.12127 0.040499 0.12205 -0.0063363 0.025221 0.0076482 0.025221 0.065504 0.037914 0.11236 0.13996 0.068655 0.067965 0.22867 0.39045 0.081623 0.16019 0.16798 0.42457 -0.065612 0.21767 0.18286 0.3188 0.012145 -0.031219 0.072851 0.073547 0.012306 -0.077614 0.10721 0.20071 0.050134 -0.12901 0.078957 0.26346 0.086049 -0.11378 0.1662 0.19526
92.412 115.6 2.7664 1.7145 -0 0 0 0 -0 0 0 0 -0 0 0 0 -0 0 0 0 0.00013697 0.023188 0.0080919 0.025804 0.014675 0.14972 0.047888 0.14972 -0.016465 0.1174 0.047392 0.1174 -0.0026599 0.0039087 0.0026599 0.0039087 0.04498 0.015327 0.13981 0.33281 0.0023399 0.025851 0.26581 0.58987 -0.11583 0.02086 0.32926 0.3551 -0.04657 0.014955 0.065196 0.029788 0.0054166 -0.035159 0.047465 0.054995 0.062311 -0.049521 0.1152 0.11935 -0.044891 -0.043774 0.22195 0.11177 -0.030286 -0.0044034 0.078087 0.020406
128.83 121.83 2.8599 1.5804 -0 0 0 0 -0 0 0 0 -0 0 0 0 -0 0 0 0 -0.023709 0.13491 0.032906 0.13491 -0.0074838 0.10927 0.026609 0.10927 0.006974 0.10974 0.047531 0.10974 0.045211 0.16343 0.087835 0.18025 -0.019651 -0.062512 0.12593 0.38922 -0.0080022 0.0010522 0.25075 0.3728 0.0060995 -0.002218 0.32609 0.32349 0.046424 -0.084136 0.16239 0.36108 -0.0097882 -0.029419 0.047357 0.062475 0.02876 -0.060476 0.13985 0.1227 -0.022546 -0.050172 0.15501 0.11291 0.020621 -0.017977 0.054668 0.040637
103.44 135.96 2.9402 4.6811 -0.005003 0.010912 0.030342 0.025628 -0.0073095 0.026027 0.049636 0.047734 -0.0050581 0.0048678 0.062208 0.042438 0.00090526 0.009826 0.036098 0.043447 0.048942 0.02988 0.15147 0.094133 -0.09231 0.052244 0.17183 0.13503 0.012292 0.063796 0.1011 0.10646 0.012045 0.067458 0.11657 0.11436 0.068883 0.018727 0.21273 0.19735 0.00036848 0.019697 0.30851 0.497 -0.071151 -0.033236 0.21689 0.47167 -0.007896 -0.068162 0.15157 0.18978 0.022875 -0.051648 0.045169 0.085245 -0.018553 -0.10616 0.078175 0.14662 -0.019737 -0.058511 0.031624 0.065165 -0.0021285 -0.015392 0.0071773 0.015392
155.79 138.12 3.0109 4.5549 0.003087 -0.0015219 0.040299 0.027483 0.011008 0.010532 0.038291 0.044223 0.0038724 0.030827 0.052162 0.04883 -0.013818 -0.0043237 0.043375 0.026197 -0.0086514 0.031703 0.09364 0.082882 0.02567 0.018719 0.092585 0.10476 -4.0995e-05 0.027446 0.1872 0.17259 -0.038709 0.010571 0.055887 0.035903 0.0097016 0.0036801 0.15192 0.2088 0.056514 0.044583 0.1725 0.62892 -0.090134 -0.0013372 0.23589 0.50757 -0.061169 -0.01476 0.07724 0.068276 -0.0050259 -0.050272 0.038747 0.06592 0.0075775 -0.08305 0.025387 0.10919 -0.021645 -0.071888 0.030387 0.091092 -0.0055255 -0.0069416 0.0060806 0.0086066
74.957 148.41 2.7724 5.7798 0 0 0 0 0.0061785 0.012052 0.0061785 0.012052 0.013001 0.04701 0.013822 0.04701 0.0044184 0.049869 0.010378 0.054351 0.019897 0.018935 0.019897 0.018935 0.014459 0.051007 0.13203 0.16467 0.0082328 -0.025511 0.065378 0.19955 0.025869 -0.055431 0.036698 0.14014 0.089287 0.096901 0.255 0.14781 0.0028476 0.12015 0.42565 0.36898 -0.098202 0.10383 0.16759 0.18805 -0.020209 0.017051 0.040603 0.058582 0.11646 -0.025616 0.24114 0.15135 -0.084051 0.086654 0.29506 0.30107 -0.094618 -0.048909 0.1258 0.1561 -0.014794 -0.0063377 0.044002 0.062743
138.72 148.41 2.4076 3.8647 0.012599 0.0057507 0.025084 0.0301 2.8918e-05 -0.019865 0.057881 0.076809 0.025085 -0.025066 0.049771 0.070018 0.038544 -0.04236 0.053147 0.080026 -0.023184 -0.0041799 0.085087 0.12444 0.011844 0.02246 0.11037 0.11357 0.016329 0.031712 0.099928 0.11697 0.060007 0.046799 0.11425 0.1558 0.014888 0.013603 0.097204 0.11716 0.0047758 0.0141 0.26703 0.3197 0.07336 0.10577 0.17542 0.19112 0.18197 0.10305 0.31105 0.28918 0.0058205 -0.0044149 0.077866 0.07087 0.055665 0.0049732 0.22889 0.23737 0.068264 0.073045 0.25582 0.28853 -0.077899 -0.084493 0.1668 0.14972
146.25 152.45 2.9866 4.2992 0.0014763 -0.005126 0.014446 0.014852 -0.0034135 -0.001618 0.029951 0.046302 0.014067 -0.00951 0.034897 0.057213 0.0050435 -0.0027921 0.052533 0.051851 0.0041071 0.0067894 0.082965 0.071972 0.0022662 -0.0038926 0.10413 0.10636 0.067478 0.0099719 0.10147 0.11632 -0.031999 0.03665 0.13923 0.11274 0.019962 0.015619 0.1255 0.10179 -0.012201 0.084544 0.17457 0.18309 0.095855 0.19859 0.1677 0.30904 0.023242 0.14288 0.21134 0.28252 0.055056 0.051085 0.097256 0.082777 0.0019534 0.015979 0.2458 0.24153 0.021347 -0.118 0.18778 0.44872 -0.062175 -0.10504 0.11188 0.23211
67.804 155.97 2.4888 2.7139 0.019786 -0.014343 0.0335 0.040449 0.072064 -0.091856 0.11962 0.13376 0.0088691 -0.15021 0.20256 0.2566 -0.0040398 -0.075728 0.35057 0.30617 -0.03232 0.14509 0.050767 0.17742 0.0028835 0.16092 0.090829 0.266 0.014493 0.024996 0.20238 0.29011 -0.090389 -0.16402 0.20046 0.23144 -0.028213 -0.13131 0.040565 0.18936 -0.025326 -0.16531 0.050044 0.23208 -0.050717 -0.11031 0.064794 0.15354 -0.0086536 -0.012663 0.0097883 0.01422 -0.00081207 -0.0076684 0.00098081 0.0076684 -0.00054294 -0.0030704 0.00057107 0.0030704 -7.1586e-05 -0.00015704 7.1586e-05 0.00015704 -0 0 0 0
105.6 155.76 2.7292 3.2476 0.0023976 -0.0025985 0.012821 0.011099 -0.0040659 -0.013116 0.068529 0.12396 0.042776 0.00078531 0.14879 0.20339 0.03623 -0.0035223 0.17961 0.21628 -0.011522 0.0076047 0.01964 0.011357 0.024516 0.024464 0.074181 0.12005 0.020282 -0.020348 0.13702 0.19489 0.069836 0.017946 0.35981 0.2186 -0.042273 0.028763 0.057095 0.033868 0.056431 -0.0049274 0.089236 0.093875 0.034222 0.13324 0.13897 0.21376 0.17407 0.055607 0.45513 0.23783 -0.027402 0.015164 0.0688 0.065233 0.0054048 0.024082 0.063366 0.080289 0.068091 -0.046707 0.13797 0.20499 0.074926 -0.027499 0.17126 0.19812
76.258 160.11 2.7836 2.7617 0.0085038 0.0020012 0.02357 0.027542 0.044147 -0.0029154 0.073152 0.12657 0.11116 0.031855 0.20563 0.23012 0.071532 -0.071279 0.26339 0.23178 -0.051772 0.10873 0.078282 0.1358 0.016069 0.073167 0.081288 0.17702 0.068594 -0.11378 0.1968 0.34196 0.0003667 -0.1254 0.34392 0.35712 0.033505 -0.096011 0.079715 0.17731 -0.047067 -0.057808 0.076929 0.28937 -0.028109 -0.067768 0.083956 0.21572 -0.024576 -0.048831 0.056273 0.076702 0.0021316 -0.0109 0.0028822 0.0109 -0.0024474 -0.02281 0.0042258 0.02281 -0.0022777 -0.010557 0.0023431 0.010557 -0.00021688 -0.00061033 0.00021688 0.00061033
91.881 159.87 2.5201 5.2783 0.032399 0.032103 0.037927 0.042844 0.032296 0.0025998 0.080018 0.17114 -0.025935 -0.035298 0.048863 0.18726 -0.02644 -0.005087 0.03577 0.072549 0.010969 0.0088738 0.12818 0.12616 -0.032221 -0.022809 0.097303 0.15951 -0.010409 -0.0014636 0.050621 0.11065 -0.0060088 -0.021849 0.017174 0.034821 0.057373 0.091434 0.34029 0.16535 -0.11052 0.1353 0.26911 0.23142 -0.068197 0.01295 0.18277 0.16528 -0.005809 0.01701 0.075549 0.074084 0.026875 0.095466 0.27898 0.21449 -0.17082 0.15355 0.27887 0.32579 -0.025105 0.05631 0.12914 0.14522 0.00087709 0.02459 0.11761 0.10309
181.93 160.04 2.6 3.4443 0 -0 0 0 0 -0 0 0 0 -0 0 0 0 -0 0 0 0.024625 0.10519 0.044355 0.10624 -0.026664 0.11346 0.063205 0.19975 -0.043304 0.051664 0.054106 0.082656 -0.0013446 0.0017787 0.0013446 0.0017787 -0.040951 -0.064746 0.11877 0.17708 0.019664 -0.037719 0.14392 0.27852 -0.031042 0.17819 0.22278 0.34647 -0.030278 0.12628 0.12132 0.13839 -0.0091251 -0.0017818 0.054698 0.047617 0.076053 0.0069288 0.10721 0.11882 0.022932 -0.056487 0.27833 0.33238 -0.021486 0.12352 0.42514 0.27168
64.271 164.11 3.061 6.0168 0 0 0 0 0 0 0 0 0 0 0 0 0 0 0 0 0.0033684 0.0081103 0.0033684 0.0081103 0.009576 0.094206 0.014689 0.094206 -0.0018604 0.11083 0.0084642 0.11083 -0.0019317 0.026108 0.0030066 0.026108 0.019988 0.10666 0.19861 0.27739 0.01417 0.015525 0.12605 0.37423 0.091291 -0.020715 0.13741 0.41844 -0.067209 0.10767 0.14259 0.23006 -0.014753 0.1076 0.30359 0.32459 -0.13725 0.091971 0.2006 0.23879 -0.012866 -0.017805 0.075689 0.11259 0.044694 -0.075091 0.082959 0.10879
103.39 163.92 2.8392 4.7633 0.027766 0.042327 0.092004 0.11047 -0.05855 -0.034443 0.089874 0.15249 -0.029431 -0.02799 0.042655 0.05869 -3.8011e-05 -0.0010726 0.019873 0.02076 -0.064844 -0.072552 0.14493 0.11951 -0.015175 -0.0045803 0.079485 0.10583 -0.0045512 0.028342 0.055616 0.070042 0.0021344 0.024071 0.10362 0.082909 0.0073973 0.087555 0.15378 0.12899 -0.052967 0.12973 0.20963 0.19754 -0.016006 0.014524 0.28021 0.1535 0.0042907 0.037987 0.22344 0.16001 0.068742 0.044968 0.26913 0.17306 -0.14526 0.11932 0.2703 0.25858 0.046966 0.18217 0.18391 0.23043 0.0038982 0.10757 0.25049 0.17986
155.88 165.93 2.792 4.65 0.012935 0.0002577 0.043382 0.039498 0.030738 -0.011585 0.062083 0.13228 0.011613 0.03822 0.11399 0.16487 -0.04011 0.038365 0.050713 0.045889 -0.0053993 0.022941 0.11264 0.076357 -0.00088733 0.015565 0.09487 0.1274 0.081329 -0.078773 0.15934 0.17382 -0.043488 -0.0045912 0.17046 0.10284 -0.0073061 0.039322 0.20976 0.1662 0.052043 0.02576 0.18292 0.18056 -0.0065372 0.16506 0.18966 0.20062 -0.038349 -0.0017028 0.19679 0.11347 -0.013828 0.10051 0.19972 0.18829 -0.0091047 0.1664 0.15741 0.27157 0.049157 0.080796 0.30608 0.3504 -0.078793 0.019552 0.13407 0.093646
74.565 172.56 2.8494 2.4187 0.0057451 0.0062764 0.01952 0.025713 0.036538 -0.055649 0.073745 0.098748 0.076619 -0.16607 0.17883 0.21884 0.013982 -0.083814 0.31828 0.21956 0.028538 0.070245 0.090238 0.20041 -0.019126 0.24514 0.074495 0.33809 -0.010925 0.071999 0.15597 0.39193 -0.04542 -0.048782 0.14605 0.17019 0.046006 -0.086083 0.05325 0.12344 -0.023928 -0.18932 0.095719 0.31972 -0.071019 -0.12852 0.07928 0.18049 -0.010868 -0.018379 0.011455 0.02076 -0.00012824 -0.00032505 0.00013997 0.00032505 -0.0010187 -0.0031249 0.0010254 0.0031249 -0.00010622 -0.00023134 0.00010622 0.00023134 -0 0 0 0
177.14 174.03 3.0558 3.5407 0 -0 0 0 0 -0 0 0 0 -0 0 0 0 -0 0 0 0.034389 0.047745 0.036791 0.047745 0.03974 0.23464 0.092727 0.25242 -0.039954 0.15765 0.084594 0.25123 -0.027228 0.042558 0.034782 0.055904 0.081854 0.01707 0.15344 0.13852 -0.0832 -0.16563 0.20591 0.36481 0.062641 -0.030281 0.20312 0.35901 -0.048272 0.10016 0.16269 0.21471 -0.0097376 -0.029204 0.093681 0.071937 0.0094554 0.018376 0.10713 0.10681 0.11109 -0.014707 0.14425 0.1568 0.02648 -0.017901 0.25501 0.28046
176.24 185.73 2.7357 3.8421 0 -0 0 0 0 -0 0 0 0 -0 0 0 0 -0 0 0 0.0023415 0.0018941 0.0023415 0.0018941 0.023468 0.13242 0.034159 0.13242 -0.024876 0.16157 0.037131 0.16157 -0.0088948 0.015679 0.0089509 0.015679 0.083586 0.060403 0.094297 0.11235 0.10005 0.010566 0.24825 0.46792 -0.066116 -0.04666 0.1623 0.49521 -0.066307 0.058294 0.14091 0.25347 0.014621 -0.027614 0.096328 0.10209 -0.023826 -0.046358 0.11844 0.15148 0.074006 0.045983 0.1215 0.19071 -0.033028 0.1099 0.18085 0.22473
109.95 192.75 3.11 4.5189 0 -0 0 0 0 -0 0 0 0 -0 0 0 0.00099981 0.0036482 0.00099981 0.0036482 0.026885 0.078546 0.032574 0.078546 0.022807 0.20871 0.13104 0.22975 -0.045822 0.05859 0.088639 0.10358 0.045794 0.025824 0.082387 0.088069 0.046272 0.15894 0.32311 0.3531 -0.20542 -0.11427 0.30902 0.36044 -0.051828 -0.045636 0.085163 0.091789 0.015116 -0.0076759 0.0882 0.090517 -0.12339 -0.10039 0.23035 0.15373 -0.028427 0.008393 0.13789 0.1363 0.01534 0.050405 0.14528 0.11752 -0.018007 -0.0041243 0.21643 0.17661
115.4 193.81 2.9852 4.5325 0 -0 0 0 0 -0 0 0 0 -0 0 0 0.0003523 0.0019369 0.0003523 0.0019369 0.02003 0.08527 0.025759 0.08527 -0.010969 0.1644 0.1199 0.18827 -0.02135 0.039236 0.082013 0.063467 0.050884 0.049172 0.092708 0.14436 -0.046165 0.13273 0.32412 0.40315 -0.1879 -0.10626 0.27467 0.3218 -0.0055411 -0.031435 0.12053 0.10522 0.023538 -0.043202 0.11615 0.13652 -0.14711 -0.11732 0.19302 0.16548 -0.021462 0.05051 0.11493 0.133 0.069331 0.049419 0.1903 0.18314 0.011349 0.010606 0.21181 0.17341
85.894 198.44 2.8687 5.0459 0 0 0 0 0 0 0 0 0 0 0 0 0 0 0 0 5.1334e-18 -1.4818e-17 5.1334e-18 1.4818e-17 0.0030138 0.0070243 0.0030138 0.0070243 0.0016779 0.0078186 0.0026191 0.0078186 6.484e-06 1.3358e-05 6.484e-06 1.3358e-05 0.1072 0.12084 0.1118 0.13417 0.055603 0.3308 0.21202 0.55854 -0.14612 0.10221 0.18494 0.42236 -0.063807 0.022446 0.086729 0.10579 0.033873 -0.028693 0.17827 0.18142 -0.075773 -0.17475 0.11944 0.24337 -0.024321 -0.098928 0.055365 0.11749 -0.011077 -0.024373 0.022338 0.033696
142.54 118.92 3.9546 1.3685 0 0 0 0 0 0 0 0 0 0 0 0 0 0 0 0 0.00055578 0.0049765 0.00055578 0.0049765 0.0028059 0.060019 0.0099892 0.060019 0.021628 0.10059 0.037046 0.10181 0.074055 0.10963 0.12004 0.23092 0.070913 0.022034 0.10509 0.13116 0.0044707 0.044056 0.20492 0.68801 -0.020294 -0.0074678 0.17414 0.41241 -0.0085146 -0.060215 0.14208 0.23539 0.033639 -0.014363 0.060841 0.040069 -0.029644 -0.047383 0.10277 0.12286 -0.0062276 -0.038395 0.070674 0.090462 -0.0043578 -0.0099418 0.042581 0.04237
99.011 124.97 3.905 1.8138 -2.874e-05 0.00011594 2.874e-05 0.00011594 -0 0 0 0 -0 0 0 0 -0 0 0 0 -0.024005 0.073161 0.097743 0.19398 0.02592 0.18096 0.11663 0.41255 -0.08191 0.17769 0.14708 0.3657 -0.028261 0.02359 0.033345 0.035491 0.00031004 -0.064468 0.09727 0.15688 0.096187 -0.10545 0.20045 0.33928 -0.081456 -0.07006 0.37358 0.33251 -0.058712 -0.0066244 0.11734 0.037381 -0.0017476 -0.0060233 0.034495 0.034078 0.025421 -0.025396 0.069567 0.056098 -0.0039924 -0.04757 0.1159 0.090049 -0.017532 -0.0059275 0.04437 0.016571
153.16 127.15 3.0197 1.3851 0 0 0 0 0 0 0 0 0 0 0 0 0.00022491 0.0011972 0.00022491 0.0011972 0.032016 0.03434 0.035456 0.046111 0.075805 0.23404 0.12717 0.37211 -0.034025 0.22076 0.099565 0.40618 0.011783 0.085687 0.13608 0.18441 0.069926 -0.016591 0.1097 0.089967 0.017083 -0.10778 0.22289 0.40251 -0.040261 -0.1486 0.1284 0.34993 -0.0074662 -0.064937 0.15911 0.15297 0.02805 -0.0048947 0.045485 0.02275 -0.013095 -0.018481 0.09228 0.083712 -0.018464 -0.0022912 0.050493 0.053173 -0.0028315 -0.0091137 0.048695 0.048012
103.55 137.49 3.4766 4.6812 -0.0066032 0.010095 0.031454 0.024829 -0.0070825 0.022413 0.049848 0.042157 -0.0012338 0.004071 0.060338 0.047592 -0.00055191 0.01095 0.051816 0.041585 0.044733 0.035173 0.13631 0.09218 -0.096667 0.040265 0.16706 0.10877 0.029545 0.04931 0.11503 0.1039 0.0099737 0.062901 0.14177 0.11881 0.065964 0.039589 0.21297 0.17379 -0.0065432 0.063915 0.30089 0.47514 -0.05789 -0.014939 0.26532 0.46911 -0.0048956 -0.060906 0.12683 0.19343 0.022462 -0.058055 0.058313 0.098056 -0.025711 -0.12367 0.088364 0.17137 -0.022945 -0.063515 0.04032 0.078748 -0.0015812 -0.018283 0.0094843 0.018683
153.5 140.32 3.5934 4.6251 0.00029788 0.0025489 0.022467 0.026001 0.0049031 0.0028019 0.038492 0.041525 0.016862 -0.00090804 0.059076 0.064444 -0.016325 0.0012479 0.040137 0.023653 0.0082642 0.038078 0.11128 0.10236 0.0058203 0.048835 0.11464 0.12713 -0.0045515 0.044805 0.19228 0.16841 -0.03171 0.00077478 0.052361 0.03196 -0.0050816 -0.011745 0.14539 0.27778 0.050796 -0.034548 0.17585 0.57242 -0.10872 -0.05432 0.2453 0.54467 -0.042298 -0.0098369 0.047756 0.041923 -0.0092924 -0.034565 0.01974 0.049896 0.0056191 -0.057855 0.015305 0.063773 -0.0104 -0.050484 0.017166 0.061516 -0.002448 -0.0030053 0.002448 0.003673
76.081 149.36 3.1802 5.7502 0 0 0 0 0.0093985 0.019117 0.0093985 0.019117 0.018466 0.056791 0.019946 0.057942 0.0051066 0.053121 0.018489 0.057339 0.018459 0.022377 0.0216 0.022783 0.024069 0.057073 0.157 0.18496 0.0038584 -0.026477 0.070157 0.20923 0.020982 -0.056642 0.036755 0.12461 0.071043 0.081271 0.24838 0.13975 0.019326 0.12906 0.41284 0.35807 -0.10448 0.11252 0.18008 0.19194 -0.026232 0.021598 0.045174 0.053491 0.10798 -0.013889 0.2408 0.16402 -0.10308 0.082233 0.29929 0.30012 -0.084908 -0.055196 0.11563 0.14217 -0.011483 -0.011889 0.044194 0.05941
100.78 163.68 3.4555 5.2297 0.040304 0.020207 0.076344 0.10907 -0.019718 -0.071484 0.070193 0.23152 -0.038199 -0.043936 0.066561 0.15586 -0.025525 -0.0021608 0.035476 0.045059 -0.023701 -0.0010407 0.10434 0.14489 -0.011238 0.022823 0.062287 0.1423 -0.013015 -0.0087138 0.041962 0.075647 -0.00039392 -0.014174 0.01318 0.021654 -0.022821 0.13437 0.26706 0.2244 -0.11738 0.036371 0.21078 0.2147 -0.037412 0.019479 0.18382 0.17027 -0.0032132 0.019638 0.11045 0.097504 -0.084118 0.15645 0.25932 0.28329 -0.12091 0.18099 0.19316 0.28409 -0.0030278 0.062293 0.24155 0.22582 -0.018584 0.011102 0.12035 0.095852
80.272 179.9 3.8092 2.321 -0.0024612 -0.002782 0.025583 0.032272 0.019815 -0.012092 0.087763 0.11647 0.11951 -0.10814 0.23781 0.25589 -0.066667 -0.12751 0.37032 0.21949 0.050966 0.0082977 0.074332 0.10211 0.033037 0.12821 0.10858 0.37021 -0.020061 0.049564 0.17787 0.44876 -0.05746 -0.054584 0.16337 0.16141 0.021422 -0.022346 0.022064 0.029272 0.032393 -0.13885 0.061836 0.24137 -0.060131 -0.1168 0.071726 0.18649 -0.010864 -0.012915 0.011742 0.015686 -2.7721e-17 -2.5835e-17 2.7721e-17 2.5835e-17 -2.4019e-17 -1.5736e-17 2.4019e-17 2.2852e-17 -8.3839e-19 8.9962e-19 8.3839e-19 8.9962e-19 -0 0 0 0
168.04 182.63 3.6459 0.87565 0.057785 -0.12376 0.24369 0.27035 -0.11064 -0.043695 0.21522 0.28585 -0.032028 -0.02443 0.15623 0.16793 -0.0065752 -0.001099 0.045434 0.044654 0.073239 -0.05673 0.17884 0.20208 -0.0014873 0.035658 0.2103 0.46287 -0.064226 0.053181 0.20169 0.32456 -0.039923 -0.0034942 0.070231 0.072814 0.024177 -0.026762 0.028024 0.037854 0.04479 -0.13595 0.079152 0.24507 -0.059686 -0.10551 0.084987 0.17217 -0.0093825 -0.0099895 0.010719 0.014147 0 0 0 0 -7.1893e-17 1.6877e-18 7.1893e-17 1.5688e-16 -1.3799e-16 1.4396e-16 1.3799e-16 4.143e-16 0 0 0 0
71.132 110.72 5.0736 1.0703 0 0 0 0 0 0 0 0 0 0 0 0 0 0 0 0 0 0 0 0 0 0 0 0 0 0 0 0 0 0 0 0 0.070422 0.066116 0.081188 0.07869 0.044236 0.24984 0.42078 0.54797 -0.11982 0.085353 0.18167 0.22093 -0.0046402 0.0036763 0.0053905 0.0050292 0.02366 0.025606 0.17203 0.22354 -0.010889 -0.11264 0.28154 0.31255 -0.064794 -0.020351 0.19666 0.13119 -0.014619 0.0081109 0.034028 0.012754
104.68 110.48 4.6637 1.771 -0 0 0 0 -0 0 0 0 -0 0 0 0 -0 0 0 0 -0.018353 0.052535 0.02246 0.053963 -0.00024442 0.0012042 0.00024442 0.0012042 -0 0 0 0 -0 0 0 0 -0.015991 -0.0072684 0.14443 0.33229 0.066127 0.04146 0.19762 0.56214 -0.086422 0.1192 0.28301 0.50687 -0.043358 0.014506 0.064865 0.039883 0.0068445 -0.036546 0.056371 0.070461 0.043214 -0.070469 0.11853 0.13192 -0.017306 -0.085161 0.22445 0.15338 -0.024543 -0.0054965 0.062975 0.017629
176.34 114.64 5.1931 2.0113 -0 0 0 0 -0 0 0 0 -0 0 0 0 -0 0 0 0 -0 0 0 0 9.2593e-05 4.3651e-05 9.2593e-05 4.3651e-05 6.2266e-05 2.9354e-05 6.2266e-05 2.9354e-05 -0 0 0 0 0.0019168 0.0016182 0.0019337 0.0016182 0.12905 0.073482 0.19772 0.17416 -0.050226 0.18621 0.40998 0.65451 -0.060036 0.10281 0.069345 0.14296 0.013133 0.0093889 0.040231 0.018629 0.029012 -0.023219 0.17369 0.10693 0.0335 -0.099173 0.21653 0.25261 0.0045638 -0.021444 0.12915 0.2267
127.76 128.45 5.4793 1.5548 0 0 0 0 0 0 0 0 0 0 0 0 0 0 0 0 0.034932 0.079259 0.076022 0.20627 -0.033708 0.15393 0.088516 0.33132 0.068676 0.14407 0.13239 0.39625 -0.036907 0.096281 0.14099 0.3113 0.027251 -0.04528 0.16105 0.20856 -0.022807 -0.10878 0.15555 0.34693 0.030837 -0.11205 0.18649 0.31802 -0.010282 -0.078866 0.18101 0.18797 -0.0056718 -0.0016299 0.053019 0.047722 -0.006808 -0.0094398 0.050641 0.062347 0.0049077 -0.011102 0.043996 0.043617 0.01883 0.0033886 0.05187 0.050718
177.49 139.27 4.8674 3.3517 0 -0 0 0 0 -0 0 0 0 -0 0 0 0 -0 0 0 0.0072821 0.037185 0.060142 0.13521 -0.016906 0.086879 0.06787 0.16157 -0.012933 0.048856 0.023051 0.049464 -0.00018042 0.00029005 0.00018042 0.00029005 0.010108 -0.020438 0.08405 0.085254 0.18947 0.039067 0.32777 0.30319 -0.16374 0.087457 0.51968 0.28463 -0.014728 0.00032404 0.014728 0.0041987 0.014279 0.0044193 0.052682 0.034922 0.12482 0.016253 0.34836 0.17298 -0.11263 -0.055787 0.30326 0.12588 -0.0019732 -0.00051336 0.0019732 0.00051336
131.64 151.44 5.1929 4.6921 -0.01366 0.0017169 0.031845 0.050252 -0.0050472 0.0014299 0.014452 0.02357 0.013027 0.00067916 0.022294 0.048526 -0.0070834 0.0077946 0.03675 0.040485 -0.01601 0.022499 0.071054 0.068531 -0.004572 0.023595 0.078211 0.092764 0.024271 0.018727 0.081138 0.092427 -0.010178 0.015109 0.099502 0.071698 -0.017552 0.094329 0.19065 0.26354 -0.0092783 0.059325 0.19182 0.43515 0.038521 0.072027 0.20174 0.60598 -0.073208 0.0091802 0.15332 0.20819 -0.0067988 -0.0688 0.070532 0.15391 -0.01592 -0.065803 0.044549 0.12987 0.013677 -0.077918 0.043317 0.17351 -0.017066 -0.030171 0.026236 0.058924
160.62 168.77 4.753 0.80791 0.10157 0.052714 0.20913 0.23732 -0.070825 -0.041289 0.39923 0.49354 -0.059306 -0.067389 0.14862 0.16227 0.0045565 -0.012603 0.046187 0.035233 0.081206 -0.084889 0.18185 0.18427 -0.090646 -0.097089 0.25233 0.31082 -0.03018 0.0043605 0.112 0.1292 0.0015292 -0.0017466 0.038356 0.032257 0.017601 -0.013683 0.028164 0.025672 0.02846 -0.046299 0.10808 0.23577 -0.039835 -0.019376 0.10428 0.1961 -0.015413 -0.0071791 0.021154 0.018041 5.3591e-05 -0.00047042 0.00028242 0.00047042 0.0046265 -0.015623 0.0057277 0.016601 -0.0045587 -0.015539 0.0075094 0.016753 -0.00042824 -0.00059949 0.00042824 0.00059949
189.26 179.69 5.0238 3.5349 0 -0 0 0 0 -0 0 0 0 -0 0 0 0 -0 0 0 1.5422e-16 6.3994e-17 1.5422e-16 6.3994e-17 -0.0010725 0.0051027 0.0010725 0.0051027 -0.0013899 0.0049634 0.0013899 0.0049634 0 -0 0 0 0.035645 0.017414 0.035645 0.021131 0.026689 0.039826 0.20619 0.36653 -0.070672 0.14947 0.21089 0.38861 -0.033419 0.071304 0.051818 0.079738 0.024308 -0.0040604 0.046411 0.027974 0.0087898 -0.029988 0.12795 0.15046 0.13728 0.029288 0.2843 0.33083 -0.047484 0.12049 0.45652 0.3173
68.103 191.88 5.0841 5.5034 0 0 0 0 0 0 0 0 0 0 0 0 0 0 0 0 0 0 0 0 0.00063283 0.00063998 0.00063283 0.00063998 0.0003979 0.0004024 0.0003979 0.0004024 0 0 0 0 0.033624 0.031783 0.053836 0.072184 0.097301 0.035243 0.18125 0.51579 -0.087797 0.071507 0.1666 0.4511 -0.036205 0.022126 0.039673 0.04146 0.070368 0.12461 0.3101 0.2219 -0.092462 0.073035 0.26125 0.3713 -0.032774 -0.043017 0.090197 0.17612 -0.012111 0.0031516 0.03009 0.044311
180.48 192.5 5.1013 3.8626 0 -0 0 0 0 -0 0 0 0 -0 0 0 0 -0 0 0 2.0836e-16 -1.3434e-17 2.0836e-16 1.3434e-17 -0.00035322 0.0004019 0.00035322 0.0004019 -0.00014894 0.00016947 0.00014894 0.00016947 0 -0 0 0 0.018661 0.013542 0.019313 0.017153 0.10218 0.055223 0.20409 0.3396 -0.060554 0.06928 0.20604 0.53823 -0.042853 0.022332 0.07142 0.079775 0.0068279 0.0089408 0.040633 0.030889 0.026199 -0.028043 0.14402 0.14842 0.12129 0.022325 0.28222 0.3869 -0.065419 0.14459 0.27564 0.285
89.332 128.07 7.3185 1.5483 0 0 0 0 0 0 0 0 0 0 0 0 0 0 0 0 -0.011054 0.097822 0.065667 0.25731 0.052244 0.17766 0.18048 0.50718 -0.086914 0.085522 0.15399 0.17549 -0.0011502 0.00037451 0.0011502 0.00037451 -0.016688 -0.073144 0.10911 0.30588 0.032954 -0.14711 0.26923 0.41088 -0.10269 -0.040102 0.28037 0.16488 -0.0081486 0.00066457 0.0081726 0.0021891 -0.010571 -0.0073356 0.021195 0.051093 0.029398 -0.010687 0.059062 0.093888 -0.026209 -0.018286 0.098435 0.076519 -0.002884 -0.0005632 0.002887 0.00072137
113.12 149.38 6.7499 4.639 0.0095591 0.010069 0.014869 0.01438 -0.010287 0.016658 0.031107 0.054699 0.0059346 0.0044635 0.012167 0.029266 -0.0030484 0.009903 0.021853 0.035167 0.030953 0.0061141 0.099303 0.048138 -0.033291 0.048665 0.14912 0.13932 0.012202 0.053065 0.07153 0.13035 -0.011888 0.022742 0.11611 0.091053 0.076059 -0.010367 0.10515 0.061898 0.0040564 -0.022432 0.30583 0.53521 0.0096273 -0.048521 0.1419 0.58535 -0.049766 -0.040135 0.13028 0.29211 0.0089263 -0.0072105 0.0090975 0.009649 -0.0025531 -0.051441 0.034557 0.077648 -0.0023461 -0.034713 0.0093602 0.038924 -0.0016967 -0.014952 0.0049479 0.014952
194.45 183.47 6.2196 3.4708 0 -0 0 0 0 -0 0 0 0 -0 0 0 0 -0 0 0 0 -0 0 0 0 -0 0 0 0 -0 0 0 0 -0 0 0 0.0064271 0.0027427 0.0064271 0.0027427 0.049631 0.043196 0.17545 0.2526 -0.022927 0.13876 0.18532 0.35685 -0.034038 0.088462 0.050663 0.09778 0.013414 0.00025167 0.013493 0.0067154 0.014628 -0.030807 0.15196 0.12222 0.24006 0.065756 0.40004 0.35421 -0.093018 0.061145 0.46439 0.28864
62.955 102.47 10.857 0.80103 0 0 0 0 0 0 0 0 0 0 0 0 0 0 0 0 0 0 0 0 0 0 0 0 0 0 0 0 0 0 0 0 0.003599 0.0058414 0.003599 0.0058414 0.16861 0.16247 0.44378 0.42496 -0.117 0.088628 0.31667 0.28085 -0.0070951 0.0061487 0.012867 0.0085652 0.06556 0.00067922 0.096101 0.091498 0.002684 -0.042766 0.35493 0.40424 -0.022118 -0.043455 0.18355 0.12978 -0.0076735 -0.002562 0.018064 0.0096808
185.8 159.7 9.9098 3.3732 0 -0 0 0 0 -0 0 0 0 -0 0 0 0 -0 0 0 0.00079198 0.001037 0.00079198 0.001037 0.0039312 0.042546 0.036066 0.068327 -0.0088392 0.014763 0.013403 0.024105 0 -0 0 0 0.013611 0.001515 0.014198 0.0051091 0.11292 -0.0060399 0.22529 0.19743 -0.084295 0.056497 0.58182 0.31005 -0.024036 -0.00066904 0.024036 0.009373 0.016124 0.0033282 0.046714 0.027428 0.16913 0.067587 0.27265 0.18284 -0.11429 -0.0066699 0.50583 0.16991 -0.0035537 -0.0014346 0.0035537 0.001484
128.04 95.839 13.123 1.6381 -0 0 0 0 -0 0 0 0 -0 0 0 0 -0 0 0 0 0.00028047 0.00032099 0.00028047 0.00032099 0.0022805 0.0061054 0.0051995 0.006302 0.00019268 1.2981e-05 0.00058307 3.928e-05 3.466e-05 2.335e-06 3.466e-05 2.335e-06 0.03417 0.0050126 0.035316 0.014649 0.052303 -0.0051006 0.20942 0.61077 -0.085911 0.019662 0.32825 0.64983 -0.030784 0.0042012 0.033362 0.030036 0.0093591 -0.0025044 0.0097519 0.005775 0.0029123 -0.045897 0.049917 0.07297 -0.0071981 -0.055304 0.093782 0.12055 -0.007058 -0.0034898 0.0095082 0.0077448
