23 64
100.8 118.22 2.0594 1.3319 0 0 0 0 0 0 0 0 0 0 0 0 0 0 0 0 0.07145 0.16787 0.1184 0.17894 -0.063059 0.28159 0.21256 0.31236 -0.066677 0.059636 0.085267 0.068005 0 0 0 0 0.012056 -0.02427 0.30367 0.34859 -0.15021 -0.18458 0.29748 0.42838 -0.10634 -0.048223 0.12611 0.1172 0 0 0 0 -0.065219 -0.082062 0.11367 0.15224 -0.014272 -0.022567 0.030051 0.053358 0.04093 0.035367 0.054108 0.068654 -0.0028942 0.090652 0.090136 0.099592
131.64 118.09 1.8378 1.2178 0 0 0 0 0 0 0 0 0.0042765 0.0020302 0.0042765 0.0020302 0.018452 0.072902 0.039469 0.074851 0.032584 0.039104 0.034684 0.066715 0.026965 0.19227 0.093659 0.26365 0.056384 0.18948 0.16256 0.20467 0.042018 0.002083 0.24515 0.25129 0.065759 0.013766 0.10429 0.14245 0.064462 -0.12916 0.22331 0.42992 0.037964 -0.12331 0.22675 0.40889 -0.093198 -0.088311 0.17709 0.2045 0.010625 -0.010245 0.040294 0.036112 -0.0090081 -0.035341 0.027146 0.043804 0.0020664 -0.044053 0.018788 0.044972 0.0045756 0.0089191 0.022105 0.04822
110.55 123.86 2.0805 4.9467 -0.0017713 -0.042627 0.037814 0.055446 -0.00024678 -0.051235 0.043171 0.12747 0.012463 -0.034397 0.028005 0.10734 0.0084887 -0.040417 0.029584 0.08595 0.028191 0.030054 0.031421 0.034871 -0.018227 0.1339 0.084866 0.14815 0.068834 0.15622 0.1202 0.23326 -0.045529 0.097089 0.078023 0.14399 0.059611 -0.028694 0.084648 0.077322 0.12806 -0.04456 0.26591 0.45804 -0.075884 -0.049985 0.27452 0.48528 0.027447 -0.032533 0.19414 0.23411 0.0012428 -0.0046148 0.0026763 0.0046148 0.029384 -0.07201 0.035374 0.081768 -0.0202 -0.062168 0.031616 0.067521 0.032793 -0.048247 0.04071 0.054164
82.389 156.31 2.0911 5.7658 0 0 0 0 0 0 0 0 0 0 0 0 0 0 0 0 0 0 0 0 0.045136 0.044188 0.045136 0.075854 0.0012411 0.12187 0.038951 0.13255 -0.015023 0.034189 0.018412 0.036546 0.078637 0.065286 0.078637 0.065476 0.11505 0.28793 0.20717 0.42729 -0.010553 0.12671 0.18597 0.29003 -0.089307 0.047774 0.11166 0.10509 0.092176 -0.024439 0.092176 0.099001 -0.032407 -0.069462 0.24708 0.45516 -0.033562 -0.043163 0.12782 0.30444 0.0017785 0.014172 0.10459 0.12399
165.81 156.77 1.8468 3.576 -2.1529e-16 4.184e-17 3.365e-16 1.918e-16 -4.839e-17 1.4134e-18 4.839e-17 1.4134e-18 0 -0 0 0 0 -0 0 0 0.040184 0.078638 0.046104 0.078889 0.017481 0.20194 0.084277 0.22087 -0.10807 0.15638 0.14586 0.1941 -0.0092597 0.015411 0.010943 0.017183 0.05298 0.0029544 0.10268 0.10324 0.014135 -0.070897 0.19191 0.27905 -0.042408 0.12159 0.42688 0.42796 -0.12269 0.046487 0.13956 0.090606 -0.016482 -0.030419 0.079229 0.067205 0.0095757 -0.04232 0.095175 0.15925 0.035881 -0.14218 0.20827 0.31163 -0.043628 -0.037804 0.056902 0.058275
133.79 161.44 1.6066 1.0822 0.0040938 0.0070119 0.0040938 0.0070119 0.070684 0.01675 0.11537 0.17432 -0.048037 -0.041821 0.18465 0.27969 0.02496 0.00011994 0.10702 0.12432 -0.01542 0.026101 0.077644 0.13308 0.057734 0.021862 0.16075 0.28578 -0.0036596 0.078015 0.1493 0.30423 0.08194 0.071241 0.13679 0.18132 -0.023274 0.10562 0.10254 0.23783 0.065848 0.065104 0.2191 0.29288 0.07148 0.019298 0.17753 0.26246 -0.031909 -0.060462 0.14466 0.21631 -0.041036 -0.048403 0.073118 0.11927 -0.046856 -0.056945 0.090766 0.12743 -0.0054196 -0.097024 0.065532 0.11205 -0.023738 -0.052704 0.033639 0.054634
167.95 163.44 1.992 3.6342 1.2997e-16 6.9761e-17 1.2997e-16 6.9761e-17 4.7278e-17 2.5376e-17 4.7278e-17 2.5376e-17 0 -0 0 0 0 -0 0 0 0.007232 0.011705 0.0073142 0.011928 0.014191 0.10199 0.031822 0.10199 -0.01949 0.11278 0.0265 0.11506 -0.0055515 0.0057407 0.0055515 0.0075316 0.086183 0.06477 0.10601 0.08913 0.065605 0.12501 0.15921 0.26325 -0.058736 0.20355 0.32766 0.44909 -0.10371 0.12546 0.14636 0.15027 0.02238 -0.011035 0.083962 0.064208 -0.022036 -0.11244 0.12277 0.19049 0.15219 -0.095202 0.24761 0.34979 -0.11567 -0.038759 0.2021 0.18081
113.12 116.5 2.6563 1.4393 0 0 0 0 0 0 0 0 0 0 0 0 0 0 0 0 -0.0035849 0.075243 0.020359 0.075378 0.067847 0.14132 0.11055 0.18615 -0.059378 0.15882 0.14096 0.24413 -0.01237 0.0075696 0.015152 0.012219 0.032488 -0.02291 0.15352 0.31992 -0.015656 -0.069771 0.36708 0.50139 -0.1189 -0.12636 0.21248 0.32403 -0.018619 0.0049491 0.026184 0.03038 0.0098189 -0.019217 0.018271 0.035358 -0.0041109 -0.00062554 0.070434 0.14552 0.0074655 0.042147 0.057728 0.1981 0.014413 0.045245 0.12031 0.13284
123.2 126.5 2.6594 4.6755 -0.037343 -0.019993 0.09025 0.12879 0.0046644 -0.021347 0.078182 0.2426 -0.029468 -0.022977 0.058075 0.11465 0.064506 -0.021662 0.07915 0.072472 -0.017187 -0.01565 0.044514 0.097714 0.063886 0.10911 0.12075 0.27774 -0.053772 0.14402 0.098436 0.22695 -0.0013896 0.020604 0.055263 0.083075 0.081375 -0.011635 0.10605 0.17712 -0.042893 -0.098497 0.29369 0.4743 -0.015083 -0.11049 0.22362 0.42618 -0.056221 -0.023346 0.10216 0.15462 0.0061938 -0.015646 0.007342 0.015675 -0.0071335 -0.035253 0.017287 0.035321 0.0017802 -0.022992 0.0077352 0.022992 -0.0018327 -0.0085054 0.0040595 0.010045
123.46 148.09 2.6974 1.8014 0.0043029 0.0038762 0.037909 0.051697 0.0659 -0.078946 0.14776 0.18096 0.012231 -0.064353 0.17526 0.33119 -0.041652 -0.038016 0.09213 0.15452 -0.069256 0.011719 0.118 0.11638 0.041712 0.064475 0.082108 0.1698 -0.021395 0.0041722 0.087165 0.27895 0.021577 0.047868 0.070865 0.17396 -0.038947 0.063518 0.15252 0.13653 -0.015986 0.077438 0.18445 0.28577 0.019255 0.052538 0.1685 0.34167 0.071466 0.041967 0.17288 0.25338 0.030454 -0.046675 0.054512 0.072515 -0.0014091 -0.033178 0.095237 0.22175 -0.040729 -0.03263 0.12161 0.18283 -0.00016682 -0.054218 0.054054 0.081024
102.16 153.65 2.5108 2.7713 -0.035698 0.016261 0.11684 0.069501 -0.017477 0.013288 0.22206 0.12097 -0.010598 -0.0021042 0.16439 0.091612 0.046734 -0.02988 0.20065 0.15855 0.026544 -0.063428 0.18272 0.16115 -0.062226 0.051324 0.29398 0.26075 -0.040722 0.078702 0.3575 0.2309 0.02451 -0.028085 0.10361 0.088464 0.033249 -0.047144 0.046773 0.056114 0.084639 -0.044846 0.18003 0.21567 -0.030479 -0.031485 0.27238 0.39122 -0.08823 -0.014328 0.11055 0.096643 0.0015741 -0.00075161 0.0015741 0.00075161 0.026517 -0.053699 0.031096 0.056105 -0.020644 -0.076229 0.03965 0.078235 -0.0094007 -0.012569 0.0098411 0.012569
150.78 154.01 2.8239 0.63574 0.0023404 -0.037672 0.06977 0.080572 -0.023448 -0.033204 0.032337 0.04265 0.017847 -0.0050345 0.13906 0.10458 0.041572 0.024787 0.10036 0.083893 0.065901 0.044986 0.084097 0.078325 -0.055635 0.17418 0.21847 0.32217 0.061699 0.062465 0.16494 0.20489 0.029396 -0.0087586 0.12542 0.15059 0.12911 -0.034357 0.14296 0.092345 0.020243 -0.038641 0.38883 0.47539 -0.081598 -0.0075916 0.19136 0.28477 -0.052095 -0.058872 0.073667 0.078713 0.0066034 -0.0058331 0.006697 0.0067375 0.028027 -0.088677 0.048996 0.10731 -0.033014 -0.089632 0.043788 0.098588 -0.0067252 -0.0079617 0.0068191 0.0082396
105.43 120.2 3.4904 5.0092 0.023935 -0.0068659 0.023935 0.01103 0.014032 -0.090808 0.14492 0.15756 -0.028958 -0.048515 0.10336 0.26248 -0.0029583 -0.020372 0.063426 0.14595 0.00019245 -0.00026234 0.00019245 0.00026234 0.068058 0.057304 0.11913 0.15334 0.040213 0.23712 0.15349 0.33919 -0.045914 0.075912 0.10193 0.1786 0 0 0 0 0.093905 -0.072918 0.11644 0.15125 0.0029729 -0.16105 0.23545 0.49881 0.044575 -0.095268 0.24994 0.29395 0 0 0 0 0.00025301 -0.00082711 0.00025301 0.00082711 -0.00097571 -0.011762 0.0030281 0.011762 0.015375 -0.028421 0.022237 0.033704
89.327 143.47 3.6471 2.1158 0.030407 -0.026294 0.12569 0.13608 -0.0448 -0.067953 0.25975 0.4072 -0.06471 0.00082594 0.087324 0.078409 -0 0 0 0 -0.02095 0.075193 0.19127 0.27264 -0.004094 0.088132 0.31102 0.30518 -0.071986 0.028473 0.11184 0.083375 -0 0 0 0 0.00032574 -0.061594 0.14949 0.26231 -0.045779 -0.11333 0.3122 0.34317 -0.10018 -0.04414 0.12367 0.095305 -0 0 0 0 0.0040386 -0.021748 0.010444 0.021748 -0.0061638 -0.038863 0.018852 0.039025 -0.0047804 -0.0056278 0.0047871 0.0056787 -0 0 0 0
120.14 159.57 3.6304 1.809 -0.034891 0.047081 0.12477 0.1247 0.040381 -0.028687 0.10182 0.15522 -0.0013422 -0.054324 0.13595 0.28581 -0.027574 -0.010785 0.041447 0.079589 -0.0739 0.012368 0.23501 0.19386 -0.018502 0.096883 0.17932 0.27326 0.0034211 0.070993 0.18084 0.33257 -0.025653 0.063428 0.1864 0.17805 0.041531 -0.082834 0.087219 0.12546 0.036117 -0.10305 0.17109 0.34994 -0.041351 -0.096416 0.20371 0.31309 -0.043414 -0.076105 0.1044 0.10941 0.0019962 -0.0037312 0.0019962 0.0037312 0.0069472 -0.038588 0.011232 0.04097 -0.0051659 -0.028692 0.012968 0.029813 -0.00093692 -0.0054248 0.0021533 0.0054248
113.02 171.35 3.6359 5.1329 0 0 0 0 0 0 0 0 0 0 0 0 0 0 0 0 0.026075 0.067836 0.054643 0.068992 0.0072215 0.1525 0.095175 0.1757 -0.03886 0.17025 0.083811 0.21796 -0.017518 0.023969 0.018031 0.024997 0.037353 -0.027377 0.20666 0.23257 -0.012486 -0.025629 0.2539 0.43151 0.01581 -0.066734 0.27468 0.37157 -0.047421 0.090632 0.15742 0.17857 0.00094251 0.021366 0.058768 0.10783 -0.014157 0.042577 0.11919 0.24603 -0.0050743 -0.045528 0.088834 0.1319 0.07175 0.02359 0.21751 0.16859
175.78 165.55 5.1547 3.6252 0 -0 0 0 0 -0 0 0 0 -0 0 0 0 -0 0 0 3.1465e-06 -5.9905e-06 3.1465e-06 5.9905e-06 -0.00062925 0.001198 0.0006459 0.0012297 -0.00018599 0.00035409 0.00018599 0.00035409 0 -0 0 0 0.034131 0.023464 0.034131 0.025162 0.1951 0.10739 0.29928 0.45497 -0.15268 0.11286 0.41172 0.46021 -0.019815 0.0012082 0.019815 0.0099598 0.064107 0.028393 0.14807 0.087304 -0.046724 -0.0503 0.25705 0.21574 -0.031477 -0.021451 0.21558 0.17515 -0.015165 0.010031 0.031522 0.018952
100.1 172.4 5.0433 5.0851 0 0 0 0 0 0 0 0 0 0 0 0 0 0 0 0 0.00511 0.0052273 0.00511 0.0052273 0.0067434 0.087378 0.037572 0.087378 -0.0013167 0.15067 0.043724 0.15067 -0.010829 0.032055 0.012048 0.032055 0.085652 0.0020383 0.085652 0.053934 0.021979 -0.0096294 0.33062 0.34937 0.010341 0.015079 0.28585 0.48878 -0.036121 0.081697 0.18408 0.23262 0.025382 -0.011564 0.025382 0.020388 0.017546 0.023638 0.17432 0.25909 -0.033995 0.017244 0.14076 0.22426 0.094684 -0.027202 0.22359 0.18868
126.96 171.63 4.9627 4.7232 0 0 0 0 9.7624e-06 3.0727e-05 5.0809e-05 3.1171e-05 -1.0316e-05 2.0414e-05 5.0919e-05 2.1077e-05 0 0 0 0 0.012156 0.031097 0.015179 0.031097 0.044643 0.13803 0.085397 0.21736 -0.026954 0.15192 0.07083 0.19076 -0.020622 0.052794 0.029087 0.0531 0.037762 0.033486 0.17765 0.1512 -0.017049 -0.06375 0.21075 0.42078 0.11439 -0.085945 0.26106 0.33864 -0.083456 0.015022 0.31156 0.21187 0.016768 -0.02971 0.077363 0.090973 0.0028436 0.039962 0.13745 0.32694 -0.0026249 0.021429 0.12193 0.20422 -0.016197 -0.043599 0.083084 0.076586
173.03 171 5.4331 3.6673 0 -0 0 0 0 -0 0 0 0 -0 0 0 0 -0 0 0 7.4566e-06 2.8062e-05 7.4566e-06 2.8062e-05 -0.00090004 0.0016596 0.00093946 0.0016596 -0.0010869 0.0018763 0.0010879 0.0018763 0 -0 0 0 0.017934 0.018764 0.017934 0.018764 0.16069 0.094983 0.23221 0.3611 -0.15226 0.074322 0.42419 0.57069 -0.038293 0.0043628 0.041317 0.038071 0.0644 0.030578 0.11128 0.067483 -0.040831 -0.039438 0.24075 0.23961 -0.039324 -0.085513 0.19589 0.22148 -0.023206 0.0075225 0.044695 0.031858
141.69 179.56 5.7191 4.6511 0 -0 0 0 0 -0 0 0 0 -0 0 0 0 -0 0 0 0.0065263 0.015653 0.0065263 0.015653 0.0032522 0.11369 0.022626 0.11369 -0.0096197 0.057425 0.010478 0.057425 -0.00060107 0.0011821 0.00060107 0.0011821 0.03156 0.055665 0.16185 0.15335 -0.024921 -0.040663 0.18711 0.44855 -0.030597 0.043157 0.45587 0.45543 -0.051806 0.011087 0.070121 0.042795 0.012718 -0.028541 0.10429 0.13413 -0.0188 0.020722 0.1452 0.35111 -0.011333 -0.062886 0.17053 0.1929 -0.013086 -0.0091855 0.021999 0.016433
125.53 166.11 6.3877 1.6039 0.0033107 0.033382 0.024946 0.033382 0.032921 0.016144 0.10172 0.20884 -0.029611 0.023618 0.12348 0.30617 -0.012308 0.01544 0.019846 0.031999 0.073146 0.0017129 0.29512 0.21377 -0.05268 0.082081 0.30682 0.40847 0.061244 0.044673 0.226 0.4067 -0.060236 -0.0030965 0.13192 0.098566 0.026756 -0.045657 0.052952 0.05792 0.023034 -0.11791 0.11072 0.24848 -0.03046 -0.10624 0.10094 0.2155 -0.014889 -0.021576 0.020595 0.024938 -0 0 0 0 -0 0 0 0 -0 0 0 0 -0 0 0 0
143.98 182.75 6.644 4.6981 0 -0 0 0 0 -0 0 0 0 -0 0 0 0 -0 0 0 0.0049979 0.01182 0.0049979 0.01182 -0.0020986 0.10854 0.025514 0.10854 -0.0041485 0.033279 0.0043505 0.033279 0 -0 0 0 0.045797 0.032818 0.16847 0.17949 0.01264 -0.036578 0.22989 0.48704 -0.085672 0.045172 0.48716 0.38594 -0.03018 0.0031481 0.03018 0.014573 0.025077 -0.025415 0.085997 0.12248 -0.016405 -0.010989 0.14888 0.3489 -0.021259 -0.063698 0.16242 0.14542 -0.0082974 -0.0032863 0.0082974 0.0054266
