49 64
110.22 122.23 2.3549 1.284 0 0 0 0 0 0 0 0 0 0 0 0 0 0 0 0 0.03298 0.030586 0.03298 0.047421 0.055648 0.25796 0.13584 0.36182 -0.098029 0.14756 0.12427 0.1674 -0.011071 0.0067144 0.015945 0.01307 0.014365 0.002552 0.17069 0.22454 0.016477 -0.16774 0.21744 0.47277 -0.069505 -0.071952 0.31052 0.37781 -0.035987 0.0056782 0.093277 0.10365 -0.0084818 -0.028536 0.050714 0.093355 0.011056 -0.015601 0.075013 0.1097 0.00041983 -0.01249 0.083663 0.10093 -0.010225 0.00052855 0.038313 0.046586
172.47 124.05 1.8675 1.7501 -0 0 0 0 -0 0 0 0 -0 0 0 0 -0 0 0 0 -0 0 0 0 0.0050737 0.029603 0.0050737 0.029603 -0.00057731 0.02061 0.0025026 0.02061 -0.00025905 7.9232e-05 0.00029975 7.9232e-05 0.068457 0.05014 0.069713 0.074576 0.085817 0.16144 0.13015 0.44837 -0.13647 0.26954 0.36589 0.44169 -0.069971 0.042161 0.086323 0.052309 0.050183 -0.013154 0.076316 0.056439 0.03067 -0.088545 0.12969 0.2566 0.0038479 -0.11935 0.2294 0.28058 -0.045929 0.017472 0.15309 0.12887
130.3 128.5 1.9877 4.7059 -0.011122 0.008639 0.033444 0.042019 -0.0014655 0.0080201 0.028357 0.040817 0.0059949 -0.0058542 0.027029 0.030834 0.026928 -0.011936 0.079846 0.081396 -0.0067578 0.028818 0.074456 0.13076 -0.0096929 0.078619 0.10622 0.22786 0.027577 0.11276 0.17279 0.14079 -0.015884 0.010683 0.1463 0.083924 -0.049311 0.017073 0.17979 0.38848 -0.008557 -0.033319 0.22813 0.36322 -0.015166 -0.052237 0.29867 0.53252 -0.067301 -0.022696 0.12102 0.079981 -0.0084796 -0.060148 0.023402 0.072872 -0.0049436 -0.035035 0.024852 0.047645 -0.0046153 -0.050707 0.018918 0.06409 -0.0037065 -0.005893 0.0045013 0.0065543
79.373 129.84 2.3449 1.3716 0 0 0 0 0.00071714 0.0036418 0.0017435 0.0036837 -0.00038237 0.0026465 0.0011455 0.0026522 0 0 0 0 -0.0068026 0.0033286 0.014906 0.014504 0.1473 0.22224 0.23901 0.29358 -0.10602 0.20564 0.16038 0.29659 -0.029211 0.041849 0.030166 0.047835 -0.017326 0.021208 0.13069 0.12511 0.15551 -0.098734 0.38825 0.34733 -0.13397 -0.11506 0.23806 0.30734 -0.060305 -0.012491 0.10628 0.090871 0.012683 0.0044113 0.069774 0.055215 0.03178 -0.040131 0.1501 0.0833 -0.037646 -0.023129 0.11997 0.080526 -0.0078892 -0.0029411 0.06091 0.027989
107.98 132.31 1.9111 4.1325 -0.0052005 0.014369 0.032715 0.030005 -0.0046337 0.016646 0.070356 0.078203 0.0054844 0.024839 0.055634 0.070003 0.003479 0.027451 0.048249 0.061668 -0.0011504 0.0059577 0.065435 0.057483 0.01216 0.073546 0.12984 0.20484 0.017573 0.10217 0.13389 0.23159 0.017381 0.08323 0.18873 0.19098 -0.027235 0.029238 0.095867 0.071814 0.082486 -0.0057017 0.22052 0.30841 0.11036 0.039624 0.29164 0.55158 -0.14203 -0.081519 0.20784 0.26851 -0.056853 -0.0071083 0.068305 0.037227 0.017345 -0.012024 0.021542 0.024071 0.0042696 -0.074355 0.039819 0.076539 -0.014743 -0.025208 0.016133 0.025839
124.59 138.48 2.0501 2.8282 0.0054598 -0.044637 0.046727 0.083842 0.012151 -0.012701 0.072424 0.12721 0.12861 -0.041378 0.22908 0.28958 -0.084311 0.013859 0.16594 0.10607 -0.0046752 -9.4534e-05 0.078875 0.046829 0.00021935 0.022241 0.075232 0.069992 0.12713 -0.046232 0.32385 0.17449 -0.045571 0.05568 0.26595 0.21572 0.0049109 0.0016668 0.043524 0.036192 0.016996 0.013304 0.077956 0.070563 0.019053 0.013647 0.19804 0.13723 0.099337 0.015797 0.48999 0.205 0.013164 -0.0027282 0.030994 0.027599 0.022914 -0.0085903 0.087353 0.070797 0.021645 0.0085015 0.12916 0.10097 0.020193 -0.04811 0.18376 0.16174
72.166 139.35 2.2025 4.763 0.018312 0.0013288 0.020163 0.0056502 0.02337 -0.0025374 0.11681 0.035121 0.011909 0.02022 0.12281 0.051346 -0.0093945 0.005451 0.081641 0.044199 0.037671 0.0004337 0.041536 0.011724 0.011218 0.058274 0.17983 0.094083 0.050603 0.072366 0.23546 0.13844 -0.052956 0.025643 0.17149 0.090313 0.02084 -0.0045657 0.020848 0.0067405 0.14582 -0.050238 0.21811 0.2283 0.10968 0.084614 0.36047 0.53739 -0.1571 -0.014611 0.24106 0.20202 0.00021922 -0.00020827 0.00021922 0.00020827 0.039146 -0.044454 0.039146 0.051214 0.020249 -0.16063 0.11908 0.21031 -0.036709 -0.037902 0.043423 0.047599
83.895 140.18 1.8099 3.2679 0.018012 -0.0013073 0.038137 0.048115 -0.026251 -0.0073918 0.059526 0.095558 0.036032 -0.04181 0.17763 0.20994 0.00013951 -0.077214 0.09771 0.15347 0.011043 0.0063219 0.064977 0.11027 0.03214 0.064111 0.12269 0.21985 -0.040576 0.19759 0.22316 0.28984 -0.032427 0.040686 0.049641 0.056014 0.015539 -0.0090394 0.049246 0.11676 0.065997 -0.040109 0.12372 0.21488 0.078094 -0.011028 0.48887 0.33392 -0.14083 -0.0032263 0.18374 0.10724 -9.5429e-05 -0.0060964 0.023644 0.059444 0.044542 -0.014935 0.066314 0.1171 -0.023123 -0.10874 0.16594 0.15248 -0.029397 -0.026914 0.035171 0.028262
182.29 143.63 2.0162 3.5498 -0.0071579 0.010059 0.0073998 0.016864 0.0060816 0.011666 0.0075985 0.019246 -0.004352 0.013472 0.01384 0.017367 0 -0 0 0 -0.055897 0.023234 0.07035 0.11421 0.029631 0.076636 0.058546 0.13084 -0.0056318 0.068838 0.14992 0.13084 -0.011819 0.012174 0.015721 0.012627 0.0045619 -0.013296 0.065803 0.10035 0.069379 0.088755 0.29303 0.23987 -0.033543 0.22151 0.41046 0.25655 -0.08543 0.039357 0.11343 0.048256 0.021991 0.012881 0.041224 0.056144 0.17116 0.055242 0.32049 0.13194 -0.079891 0.054039 0.44393 0.19731 -0.091746 -0.01205 0.10896 0.035348
97.606 149.69 2.3514 3.5221 -0.015494 0.012632 0.060594 0.031044 0.0048952 0.00093654 0.021662 0.032785 0.019936 0.0089177 0.17354 0.12211 0.0059811 0.038481 0.11886 0.09014 -0.013319 -0.0032895 0.084496 0.083526 0.062329 0.068517 0.12608 0.15833 0.0010051 0.019292 0.16804 0.20113 0.025147 0.078332 0.19283 0.26134 0.0072171 0.020658 0.12392 0.12682 0.030471 0.016515 0.1757 0.27809 -0.045909 0.020918 0.19249 0.22104 0.059444 -0.056726 0.21966 0.37605 -0.0025112 0.0091012 0.075932 0.10355 0.053282 0.031435 0.127 0.15853 0.04572 0.13021 0.26133 0.2356 -0.085361 0.087721 0.14263 0.11371
77.891 152.25 2.0013 5.7933 0.011063 0.022304 0.021964 0.031518 0.0098252 0.0099849 0.05884 0.11886 0.018311 -0.0068257 0.060738 0.20022 0.00096352 0.011607 0.038065 0.11026 -0.033142 0.042429 0.13076 0.11425 -0.0064855 0.020427 0.1577 0.20767 -0.0066007 -0.052036 0.11027 0.33436 0.0090803 -0.0078448 0.076263 0.19346 -0.073117 0.18686 0.2778 0.23706 -0.072669 0.086626 0.20171 0.28228 -0.040545 0.010542 0.11491 0.25245 -0.014672 -0.0036845 0.075796 0.12531 -0.038152 -0.15613 0.17893 0.25349 -0.076715 -0.075152 0.1529 0.21241 0.010318 0.0066745 0.1228 0.14704 -0.020252 -0.0014764 0.047021 0.043119
104.25 155.4 2.0979 3.7229 -0.0011771 0.015705 0.07052 0.030526 -0.01553 0.0050875 0.02298 0.010177 0.022498 0.018915 0.078289 0.051984 0.0061724 -0.0012536 0.064916 0.049818 -0.0079078 -0.0075226 0.15071 0.098746 -0.039124 0.017231 0.086772 0.089961 0.029425 0.019877 0.22753 0.20831 0.018117 0.094314 0.19356 0.17578 -0.0041273 0.029296 0.14011 0.14697 0.076637 0.05014 0.19564 0.24944 -0.061456 0.014833 0.20927 0.28248 0.025519 0.072848 0.17008 0.328 0.021691 0.0012663 0.11684 0.090995 0.006004 0.047829 0.20144 0.20103 -0.030249 0.045643 0.18321 0.18707 0.047149 -0.05733 0.16754 0.34723
175.94 158.03 1.9235 2.1564 0.0012934 0.0006208 0.0012934 0.00063296 0.015981 -0.013715 0.049383 0.041635 0.10014 -0.00089187 0.12324 0.12021 0.037818 -0.061135 0.071146 0.18583 0.0014614 0.0050468 0.0090987 0.0055613 0.017616 0.02798 0.076947 0.043638 0.025641 -0.048634 0.13415 0.13564 0.021652 -0.063124 0.079148 0.16479 0.07264 0.046297 0.10291 0.059583 -0.024176 0.23248 0.38788 0.23554 -0.088539 0.044608 0.18186 0.090455 0.014952 -0.01384 0.045463 0.041587 0.095207 0.013835 0.16388 0.05069 -0.038519 0.04257 0.53339 0.27799 -0.18196 0.048645 0.20259 0.08174 -0.00029802 -0.00089681 0.01171 0.008829
79.757 159.54 2.0063 2.848 -0.0034662 -0.014945 0.060583 0.081765 0.026774 0.016655 0.10694 0.12847 0.013681 0.0093051 0.15218 0.21597 0.046011 0.065172 0.10248 0.1737 0.0029813 0.030969 0.12308 0.1575 0.013052 -0.0062125 0.13413 0.26411 0.0631 -0.050865 0.12944 0.29708 0.070669 -0.058602 0.16159 0.21524 -0.014297 0.035686 0.12006 0.17621 -0.0050289 0.023514 0.15788 0.41907 -0.0024011 0.00051733 0.1059 0.38455 0.027129 -0.022657 0.11096 0.16512 0.0055148 -0.036626 0.032039 0.067585 0.0040706 -0.028798 0.062177 0.16978 -0.029352 -0.034436 0.057473 0.15343 -0.0038545 -0.024144 0.025887 0.058148
63.868 165.45 2.1812 2.7776 0.0026825 0.022376 0.11381 0.17763 0.0026963 0.029557 0.12374 0.34398 0.015127 -0.035315 0.13463 0.29565 0.035675 -0.035054 0.12657 0.15738 -0.019601 -0.026067 0.10355 0.19568 -0.0033224 0.025869 0.15224 0.47149 -0.053313 -0.023268 0.16704 0.46117 -0.0062336 -0.049861 0.081353 0.1697 0.010558 -0.049092 0.019318 0.050877 0.015985 -0.13053 0.051113 0.18859 -0.044705 -0.089286 0.054342 0.13114 -0.0070844 -0.018739 0.0081038 0.021802 -0 0 0 0 -1.4171e-05 -3.7196e-05 1.4171e-05 3.7196e-05 -2.2901e-05 -6.0112e-05 2.2901e-05 6.0112e-05 -0 0 0 0
83.521 165.41 1.9491 2.6708 0.0012611 -6.7274e-06 0.069595 0.091409 -0.0013281 0.008305 0.090684 0.09687 0.0010887 0.0038099 0.13248 0.18447 0.029331 0.047212 0.10141 0.16078 0.026249 -0.0029736 0.079879 0.084643 0.015296 0.029901 0.16011 0.23426 0.057392 0.0024473 0.16054 0.29631 0.05049 -0.048592 0.13672 0.20157 0.0039758 0.083735 0.094939 0.14694 0.0117 0.047209 0.17659 0.3955 -0.01258 -0.0089451 0.13467 0.42888 -0.013687 -0.032071 0.11368 0.20737 0.010638 -0.040497 0.038559 0.09227 -0.019164 -0.021648 0.066323 0.16376 -0.018995 -0.020225 0.074098 0.22248 -0.031054 -0.035482 0.054681 0.097389
69.63 167.89 2.0275 2.6006 0.021683 0.013892 0.081702 0.1021 -0.0048659 0.033325 0.099016 0.22276 0.023928 0.0018143 0.10585 0.23484 -0.0012042 -0.050979 0.12925 0.14042 -0.005879 0.07422 0.10028 0.21028 0.004338 -0.00298 0.14242 0.47356 -0.01077 0.032441 0.20138 0.47358 -0.0049656 -0.027767 0.11231 0.19946 -0.010317 -0.069264 0.044653 0.12463 0.00032179 -0.092933 0.077987 0.22184 -0.055745 -0.09116 0.1187 0.26022 -0.029628 -0.03836 0.045785 0.081003 -0.00031786 -0.0069295 0.0020095 0.0069295 0.0012031 -0.016458 0.0030765 0.016458 -0.0026049 -0.02085 0.0043887 0.02085 -0.00091275 -0.0016948 0.00091275 0.0016948
99.985 169.21 2.0078 2.4416 -0.0003052 -7.5563e-05 0.0003052 0.0003136 0.01278 -0.010091 0.018181 0.019036 0.056514 -0.020563 0.17262 0.15239 -0.011807 0.020295 0.14647 0.13128 0.0293 -0.0005277 0.04673 0.0866 0.017176 0.08766 0.14784 0.2996 0.011241 0.046954 0.19684 0.20678 0.0058875 -0.031273 0.20581 0.2605 0.0041932 -0.0064762 0.012787 0.019905 0.041191 -0.060502 0.12372 0.21266 0.016583 0.046504 0.22443 0.34268 0.052461 -0.03401 0.15021 0.25454 0.0078388 0.019142 0.026195 0.034957 0.024724 0.091611 0.064161 0.13228 0.033904 0.02988 0.133 0.32954 0.01093 0.02818 0.06708 0.28855
169.51 172.62 2.2708 1.1569 0.0072462 -0.010609 0.021608 0.019036 -0.01278 0.021171 0.036316 0.031864 -0.0056221 0.0080262 0.011497 0.012552 -0.00041405 -0.00041542 0.0010819 0.00096729 0.042841 0.01198 0.057504 0.050709 0.068075 0.14801 0.16931 0.24701 -0.049349 0.2098 0.11907 0.23643 0.0072273 0.18005 0.047119 0.20399 0.027721 -0.01297 0.036563 0.031771 0.11916 -0.15062 0.17956 0.33128 0.01732 -0.11838 0.14614 0.44428 0.0060779 -0.049748 0.11377 0.47 0.00089784 -0.0032414 0.002518 0.0034312 0.014275 -0.026051 0.02 0.046577 0.0094138 -0.05446 0.022906 0.099601 -0.0005737 -0.046007 0.012488 0.089082
75.755 174.12 1.7635 2.3155 -0.0019244 -0.012409 0.056201 0.082551 0.0064888 0.024486 0.11783 0.17801 0.013228 0.0094287 0.1074 0.20393 -0.00021866 -0.023211 0.13755 0.12628 0.028955 0.059399 0.053056 0.1191 0.038634 0.053691 0.10656 0.47319 0.017518 0.062712 0.15275 0.50156 -0.021619 0.0093511 0.18357 0.22432 0.03264 -0.019559 0.05432 0.15865 -0.032247 -0.024896 0.073677 0.27751 -0.020224 -0.083511 0.08421 0.2694 -0.041471 -0.060964 0.06609 0.10987 0.0057566 -0.026456 0.0064702 0.027423 -0.0095009 -0.044918 0.013461 0.046879 -0.0062465 -0.026385 0.0069651 0.026453 -0.0016848 -0.0052819 0.00174 0.0052819
68.031 180.04 2.2117 5.7224 0 0 0 0 0 0 0 0 0 0 0 0 0 0 0 0 0.011107 0.080874 0.019623 0.080874 -0.009924 0.10972 0.019026 0.10972 -0.0050529 0.10415 0.023619 0.10415 -0.0040678 0.014291 0.004666 0.014291 0.032148 0.036803 0.11296 0.27736 0.0198 -0.0013826 0.14034 0.44729 0.02719 -0.0059679 0.1138 0.33609 -0.074957 0.086736 0.096994 0.18325 0.012304 0.0030633 0.11479 0.29215 0.010097 -0.069016 0.11623 0.43519 -0.030779 -0.044777 0.14532 0.30815 -0.0096214 -0.070352 0.051069 0.10476
83.621 180.07 1.9947 2.3207 0.015327 -0.02138 0.022753 0.0476 0.0060595 -0.03423 0.09486 0.16305 0.025735 0.015812 0.13992 0.18521 0.0043869 -0.020437 0.093446 0.15029 0.0088865 0.02808 0.018671 0.037345 0.084889 0.052329 0.11061 0.22222 0.035038 -0.0061917 0.13951 0.49333 0.012958 -0.00013237 0.1437 0.40729 0.086247 -0.016022 0.094708 0.094995 0.048718 0.013913 0.10307 0.31596 -0.03074 -0.021693 0.095262 0.3455 -0.0018066 -0.053198 0.079675 0.20095 0.011398 -0.015209 0.011888 0.016777 0.0090203 -0.077009 0.021063 0.081827 -0.014036 -0.082143 0.020426 0.086801 -0.0055752 -0.023923 0.007267 0.023965
152.63 180.33 2.1091 1.2161 -0.0061372 0.0083422 0.010338 0.010098 -0.00073927 -0.00028065 0.0030197 0.0031755 -1.3497e-05 4.9981e-06 1.3497e-05 4.9981e-06 3.9519e-05 5.6117e-05 0.00038062 0.00076571 -0.030296 0.10581 0.080659 0.14113 -0.005834 0.23108 0.055044 0.23906 -0.051344 0.14129 0.066478 0.19356 -0.015048 0.046253 0.02234 0.05886 0.019459 -0.087798 0.078041 0.24239 0.016948 -0.069244 0.1224 0.59423 -0.072924 -0.016211 0.14188 0.49372 -0.050078 -0.00091749 0.07095 0.13035 0.0080404 -0.031871 0.012652 0.050465 0.0055012 -0.058684 0.014046 0.10952 -0.0067853 -0.064108 0.017003 0.10754 -0.0099868 -0.018243 0.010591 0.024371
137.65 123.77 2.9856 4.7302 -0.010646 0.0090876 0.044407 0.047835 0.0021728 0.00033455 0.033736 0.036616 0.058245 0.0095706 0.1621 0.16149 0.007083 0.068514 0.12667 0.11977 -0.038295 0.11677 0.18992 0.29841 0.021845 0.12074 0.24998 0.42761 -0.043808 -0.0079356 0.23697 0.23629 0.094192 -0.087212 0.21766 0.26196 -0.030926 -0.10955 0.12022 0.26435 -0.0032535 -0.12813 0.14787 0.31157 -0.047712 -0.050373 0.070194 0.10089 0.0079745 -0.032651 0.015114 0.03302 -0.00012129 -0.00030687 0.00026921 0.00030687 0 0 0 0 0 0 0 0 0 0 0 0
112.34 139.01 2.56 4.2707 -0.0033939 -0.0022629 0.033148 0.023242 -0.0029946 0.0081101 0.01971 0.018136 0.0011697 0.0051018 0.023001 0.045503 0.022649 0.00045997 0.076789 0.054086 -0.0035389 0.011398 0.072102 0.06284 0.0011354 0.02805 0.10932 0.11923 -0.0035188 0.037716 0.1001 0.11302 0.033468 0.065947 0.15819 0.12297 -0.0332 0.04587 0.11188 0.082389 0.074285 0.019026 0.2633 0.30798 -0.019407 0.12745 0.33805 0.58622 -0.020563 -0.034813 0.22452 0.26417 -0.043264 -0.031824 0.097584 0.091259 0.026784 -0.037023 0.066999 0.068856 -0.024764 -0.098894 0.09876 0.19185 -0.015586 -0.016691 0.019207 0.025464
76.043 182.09 2.6827 5.6685 0 0 0 0 0 0 0 0 0 0 0 0 0 0 0 0 0.038287 0.051787 0.054604 0.12047 0.025 0.093935 0.059874 0.21328 -0.051819 0.14441 0.077138 0.17291 -0.015381 0.016581 0.016426 0.017388 0.020083 0.00738 0.18419 0.35538 -0.0089405 -0.039001 0.21534 0.55423 -0.058011 -0.10268 0.15415 0.30426 -0.032874 -0.0078764 0.045691 0.049248 -0.046509 0.045775 0.14785 0.21972 -0.032775 -0.015585 0.18455 0.26561 -0.028576 0.0062982 0.091296 0.13364 -0.0050114 0.0011529 0.0097814 0.012333
84.025 188.04 2.7431 2.4093 -0.00043495 -0.0013239 0.0030657 0.0026069 0.040948 -0.022027 0.062503 0.12057 0.023973 0.013459 0.17415 0.24484 0.04784 0.0062737 0.15216 0.2292 0.0054003 -0.0021571 0.007695 0.0083536 0.077055 0.089392 0.11689 0.21109 0.019206 0.20249 0.1812 0.50369 0.00061395 0.079122 0.17934 0.43058 0.0018189 -0.00069699 0.0018189 0.0015567 0.072562 -0.084162 0.081066 0.1584 -0.0044949 -0.14372 0.069495 0.29924 -0.016549 -0.059583 0.045547 0.14603 -0 0 0 0 -0 0 0 0 -0 0 0 0 -0 0 0 0
75.54 193.99 2.8023 5.4252 0 0 0 0 0 0 0 0 0 0 0 0 0 0 0 0 0 0 0 0 0.0026345 0.023302 0.0065804 0.023302 0.0024553 0.009527 0.0033953 0.009527 6.2699e-07 8.6254e-06 6.2699e-07 8.6254e-06 0.030694 0.041249 0.1111 0.27692 0.034618 0.050198 0.11889 0.5897 -0.13757 -0.014868 0.16358 0.31587 -0.014526 0.0030498 0.015499 0.014695 -0.015757 -0.03418 0.18703 0.3075 -0.056766 -0.068152 0.1888 0.44448 -0.040606 -0.0035665 0.066287 0.12991 -0.0022254 -0.00029676 0.0044355 0.00757
125.41 115.19 3.5001 1.594 -0 0 0 0 -0 0 0 0 -0 0 0 0 -0 0 0 0 0.0018049 0.0025196 0.0018049 0.0025196 0.0045344 0.082115 0.026887 0.082115 -0.0054301 0.14962 0.052855 0.14962 -0.0064389 0.012435 0.0074899 0.012435 -0.040232 0.064426 0.1586 0.16561 0.031318 -0.03078 0.26271 0.40945 -0.0087463 -0.041547 0.38418 0.60666 0.0063941 0.032185 0.16525 0.14244 -0.026169 -0.036956 0.13625 0.10807 -0.015479 -0.02407 0.053876 0.062161 0.017504 -0.03847 0.095413 0.091079 0.024868 -0.014396 0.099563 0.06997
137.34 123.51 3.3101 4.8811 -0.0087163 0.0023962 0.059091 0.047982 -0.0076526 -0.00099237 0.037076 0.043467 0.042539 0.0071096 0.086657 0.09769 -0.015982 0.033425 0.10097 0.077688 -0.029867 0.020568 0.22306 0.38872 0.020897 0.095695 0.21954 0.49405 -0.056457 0.015657 0.25565 0.25563 0.094463 -0.021083 0.24339 0.22994 -0.0097312 -0.10048 0.069108 0.16824 0.026442 -0.11504 0.11006 0.28882 -0.048396 -0.055003 0.088233 0.13407 0.03378 -0.054596 0.05053 0.063829 0 0 0 0 0 0 0 0 0 0 0 0 0 0 0 0
79.188 130.95 3.19 0.98469 0 0 0 0 0 0 0 0 0 0 0 0 0 0 0 0 -0.00067083 0.01098 0.0028261 0.01098 0.11636 0.13232 0.2344 0.21187 -0.083451 0.14946 0.16868 0.29378 -0.024752 0.01654 0.026689 0.03437 -0.10821 0.048036 0.19923 0.31667 0.13799 -0.095161 0.37589 0.29837 -0.10937 -0.072318 0.28923 0.28071 -0.027781 0.011837 0.094552 0.075651 -0.022704 -0.039261 0.10967 0.15203 0.0037781 -0.015971 0.13217 0.13066 -0.0039617 -0.029795 0.14498 0.07934 -0.0014475 0.0062151 0.10956 0.046332
151.66 130.33 3.0812 0.68211 0 0 0 0 0.062143 0.018991 0.062167 0.031885 0.033577 0.032364 0.32622 0.22083 -0.021898 -0.036709 0.10607 0.091228 0 0 0 0 0.068066 -0.016008 0.074973 0.055438 -0.038803 -0.056721 0.28454 0.21142 -0.008224 0.0021436 0.060755 0.056581 0.048241 0.02552 0.049012 0.031612 0.057219 0.15988 0.2827 0.40648 -0.031479 0.005161 0.34052 0.35891 -0.032495 -0.0044073 0.086511 0.056822 0.056744 -0.013133 0.063102 0.034971 -0.022533 -0.083544 0.22253 0.17226 -0.050791 -0.026763 0.10807 0.10266 0.0023433 0.024983 0.018918 0.03853
94.956 141.12 3.6543 3.2584 -0.0014514 -0.0018319 0.0083585 0.0064824 0.014062 0.0118 0.035928 0.033083 0.060111 0.038443 0.31687 0.16616 -0.051163 0.011117 0.14068 0.061392 0.00040901 0.011906 0.055056 0.041944 0.024691 0.026026 0.1303 0.1713 0.080102 -0.075304 0.45208 0.41036 -0.070397 -0.033048 0.16023 0.093627 -4.5171e-05 0.0097563 0.088178 0.099862 0.093083 0.021951 0.16075 0.23319 -0.099597 0.046709 0.3283 0.30872 -0.018522 -0.0051681 0.019615 0.017747 0.0029246 -0.016865 0.024155 0.046609 0.027561 -0.039256 0.04443 0.090303 -0.034202 -0.053683 0.096911 0.086304 -0.0033292 -0.0010313 0.0033292 0.0023471
91.64 163.41 3.7253 3.557 0.00016765 7.8609e-05 0.0010885 0.00036767 0.0024492 0.0047376 0.020162 0.014683 0.0049533 0.0087875 0.020325 0.01482 0.015806 -0.0055821 0.062103 0.050707 0.011977 0.025185 0.091162 0.038548 -0.0013072 0.048571 0.16275 0.11171 0.018726 0.028692 0.16118 0.18228 0.16832 0.071136 0.29156 0.31593 0.036316 -0.020304 0.10951 0.051503 -0.0077379 0.026277 0.26565 0.23174 0.096772 0.097682 0.2604 0.35781 0.037162 0.019524 0.25368 0.30631 0.0083675 -0.0065232 0.010962 0.0080904 0.0099936 -0.029207 0.057637 0.10524 0.10143 -0.078896 0.1596 0.23682 -0.054005 -0.041067 0.12371 0.10814
170.8 172.85 3.8118 1.0899 0.051362 -0.011079 0.070526 0.052671 -0.039672 -0.036353 0.17486 0.16174 -0.034704 -0.014427 0.089993 0.055627 -0.0032929 -0.0016189 0.0051314 0.0045457 0.012872 -0.018422 0.029986 0.021314 0.092395 0.076031 0.22134 0.24696 -0.0010034 0.24667 0.18109 0.45473 -0.041704 0.11237 0.092401 0.1878 0.0031029 -0.0011452 0.0034837 0.0033867 0.10046 -0.097228 0.14059 0.17833 0.010545 -0.1889 0.1842 0.47015 -0.064023 -0.063504 0.11185 0.22246 -8.6573e-18 -1.6591e-17 8.6573e-18 1.6591e-17 0.00063376 -0.0029931 0.0010117 0.0029931 -0.00093341 -0.013508 0.002478 0.013508 -0.00050886 -0.0029378 0.00067731 0.0029378
74.754 196.93 3.3448 5.3667 0 0 0 0 0 0 0 0 0 0 0 0 0 0 0 0 0 0 0 0 3.3992e-17 -4.4316e-17 3.3992e-17 4.4316e-17 -0.00010262 -7.8717e-05 0.00010262 7.8717e-05 0 0 0 0 0.052634 0.10428 0.081881 0.19744 0.04533 0.13094 0.11876 0.52709 -0.14708 0.060534 0.17708 0.31006 -0.0089646 0.0032647 0.014854 0.012046 0.036496 0.0077479 0.22725 0.36728 -0.053582 -0.10952 0.1604 0.47038 -0.053497 -0.053401 0.066289 0.12783 -0.0026361 -0.0012458 0.0056604 0.0054696
91.227 119.85 5.3096 0.79638 0 0 0 0 0 0 0 0 0 0 0 0 0 0 0 0 0 0 0 0 -0.001129 0.0074298 0.0018319 0.0081174 0.051465 0.11253 0.19306 0.20851 -0.032638 0.033841 0.046107 0.062064 0.063654 0.04763 0.081788 0.063961 -0.030034 0.065872 0.47986 0.54652 0.020851 -0.050913 0.3065 0.33484 -0.021889 -0.0067113 0.13132 0.10683 0.024858 0.035206 0.12198 0.12426 -0.03598 -0.031464 0.16349 0.16367 -0.0036669 -0.01891 0.070544 0.080259 0.0083126 -0.015686 0.067491 0.037852
153.85 119.59 5.2772 0.88301 0 0 0 0 0 0 0 0 0.038961 0.020001 0.048684 0.034823 -0.0057184 0.039244 0.081972 0.11676 0 0 0 0 0.00027678 -0.00022741 0.00029387 0.00024145 0.075511 -0.0084001 0.32057 0.33786 -0.031035 -0.056328 0.17336 0.23726 0 0 0 0 0.12998 0.10659 0.28182 0.27541 -0.090665 0.013807 0.28887 0.38392 -0.021103 -0.0063014 0.042326 0.046795 0 0 0 0 0.039459 -0.07008 0.11913 0.10498 0.034857 0.05768 0.19528 0.26936 -0.015419 0.1087 0.12435 0.24026
108.05 148.99 4.8288 3.7276 0.011629 -0.00029687 0.011629 0.003595 0.010993 -0.095976 0.11719 0.12551 0.019685 -0.049746 0.10042 0.13467 0.0098217 -0.027072 0.16248 0.19323 -0.0022602 0.020047 0.055045 0.03054 0.0055456 0.031152 0.064299 0.053496 0.053815 0.052686 0.18045 0.15498 -0.033934 0.0045022 0.2628 0.18115 0.0078471 0.00064225 0.12057 0.069794 0.015709 0.10451 0.21809 0.23621 0.044973 0.0020232 0.41264 0.50472 -0.061473 -0.036121 0.16855 0.13369 0.0076009 -0.011627 0.020848 0.028411 0.024644 -0.048475 0.15422 0.16669 -0.044393 -0.038856 0.085247 0.091414 -0.0024243 -0.006755 0.0041481 0.00677
67.897 165.02 4.9172 5.6737 0 0 0 0 0 0 0 0 0 0 0 0 0 0 0 0 0.0015938 0.0022827 0.0015938 0.0022827 0.033663 0.043572 0.068285 0.10434 -0.0002901 0.075525 0.073998 0.23609 -0.021863 0.011548 0.031077 0.052672 0.089822 0.063056 0.14574 0.093332 -0.034885 0.16433 0.38036 0.4074 -0.048353 -0.031556 0.21315 0.34221 -0.022058 -0.013779 0.044202 0.061558 0.050614 -0.028857 0.068618 0.067055 -0.003757 0.0091264 0.36458 0.39279 -0.060567 0.0073025 0.15456 0.16365 0.027493 0.0019808 0.039275 0.019225
90.893 176.6 5.2367 3.4813 0 -0 0 0 0.046986 -0.025879 0.056687 0.033652 -0.031781 -0.13838 0.14475 0.14721 0.033463 -0.032337 0.094547 0.083273 0.0051651 -0.00075455 0.0051651 0.0013082 0.006085 0.045141 0.11006 0.056883 0.012573 0.048568 0.12542 0.1365 0.14034 0.051603 0.26543 0.24474 0.0046503 -0.0015735 0.0046503 0.0017275 0.058446 -0.0070804 0.25908 0.14186 0.060255 0.048647 0.2877 0.34969 -0.0024838 0.070587 0.38587 0.40977 -5.6726e-19 -2.0045e-19 5.6726e-19 2.0045e-19 0.016204 -0.022493 0.031303 0.03461 0.042294 -0.060903 0.072942 0.12297 -0.038889 -0.074097 0.15155 0.14973
59.662 184.71 5.2837 5.7032 0 0 0 0 0 0 0 0 0 0 0 0 0 0 0 0 0 0 0 0 0 0 0 0 1.3111e-17 -8.5888e-18 1.3111e-17 8.5888e-18 0 0 0 0 0.031892 0.064869 0.074665 0.088256 0.050397 0.12947 0.18592 0.37816 -0.07372 0.03806 0.17233 0.37296 -0.018499 0.0014445 0.022628 0.022847 0.061583 0.04364 0.36992 0.34731 -0.12679 -0.011095 0.32952 0.40816 -0.044786 -0.027433 0.12814 0.18332 -0.0059385 -0.0020454 0.0078576 0.0080792
176.05 192.2 5.2351 4.0931 0 -0 0 0 0 -0 0 0 -8.7044e-18 5.1906e-17 8.7044e-18 5.1906e-17 0 -0 0 0 0 -0 0 0 -0.0012384 0.021694 0.0036453 0.021694 -0.0033118 0.021796 0.004831 0.021796 -5.4705e-05 0.00030078 0.00015681 0.00030078 0.074289 0.024015 0.090498 0.099412 0.11299 0.094454 0.3537 0.67318 -0.16441 0.047707 0.26423 0.39186 -0.015565 0.0042307 0.019604 0.012576 0.014275 -0.012241 0.021483 0.026741 0.020982 -0.087412 0.07809 0.15954 0.038017 0.01614 0.15742 0.19397 -0.041432 0.032306 0.089851 0.065861
91.765 113.64 6.8782 0.99522 0 0 0 0 0 0 0 0 0 0 0 0 0 0 0 0 0 0 0 0 -0.0021639 0.012459 0.0045682 0.012459 0.0010887 0.11742 0.10172 0.12371 -0.012188 0.014002 0.012188 0.015163 0.023809 0.016034 0.063571 0.068215 -0.01546 0.02602 0.42002 0.59001 -0.02305 -0.017403 0.36633 0.36078 -0.045944 0.018767 0.072905 0.050677 -0.0046393 0.021048 0.2016 0.22693 -0.055954 -0.037422 0.12539 0.15118 0.017615 -0.035369 0.05825 0.065717 -0.010418 -0.011674 0.054576 0.027908
154.13 111.88 6.5465 2.0467 -0 0 0 0 -0 0 0 0 -0 0 0 0 -0 0 0 0 0.012933 0.022012 0.012933 0.022012 -0.010213 0.087933 0.045042 0.087933 -0.0022044 0.0019726 0.0025929 0.0019726 -0 0 0 0 0.058315 0.053133 0.11678 0.12725 -0.069209 -0.012443 0.38433 0.4043 -0.0064494 0.037389 0.34727 0.44953 -0.032759 0.025158 0.077024 0.08311 0.077494 -0.015145 0.24781 0.18212 -0.11451 -0.0019259 0.2675 0.2034 0.028323 -0.037176 0.13518 0.11407 -0.011256 0.00028311 0.12333 0.12078
169.37 135.35 6.8326 2.5975 -0 0 0 0 -0 0 0 0 -0 0 0 0 -0 0 0 0 0.0043165 0.017742 0.009645 0.017742 0.063356 0.10215 0.18576 0.21123 -0.054016 0.045043 0.12811 0.1155 -0 0 0 0 0.092982 0.046962 0.29526 0.13119 -0.098751 -0.025717 0.52946 0.316 -0.007939 -0.0066777 0.40144 0.28297 -0.022364 0.031724 0.082434 0.056196 0.033409 -0.046183 0.11067 0.055984 -0.049334 -0.046182 0.13615 0.073032 0.053862 -0.012574 0.16396 0.12797 -0.026703 0.012123 0.10385 0.085565
53.918 109.41 10.927 0.84501 0 0 0 0 0 0 0 0 0 0 0 0 0 0 0 0 0 0 0 0 0 0 0 0 0 0 0 0 0 0 0 0 0.040403 0.021791 0.059677 0.041918 0.03518 0.064614 0.44574 0.47536 -0.06415 0.047858 0.1912 0.17229 -0.0031569 0.0018879 0.0031569 0.0023865 0.057479 0.035005 0.2294 0.24301 -0.074786 0.12462 0.34578 0.46405 -0.020672 -0.018439 0.096549 0.086458 -0.0033181 -0.00078927 0.0033181 0.0024901
191.46 152.45 10.641 2.8094 -0 0 0 0 -0 0 0 0 -0 0 0 0 -0 0 0 0 -6.2042e-18 1.3849e-17 3.435e-17 1.3849e-17 0.014548 0.037019 0.027308 0.037019 -0.001605 0.079454 0.061157 0.079454 -0.0024026 0.0022583 0.0024026 0.0022583 -1.5733e-17 4.3797e-17 6.9773e-17 4.3797e-17 0.081088 0.046342 0.68132 0.30728 -0.068585 -0.0044541 0.46382 0.33667 -0.022319 0.0098572 0.049218 0.030342 -2.5859e-18 8.9196e-19 2.5859e-18 8.9196e-19 0.013126 -0.041061 0.11833 0.062546 0.015754 -0.011802 0.17392 0.14316 -0.02194 -0.006267 0.048119 0.041196
141.13 156.92 10.519 0.92322 0 0 0 0 0.0094132 0.026308 0.02713 0.029433 -0.0039212 0.047612 0.092815 0.089718 -0.006806 0.0054996 0.0099235 0.0095144 0.031448 0.0052852 0.031448 0.019214 0.013952 0.037687 0.29081 0.33513 -0.0049439 -0.060428 0.21789 0.20051 -0.018078 -0.0079354 0.040646 0.026992 0.023195 -0.0040679 0.023195 0.014754 0.082107 -0.059417 0.34168 0.61282 -0.10138 -0.024159 0.18342 0.36181 -0.00063812 -0.004 0.0043742 0.0044604 0 0 0 0 0.0054434 -0.035344 0.015896 0.035729 -0.0080192 -0.023009 0.011486 0.023009 0 0 0 0
