60 64
121.57 121.23 2.1076 1.4537 0 0 0 0 0 0 0 0 0 0 0 0 0 0 0 0 0.028251 0.082778 0.036367 0.086767 0.030826 0.15765 0.15515 0.24288 -0.027358 0.20937 0.082581 0.2665 0.024611 0.11853 0.083719 0.12973 0.004928 0.044056 0.18473 0.21786 -0.0092367 -0.094445 0.32914 0.26257 0.10063 -0.074532 0.20603 0.31757 0.018023 0.0078305 0.27527 0.35612 -0.062473 -0.040604 0.096521 0.085655 -0.0082301 0.007144 0.10723 0.087122 0.04912 -0.028062 0.080656 0.11013 -0.013977 -0.038349 0.07607 0.10591
132.44 121.85 1.9127 1.8424 -0 0 0 0 -0 0 0 0 -0 0 0 0 -0 0 0 0 -0.028218 0.15065 0.15457 0.17533 0.01839 0.21175 0.1049 0.27297 -0.043875 0.16485 0.17089 0.25595 -0.024673 0.061776 0.038117 0.069287 -0.037588 -0.028733 0.23951 0.29911 -0.097516 -0.12584 0.19565 0.29123 0.065516 -0.074573 0.31614 0.23646 -0.019474 0.087455 0.22427 0.21612 -0.010133 -0.041358 0.073703 0.078461 -0.029423 -0.0024825 0.10711 0.089355 0.039645 -0.0024742 0.093801 0.092044 0.078801 -0.039916 0.1225 0.11426
88.148 126.42 1.905 5.2635 0.0079823 0.013251 0.098113 0.027641 0.014103 0.071259 0.11261 0.090334 -0.041952 3.4109e-05 0.074337 0.072567 0.019926 -0.003797 0.054882 0.028081 0.081158 0.055187 0.19546 0.074853 -0.02401 0.051846 0.19529 0.16711 -0.0767 0.071647 0.1137 0.13145 0.022841 0.055376 0.13155 0.10144 0.086418 -0.076919 0.16622 0.14914 0.0066337 -0.088803 0.1516 0.38473 0.026051 -0.1258 0.1682 0.50647 -0.0070474 0.017503 0.29117 0.23892 0.004224 -0.0094193 0.0047497 0.0098749 0.0078843 -0.037072 0.012478 0.047147 0.0081377 -0.10816 0.042282 0.12928 0.048462 -0.076173 0.12045 0.092885
175.76 125.98 1.9621 2.4459 -0 0 0 0 -0 0 0 0 -0 0 0 0 -0 0 0 0 0.02676 0.023484 0.02676 0.026641 0.053406 0.21254 0.062973 0.28924 -0.098242 0.23945 0.11297 0.29284 -0.016911 0.01866 0.017266 0.018881 0.072486 0.034103 0.10232 0.10121 0.09617 -0.014813 0.1373 0.37938 0.0082901 0.049054 0.29881 0.3932 -0.11871 0.061694 0.17634 0.10123 0.041307 0.019959 0.076539 0.087723 0.020626 -0.027717 0.07075 0.11712 0.12905 -0.013259 0.15083 0.10809 -0.12499 0.044916 0.26885 0.11456
89.295 129.38 2.3644 5.1893 -0.00017819 0.01609 0.11111 0.032586 0.018739 0.048345 0.083464 0.073808 -0.043867 -0.0049417 0.063529 0.050096 0.046486 -0.0036605 0.075258 0.043609 0.048285 0.05237 0.16008 0.079447 -0.070885 0.040748 0.20374 0.14942 -0.0777 0.071567 0.11227 0.11844 0.035331 0.036415 0.11981 0.11212 0.097177 -0.09209 0.19885 0.23725 -0.0014918 -0.067685 0.13779 0.37876 -0.038197 0.010892 0.17129 0.47308 -0.031642 0.040426 0.25141 0.24161 0.017045 -0.037582 0.022333 0.045325 0.012167 -0.1059 0.024085 0.14068 -0.0096984 -0.11164 0.044392 0.16498 0.045195 -0.07473 0.14466 0.11025
127.81 140.33 1.8048 0.96122 0.018038 0.065413 0.15948 0.14863 -0.014408 -0.0589 0.19625 0.23494 0.042277 -0.11444 0.14437 0.25412 -0.040991 -0.039918 0.10433 0.1577 -0.10697 0.030631 0.28229 0.1492 -0.06438 0.019828 0.21055 0.19065 0.019369 -0.018603 0.19616 0.20289 0.041653 -0.040686 0.15668 0.12764 -0.11812 -0.045193 0.24998 0.16109 -0.028457 0.0054755 0.22497 0.17676 -0.042137 -0.032103 0.2048 0.20591 0.03167 -0.039679 0.10984 0.13794 0.0098178 -0.050347 0.094996 0.074997 -0.010364 0.026178 0.14106 0.13656 -0.027957 0.015915 0.1024 0.088949 0.0011255 -0.015979 0.033074 0.040804
178.47 145.95 2.007 3.2871 -0.0015479 0.035165 0.024562 0.048843 -0.017651 0.048726 0.049878 0.063523 -0.0062266 0.0043958 0.0062266 0.0047856 0 -0 0 0 0.00089295 -0.029141 0.038464 0.096331 -0.0018963 0.022498 0.10733 0.23314 0.050276 0.13023 0.13681 0.21124 -0.042861 0.1611 0.13569 0.17874 0.049102 0.0044166 0.062399 0.10671 0.10821 0.027287 0.19483 0.35227 0.022868 0.12158 0.22491 0.3039 0.04379 0.079017 0.35165 0.32739 0.0057348 -0.0068065 0.021533 0.043691 0.080614 -0.088373 0.13933 0.17782 0.086493 -0.027693 0.14944 0.11874 0.076189 0.037171 0.16431 0.10655
79.878 147.28 2.0452 5.7959 0.028625 0.046783 0.075719 0.074735 -0.018995 -0.0095229 0.087963 0.1009 0.00058727 -0.056656 0.035509 0.091448 0.0047115 -0.046793 0.014992 0.056696 -0.036874 0.02794 0.25802 0.2434 0.024318 0.10597 0.15707 0.20331 -0.05088 0.084349 0.12187 0.14397 -0.005993 0.00084739 0.0069359 0.0061326 -0.065244 0.12085 0.27326 0.29402 -0.083286 0.028866 0.24731 0.28128 -0.080033 -0.050273 0.21283 0.173 0.0079447 0.087167 0.15661 0.13186 -0.07095 0.044815 0.12591 0.15521 -0.11018 0.017131 0.16949 0.15145 0.11005 0.034965 0.25232 0.10986 -0.020683 0.037601 0.15687 0.096213
115.91 147.51 1.9299 2.8752 -0.013684 -0.039255 0.055989 0.071757 0.029793 0.0007072 0.14469 0.15694 -0.025591 0.013482 0.11483 0.13722 0.074713 0.0025029 0.10942 0.12108 0.010329 0.010657 0.062012 0.060925 0.04609 0.038973 0.20394 0.17958 0.044525 0.078412 0.23013 0.19353 0.11694 0.10208 0.22827 0.14788 0.043658 0.033181 0.08748 0.088081 0.087178 0.092022 0.2114 0.21721 0.0090328 0.047376 0.25915 0.21273 0.1365 -0.082698 0.32978 0.26226 0.020671 -0.013429 0.057389 0.046516 0.086065 -0.019254 0.1646 0.10778 -0.061821 -0.069464 0.2155 0.12483 0.05662 -0.041906 0.13005 0.085953
99.555 151.64 2.1882 0.77237 -0.13457 -0.053974 0.21493 0.23276 -0.036829 -0.064933 0.11448 0.12788 0.015379 -0.070094 0.092278 0.1171 -0.033402 -0.009817 0.048787 0.04567 -0.097861 -0.030465 0.20617 0.25966 -0.031944 0.18122 0.21777 0.34405 -0.077658 0.11546 0.15873 0.26597 -0.029391 -0.00065375 0.036919 0.030604 0.048449 -0.04331 0.18329 0.15872 0.0035671 -0.068681 0.23248 0.25906 -0.14079 -0.036096 0.1991 0.23147 -0.045134 -0.0065862 0.052566 0.0333 0.0034919 -0.022894 0.076053 0.089347 -0.0024121 -0.06715 0.09506 0.12637 -0.030671 -0.032368 0.08269 0.096838 -0.016308 -0.0034113 0.018534 0.011408
133.62 151.83 2.1884 0.35606 0.0032959 -0.01953 0.098671 0.10793 -0.0050824 -0.026588 0.15432 0.20088 -0.0017768 -0.074641 0.15111 0.15963 -0.0066722 -0.040461 0.062564 0.073417 -0.064004 0.068319 0.17202 0.15803 -0.047735 0.0028058 0.27251 0.3027 -0.036169 -0.017634 0.1719 0.15991 -0.0072376 -0.018068 0.045153 0.041834 -0.12706 -0.051701 0.22914 0.20497 -0.013583 0.073563 0.26039 0.29893 -0.029538 0.1529 0.21899 0.24221 -0.058171 0.05691 0.089205 0.094821 -0.067422 -0.040242 0.087666 0.079743 0.059259 -0.073201 0.11881 0.12718 0.019509 -0.083349 0.14215 0.15893 -0.060142 -0.023525 0.077571 0.056087
185.73 151.63 2.0274 3.1915 -1.8861e-16 -1.6278e-17 7.3675e-16 1.3822e-15 0 -0 0 0 0 -0 0 0 0 -0 0 0 0.013034 0.082731 0.061951 0.11126 -0.00057636 0.13223 0.13349 0.21641 -0.049934 0.06252 0.089899 0.101 0.00083155 0.0014838 0.0010202 0.0014838 -0.035397 -0.05387 0.076392 0.12642 0.036063 -0.0081792 0.12554 0.2992 0.0099229 0.19652 0.1944 0.3994 0.12732 0.15437 0.25658 0.33915 0.016278 -0.0047259 0.037631 0.049069 0.12599 -0.0017642 0.1455 0.24678 0.063822 0.035069 0.18672 0.27608 0.051636 0.030684 0.14751 0.19127
119.51 161.13 1.7501 3.7083 0.012712 0.0034981 0.031584 0.023463 0.017308 -0.010044 0.053577 0.065569 0.073673 -0.112 0.16154 0.18576 0.0036398 -0.043243 0.10922 0.13104 0.019269 -0.0035578 0.055685 0.04217 0.034327 0.039645 0.11207 0.094623 0.014833 0.012729 0.15951 0.14766 0.05038 -0.024632 0.20853 0.23516 0.053777 0.041868 0.097086 0.096633 0.023731 0.10932 0.17889 0.25213 -0.060096 0.10886 0.28509 0.30969 0.04896 -0.0062318 0.19539 0.22986 0.045918 -0.00049864 0.087409 0.079006 0.095278 0.10582 0.17668 0.18809 -0.081171 0.060858 0.27153 0.23669 -0.013529 0.059336 0.13964 0.13551
185.29 162.19 2.0179 3.3238 -1.5966e-16 3.6371e-16 2.6368e-15 4.0585e-15 -4.8976e-16 2.4307e-16 2.6021e-15 3.959e-15 0 -0 0 0 0 -0 0 0 0.016488 0.1306 0.086962 0.16656 -0.018182 0.15713 0.11791 0.23597 -0.018651 0.16778 0.15545 0.25922 -0.029969 0.043959 0.051223 0.050765 -0.099272 -0.039285 0.15533 0.1907 -0.041677 -0.099608 0.10889 0.23373 0.051577 0.0070944 0.14704 0.37517 0.0078921 0.099482 0.14228 0.2563 -0.047773 -0.051434 0.054492 0.062322 0.04458 0.00031789 0.073252 0.11696 0.17479 0.012462 0.18816 0.36807 0.016797 0.081564 0.13819 0.23114
140.26 167.46 2.0932 4.5644 0.00086072 0.0057693 0.01331 0.031443 -0.0042392 0.00025273 0.019774 0.059099 0.0033221 -0.0082238 0.0086526 0.018935 0.011406 -0.024589 0.012439 0.027102 -0.0049699 -0.0056756 0.046059 0.057955 0.12411 0.096006 0.16179 0.21446 -0.10028 0.22161 0.18338 0.30381 -0.031953 0.031012 0.034078 0.040467 -0.012946 0.019667 0.077832 0.078773 0.20458 -0.037488 0.32748 0.23547 -0.045497 0.020349 0.27901 0.32598 -0.10307 0.019164 0.12378 0.077145 -0.011395 0.028694 0.10385 0.10857 0.068355 0.017588 0.26329 0.21096 -0.013181 -0.033881 0.24879 0.21256 -0.046465 -0.004049 0.086198 0.051041
64.116 176.06 1.9755 5.89 0 0 0 0 0 0 0 0 0 0 0 0 0 0 0 0 0.010237 0.044661 0.011568 0.044661 0.0035247 0.11096 0.017424 0.11096 -0.015246 0.094536 0.023039 0.094536 -0.0026278 0.00828 0.0026278 0.00828 0.039269 0.012493 0.067896 0.23359 0.048316 0.019793 0.10921 0.45424 0.061324 0.18049 0.18634 0.44955 -0.11291 0.26088 0.16702 0.32224 -0.00079265 -0.034098 0.026395 0.083131 0.013602 -0.098905 0.030849 0.10391 0.1089 -0.17028 0.1151 0.1979 0.040908 -0.093046 0.12084 0.18923
181.76 182.28 2.1367 3.709 0 -0 0 0 -2.5673e-15 7.4514e-16 1.1931e-14 1.7026e-14 -2.9689e-15 1.1017e-15 3.4213e-15 2.8925e-15 -1.0058e-15 2.2284e-16 1.0058e-15 2.2284e-16 0.012943 0.04509 0.01426 0.04509 0.025996 0.17662 0.036703 0.17662 -0.027721 0.15584 0.065054 0.15584 -0.022666 0.027711 0.024154 0.027711 0.17313 0.15862 0.18569 0.24141 -0.06932 0.12795 0.20206 0.47688 -0.13104 -0.050663 0.20525 0.37257 -0.024012 0.069826 0.13589 0.22178 0.010571 -0.10109 0.10312 0.14442 -0.066263 -0.18145 0.088222 0.20403 -0.016083 -0.053067 0.064894 0.10359 0.012212 0.016665 0.05596 0.11719
156.45 186.02 2.1238 0.82195 0.034075 -0.057119 0.062018 0.083305 -0.069789 -0.21161 0.15199 0.22167 -0.043068 -0.052646 0.091528 0.10161 -0.011488 -0.012014 0.031575 0.035144 0.0035474 0.047855 0.017187 0.066053 0.012255 0.12449 0.03784 0.12745 0.013781 0.090047 0.097668 0.15917 -0.014833 0.052746 0.076775 0.12959 0.043095 0.22255 0.1121 0.32513 -0.15764 0.18063 0.23106 0.38593 -0.13857 0.016513 0.21519 0.22473 -0.014335 -0.020663 0.052114 0.059967 0.027746 -0.15406 0.060999 0.18897 -0.097302 -0.18666 0.11334 0.22068 -0.034101 -0.03438 0.034527 0.043592 -0.0006926 -0.00062934 0.0010425 0.00094368
127.19 115.67 2.9373 1.5776 -0 0 0 0 -0 0 0 0 -0 0 0 0 -0 0 0 0 -0.00073205 0.0043208 0.00073205 0.0043208 0.0074635 0.084282 0.015118 0.084282 -0.0081797 0.078134 0.01366 0.078134 0.0056259 0.018982 0.0068119 0.018982 -0.010308 0.14245 0.2327 0.25637 -0.039369 0.042212 0.29266 0.38637 0.074039 0.056365 0.25327 0.41076 0.019521 0.089594 0.24513 0.36749 0.004053 -0.072426 0.11316 0.1263 -0.041823 -0.035932 0.14509 0.12318 0.071415 -0.03828 0.13711 0.13074 -0.032744 -0.037586 0.1153 0.13068
105.2 119.96 2.8991 1.7259 -0 0 0 0 -0 0 0 0 -0 0 0 0 -0 0 0 0 -0.013725 0.072076 0.11444 0.16365 -0.043206 0.13665 0.092956 0.16135 0.028985 0.17215 0.053766 0.19352 -0.016809 0.10135 0.063515 0.15243 0.021598 -0.034851 0.14907 0.13385 0.061029 0.0062464 0.3452 0.41247 -0.0026833 -0.049357 0.24026 0.47057 -0.032116 -0.016662 0.19127 0.22081 0.013756 -0.010735 0.059129 0.053961 0.00076942 -0.0076066 0.13985 0.13921 0.012412 -0.032706 0.12059 0.10596 -0.00081301 -0.041587 0.098218 0.060669
147.78 122.33 2.9136 1.8484 -0 0 0 0 -0 0 0 0 -0 0 0 0 -0 0 0 0 0.023156 0.10133 0.12397 0.24982 -0.10338 0.18891 0.18941 0.27394 0.0070075 0.14037 0.040146 0.14081 -0.0084729 0.048938 0.011635 0.048938 0.033083 -0.045081 0.10217 0.13882 0.016444 -0.0088883 0.36837 0.4011 -0.082148 0.012457 0.23572 0.39401 0.023592 0.038502 0.18996 0.21014 -0.013125 -0.03476 0.057053 0.049191 0.032899 -0.033928 0.10656 0.12307 -0.026606 -0.038805 0.11852 0.11031 0.045857 -0.011087 0.085598 0.066318
96.47 125.66 2.783 1.8475 -0.011786 0.035161 0.028794 0.040991 -0.0022968 0.0044768 0.0022968 0.0044768 -0 0 0 0 -0 0 0 0 0.0357 0.037002 0.19147 0.19043 0.0033545 0.2108 0.23181 0.40864 0.032215 0.13755 0.11669 0.36927 -0.076184 0.064256 0.1208 0.13984 0.065853 -0.017542 0.12521 0.10487 -0.013339 -0.12496 0.25131 0.31339 0.0303 -0.10963 0.21449 0.23567 -0.088812 -0.026157 0.20681 0.088232 0.03094 -0.014336 0.06284 0.05508 -0.049009 -0.0061618 0.12034 0.097034 -0.0036367 -0.038366 0.09819 0.06349 -0.013248 -0.018149 0.092619 0.022324
107.92 129.35 2.7196 1.5775 -5.7202e-05 0.0085885 5.7202e-05 0.0085885 -2.8282e-05 0.0042464 2.8282e-05 0.0042464 0.0053878 0.013216 0.0053878 0.013216 0.0040875 0.060905 0.025869 0.063793 -0.0062682 0.023598 0.16172 0.19808 0.017625 0.12644 0.19303 0.36748 0.033225 0.14286 0.25195 0.46337 -0.0089109 0.02545 0.14721 0.23899 -0.023299 -0.026556 0.1242 0.10377 0.086955 -0.070797 0.20055 0.21328 -0.071693 -0.11132 0.22244 0.27872 -0.00082477 -0.06216 0.12473 0.10078 -0.012774 -0.011525 0.061019 0.04514 0.048309 -0.023311 0.093041 0.083472 -0.04246 -0.0049033 0.10741 0.12162 -0.010634 -0.018264 0.051489 0.036546
127.29 130.72 2.9316 5.5122 -0.027974 0.039552 0.10554 0.16557 -0.039291 0.040987 0.15776 0.12774 -0.056018 -0.018068 0.097754 0.088265 0.007597 0.016105 0.035385 0.037591 0.090372 -0.11422 0.19117 0.19199 -0.12869 -0.046391 0.31727 0.2096 -0.016401 0.0023148 0.1582 0.14544 0.021955 0.023625 0.096103 0.10142 0.039867 -0.026771 0.045729 0.029095 0.080508 -0.079322 0.27559 0.29737 0.056319 0.05177 0.22112 0.41052 -0.069491 0.053447 0.14192 0.13834 0 0 0 0 0.019882 -0.027267 0.022457 0.034942 0.11082 -0.094755 0.1768 0.17496 -0.02201 0.014293 0.13616 0.089922
141.56 129.98 2.7005 1.9274 -0.0068731 0.07467 0.049769 0.12231 -0.024862 0.040027 0.027296 0.044425 -0 0 0 0 -0 0 0 0 0.058336 -0.022235 0.1269 0.17414 -0.079071 0.17141 0.3622 0.38684 -0.032676 0.10834 0.184 0.348 -0.04147 0.089066 0.12134 0.15327 -0.0036266 -0.063804 0.084431 0.091104 0.028258 -0.12788 0.21981 0.24682 -0.044388 -0.064316 0.21202 0.22887 0.063772 -0.00079229 0.19943 0.2033 0.032538 0.010518 0.04351 0.034529 -0.022926 0.0045449 0.10191 0.083417 -0.0029949 -0.0083626 0.1022 0.08364 0.026841 -0.0014492 0.087803 0.083425
177.89 129.3 2.7575 2.7531 -0 0 0 0 -0 0 0 0 -0 0 0 0 -0 0 0 0 -0.0025691 0.015418 0.01965 0.035861 0.048402 0.10655 0.077267 0.21034 -0.057925 0.13555 0.077616 0.19683 -0.0059497 0.0066688 0.0059497 0.0066688 0.036509 0.021358 0.08959 0.1403 0.1064 0.037148 0.16012 0.31633 -0.14953 0.10975 0.51051 0.30721 -0.073899 0.018406 0.090873 0.024928 0.019207 -0.019338 0.032114 0.055864 0.086867 -0.063737 0.12583 0.10987 -0.018607 0.0079366 0.37366 0.30133 -0.076612 0.036024 0.088451 0.072822
73.842 139.4 2.9858 5.7231 0 0 0 0 0.0084955 0.013308 0.013503 0.015707 0.014281 0.0092068 0.030359 0.06179 0.0087758 -0.0016595 0.017634 0.065135 0.016825 0.013901 0.016825 0.014932 -0.00094223 0.051767 0.21782 0.19151 -0.026542 0.047483 0.11255 0.15499 -0.0078814 -0.0026529 0.020556 0.042756 0.11141 0.044403 0.17812 0.078912 -0.011485 0.13929 0.40108 0.35033 -0.10462 0.022308 0.18516 0.21202 0.0074983 0.06251 0.13671 0.10308 0.062399 -0.043839 0.096546 0.065893 0.076807 -0.085482 0.27765 0.33516 -0.090285 0.11371 0.23495 0.24816 -0.0053514 0.009811 0.11691 0.08197
145.17 154.13 2.8427 2.8218 -0.013353 -0.0091027 0.041349 0.029571 0.049785 -0.03135 0.086238 0.12708 0.099429 -0.035327 0.14662 0.14324 -0.064446 -0.0091791 0.25411 0.11153 -0.0016693 0.00099926 0.042039 0.019918 0.032884 0.09657 0.10093 0.15761 0.16622 0.0052798 0.26395 0.22896 -0.041142 -0.029926 0.32849 0.381 0.044419 -0.0096262 0.06505 0.029804 -0.0089632 -0.10206 0.20372 0.2235 0.0059386 -0.068682 0.19047 0.264 0.053645 -0.070829 0.1683 0.2162 0.0040904 -0.002843 0.014244 0.013648 0.019807 -0.018672 0.05351 0.057995 0.048507 0.034989 0.1375 0.13005 0.063428 0.040371 0.12622 0.10731
179.32 157.89 2.7772 3.5115 0.0024635 0.014506 0.004375 0.014506 -0.0074843 0.030048 0.011573 0.030048 -0.0021315 0.0064187 0.0021315 0.0064187 0 -0 0 0 -0.02287 0.027169 0.088334 0.16243 -0.044349 -0.028276 0.087931 0.20227 -0.04206 0.026141 0.1034 0.16142 -0.012876 0.017494 0.013877 0.023796 -0.03944 -0.065412 0.052728 0.078707 0.079972 -0.018662 0.11953 0.17807 0.032801 0.15333 0.23222 0.36753 -0.073438 0.18693 0.35025 0.29347 0.029537 0.060226 0.083526 0.068934 -0.028427 0.084749 0.12085 0.13756 0.16129 0.055518 0.22576 0.18846 -0.058376 0.03642 0.33425 0.22387
62.673 159.78 2.6541 2.7353 0.0088686 -0.0096668 0.037384 0.050249 0.055267 -0.087545 0.16139 0.15364 0.11023 -0.083424 0.25149 0.3076 0.030819 -0.14112 0.31332 0.34243 -0.064406 0.050269 0.1243 0.26196 -0.032171 0.088998 0.077018 0.27691 0.035454 -0.031926 0.21347 0.36435 -0.037204 -0.094702 0.17477 0.21751 0.0074623 -0.093027 0.031507 0.11485 -0.030518 -0.098266 0.036343 0.16256 -0.022995 -0.050341 0.029412 0.077031 -0.0016333 -0.0046703 0.0021558 0.0053734 -0 0 0 0 -0 0 0 0 -0 0 0 0 -0 0 0 0
67.711 166.27 2.7748 2.6144 0.010122 -0.01561 0.040652 0.040823 -0.00059285 -0.11804 0.15219 0.15393 0.08383 -0.054618 0.24691 0.26273 0.054855 -0.11164 0.27815 0.31177 -0.050898 0.13632 0.13421 0.2621 -0.045418 0.18494 0.090892 0.2303 0.027919 0.034094 0.14895 0.27756 -0.011682 -0.074938 0.19549 0.21902 0.023954 -0.13241 0.071145 0.19091 -0.04279 -0.14588 0.069134 0.27383 -0.046565 -0.091272 0.063828 0.17018 -0.0091223 -0.01553 0.012231 0.021013 1.5509e-05 -0.00060879 0.00012731 0.00060879 -0.00044554 -0.0021753 0.00058215 0.0021753 -9.151e-05 -0.00015717 9.151e-05 0.00015717 -0 0 0 0
105.89 165.98 2.6643 5.2555 0.0047331 -0.046502 0.04578 0.1011 -0.022498 -0.087833 0.048642 0.14834 -0.012777 -0.044498 0.04332 0.1025 -0.011832 -0.0090202 0.013171 0.019554 0.0015484 0.050126 0.072569 0.085071 0.0031441 0.11881 0.10851 0.1619 -0.033502 0.037249 0.06379 0.075988 0.0025009 0.0021821 0.012516 0.019784 0.047065 0.02356 0.26032 0.16049 -0.069224 0.064212 0.37483 0.31824 -0.13798 0.010813 0.22098 0.17288 0.012817 0.051654 0.088077 0.094728 -0.021946 0.14929 0.2047 0.28862 -0.098304 0.020691 0.27487 0.2516 -0.047791 0.026925 0.18489 0.16029 0.051314 0.028775 0.13523 0.10764
114.16 166.17 2.4899 3.7381 -0.00016727 0.0003577 0.0017958 0.0019214 -0.005666 -0.00075898 0.059428 0.059617 0.032285 -0.01321 0.065708 0.074022 0.050557 -0.081933 0.13051 0.142 0.0081898 0.0043986 0.036625 0.020064 -0.0042207 0.040305 0.10811 0.1068 0.030775 0.063901 0.16211 0.17377 0.041553 0.017276 0.13952 0.11827 0.036549 0.014273 0.045406 0.029831 0.058563 0.088392 0.17265 0.24877 0.014304 0.17558 0.24078 0.35347 -0.0072188 0.090273 0.25242 0.25327 0.026473 -0.0038445 0.035725 0.016724 0.16335 0.028918 0.21519 0.18915 0.039382 0.044279 0.2517 0.31864 -0.054493 0.028099 0.19881 0.17563
73.72 168.28 2.7102 2.512 0.028974 -0.028389 0.052561 0.046824 0.0080565 -0.14276 0.24417 0.17625 0.035408 -0.050928 0.25086 0.2009 0.055916 -0.1033 0.25014 0.25855 -0.01834 0.13256 0.063882 0.1537 -0.028781 0.12393 0.055995 0.16492 0.032207 0.016236 0.12651 0.21774 0.00059751 -0.064803 0.24058 0.23328 0.05322 -0.097176 0.10662 0.25242 -0.070686 -0.09761 0.11375 0.38928 -0.061361 -0.07908 0.095766 0.24683 -0.030075 -0.037933 0.047203 0.065168 0.0033841 -0.016117 0.003663 0.016117 -0.0030761 -0.033977 0.0058532 0.033977 -0.0039936 -0.013028 0.0039936 0.013028 -0.00015829 -0.00040834 0.00015829 0.00040834
68.875 169.23 2.5709 2.48 0.016931 -0.042899 0.043088 0.056366 -0.025865 -0.14115 0.14795 0.16723 0.059165 -0.093934 0.2192 0.23427 0.048117 -0.0986 0.31817 0.27801 -0.016372 0.16039 0.099818 0.23489 -0.049952 0.20845 0.086411 0.24507 -0.0016638 0.055597 0.14247 0.26964 -0.019784 -0.046596 0.1668 0.14943 0.034922 -0.13958 0.076899 0.23343 -0.062846 -0.14979 0.091368 0.32594 -0.053716 -0.092077 0.067761 0.15629 -0.010189 -0.011896 0.011916 0.015269 0.00011664 -0.0028079 0.00019172 0.0028079 -0.00043289 -0.0056744 0.00075608 0.0056744 -0.00012035 -0.00039672 0.00012035 0.00039672 -0 0 0 0
181.61 173.77 2.9013 3.48 5.2631e-16 1.3479e-16 8.535e-16 1.2445e-15 -4.1577e-16 7.3849e-16 1.494e-15 1.9446e-15 -6.6582e-16 -2.7042e-17 8.9782e-16 6.9328e-16 0 -0 0 0 0.022095 0.057023 0.028851 0.057023 0.028558 0.19422 0.093405 0.21904 -0.037249 0.12115 0.087673 0.19488 -0.020303 0.052807 0.035795 0.060855 0.12824 0.031545 0.20031 0.18386 -0.14262 -0.13572 0.26039 0.40284 0.027049 -0.024743 0.1619 0.3356 -0.024201 0.1537 0.17503 0.32051 0.0023118 -0.04719 0.070847 0.071204 -0.010733 -0.0075109 0.049134 0.081358 0.094748 0.0038904 0.1305 0.18052 0.10415 0.01498 0.19679 0.19779
67.88 188.24 2.8603 5.6091 0 0 0 0 0 0 0 0 0 0 0 0 0 0 0 0 0 0 0 0 0.0027021 0.025183 0.0036993 0.025183 0.00071068 0.01194 0.0012536 0.01194 -1.4485e-05 0.0001296 1.4485e-05 0.0001296 0.06115 0.064557 0.093775 0.19923 0.13187 0.086648 0.16702 0.50744 -0.088574 0.14428 0.24016 0.58917 -0.093136 0.083451 0.099433 0.12427 -0.018962 -0.0042907 0.079073 0.12164 0.015648 -0.098133 0.044099 0.11935 0.025825 -0.17699 0.083802 0.21484 -0.012248 -0.041837 0.075308 0.13067
145.8 194.04 2.5256 1.0892 0.08173 -0.094537 0.13327 0.13102 -0.15274 -0.23704 0.31477 0.44464 -0.02067 -0.02319 0.087706 0.09592 0.016248 0.0028575 0.026329 0.020037 -0.054225 0.22823 0.084406 0.25735 -0.060745 0.10063 0.14923 0.2421 -0.02168 0.01929 0.054016 0.10062 0.01698 -0.0041771 0.017507 0.0090172 -0.06059 -0.16988 0.17479 0.38012 -0.11316 -0.089581 0.17616 0.22545 -0.017398 -0.017879 0.034686 0.055816 2.6759e-05 -1.3986e-05 2.6759e-05 1.3986e-05 0.00027921 -0.020939 0.0054771 0.020939 -0.0031216 -0.0083124 0.0031216 0.0083124 -5.1524e-05 -9.8576e-05 5.1524e-05 9.8576e-05 0 0 0 0
93.416 198.61 2.6746 4.8516 0 0 0 0 0 0 0 0 0 0 0 0 0 0 0 0 0.0037516 0.0075206 0.0037516 0.0075206 0.013395 0.11071 0.034379 0.11071 0.00041473 0.11754 0.05185 0.12709 -0.014436 0.01492 0.016137 0.019576 0.15542 0.15665 0.21903 0.26904 -0.13036 0.071709 0.36972 0.58144 -0.10122 -0.064403 0.20252 0.2884 -0.032004 -0.011191 0.032561 0.03135 -0.02959 -0.083956 0.15528 0.16136 -0.061209 -0.10418 0.090628 0.15354 -0.016239 0.062793 0.053612 0.1373 -0.0034341 0.010633 0.019881 0.040044
148.04 120.02 3.6301 1.5453 0 0 0 0 0 0 0 0 0 0 0 0 0 0 0 0 0.020914 0.05569 0.024284 0.063325 -0.018532 0.15674 0.054262 0.17348 0.024862 0.13572 0.081547 0.17509 -0.0021811 0.11147 0.054392 0.14363 0.090847 0.0085683 0.16281 0.15588 0.016024 -0.014977 0.27171 0.48414 -0.080218 -0.014895 0.34531 0.40094 0.053414 -0.0177 0.19978 0.25126 0.024788 -0.026293 0.090144 0.04334 0.021466 -0.062064 0.11787 0.10153 -0.026417 -0.020237 0.12879 0.10641 0.034317 -0.02779 0.081826 0.058048
126.18 132.69 3.5315 3.8986 0.012801 0.0019652 0.018536 0.01489 0.014379 0.00057956 0.098507 0.099955 0.066857 0.061956 0.12912 0.12584 -0.025562 0.01324 0.13711 0.11366 0.012339 0.064455 0.066644 0.082236 0.0096709 0.038647 0.13519 0.15871 0.05783 -0.050595 0.42472 0.27443 -0.069125 -0.078959 0.12109 0.13649 0.056935 -0.003556 0.12614 0.15653 -0.017527 0.080397 0.28763 0.36372 -0.077889 -0.076939 0.24574 0.25147 -0.011376 -0.0078688 0.014813 0.0089641 0.054633 0.038212 0.12651 0.11035 -0.1106 -0.053575 0.25678 0.15255 -0.016177 -0.01432 0.017097 0.016729 -3.7784e-05 -3.5698e-05 3.7784e-05 3.5698e-05
143.96 132.71 3.3494 5.2044 -0.03702 -0.0053691 0.088753 0.067706 -0.0089408 0.016297 0.095969 0.086638 0.023622 0.0021763 0.098007 0.095771 -0.027633 -0.0040334 0.038148 0.031307 -0.049787 0.0022572 0.22184 0.19216 0.057203 0.16033 0.1982 0.25741 -0.074451 0.11923 0.17884 0.21498 0.0092064 0.058824 0.078627 0.083914 0.04475 -0.0742 0.10712 0.14965 0.065965 -0.1726 0.16474 0.37347 -0.012681 -0.040559 0.36778 0.33501 -0.049777 0.062269 0.1041 0.13289 0.00071309 -0.0018136 0.00071309 0.0018136 0.0064378 -0.0091412 0.0075547 0.0091412 0.068615 -0.096966 0.1209 0.14445 -0.024732 -0.066709 0.074887 0.14773
155.3 131.34 3.5125 1.5023 0 0 0 0 0 0 0 0 2.4541e-05 0.0029856 2.4541e-05 0.0029856 0.00012586 0.015654 0.0015893 0.015654 0.058293 0.034425 0.08503 0.076447 0.01547 0.16623 0.18482 0.40013 -0.036606 0.14953 0.30284 0.40958 0.027578 0.041844 0.167 0.27566 0.074388 -0.020175 0.11341 0.064801 -0.0031507 -0.1308 0.22005 0.22751 -0.034264 -0.10546 0.26101 0.27316 0.023477 -0.044111 0.14435 0.11133 0.014419 0.0010913 0.051637 0.025546 -0.0094318 -0.023586 0.069658 0.043875 0.01485 -0.033713 0.11104 0.10365 -0.0030062 -0.016521 0.043896 0.038411
94.969 139.32 4.252 5.2021 0.011825 0.0053982 0.02777 0.014432 -0.0020861 -0.00079408 0.052525 0.057498 -0.0063431 0.0019909 0.028256 0.059304 -0.0074906 -0.00028446 0.012773 0.018177 0.056252 0.050157 0.16577 0.06848 -0.039252 0.089309 0.22664 0.16386 0.017682 0.058386 0.21566 0.16388 -0.045387 0.017808 0.070371 0.0546 0.11037 -0.049212 0.17038 0.14797 0.049735 -0.0512 0.25874 0.53089 -0.089659 0.028772 0.34771 0.33167 -0.01421 0.027357 0.10827 0.095704 0.00924 -0.015546 0.011041 0.018834 0.021473 -0.054354 0.028865 0.075959 0.030015 -0.077275 0.13553 0.14217 0.038521 -0.014978 0.0997 0.16108
72.508 143.4 3.4575 5.7315 0 0 0 0 0.0081923 0.010928 0.010912 0.01303 0.02096 0.02376 0.029007 0.067356 0.010784 0.013382 0.020126 0.078031 0.016392 0.019307 0.018232 0.019307 -0.016629 0.042597 0.18378 0.17547 -0.020477 0.019674 0.085278 0.13963 0.0051421 -0.037774 0.020118 0.058012 0.11451 0.083582 0.21548 0.11078 -0.064805 0.14313 0.36331 0.36411 -0.08539 0.024501 0.18811 0.20047 -0.010767 0.077216 0.11605 0.09496 0.09949 -0.058103 0.19122 0.12901 -0.0050712 -0.0017736 0.29657 0.34959 -0.053573 0.11559 0.21908 0.20449 -0.0047014 0.008444 0.12804 0.079144
153.41 144.33 3.8629 4.4374 0.0086497 0.0096273 0.012131 0.019277 -0.0027926 0.024376 0.048135 0.074073 0.0097292 -0.021479 0.056634 0.073766 -0.014991 0.0038425 0.0386 0.025178 0.024408 0.030068 0.092943 0.088291 -0.041733 0.04338 0.19084 0.17548 0.029182 0.09706 0.21154 0.12633 -0.04715 0.035898 0.095891 0.057771 -0.023676 0.064186 0.13525 0.15408 0.10279 0.078043 0.35137 0.36926 -0.00257 -0.044402 0.2549 0.47359 -0.0917 -0.018123 0.15418 0.10767 -0.041391 -0.055871 0.10466 0.21349 -0.029329 -0.092704 0.13802 0.17925 -0.014955 -0.087161 0.038564 0.11229 -0.010786 -0.017486 0.013368 0.022179
175.07 166.98 3.261 0.71492 -0.018532 -0.11846 0.28591 0.17508 -0.17522 -0.019869 0.25226 0.20232 0.083686 -0.080271 0.1753 0.14616 -0.056256 -0.058264 0.12943 0.15917 0.073253 -0.10056 0.19122 0.18085 -0.082119 -0.08022 0.22663 0.31388 -0.018464 0.066163 0.067253 0.12203 0.003886 0.066458 0.04572 0.10085 0.036176 -0.029961 0.048216 0.053379 0.057652 -0.041594 0.13807 0.2496 0.081887 -0.045799 0.12019 0.38151 -0.076355 -0.024887 0.12692 0.19122 0.00029481 -0.0003396 0.00029481 0.0003396 0.011353 -0.024855 0.01197 0.027905 0.0072253 -0.066081 0.012013 0.06896 -0.0095008 -0.029501 0.012141 0.03043
178.84 176.23 3.5939 0.9422 0.096848 -0.095374 0.20753 0.11967 -0.11871 -0.16681 0.36551 0.27247 0.041735 -0.086377 0.26329 0.21742 -0.050689 -0.02066 0.11885 0.12182 0.034975 -0.023447 0.053668 0.046856 0.027105 -0.024978 0.24925 0.32968 -0.02096 0.17886 0.13097 0.315 -0.038247 0.018919 0.067011 0.11012 0.0029525 -0.0018287 0.0029525 0.0021346 0.051567 -0.057245 0.062651 0.11286 -0.00091415 -0.15447 0.12928 0.31445 -0.03795 -0.0314 0.045999 0.061062 4.4715e-18 -2.8283e-17 4.4715e-18 2.8283e-17 -3.0792e-17 -1.7611e-16 7.9701e-16 8.2643e-16 0.00055305 -0.0022209 0.00055305 0.0022209 6.4121e-05 -0.00043727 6.4121e-05 0.00043727
169.13 184.84 4.3685 0.90833 -0.013743 -0.13975 0.28939 0.20604 -0.018596 -0.12002 0.28507 0.19923 -0.059846 -0.1027 0.2204 0.29262 -0.016353 -0.009337 0.024933 0.025643 0.040227 -0.040708 0.18344 0.19714 0.022179 0.11685 0.17639 0.37836 -0.071414 0.090089 0.15873 0.28484 -0.015416 0.0087826 0.037958 0.04282 0.024543 -0.026334 0.029281 0.043102 0.055913 -0.15929 0.10154 0.27982 -0.073207 -0.096662 0.11 0.18134 -0.007013 -0.0040083 0.0097283 0.0098669 9.568e-17 3.9937e-17 1.0252e-16 3.9937e-17 0.00017526 -0.00038202 0.00017526 0.00038202 0.00012329 -0.00037854 0.00012329 0.00037854 0 0 0 0
104.01 195.65 3.5941 4.7026 0 -0 0 0 0 -0 0 0 0 -0 0 0 0 -0 0 0 0.024438 0.058969 0.027962 0.058969 0.014138 0.1605 0.11283 0.20187 -0.037915 0.028482 0.061793 0.069645 0.0059782 0.0053351 0.0084988 0.020291 0.081288 0.036284 0.30897 0.31886 -0.15968 -0.089323 0.28016 0.38815 -0.027985 -0.010963 0.060195 0.077856 0.0054365 0.017643 0.019048 0.050765 -0.034421 -0.033808 0.15322 0.10253 0.11151 0.15246 0.2194 0.27872 -0.094958 0.15957 0.22332 0.22786 0.069562 0.057413 0.21092 0.18025
93.17 201.24 3.5481 4.7392 6.0245e-19 1.6181e-20 1.0053e-17 2.7e-19 -1.1804e-18 -3.1705e-20 3.6047e-18 9.6815e-20 0 0 0 0 0 0 0 0 6.3119e-18 1.6953e-19 1.5788e-16 4.2405e-18 0.0097124 0.047933 0.01875 0.047933 -0.0051216 0.084956 0.050147 0.097136 -0.0059968 0.004447 0.0062863 0.0070488 0.11832 0.074422 0.12545 0.10849 -0.033255 0.10361 0.44202 0.5949 -0.11509 -0.048039 0.19831 0.26738 -0.01241 -0.0010231 0.012681 0.018628 0.043136 -0.019239 0.18663 0.097934 -0.041426 -0.065829 0.18488 0.19814 -0.013015 0.16886 0.1489 0.22343 0.021976 0.038913 0.078193 0.073379
154.75 200.2 3.6452 5.007 -0.0013274 0.0021316 0.0014116 0.0021316 0 0 0 0 0 0 0 0 0 0 0 0 -0.010043 -0.0019413 0.018961 0.013743 -0.0089857 0.027294 0.047407 0.058669 -0.0032879 0.019065 0.0073825 0.020026 0 0 0 0 -0.0019875 0.072789 0.031087 0.085289 0.12035 0.022202 0.19426 0.26365 -0.086968 0.19877 0.40619 0.40838 -0.047485 0.02168 0.047497 0.025616 0.063825 0.082174 0.3043 0.23971 -0.095308 0.011817 0.24196 0.19459 0.024733 -0.085197 0.36633 0.22982 -0.055409 -0.0050276 0.078306 0.033445
104.95 112.78 5.2032 1.7139 -0 0 0 0 -0 0 0 0 -0 0 0 0 -0 0 0 0 -0.004744 0.079318 0.036326 0.083484 -0.015086 0.067614 0.030878 0.069214 0.0010071 0.10227 0.024155 0.10227 -0.0058685 0.021837 0.0081784 0.021837 -0.03599 -0.018625 0.17883 0.28862 0.04196 0.044965 0.30109 0.4679 -0.012174 0.041734 0.29089 0.54811 -0.070729 0.010604 0.12255 0.076457 -0.010909 -0.030251 0.074998 0.066029 0.018187 -0.063893 0.14628 0.13758 -0.013301 -0.078922 0.1593 0.12789 -0.017844 -0.012376 0.064637 0.02333
104.13 156.25 5.5398 5.3305 0.0068454 0.0043278 0.009092 0.0085234 0.013959 0.01431 0.045749 0.11137 -0.024409 0.0059125 0.03357 0.080073 -0.0025538 0.00030332 0.0028435 0.0043092 0.026957 0.054919 0.10837 0.081414 -0.0017842 0.060448 0.20113 0.20934 -0.053468 0.021182 0.086657 0.10134 0.00027041 0.006264 0.014392 0.014135 0.08135 -0.044486 0.17352 0.21781 -0.048273 0.0039449 0.39651 0.49294 -0.06306 0.064632 0.23386 0.20541 -0.0028062 0.019597 0.098384 0.081023 0.0085086 -0.019992 0.010886 0.02538 0.035943 -0.075556 0.11403 0.14493 0.039252 -0.034593 0.23836 0.31744 -0.045946 0.017457 0.11739 0.12638
55.063 180.01 5.008 5.7273 0 0 0 0 0 0 0 0 0 0 0 0 1.0249e-18 1.6497e-18 1.0249e-18 1.6497e-18 0 0 0 0 0 0 0 0 6.997e-18 -7.5409e-19 1.2905e-17 1.5448e-17 -2.5875e-18 -5.2621e-18 2.0694e-17 3.2821e-17 0.014521 0.024263 0.03798 0.04905 0.057138 0.040254 0.11415 0.30755 0.0075128 0.074255 0.19624 0.52518 -0.05926 0.044993 0.081272 0.10702 0.046357 0.14828 0.27638 0.27342 -0.080207 0.12876 0.33228 0.37089 -0.036718 0.032877 0.17006 0.22996 -0.018538 -0.022336 0.053658 0.071695
67.669 196.56 5.0813 5.3806 0 0 0 0 0 0 0 0 6.0095e-18 4.7433e-18 2.3961e-17 1.8913e-17 1.9302e-19 1.5235e-19 1.5236e-17 1.2026e-17 0 0 0 0 2.9607e-05 0.00025142 2.9607e-05 0.00025142 6.0279e-05 0.00051188 6.0279e-05 0.00051188 -1.713e-18 -1.3521e-18 3.939e-18 3.109e-18 0.038366 0.027239 0.049267 0.055111 0.11528 0.066715 0.18234 0.51901 -0.094278 0.056506 0.18206 0.52555 -0.031519 0.012156 0.042951 0.061889 0.043725 0.086653 0.19531 0.1654 -0.012417 0.098828 0.25923 0.34107 -0.063548 0.045048 0.14201 0.21909 -0.0096614 -0.0060909 0.020769 0.023494
109.51 129.3 7.0903 1.6667 -0 0 0 0 -0 0 0 0 -0 0 0 0 -0 0 0 0 0.014779 0.088088 0.12007 0.24849 -0.0019958 0.14095 0.1974 0.35645 -0.02868 0.16159 0.19414 0.38604 -0.037801 0.021917 0.052169 0.039889 0.016994 -0.067624 0.15282 0.17011 0.03697 -0.10091 0.28745 0.28995 -0.053886 -0.11902 0.31296 0.34101 -0.033318 -0.0092573 0.071232 0.034409 -0.0079369 -0.011676 0.038535 0.045009 0.010525 -0.023676 0.036719 0.046868 0.0011545 -0.01447 0.10124 0.12817 -0.012233 -0.0028142 0.025723 0.017307
166.4 130.41 7.0479 1.5084 0 0 0 0 0 0 0 0 0 0 0 0 0 0 0 0 0 0 0 0 0.097599 0.079551 0.11822 0.17646 0.0006793 0.16611 0.23102 0.44025 0.038673 0.090067 0.18107 0.35095 0 0 0 0 0.086088 -0.055018 0.24426 0.16371 -0.023794 -0.12961 0.34822 0.36225 0.0033893 -0.092167 0.21598 0.2287 2.1665e-17 3.6017e-18 2.3718e-17 3.6442e-17 0.018496 -0.011285 0.076762 0.072158 -0.01751 -0.01674 0.068235 0.073707 0.0086406 -0.01473 0.028204 0.034109
126.96 110.71 10.183 1.6181 -0 0 0 0 -0 0 0 0 -0 0 0 0 -0 0 0 0 0.0084496 0.017207 0.0084496 0.017207 0.0015909 0.14294 0.025385 0.14294 -0.0057657 0.16571 0.052692 0.16571 -0.0088157 0.019463 0.016196 0.019463 0.053715 0.0010409 0.079616 0.060747 0.057972 -0.037798 0.31513 0.4997 -0.053321 -0.051658 0.3816 0.56621 -0.051514 -0.0047183 0.081796 0.068529 0.0085671 -0.0059907 0.02879 0.025527 0.00075875 -0.034803 0.075397 0.071761 0.0026006 -0.041091 0.10701 0.13556 -0.01127 -0.0049643 0.024858 0.022464
127.06 127.46 21.392 1.6295 -0 0 0 0 -0 0 0 0 -0 0 0 0 -0 0 0 0 -0 0 0 0 0.12037 0.15553 0.16429 0.38398 -0.10423 0.14941 0.16499 0.36549 -0.0094854 0.00123 0.0094854 0.004291 -0 0 0 0 0.1011 -0.12657 0.24281 0.43918 -0.11263 -0.12839 0.27189 0.45926 -0.012406 -0.0017984 0.012406 0.0065153 -0 0 0 0 0.00098027 -0.0031606 0.0059638 0.0042815 -0.0016313 -0.004693 0.0088106 0.0095171 -0.00022372 -0.00017958 0.00022372 0.00017958
