51 64
124.89 115.42 2.0543 1.7665 -0 0 0 0 -0 0 0 0 -0 0 0 0 -0 0 0 0 -0.004111 0.075999 0.02596 0.078277 -0.015241 0.063511 0.024004 0.063605 0.0062857 0.055847 0.010864 0.055873 -0.0043357 0.029165 0.005732 0.029217 -0.040748 0.057134 0.16722 0.30352 -0.018209 0.11971 0.13361 0.41573 0.090419 0.11016 0.15143 0.54547 -0.044315 0.13341 0.16606 0.2736 0.011257 -0.042017 0.11482 0.12821 0.0019371 -0.041839 0.13068 0.19271 0.01975 -0.059155 0.11808 0.205 -0.014501 -0.07224 0.096402 0.12236
140.12 115.89 1.9295 1.6475 -0 0 0 0 -0 0 0 0 -0 0 0 0 -0 0 0 0 0.0026324 0.00072366 0.0026324 0.0010001 0.00292 0.0298 0.019927 0.030296 -0.0015629 0.064366 0.013457 0.064366 0.0067355 0.02785 0.010355 0.02785 0.059106 0.02043 0.059593 0.025529 0.07007 0.16717 0.29733 0.28846 -0.0333 0.13322 0.15695 0.52305 0.03428 0.086767 0.082375 0.30385 0.068424 0.030995 0.12888 0.053768 -0.01289 -0.059032 0.39408 0.18958 0.016621 -0.053563 0.16628 0.26589 0.013601 -0.037727 0.090354 0.13725
116.94 128.11 2.0296 4.4111 0.0049893 0.019319 0.025966 0.034541 0.0034744 0.040347 0.048682 0.06162 0.015913 0.040461 0.077811 0.094829 -0.0090513 0.047642 0.067647 0.070272 0.030325 -0.0088833 0.10804 0.062801 0.060186 0.086202 0.19155 0.16255 0.011103 0.051151 0.21315 0.24725 -0.011109 0.0020497 0.16101 0.23496 0.11703 0.038881 0.14683 0.16027 -0.011724 0.082229 0.25528 0.3762 -0.11374 -0.048962 0.24596 0.41581 -0.021027 -0.07153 0.089942 0.20754 0.044409 -0.053586 0.049116 0.066243 -0.021475 -0.13969 0.085681 0.20779 -0.044908 -0.055342 0.054477 0.089413 -0.0032072 -0.0065459 0.0035037 0.0067911
132.33 129.81 1.981 1.6835 0.020005 0.036373 0.030268 0.043999 -0.0018077 0.069079 0.041857 0.16137 -0.0036867 0.046096 0.033028 0.11402 0.024362 0.058883 0.029552 0.11435 0.059092 0.02167 0.28259 0.14173 -0.03302 0.032005 0.25786 0.42273 0.0090171 0.063901 0.14089 0.35657 0.04872 0.028979 0.10516 0.29574 -0.028956 -0.058894 0.28302 0.15379 0.023278 -0.090471 0.19975 0.21073 0.01286 -0.073643 0.16681 0.21973 0.01108 -0.047274 0.093598 0.12892 -0.0086489 -0.019237 0.036293 0.026881 0.0024714 -0.019074 0.036731 0.031432 0.004712 -0.0291 0.043354 0.05454 0.011853 -0.026415 0.029165 0.037247
103.97 138.67 1.9732 3.0902 -0.0083442 -0.0013681 0.025358 0.020331 0.046927 0.018865 0.095322 0.070981 0.11558 0.008697 0.19085 0.14893 -0.014853 0.053036 0.28314 0.11804 0.010739 0.0049187 0.026686 0.019884 0.068018 -0.033636 0.10788 0.1044 0.12309 -0.12033 0.18046 0.22854 0.067198 -0.044012 0.3231 0.24152 0.0073777 0.01059 0.055791 0.073848 0.05909 0.0019337 0.20508 0.31138 -0.0031631 -0.043893 0.22988 0.24532 -0.0079576 -0.14638 0.16711 0.17093 0.0090713 0.043837 0.042376 0.15112 -0.017898 0.11358 0.099755 0.26499 -0.048846 0.070653 0.077281 0.14621 -0.0037604 -0.0028634 0.0090631 0.012856
95.859 139.1 1.7158 3.0559 0.0071216 0.0019912 0.021071 0.014004 0.049526 -0.018519 0.074892 0.074571 0.084103 -0.071585 0.14982 0.15572 0.013104 0.0026769 0.24944 0.14073 0.013945 0.02225 0.052432 0.058514 0.057556 0.033851 0.19543 0.28646 0.021188 -0.0371 0.23679 0.23803 -0.0062599 -0.16006 0.21875 0.19858 -0.0041692 0.091132 0.054302 0.17947 -0.011389 0.12272 0.14846 0.3628 -0.057346 0.025955 0.1098 0.1868 -0.003752 -0.020552 0.021843 0.028 0.029942 -0.056146 0.034237 0.12553 0.03665 -0.071896 0.086731 0.27795 -0.091971 0.042107 0.20485 0.23252 -0.025645 0.0035665 0.028238 0.015004
111.73 139.61 2.3945 4.4259 -0.016544 0.0083064 0.025189 0.023435 0.0064156 -0.00026271 0.020052 0.025104 0.00021752 -0.017518 0.038453 0.062974 0.0037784 0.012303 0.014011 0.021172 -0.0091254 0.040659 0.092851 0.094502 0.015765 0.071683 0.10554 0.11488 0.0063553 0.082831 0.12125 0.15067 0.021008 0.066479 0.11794 0.15158 -0.012686 -0.024893 0.19372 0.16492 0.068628 -0.0013207 0.23793 0.1273 0.048117 0.16799 0.2849 0.27208 0.036029 0.044336 0.17348 0.23516 0.033576 -0.010305 0.048739 0.05017 0.14081 0.096761 0.21122 0.27024 -0.031055 0.07842 0.24798 0.38547 -0.046862 -0.029386 0.12844 0.22054
123.8 141.26 1.8671 4.5986 0.0046679 -6.9892e-05 0.012266 0.0097083 -0.00011895 -0.012063 0.052069 0.076916 -0.0075862 -0.0024181 0.012412 0.015506 8.9218e-05 9.7089e-05 8.9218e-05 0.00011192 -0.0045217 0.043259 0.043283 0.060273 0.0020916 0.073492 0.067395 0.10966 0.010213 0.054483 0.10495 0.10985 0.015043 0.032147 0.085162 0.03931 0.036883 0.028523 0.12808 0.075893 -0.011613 0.14607 0.21969 0.2727 0.058328 0.16945 0.25798 0.32101 0.083044 0.10941 0.27635 0.18989 0.028437 0.095818 0.12682 0.14944 -0.041248 0.054011 0.19343 0.33564 -0.014795 -0.050617 0.14308 0.34397 0.034989 -0.044506 0.15686 0.22582
134.24 141.66 1.9678 3.6948 0 -0 0 0 -0.00087678 -0.0007489 0.0026482 0.0027413 0.093634 -0.0038652 0.1905 0.17107 -0.01645 0.0033511 0.10849 0.1191 -0.01506 0.0066713 0.035534 0.019791 0.035399 0.025612 0.041721 0.04067 0.13118 -0.020561 0.2337 0.21573 0.0042811 0.045931 0.34402 0.33377 -0.0058671 -0.0038147 0.039912 0.026751 0.05108 0.030807 0.1332 0.11853 0.12692 0.07949 0.28658 0.2574 0.0087791 -0.043025 0.34634 0.22473 0.026131 0.018378 0.036134 0.029232 0.05901 0.052324 0.13628 0.10402 0.0036494 0.021189 0.2245 0.1564 -0.044733 -0.025599 0.18012 0.10678
164.85 145.23 1.8267 5.4708 -0.0069959 0.06224 0.040074 0.067266 -0.017244 0.01853 0.028618 0.032491 0.038498 0.0071119 0.049567 0.020684 0.18315 -0.028882 0.20808 0.068358 -0.078667 -0.030942 0.20878 0.33888 -0.043434 0.080107 0.24718 0.20457 0.033984 0.082125 0.11537 0.12743 0.10786 -0.083746 0.1638 0.12767 0.092029 0.00061929 0.12307 0.065238 0.057075 0.18239 0.35585 0.29246 -0.079407 0.08758 0.1579 0.20826 -0.060903 -0.04861 0.082309 0.082018 0.03426 -0.0083344 0.036901 0.017402 0.058057 -0.13042 0.15911 0.19496 -0.095434 -0.088164 0.12505 0.14384 -0.02938 -0.014905 0.042103 0.05935
84.418 147.84 2.0355 2.9344 0.0037827 0.02113 0.028522 0.029954 0.026242 -0.00037416 0.079026 0.081109 -0.027686 -0.029661 0.15792 0.21537 -0.00048847 -0.041626 0.063001 0.05816 0.025195 0.02993 0.0719 0.17733 0.033373 0.13685 0.10387 0.37149 -0.028564 0.14534 0.13576 0.41914 -0.060452 0.11064 0.078312 0.15482 0.01465 -0.058789 0.025601 0.10558 0.048333 -0.14689 0.056989 0.26279 0.087177 -0.16209 0.14823 0.37559 -0.077825 -0.039826 0.22637 0.17246 7.4998e-05 0.023888 0.018124 0.049894 -0.00054369 0.025407 0.027876 0.089625 0.021685 -0.01441 0.063888 0.11056 -0.022624 -0.031579 0.052416 0.045968
63.998 152.14 2.1167 3.0953 0.0062975 -0.024838 0.029654 0.079528 0.067911 -0.13222 0.076311 0.22953 0.099824 -0.20574 0.20214 0.44998 -0.08222 -0.042405 0.30375 0.26969 0.0025006 0.013008 0.079556 0.169 -0.016283 0.043519 0.094735 0.30161 0.063962 -0.0069621 0.14537 0.34669 -0.062817 -0.12819 0.20818 0.20954 0.0098004 -0.053692 0.027842 0.070057 -0.0049887 -0.087699 0.025322 0.12871 -0.010272 -0.079466 0.024776 0.10269 -0.0071937 -0.019343 0.0084259 0.020692 -0 0 0 0 -0 0 0 0 -0 0 0 0 -0 0 0 0
170 169.64 2.1813 1.0134 -0.0036841 -0.013401 0.036803 0.022387 -0.020154 0.025793 0.03143 0.038141 -0.0078266 0.017275 0.010978 0.020054 -0.00052035 0.00083065 0.00064396 0.0009177 0.05525 0.0032085 0.060836 0.036238 0.041997 0.13436 0.10621 0.16702 0.0046514 0.23269 0.094855 0.26392 -0.035627 0.098787 0.066166 0.21965 0.039584 -0.021758 0.040104 0.028533 0.096341 -0.1379 0.16352 0.32502 0.011638 -0.17372 0.13406 0.58534 -0.0093341 -0.064669 0.11148 0.36337 0.0010931 -0.0012904 0.0011905 0.0013672 0.016908 -0.029277 0.023516 0.047458 0.0079684 -0.054123 0.021623 0.10782 -0.00098566 -0.038196 0.017669 0.066469
63.927 171.57 2.1828 5.8648 0 0 0 0 0 0 0 0 0 0 0 0 0 0 0 0 0.002809 0.0024327 0.002809 0.0024327 0.020549 0.11914 0.027763 0.11914 -0.0094053 0.12172 0.019681 0.12172 -0.0023612 0.011159 0.002807 0.011159 0.065879 0.11428 0.12777 0.39039 0.0021961 0.024968 0.19874 0.58764 -0.051413 0.037537 0.17699 0.368 -0.013418 0.11434 0.07721 0.15769 -0.03438 -0.05852 0.062767 0.14157 -0.010684 -0.027893 0.048679 0.18389 0.046884 0.039865 0.090129 0.22407 0.021937 -0.031468 0.080704 0.13335
70.157 171.86 2.2008 5.7809 0 0 0 0 0 0 0 0 1.6381e-17 -8.9973e-18 1.6381e-17 8.9973e-18 6.6305e-18 -3.6418e-18 6.6305e-18 3.6418e-18 0.041541 0.12111 0.061754 0.12343 0.019427 0.24092 0.09633 0.31202 -0.045706 0.1285 0.070636 0.16752 -0.017596 0.081677 0.032768 0.08258 -0.016385 -0.064448 0.11234 0.25627 -0.042487 -0.179 0.10281 0.34089 0.03319 -0.11074 0.12561 0.21746 0.016751 -0.035733 0.090983 0.16768 0.0057201 0.16473 0.049058 0.22195 0.0050451 0.23474 0.094484 0.35211 -0.043234 0.029013 0.10665 0.2718 -0.01617 -0.02144 0.049669 0.13124
180.03 171.69 1.7716 3.5001 1.8685e-16 8.2677e-17 5.8317e-16 2.5403e-16 6.661e-05 8.7574e-05 6.661e-05 8.7574e-05 2.3622e-05 5.1672e-05 6.7482e-05 6.8105e-05 -4.8716e-06 -1.8252e-06 4.8716e-06 1.8252e-06 0.0092175 0.020716 0.017791 0.028986 0.012801 0.10311 0.035179 0.12705 -0.017066 0.062925 0.023793 0.069721 -0.0027303 0.0039679 0.0030126 0.0042173 0.025351 0.074231 0.19855 0.20946 0.071514 0.1747 0.36852 0.50276 -0.14158 0.06935 0.18881 0.26463 -0.036079 0.03796 0.042527 0.052549 0.025892 0.0086434 0.30625 0.2291 -0.088555 -0.11331 0.22422 0.24178 -0.056844 -0.094098 0.065045 0.11462 0.01345 -0.012277 0.034768 0.038807
158.45 175.93 2.111 1.0355 -0.008212 0.010236 0.01107 0.016421 -0.0023143 0.0029837 0.0032362 0.0046802 -8.0432e-05 -2.9483e-05 8.0432e-05 5.2646e-05 0.00017188 0.00013777 0.00039706 0.00035053 -0.0041299 0.10461 0.050094 0.11263 -0.0029561 0.23445 0.068649 0.23802 -0.05654 0.15541 0.071221 0.22363 -0.0075252 0.058339 0.019544 0.06404 0.025345 -0.039084 0.090532 0.26635 0.012239 -0.060703 0.1442 0.55272 -0.041078 -0.023664 0.1836 0.49372 -0.038746 -0.010341 0.079196 0.14742 0.0091781 -0.019947 0.017096 0.057266 0.0098492 -0.044742 0.024065 0.11926 -0.011244 -0.073055 0.029747 0.12604 -0.0092117 -0.031022 0.01576 0.035629
71.942 182.13 2.2736 5.6239 0 0 0 0 0 0 0 0 0 0 0 0 0 0 0 0 0.023137 0.098175 0.024388 0.098175 -0.012522 0.15656 0.044865 0.15656 0.0003348 0.15331 0.030495 0.15331 -0.0087836 0.03439 0.011998 0.03439 0.0088927 0.037565 0.18424 0.37238 -0.050625 -0.043916 0.21586 0.39364 0.05678 0.039195 0.14812 0.36598 -0.10266 0.042128 0.14356 0.22378 -0.021325 -0.052295 0.064251 0.11943 0.059471 0.12568 0.10197 0.29451 -0.01943 -0.011412 0.12042 0.2691 -0.0062229 -0.042612 0.073587 0.14613
90.805 182.8 2.1257 2.5544 -0.00119 0.0048958 0.014903 0.011802 0.036136 -0.033767 0.056883 0.077817 0.018615 -0.014735 0.16273 0.21459 0.058936 0.038832 0.17951 0.24436 0.032321 0.025152 0.063255 0.079342 -0.0028669 0.076097 0.11327 0.27221 0.052291 0.0019919 0.15425 0.39708 0.029739 -0.13162 0.16214 0.36481 0.041642 -0.026318 0.049511 0.058223 0.091302 -0.0052721 0.20301 0.27949 -0.055874 0.08965 0.18066 0.28416 -0.012984 0.069368 0.096089 0.17009 0.0011143 -0.0013423 0.0013415 0.0013785 0.033472 -0.055664 0.047218 0.06323 7.8255e-05 -0.096697 0.04116 0.1072 0.017472 -0.061293 0.039326 0.095577
139.22 194.27 1.7875 5.2356 0 0 0 0 0 0 0 0 0 0 0 0 0 0 0 0 0.00068274 0.00098012 0.00073653 0.00098012 0.0038739 0.042235 0.030002 0.045445 -0.0059355 0.054984 0.025203 0.054984 -0.0034156 0.0057411 0.0034156 0.0057411 0.0032731 0.0020304 0.02478 0.02824 0.1759 0.033563 0.21634 0.18649 -0.053065 0.25915 0.2925 0.37711 -0.075514 0.075793 0.084778 0.093346 0.00045872 -0.0026177 0.0049849 0.0061976 0.11399 -0.039336 0.1159 0.048234 0.13951 0.006472 0.46031 0.36855 -0.091385 0.062186 0.27393 0.25181
105.91 120.44 3.1039 0.93025 0 0 0 0 0 0 0 0 0 0 0 0 0 0 0 0 0.0063229 0.0046197 0.0063229 0.0046197 0.087084 0.18827 0.13053 0.2624 -0.092706 0.11922 0.11621 0.19045 0.063436 0.030718 0.1275 0.082285 0.060661 0.053383 0.10854 0.11681 0.11139 -0.010558 0.35216 0.44509 -0.11523 -0.017627 0.28543 0.26665 0.063619 -0.014444 0.23124 0.1335 0.021171 0.015789 0.20322 0.16823 -0.032078 -0.074358 0.17665 0.1786 -0.032447 -0.050315 0.081189 0.085093 0.0089343 -0.019461 0.047467 0.044575
102.57 132.82 2.5792 5.5636 0.042281 -0.0069316 0.071441 0.060312 -0.010342 -0.0075921 0.14221 0.29036 -0.036099 -0.016018 0.1176 0.16275 -0.0078878 -0.0099142 0.030226 0.029084 0.015131 -0.015061 0.019345 0.025948 0.032933 0.025735 0.19043 0.2415 -0.048385 0.028664 0.19287 0.18435 -0.013932 0.0045062 0.033171 0.026575 0.046421 0.00048918 0.046421 0.012602 0.058197 0.0949 0.42387 0.28463 -0.1258 0.091899 0.23018 0.26194 -0.039735 0.027705 0.073998 0.070411 0.005874 -0.0014807 0.005874 0.0020594 0.048873 -0.10121 0.154 0.16087 0.017967 -0.058409 0.2332 0.26082 -0.033825 0.041782 0.12645 0.15236
123.51 134.56 2.7838 4.75 -0.020954 0.0031939 0.045049 0.025688 0.00039522 0.0011343 0.017821 0.03898 -0.0041411 -0.0008712 0.0090874 0.021645 0.0022313 -0.00030648 0.0022359 0.0013146 0.0089664 0.012626 0.14378 0.090371 -0.016913 0.1025 0.11344 0.17824 -0.024064 0.11649 0.13288 0.1596 0.0021137 0.055395 0.22381 0.11492 0.098787 0.032185 0.18508 0.22141 -0.063078 0.030803 0.21856 0.40611 0.014617 -0.036192 0.24496 0.47324 -0.078415 -0.028432 0.29005 0.17186 0.027118 -0.055754 0.044848 0.07419 -0.032287 -0.095729 0.05603 0.16522 0.002904 -0.060757 0.032175 0.097517 -0.01202 -0.02472 0.023579 0.030365
139.94 137.35 2.8096 5.6652 -0.038049 0.041835 0.1074 0.10231 -0.058193 0.023497 0.079834 0.067241 -0.010032 -0.0033164 0.025432 0.026093 -0.00088595 -0.000467 0.0031123 0.0028497 0.014533 -0.071312 0.25668 0.22549 -0.099613 0.02762 0.28004 0.24702 -0.034944 0.048199 0.058392 0.084766 -0.00052789 0.0038612 0.0030049 0.0044421 0.056345 -0.038454 0.13498 0.12149 -0.031884 -0.1025 0.32746 0.50221 -0.04028 0.01665 0.2479 0.32836 -0.0051686 0.060076 0.083303 0.07522 0.0050467 -0.0052294 0.0051214 0.0056892 -0.0050629 -0.044194 0.024769 0.049517 0.093608 -0.015796 0.17312 0.11272 -0.035318 0.017177 0.096106 0.092402
74.388 144.18 2.6644 5.8323 0 0 0 0 0.0044438 0.0069894 0.0044438 0.0070511 0.017249 0.036375 0.027224 0.063702 -0.0023421 0.018314 0.016089 0.037713 0.0069735 0.00054777 0.0069735 0.0013109 0.026555 0.090278 0.17766 0.16151 -0.016846 0.063469 0.078137 0.23464 0.0045546 0.031798 0.033228 0.11436 0.014724 0.0025187 0.014724 0.0032695 0.097575 -0.034022 0.30941 0.39655 -0.045648 -0.0054926 0.16475 0.61408 -0.034943 -0.018654 0.096471 0.1933 0.0042174 0.0016325 0.0042174 0.0016325 0.035862 0.048985 0.11921 0.14848 -0.017558 0.0061692 0.15193 0.24176 -0.018366 -0.0068244 0.040697 0.038948
93.165 148.05 2.6601 3.0867 0.002372 0.0036123 0.011662 0.011532 0.017808 0.00096222 0.042165 0.027779 0.091519 -0.022687 0.12719 0.12085 -0.015484 0.024106 0.25335 0.12085 0.0071241 0.019686 0.050487 0.061617 0.01623 0.044649 0.087905 0.14194 0.0053384 -0.036167 0.19692 0.28879 -0.0081918 -0.12979 0.20667 0.18007 0.014628 -0.0122 0.047125 0.099436 0.058699 -0.025896 0.11781 0.40056 -0.043183 0.051726 0.26008 0.52088 -0.05075 0.0090397 0.076078 0.076982 0.0033842 -0.0043715 0.023278 0.047743 0.0080842 -0.018261 0.0343 0.1213 -0.0020251 -0.072668 0.13475 0.17719 -0.022189 -0.012553 0.033948 0.022657
180.7 150.24 2.8204 3.5163 0 -0 0 0 0 -0 0 0 0 -0 0 0 0 -0 0 0 -0.021951 0.22544 0.20464 0.33842 -0.12291 0.12369 0.13546 0.17598 0.0036226 0.064809 0.062814 0.087999 -0.0049468 0.0061712 0.0070652 0.0066759 -0.14087 -0.17042 0.30381 0.38655 0.0048027 -0.053287 0.20147 0.23204 -0.03978 0.16072 0.29781 0.24725 -0.05993 0.017086 0.070452 0.029666 -0.016356 -0.037669 0.023162 0.038605 0.052338 0.0015125 0.10133 0.14463 -0.024422 -0.097038 0.16678 0.21068 -0.023441 -0.013319 0.026372 0.019159
106.77 172.33 2.9558 3.0206 0.005525 -0.064811 0.078572 0.0665 -0.025346 -0.017833 0.065715 0.031902 0.0069299 0.0074108 0.063419 0.041913 0.051493 0.0095098 0.10265 0.099674 0.0014467 0.0012635 0.0036319 0.0026945 0.016391 0.019924 0.05525 0.03773 -0.0082744 0.0052181 0.079454 0.070362 0.10752 0.017413 0.16212 0.14318 0.012713 0.019803 0.038616 0.044856 0.031434 0.035817 0.12812 0.16072 0.05578 0.14342 0.18838 0.36317 0.060433 0.17847 0.21167 0.48867 0.032064 -0.0081132 0.044642 0.036231 -0.0037402 0.013523 0.11214 0.15152 0.037563 -0.034211 0.097399 0.28172 0.057168 -0.074261 0.1057 0.4054
140.66 179.5 2.5879 0.86967 -0.016345 -0.0062246 0.03912 0.023566 0.0020497 -0.0020673 0.016263 0.011557 -0.00057368 -0.00053145 0.011485 0.010348 -0.00066558 -0.0049941 0.010088 0.0090653 -0.0094312 0.039123 0.010609 0.044496 0.0017113 0.044272 0.0068203 0.04455 -0.0041249 0.021543 0.023699 0.032632 -0.0011771 0.00054711 0.0024076 0.0028744 -0.013333 0.096301 0.20474 0.49623 -0.088784 0.094174 0.29935 0.61909 -0.12445 0.011055 0.15753 0.17824 -0.005051 -0.00040352 0.005051 0.0034794 0.0034155 -0.090271 0.074943 0.16927 -0.045619 -0.13241 0.11581 0.21869 -0.027253 -0.032934 0.031029 0.036604 -0.00038723 -0.00015703 0.00038723 0.00015703
83.166 186.44 2.79 5.5091 0 0 0 0 0 0 0 0 0 0 0 0 0 0 0 0 0.026857 0.088806 0.060157 0.12061 0.017722 0.12364 0.074428 0.19543 -0.050417 0.08197 0.070246 0.12391 -0.0062502 0.0063487 0.0066178 0.006907 -0.0036167 0.0011178 0.13623 0.22765 0.014567 -0.0031463 0.19543 0.39183 -0.042995 -0.075072 0.15784 0.25982 -0.013707 -0.0043071 0.026752 0.029527 -0.02562 0.071433 0.29156 0.47864 -0.08243 -0.02845 0.26577 0.31203 -0.035946 -0.012289 0.090969 0.12182 -0.0043628 -0.0014941 0.0070202 0.0070887
96.815 189.53 2.5874 4.432 0 -0 0 0 0 -0 0 0 0 -0 0 0 0.0011191 0.00022351 0.0011191 0.00078452 0.011938 0.014493 0.011938 0.01519 0.010625 0.12034 0.1277 0.15031 -0.024158 0.021439 0.072336 0.064947 0.0068532 0.0030251 0.011185 0.01548 0.10729 0.04216 0.12774 0.073332 -0.084403 0.032947 0.42907 0.27211 -0.048377 0.063214 0.2554 0.20969 -0.017078 0.010431 0.047099 0.052575 0.03519 0.01328 0.1738 0.069299 0.054971 0.057798 0.48751 0.15625 -0.099697 0.071324 0.368 0.22448 -0.0069626 -0.007 0.057052 0.059556
80.339 196.63 2.7313 5.0363 0 0 0 0 0 0 0 0 0 0 0 0 0 0 0 0 0 0 0 0 0 0 0 0 9.7814e-06 3.2838e-06 9.7814e-06 3.2838e-06 8.2644e-07 2.7745e-07 8.2644e-07 2.7745e-07 0.024086 0.058155 0.04654 0.058155 0.095533 0.19401 0.22226 0.33693 -0.13643 0.054679 0.31833 0.40604 -0.032453 0.01092 0.066864 0.049461 -0.004948 0.018589 0.23102 0.17341 -0.0086896 0.001863 0.32876 0.32174 -0.066638 0.009346 0.28733 0.30832 -0.026718 0.014407 0.052524 0.059903
106.77 120.41 3.6061 0.90723 0 0 0 0 0 0 0 0 0 0 0 0 0 0 0 0 5.3285e-05 -4.1661e-05 5.3285e-05 4.1661e-05 0.089087 0.14262 0.12659 0.20893 -0.080862 0.10833 0.12997 0.19671 0.0096267 0.054874 0.17235 0.13647 0.045169 0.056596 0.083213 0.086613 0.1015 0.0093717 0.34945 0.42432 -0.12601 -0.056712 0.31163 0.29149 0.0048949 -0.03206 0.28056 0.15847 0.054126 -0.0042281 0.17706 0.126 -0.046199 -0.069072 0.20043 0.18999 -0.020395 -0.040578 0.05316 0.074301 0.011888 -0.019068 0.049154 0.042393
155.01 130.95 3.1047 2.9815 0.027069 0.035746 0.050396 0.087048 -0.043286 0.10189 0.17114 0.13829 -0.036213 0.014925 0.039297 0.019871 -0 0 0 0 0.008005 -0.055967 0.093414 0.11138 -0.070381 -0.14654 0.28928 0.26811 -0.04893 -0.01864 0.053374 0.037854 1.6237e-05 0.00010057 1.6237e-05 0.00010057 0.01639 -0.014624 0.028054 0.02904 0.095975 0.019859 0.18654 0.46367 -0.074221 0.10406 0.27178 0.40321 -0.032533 0.010333 0.048065 0.024964 0.0016535 0.0025015 0.0049811 0.0036807 0.084387 -0.01714 0.11399 0.11361 -0.028732 0.0068317 0.33814 0.18581 -0.042987 0.015578 0.077444 0.028557
79.087 135.78 3.1041 2.8148 0.035536 0.0011815 0.054937 0.047159 0.061505 -0.072939 0.17877 0.22755 -0.071065 -0.1159 0.20303 0.14235 -0.011276 -0.0032375 0.011276 0.0039661 0.041819 0.060288 0.098812 0.26276 -0.0053877 0.10296 0.19764 0.5894 -0.086199 0.044693 0.12358 0.15205 -0.00020763 -6.9048e-05 0.00020763 6.9048e-05 0.020201 -0.011395 0.035543 0.1703 0.043475 -0.091376 0.18532 0.38715 -0.094308 -0.045335 0.17702 0.11615 -0 0 0 0 -0.0031939 -0.013307 0.016843 0.061929 -0.0093454 -0.026915 0.028533 0.06369 -0.0049311 -0.0079388 0.0085219 0.010531 -0 0 0 0
75.671 155.64 3.5771 5.8003 0 0 0 0 0.0016592 0.003916 0.0016592 0.003916 0.001015 0.01916 0.0042184 0.01916 -4.1416e-05 0.0028182 0.00086347 0.0028182 0.014116 0.016241 0.029009 0.019991 0.006224 0.049663 0.11116 0.18579 0.011321 0.038661 0.0611 0.19939 -0.01414 0.019659 0.045821 0.074205 0.063346 -0.0083699 0.094305 0.079403 0.0011436 -0.0025585 0.26473 0.66457 -0.07734 -0.036473 0.17309 0.37263 -0.025585 -0.010383 0.053807 0.075022 0.047163 0.025423 0.056845 0.042468 0.0017651 0.069419 0.22137 0.30348 -0.046933 -0.0068605 0.10353 0.10441 -0.0057485 -0.0010049 0.018945 0.016295
68.765 172.04 3.4914 5.8191 0 0 0 0 0 0 0 0 0 0 0 0 0 0 0 0 0.014632 0.030403 0.014632 0.030403 0.012428 0.12746 0.050775 0.15591 -0.024848 0.091666 0.038614 0.11454 -0.0077846 0.02614 0.0098575 0.02614 -0.0095528 0.037063 0.13793 0.19438 -0.016283 0.0077599 0.094843 0.32088 0.01916 0.039033 0.10623 0.25455 -0.03106 0.0095899 0.079639 0.13061 -0.011109 0.0029564 0.18251 0.44158 -0.077099 -0.00049956 0.19312 0.54463 -0.056425 -0.01216 0.13493 0.24497 -0.011628 -0.015974 0.03698 0.068514
147.93 187.97 3.3759 4.6812 0 -0 0 0 0 -0 0 0 3.3269e-17 -1.0368e-18 3.3269e-17 1.0368e-18 3.5196e-17 1.4429e-16 2.8352e-16 5.0996e-16 0.0045143 0.0011606 0.0045143 0.0043113 0.073485 0.07705 0.09768 0.16286 -0.035597 0.15048 0.08888 0.28908 -0.028074 0.048702 0.030303 0.059056 0.0037972 -0.00091218 0.0084177 0.0093526 0.088465 -0.076617 0.10377 0.13831 0.101 -0.044973 0.26579 0.69683 -0.094564 0.097238 0.17905 0.33978 -0.0011709 0.0017215 0.0055609 0.012177 0.0017322 -0.0026496 0.0033581 0.0037144 0.059432 -0.06635 0.068387 0.097385 0.00049927 -0.061605 0.10237 0.12201
95.123 106.98 5.0823 0.98601 0 0 0 0 0 0 0 0 0 0 0 0 0 0 0 0 0 0 0 0 0 0 0 0 -0.0003633 0.00024052 0.0003633 0.00024052 -0.0003409 0.00022569 0.0003409 0.00022569 0.012491 0.015259 0.0143 0.017358 0.098863 0.18962 0.31502 0.40634 -0.01809 0.11177 0.40884 0.33144 -0.041503 0.046845 0.2384 0.16517 0.064826 0.014536 0.15923 0.11317 -0.027147 -0.075247 0.27659 0.2836 -0.0011316 -0.067986 0.19723 0.1649 -0.0080962 -0.020804 0.16514 0.082373
127.38 111.55 5.1877 1.723 -0 0 0 0 -0 0 0 0 -0 0 0 0 -0 0 0 0 0.0049172 0.0049332 0.0049172 0.0049332 -0.0026592 0.083537 0.030939 0.083537 -0.010693 0.10652 0.025443 0.10652 -0.0038091 0.0080495 0.0038709 0.0080495 -0.0074603 0.023748 0.2456 0.18789 0.042425 -0.0032353 0.35529 0.46472 -0.060374 0.020971 0.31315 0.50558 -0.048171 0.05221 0.10617 0.10577 -0.059717 0.027102 0.1371 0.11474 0.0060805 -0.051798 0.069768 0.08201 0.014637 -0.055308 0.12664 0.11982 -0.0095925 -0.0056652 0.19541 0.1154
87.909 125.24 5.215 0.69778 0 0 0 0 0 0 0 0 0 0 0 0 0 0 0 0 0.0019743 0.0041991 0.0019743 0.0042 0.0022 0.05971 0.013545 0.061379 0.017178 0.083638 0.17084 0.1662 -0.02534 0.025294 0.043515 0.049965 0.10626 0.036304 0.11306 0.089742 -0.059539 0.072156 0.38621 0.40554 -0.0044319 -0.043466 0.4635 0.40045 -0.040089 0.0070591 0.15595 0.13102 0.042346 -0.0083655 0.17644 0.13159 -0.079853 -0.079563 0.19544 0.16496 -0.0028882 -0.040504 0.071466 0.081305 -0.0039157 -0.013708 0.0529 0.042458
157.16 123.23 5.2534 2.8281 0.0020607 0.0057116 0.0035285 0.0099642 -0.0020648 0.015833 0.0059184 0.018089 6.4294e-06 1.9831e-05 6.4294e-06 1.9831e-05 -0 0 0 0 0.017141 0.079052 0.19766 0.21613 -0.098713 0.012166 0.26457 0.25769 -0.018649 0.0052056 0.020738 0.014231 -0 0 0 0 -0.12083 -0.07344 0.28848 0.15741 0.06109 -0.040525 0.27478 0.49308 -0.10457 0.062125 0.213 0.20023 -0.0039456 0.0017478 0.0039943 0.001841 -0.022161 -0.017883 0.041319 0.02249 0.088637 -0.036642 0.13435 0.092937 -0.047788 0.0016986 0.35139 0.19954 -0.029036 0.0039822 0.040056 0.019294
171.2 137.01 4.9381 2.9835 -0 0 0 0 -0 0 0 0 -0 0 0 0 -0 0 0 0 0.027803 0.12437 0.11849 0.13465 0.010413 0.13679 0.20289 0.23331 -0.063359 0.05195 0.12209 0.092683 -0 0 0 0 -0.026683 -0.022308 0.53982 0.25864 -0.025863 -0.086815 0.26382 0.30288 -0.065869 0.043419 0.214 0.28894 -0.013863 0.0089767 0.015799 0.012202 -0.02852 -0.053986 0.12029 0.063985 0.023928 -0.0092948 0.051945 0.053688 -0.0052827 0.036013 0.28341 0.1591 -0.038718 0.020674 0.060632 0.025266
123.61 143.43 5.1119 4.6181 -0.0050576 0.0077694 0.037432 0.030851 -0.0037966 0.0033231 0.013174 0.014752 0.10251 -0.055013 0.12141 0.22312 -0.020501 -0.0087948 0.18482 0.29621 -0.0098193 0.031586 0.2059 0.073406 -0.029135 0.050406 0.082175 0.078169 0.014159 0.039415 0.075716 0.086342 0.047008 -0.017036 0.1893 0.19491 0.024493 -0.035235 0.225 0.13304 0.026704 0.047948 0.27348 0.36288 -0.061238 -0.0072165 0.33086 0.4166 -0.010654 -0.05736 0.14824 0.14246 0.010575 -0.008755 0.013626 0.013366 0.0010338 -0.069268 0.060762 0.10693 -0.015807 -0.046673 0.029598 0.065572 -0.0030409 -0.0037448 0.0044102 0.0042866
169.27 171.99 5.5568 0.86587 0.018488 0.014682 0.021484 0.020535 0.0051944 0.0026177 0.21316 0.20569 -0.037729 -0.054542 0.085479 0.09336 0.0045557 -0.015525 0.035514 0.033324 0.044451 -0.019671 0.049633 0.049523 0.071304 0.036847 0.32092 0.40317 -0.07591 0.15687 0.22819 0.49791 -0.035062 0.0072462 0.044604 0.054924 0.00074351 -0.0016415 0.00074351 0.0016415 0.09267 -0.12123 0.10794 0.20624 -0.050253 -0.17434 0.16634 0.36274 -0.022228 -0.014577 0.024043 0.029898 0 0 0 0 4.4038e-06 -3.7465e-06 4.4038e-06 3.7465e-06 4.7773e-05 -4.0642e-05 4.7773e-05 4.0642e-05 -7.2451e-18 -4.6471e-18 7.8962e-18 4.6471e-18
178.83 187.31 5.1712 3.9357 0 -0 0 0 0 -0 0 0 0 -0 0 0 0 -0 0 0 3.8359e-17 -3.7694e-17 3.8359e-17 3.7694e-17 0.00053426 0.033576 0.0040351 0.033576 -0.0010461 0.019812 0.0022097 0.019812 0 -0 0 0 0.066361 0.022754 0.080901 0.090671 0.11438 0.074176 0.36001 0.63634 -0.1736 0.066828 0.28713 0.44207 -0.019106 0.020776 0.029078 0.026558 0.014012 -0.013008 0.021523 0.028661 0.0096132 -0.091966 0.060228 0.13441 0.040027 -0.058822 0.15113 0.19072 -0.038493 -0.0060945 0.084162 0.067315
158.91 118.24 6.788 2.3638 -0 0 0 0 -0 0 0 0 -0 0 0 0 -0 0 0 0 0.026639 0.016304 0.026639 0.018272 -0.011779 0.078783 0.1132 0.11621 -0.0064005 0.0091132 0.010091 0.010923 -0 0 0 0 0.047103 0.10379 0.35652 0.21563 -0.034197 -0.026866 0.41557 0.37602 -0.034744 0.12148 0.30704 0.33947 -0.038769 0.032811 0.051042 0.049647 0.01824 -0.06616 0.23606 0.11984 -0.049174 -0.038157 0.1334 0.069106 0.05013 -0.045139 0.21163 0.25579 -0.039222 0.0047215 0.072181 0.080555
187.12 152.9 6.9508 2.9647 -0 0 0 0 -0 0 0 0 -0 0 0 0 -0 0 0 0 -3.8438e-17 5.517e-17 3.8438e-17 5.517e-17 0.0099423 0.05621 0.023673 0.05621 -0.0091981 0.081682 0.047033 0.081682 -0.0027843 0.0033592 0.0027843 0.0033592 0.062472 0.028371 0.062472 0.028371 -0.039138 0.071086 0.60583 0.41756 -0.077632 0.018112 0.34871 0.38024 -0.029345 0.018059 0.044316 0.046464 0.035265 -0.0086621 0.035265 0.021755 -0.035892 -0.085392 0.17121 0.11548 0.087717 -0.0089791 0.19667 0.13483 -0.051639 0.02158 0.11894 0.077031
84.9 102.88 9.7927 0.76244 0 0 0 0 0 0 0 0 0 0 0 0 0 0 0 0 0 0 0 0 5.752e-06 0.00025053 5.752e-06 0.00025053 -0.0017587 0.03003 0.012659 0.03003 -0.00089805 0.0028086 0.0017664 0.0028086 0.0004038 -9.2707e-06 0.0004038 9.2707e-06 0.11035 0.082046 0.36934 0.29624 -0.064106 0.024446 0.40029 0.40071 -0.027941 0.0075127 0.050948 0.043323 0.028763 -0.001709 0.030755 0.025103 0.030366 0.041438 0.37571 0.43917 -0.073944 0.01983 0.14892 0.23789 -0.0071072 -0.0055921 0.014668 0.011193
144.49 153.78 10.093 0.62232 0 0 0 0 0.023162 0.051403 0.086743 0.069198 -0.020923 0.046286 0.13537 0.1395 -0.0091319 0.0053222 0.012946 0.014372 0.0068685 0.00074683 0.0074169 0.00099482 0.073726 -0.00022683 0.36339 0.29198 -0.044309 -0.061765 0.1893 0.20521 -0.01329 -0.0058904 0.025901 0.025167 0.015767 -0.0024671 0.016134 0.0044373 0.13378 -0.054626 0.32005 0.46971 -0.12598 -0.044442 0.26031 0.44736 -0.010653 -0.0024977 0.011218 0.0068217 0 0 0 0 0.011941 -0.027696 0.016888 0.032839 -0.0085139 -0.03345 0.017458 0.036079 -0.00032547 -0.00028681 0.00032547 0.00028681
125.64 158.95 12.888 4.3382 -3.1341e-18 1.2308e-18 3.1341e-18 1.2308e-18 -0.00032433 0.00027526 0.00032433 0.00027526 -0.0042824 0.0076417 0.0042824 0.0076417 -0.00010382 0.00014716 0.00010382 0.00014716 0.0073304 0.0044327 0.0092748 0.0044602 0.063206 0.034736 0.12643 0.15427 -0.025934 0.033581 0.45498 0.59665 -0.03095 0.0040735 0.045943 0.031145 0.011457 0.00099944 0.014254 0.0054033 0.066563 -0.059387 0.28638 0.29922 -0.068766 -0.11033 0.25639 0.34693 -0.013579 -0.0062947 0.021212 0.015475 0.00044089 -0.00012128 0.00044089 0.0001515 0.0049489 -0.023486 0.019579 0.025127 -0.0044721 -0.012796 0.0095662 0.013267 -4.8085e-05 -1.853e-05 4.8085e-05 1.853e-05
