57 64
163.37 117.71 1.9175 1.5339 0 0 0 0 0 0 0 0 0 0 0 0 0 0 0 0 0.00025479 0.00043774 0.00025479 0.00043774 0.0028039 0.05311 0.0078439 0.05311 -0.00073118 0.046766 0.01287 0.046766 -0.00056201 0.0014364 0.00056201 0.0014364 0.074215 0.049526 0.095191 0.065536 0.064105 0.096779 0.19321 0.39691 0.026515 0.23101 0.29523 0.52258 -0.059225 0.24178 0.14404 0.29049 0.047371 -0.0057775 0.10011 0.074163 -0.0036239 -0.040689 0.11367 0.12723 0.051143 -0.11928 0.12761 0.19127 0.0027978 -0.11047 0.10136 0.19466
98.885 123.39 1.9676 2.034 -0.014854 0.026316 0.017167 0.026501 -0.0002324 0.00046527 0.0002324 0.00046527 -0 0 0 0 -0 0 0 0 -0.052974 0.089782 0.11562 0.13896 0.010248 0.24385 0.14103 0.3384 -0.04867 0.27957 0.14131 0.3792 -0.03771 0.093185 0.055255 0.11795 0.024976 -0.074866 0.094445 0.1462 0.038714 -0.16828 0.2376 0.38572 -0.012265 -0.076984 0.19126 0.2605 -0.040349 -0.0003771 0.18466 0.15683 -0.020569 -0.013634 0.031092 0.025249 0.078548 0.0073118 0.090356 0.066589 0.0002634 -0.010445 0.083964 0.068513 0.0089864 -0.03077 0.10581 0.041159
163.03 128.64 1.7198 4.0011 0.041994 0.0031414 0.050012 0.040154 -0.031535 0.001793 0.12213 0.089123 -0.042442 0.056706 0.17671 0.081005 -0.023764 0.010055 0.031725 0.011932 0.041974 -0.010068 0.076665 0.06298 0.0078839 0.043685 0.14936 0.1513 -0.024329 0.05464 0.34901 0.12372 -0.066367 0.0038564 0.091682 0.023032 0.1046 0.12788 0.17037 0.2435 -0.051867 0.043653 0.20415 0.51081 -0.15425 -0.10125 0.28035 0.31697 -0.033584 -0.020549 0.037867 0.023125 -0.041268 -0.058129 0.12869 0.11116 -0.039805 -0.11344 0.052591 0.13957 -0.015927 -0.027363 0.01757 0.035428 -0.00013043 -0.0001794 0.00013043 0.0001794
173.53 127.91 1.8724 2.7085 -0 0 0 0 -0 0 0 0 -0 0 0 0 -0 0 0 0 0.016356 0.021333 0.039333 0.057591 0.028943 0.17503 0.082756 0.27268 -0.068065 0.18888 0.083507 0.21774 -0.0096297 0.01203 0.0096297 0.01203 0.040146 0.086465 0.090488 0.14944 0.059881 -2.6844e-05 0.1384 0.28499 -0.079963 0.14169 0.41719 0.37453 -0.10671 0.05966 0.14902 0.071523 0.012939 -0.031985 0.052169 0.08401 0.020712 -0.02544 0.12939 0.11013 0.088999 0.055356 0.35869 0.16761 -0.12832 0.016192 0.17912 0.049741
148.6 129.19 1.8356 1.2747 0 0 0 0 0 0 0 0 0.022491 0.031958 0.022491 0.031958 0.013473 0.056634 0.055539 0.061056 0.060146 0.10979 0.099094 0.22752 0.0024071 0.29426 0.15418 0.44064 0.049215 0.19995 0.2001 0.31949 -0.062842 -0.016604 0.16129 0.12948 0.022545 -0.061426 0.097798 0.11818 0.0059361 -0.18755 0.14899 0.31989 -0.055151 -0.17816 0.15546 0.29584 -0.01293 -0.038888 0.08647 0.089966 0.004117 0.010374 0.056803 0.05375 -0.040665 -0.0037403 0.068028 0.060165 -0.00542 -0.013013 0.041638 0.033819 0.010768 -0.010476 0.03088 0.041826
117.89 138.44 2.0282 4.3171 0.017259 -0.0079402 0.063222 0.071092 0.00079925 0.025449 0.12968 0.10276 0.00069604 0.059517 0.13581 0.13597 -0.012373 0.023149 0.045949 0.064031 0.054934 -0.042549 0.078205 0.080706 -0.019971 -0.012478 0.16056 0.14376 -0.0070322 -0.052998 0.31029 0.24574 0.04119 0.051814 0.14871 0.12914 0.057167 0.064638 0.10673 0.086291 0.056342 0.16313 0.16955 0.24546 -0.051037 0.1695 0.24371 0.28227 0.053525 -0.032018 0.25564 0.19187 0.058627 0.087722 0.14587 0.14516 -0.10638 -0.068989 0.24733 0.21033 -0.020694 -0.11607 0.078968 0.15385 -0.018523 -0.046649 0.044198 0.057057
175.78 141.63 2.0487 3.001 -0.0019722 0.016426 0.0059594 0.016426 -0.0014637 0.0067168 0.0019945 0.0067168 0.00017986 0.0012709 0.00017986 0.0012709 -0 0 0 0 -0.02063 -0.001782 0.051312 0.10932 0.0071799 0.040811 0.087978 0.17513 0.058075 0.14969 0.21114 0.32522 -0.051878 0.1559 0.097799 0.21118 0.04733 0.0082856 0.065039 0.093664 0.081925 0.14459 0.16018 0.32006 0.0057308 0.027326 0.23835 0.27502 0.014855 0.045402 0.31226 0.26012 0.025252 -0.016359 0.043313 0.057281 0.0518 -0.081555 0.095348 0.14147 0.064561 -0.046132 0.19185 0.12792 0.050151 0.068017 0.27844 0.16292
181.83 148.27 1.931 2.9533 -0 0 0 0 -0 0 0 0 -0 0 0 0 -0 0 0 0 0.019923 0.082275 0.054808 0.090627 -0.021884 0.08531 0.062677 0.14006 0.027836 0.0597 0.093046 0.1503 -0.012611 0.12896 0.064144 0.16251 -0.027838 -0.032695 0.094528 0.15678 0.0314 0.068676 0.13049 0.28436 0.071707 0.25453 0.21677 0.43585 0.090107 0.045647 0.22211 0.38974 0.0041493 -0.015542 0.049053 0.057346 0.10692 -0.025656 0.12702 0.14372 -0.0058862 -0.064073 0.19325 0.26504 0.04142 0.018327 0.16608 0.11812
93.458 154.18 1.867 3.1774 0.053991 -0.02021 0.057504 0.027801 0.022863 -0.10997 0.19721 0.16078 -0.023384 -0.10773 0.12956 0.1787 0.091143 -0.051529 0.14186 0.11211 0.0076823 0.0029278 0.0090695 0.014753 0.05103 0.02988 0.11286 0.17645 0.01791 0.18122 0.12549 0.27408 0.098176 0.10893 0.1308 0.21158 -0.0068011 0.012964 0.031297 0.032951 0.12054 -0.0071121 0.15786 0.17405 0.21733 0.059796 0.28315 0.34464 0.01269 0.078569 0.18673 0.2276 -0.05041 0.048357 0.056293 0.067178 0.016009 -0.00048636 0.04676 0.09244 0.074058 -0.11018 0.097175 0.19818 0.028428 -0.058749 0.092675 0.1949
138.9 160.13 2.0488 4.3274 -0.0054733 0.00038254 0.031216 0.034657 -0.0034591 0.00089472 0.0058347 0.0051823 0.0085131 0.013586 0.044168 0.060943 0.00015903 0.012439 0.031497 0.051247 -0.0019995 -0.0014134 0.031137 0.035169 0.088927 0.10176 0.1643 0.20237 -0.063683 0.068338 0.17686 0.19767 0.019478 0.012508 0.082921 0.099593 0.0062732 0.071205 0.17626 0.1786 0.082538 0.072595 0.35188 0.34412 -0.080651 -0.014716 0.21178 0.18008 0.043991 -0.0023075 0.10667 0.076268 0.025747 0.0060885 0.1753 0.13731 -0.023748 0.085581 0.28654 0.30767 -0.022444 0.074967 0.14711 0.19918 0.031903 0.15692 0.12006 0.1877
183.66 159.62 2.1823 3.2489 0 -0 0 0 0 -0 0 0 0 -0 0 0 0 -0 0 0 0.0084028 0.1395 0.053797 0.14519 0.013246 0.20119 0.084787 0.21463 -0.058897 0.14298 0.084944 0.15412 -0.01139 0.025122 0.012854 0.025122 -0.073951 -0.016555 0.15616 0.20199 -0.037084 -0.092884 0.13476 0.36173 -0.014815 0.043465 0.13916 0.39716 0.045143 0.082226 0.18788 0.25234 -0.044937 -0.0547 0.069659 0.079422 0.062822 0.010592 0.093699 0.14481 0.16749 0.072159 0.19543 0.24178 -0.035127 0.080626 0.19889 0.2491
186.51 166.14 2.1033 3.2977 0 -0 0 0 0 -0 0 0 0 -0 0 0 0 -0 0 0 0.012126 0.046969 0.015971 0.046969 -0.0016172 0.14328 0.034829 0.14328 -0.0095001 0.14407 0.043457 0.14407 -0.0095785 0.02235 0.0099797 0.02235 0.074413 0.17071 0.16538 0.2411 -0.087766 -0.010599 0.19558 0.39952 -0.06031 -0.049843 0.17817 0.39869 -0.054434 0.028481 0.11588 0.21057 -0.079867 -0.096496 0.12296 0.1482 -0.032407 -0.095253 0.12076 0.1901 0.097187 0.031688 0.13168 0.23348 0.0107 0.17057 0.13755 0.2828
179.81 181.96 2.0165 3.7781 0 -0 0 0 0 -0 0 0 0 -0 0 0 0 -0 0 0 0.0085744 0.037372 0.0086856 0.037372 0.022333 0.16611 0.031632 0.16611 -0.023384 0.1769 0.052574 0.1769 -0.015381 0.029979 0.015381 0.029979 0.096622 0.092177 0.1259 0.18958 -0.013895 0.10809 0.14823 0.45446 -0.092263 0.039009 0.20017 0.46107 -0.069349 0.11932 0.13206 0.24603 -0.027591 -0.06962 0.10047 0.12094 -0.03228 -0.166 0.064944 0.19715 -0.0093321 -0.11996 0.074138 0.20588 0.019353 -0.025522 0.08396 0.17339
69.7 183.46 2.0542 5.5586 0 0 0 0 0 0 0 0 0 0 0 0 0 0 0 0 0.010865 -0.0023154 0.011021 0.0048934 0.011955 0.071257 0.049807 0.094335 -0.0082223 0.095389 0.01536 0.095389 -0.001144 0.010919 0.0017721 0.010919 0.089534 0.11055 0.095089 0.13597 0.14589 0.20119 0.206 0.43516 -0.014752 0.28371 0.12443 0.48501 -0.083482 0.16259 0.094865 0.23319 -0.0041475 -0.056569 0.052178 0.11193 0.019092 -0.14697 0.048628 0.1869 0.015496 -0.19234 0.053329 0.2205 0.0039632 -0.10319 0.05005 0.12349
157.41 184.14 1.8159 1.2326 -0.0089731 -0.04015 0.072561 0.084904 0.0020925 -0.02169 0.092746 0.14377 -0.032791 -0.013595 0.067953 0.071704 0.0058396 -0.0019085 0.016711 0.013844 -0.085295 0.18571 0.11817 0.24992 -0.024349 0.22287 0.068762 0.2449 -0.015994 0.19455 0.079016 0.20046 -0.019272 0.041024 0.071714 0.067925 0.047411 -0.11555 0.16335 0.32446 -0.10473 -0.048306 0.21061 0.42791 -0.10479 -0.081819 0.16666 0.32464 -0.038797 -0.022742 0.11001 0.14259 0.022267 -0.066149 0.027115 0.068191 -0.0081358 -0.09832 0.032834 0.10483 -0.013422 -0.055259 0.027189 0.064795 -0.0036359 -0.015397 0.01695 0.026002
130.04 186.97 2.0357 1.052 -0.04932 -0.062981 0.14215 0.20162 -0.015015 0.0047457 0.14772 0.21246 -0.0092196 -0.0049673 0.023567 0.025466 0.031216 0.036459 0.056785 0.04476 0.0069983 -0.0087614 0.021491 0.023564 0.071252 0.044236 0.2738 0.28188 -0.052803 0.076338 0.19375 0.22227 0.11046 0.015022 0.19477 0.12981 -0.012169 0.15491 0.1316 0.2181 0.032824 -0.031992 0.35297 0.27413 -0.088493 -0.057377 0.22984 0.18282 0.014107 -0.049782 0.055351 0.060057 -0.092407 -0.045872 0.13549 0.22657 -0.055083 -0.038485 0.13588 0.16855 -0.01761 -0.0064076 0.026962 0.030443 0 0 0 0
148.72 186.13 2.0849 1.2426 0.0065206 -0.036685 0.086556 0.12937 -0.032924 -0.049935 0.10453 0.13563 0.0060721 -0.019628 0.022572 0.035114 -0.0028465 -0.0076727 0.068649 0.08421 -0.044257 0.19644 0.083209 0.2514 0.0054566 0.22838 0.080945 0.25726 -0.03184 0.11433 0.11379 0.12689 0.027196 0.01053 0.15185 0.10405 -0.082269 -0.023302 0.1784 0.36984 -0.090243 -0.01084 0.20963 0.41526 -0.097982 -0.0061914 0.23665 0.28222 -0.016595 -0.015681 0.12283 0.092708 -0.0045314 -0.081556 0.033794 0.08793 -0.021317 -0.087352 0.044537 0.1057 -0.013014 -0.029728 0.042228 0.061552 -0.0049602 -0.0079973 0.012464 0.016354
103.9 195.54 2.0986 4.682 0 -0 0 0 0 -0 0 0 0 -0 0 0 0 -0 0 0 0.036088 0.11534 0.050314 0.11546 0.033308 0.24762 0.099138 0.27116 -0.04628 0.1594 0.15861 0.23234 -0.02094 0.015546 0.029622 0.025702 -0.028872 0.14478 0.21729 0.30892 -0.14816 -0.092596 0.25117 0.41437 -0.12273 -0.1067 0.2698 0.24852 -0.024138 -0.0036169 0.074618 0.066093 -0.14015 -0.13224 0.15134 0.1592 -0.049807 -0.0851 0.063929 0.10475 -0.010971 -0.028894 0.028169 0.030887 0.0017892 -0.0046709 0.010627 0.023485
112.37 195.06 1.9494 2.7696 0.0024483 -0.0048064 0.0082078 0.007503 0.033746 -0.038385 0.075612 0.10286 -0.021586 -0.022735 0.09073 0.082893 -0.001676 -0.0078902 0.018544 0.019077 -0 0 0 0 0.10806 0.071937 0.13686 0.17965 -0.047925 0.10089 0.11674 0.18987 -0.014821 0.0039911 0.014948 0.011688 -0 0 0 0 0.24233 -0.057011 0.2806 0.2088 -0.022418 0.124 0.36805 0.38911 -0.09493 0.088322 0.13349 0.11499 -0 0 0 0 0.049364 -0.029375 0.049979 0.033158 0.20195 -0.075805 0.2716 0.24075 -0.048828 0.18008 0.15094 0.23626
98.639 198.58 1.8269 4.776 0 0 0 0 0 0 0 0 0 0 0 0 0 0 0 0 0.0051581 0.013959 0.0051581 0.013959 0.01086 0.11102 0.025182 0.11102 -0.0041028 0.14624 0.047455 0.14624 -0.0090107 0.035539 0.014824 0.035539 0.096825 0.29436 0.16782 0.32105 -0.062758 0.20353 0.22064 0.40766 -0.074827 0.010085 0.21898 0.32722 -0.074165 0.0013488 0.11339 0.10795 -0.11516 -0.096538 0.18338 0.2308 -0.11802 -0.17477 0.14922 0.21638 -0.021726 -0.083019 0.077387 0.10092 -0.008381 -0.018181 0.023523 0.02264
154.02 198.01 1.9535 4.5597 0 -0 0 0 0 -0 0 0 0 -0 0 0 0 -0 0 0 0.0076229 0.025747 0.026731 0.032547 -0.00029578 0.072178 0.045408 0.073278 -0.010023 0.103 0.033314 0.103 -0.0049445 0.025025 0.008456 0.025025 0.010681 0.015446 0.14406 0.1026 0.10596 0.11227 0.22708 0.35209 0.065219 0.21953 0.2195 0.40518 -0.037367 0.25725 0.18072 0.34019 -0.012975 -0.015509 0.058283 0.045497 0.046399 -0.095745 0.087557 0.15472 0.037713 -0.17194 0.085491 0.25399 0.10384 -0.13715 0.14366 0.21795
126.66 119.43 2.7564 1.5185 0 0 0 0 0 0 0 0 0 0 0 0 0 0 0 0 -0.0034636 0.019567 0.005763 0.019567 0.0081573 0.069676 0.025107 0.069676 -0.0087076 0.075901 0.022277 0.075901 0.058714 0.1105 0.074275 0.11785 -0.014687 0.090381 0.17423 0.40194 -0.051312 0.050129 0.30433 0.3941 0.012804 0.049049 0.22849 0.36908 0.039371 -0.027032 0.2306 0.32752 -0.0046 -0.075801 0.07362 0.10976 0.0194 -0.051447 0.14366 0.16441 0.0014525 -0.022355 0.16568 0.14538 -0.015219 -0.028872 0.082225 0.060686
170.38 123.98 2.5536 1.8806 -0 0 0 0 -0 0 0 0 -0 0 0 0 -0 0 0 0 -0 0 0 0 0.058342 0.09068 0.078768 0.12735 -0.031679 0.18652 0.11067 0.25555 -0.010017 0.019733 0.012194 0.020967 0.019254 0.0057613 0.025856 0.03099 0.10904 0.018903 0.23814 0.30632 0.11469 -0.031793 0.40048 0.4827 -0.052278 0.12401 0.17526 0.34528 0.018369 0.0093752 0.060127 0.02813 0.021316 -0.043735 0.13912 0.12071 0.0019484 -0.083958 0.13024 0.12476 0.034538 -0.065537 0.078112 0.13716
132.83 125.43 2.6968 1.6053 -0 0 0 0 -0 0 0 0 -0 0 0 0 -0 0 0 0 -0.028774 0.17024 0.11978 0.2241 -0.010632 0.2237 0.10151 0.23547 -0.01259 0.16578 0.11254 0.20917 0.033423 0.12458 0.080259 0.14536 0.021581 -0.095403 0.16988 0.27944 -0.055363 -0.087094 0.22672 0.42137 0.002285 -0.035945 0.25415 0.304 0.0048041 -0.054998 0.15335 0.2467 -0.015982 -0.022447 0.053574 0.034664 0.03408 -0.027788 0.09189 0.095054 0.0068992 -0.021668 0.11763 0.1201 -0.029859 -0.0053514 0.061427 0.043395
135.46 127.18 2.7718 1.644 -0 0 0 0 -0 0 0 0 -0 0 0 0 -0 0 0 0 -0.011586 0.13046 0.16184 0.25328 -0.016543 0.23392 0.1202 0.3077 -0.023952 0.15258 0.16339 0.22605 0.01438 0.11956 0.070235 0.13904 0.014977 -0.099639 0.13686 0.18918 0.0044591 -0.13397 0.17449 0.3793 -0.0016413 -0.042252 0.34346 0.28565 0.0052563 -0.053667 0.13139 0.22953 -0.016382 -0.016348 0.048495 0.026567 0.034116 -0.012609 0.085032 0.082352 0.0076495 -0.026085 0.12018 0.12413 -0.02664 -0.0027696 0.066628 0.046225
164.63 132.25 2.8848 4.2241 0.0075548 0.0064481 0.023417 0.029491 0.00468 0.050334 0.098933 0.079483 -0.035606 0.01715 0.089243 0.051781 -0.0030481 0.001011 0.0036112 0.0014992 0.014949 0.021825 0.0693 0.068443 0.032283 0.033415 0.17452 0.19387 -0.10436 0.059813 0.287 0.13093 -0.024381 0.0025177 0.027764 0.0072754 0.068028 0.078223 0.17597 0.2456 -0.059916 -0.054998 0.22487 0.6197 -0.15274 -0.10833 0.25328 0.27166 -0.01791 -0.0062491 0.018116 0.0072228 -0.033983 -0.071597 0.11436 0.1148 -0.03193 -0.087845 0.039499 0.10092 -0.012483 -0.025251 0.013267 0.028568 -0.00014719 -0.00020239 0.00014719 0.00020239
124.55 134.26 2.8179 4.1944 0.0028694 0.02528 0.044123 0.047412 0.011225 0.04342 0.081382 0.092509 -0.010948 0.037521 0.067629 0.082668 0.034691 0.051815 0.068953 0.098926 0.026145 -0.017838 0.092447 0.082783 -0.0023657 0.011613 0.21627 0.22097 0.10191 0.08429 0.2926 0.26272 -0.0061014 -0.075674 0.16042 0.36625 0.042002 0.090565 0.16345 0.13265 -0.027577 0.034774 0.22885 0.34445 -0.058422 -0.11087 0.25734 0.27603 -0.031628 -0.065427 0.045245 0.069782 -0.023172 -0.0044323 0.18323 0.16009 -0.084532 -0.069337 0.12172 0.10734 -0.010033 -0.019961 0.01119 0.020787 -0.00018866 -0.00047932 0.00018866 0.00047932
77.68 135.84 2.6204 0.13257 0 0 0 0 -0.0003098 0.0064257 0.00043711 0.0064257 0.0013198 0.028768 0.0050438 0.028768 -0.0022175 0.012423 0.0032952 0.012423 0.072651 0.080027 0.11202 0.10529 -0.026585 0.15926 0.19099 0.41814 -0.05325 0.062797 0.086748 0.29592 0.006363 0.0037298 0.042793 0.089959 0.15139 0.025966 0.30009 0.10415 -0.081644 0.0096087 0.28227 0.25784 -0.10305 -0.011713 0.18172 0.26609 -0.035262 -0.0030986 0.061253 0.066394 0.10649 -0.033723 0.15043 0.066667 -0.10326 -0.022303 0.30756 0.20212 -0.023947 -0.011825 0.071727 0.13182 -0.016859 0.0060762 0.030022 0.03658
73.27 144.65 2.5108 5.8558 0 0 0 0 0.0034171 0.0060265 0.0034171 0.0060265 0.01065 0.039025 0.014593 0.039904 0.0096811 0.04206 0.02291 0.046818 0.015858 0.018226 0.015858 0.018677 0.008496 0.067763 0.16425 0.20468 -0.0045745 0.010658 0.069285 0.18529 0.037611 -0.046691 0.052737 0.13507 0.095499 0.093259 0.228 0.13603 -0.0070854 0.14537 0.36166 0.36263 -0.10538 0.1059 0.19502 0.30253 -0.03938 -0.00069276 0.051858 0.063998 0.12756 -0.034845 0.22295 0.14077 -0.081423 0.075229 0.27788 0.25902 -0.080179 -0.016192 0.13909 0.19198 0.010661 0.041942 0.080141 0.080484
167.61 144.39 2.5657 3.1421 0.0015959 0.023956 0.013814 0.038684 -0.010851 0.015683 0.017574 0.048944 -0.0028671 0.017362 0.014924 0.020462 -0.00059909 0.00083273 0.00059909 0.00083273 -0.0090634 -0.018399 0.054857 0.089202 0.035889 0.087663 0.11371 0.23998 0.045371 0.1137 0.21957 0.30135 -0.069615 0.0633 0.13154 0.10678 0.012121 -0.0059811 0.04819 0.039596 0.06197 -0.077231 0.12415 0.18847 0.20744 0.056262 0.36061 0.28385 -0.15472 0.017388 0.3051 0.15892 0.013383 0.0032313 0.037186 0.036056 0.012485 0.01514 0.07809 0.082868 0.14497 -0.018692 0.36379 0.16888 -0.10673 -0.011298 0.17791 0.073826
72.623 147.44 2.7466 5.8354 0 0 0 0 0.0036455 0.0075454 0.0036455 0.0075454 0.0096052 0.037558 0.01168 0.037558 0.0030651 0.044813 0.024601 0.046786 0.018676 0.025971 0.023282 0.029512 0.01622 0.072377 0.17225 0.19731 0.0041606 -0.0099992 0.064666 0.18626 0.040315 -0.053239 0.061665 0.14153 0.083734 0.1045 0.25891 0.17274 -0.0084152 0.15188 0.33702 0.37069 -0.12093 0.098556 0.18881 0.27334 -0.032504 -0.010478 0.045064 0.059397 0.11901 -0.040423 0.25318 0.16118 -0.11512 0.054821 0.26187 0.23937 -0.071744 -0.025678 0.12739 0.17836 0.0066205 0.046338 0.078455 0.087301
74.264 159.87 3.1244 2.7596 0.0071384 -0.014856 0.022153 0.020519 0.047469 -0.021366 0.10344 0.12913 0.13107 0.065581 0.21082 0.24695 0.064638 -0.062821 0.20334 0.17836 -0.053581 0.13113 0.078138 0.15279 0.025798 0.060605 0.10704 0.18163 0.06568 -0.13789 0.19317 0.3562 0.012437 -0.1298 0.32637 0.35284 0.028791 -0.10829 0.10497 0.20056 -0.079251 -0.052807 0.12156 0.27369 -0.014683 -0.059589 0.081867 0.19913 -0.022324 -0.048719 0.056458 0.079488 0.0024809 -0.014845 0.0086744 0.014845 -0.006151 -0.020315 0.011562 0.020315 -0.0018418 -0.0081291 0.0018814 0.0081291 -0.00010724 -0.00042078 0.00010724 0.00042078
112.1 160.56 2.9904 3.8267 -0.0096438 0.010632 0.028726 0.023538 -0.0012654 -0.0067015 0.016015 0.021529 0.031128 0.0078189 0.046278 0.073104 -0.0045805 0.017564 0.06672 0.088923 -0.043834 -0.0047324 0.05012 0.024325 0.068097 0.066095 0.10745 0.13235 0.065736 0.12598 0.20397 0.26919 -0.021545 0.039688 0.21152 0.23706 -0.052635 0.0061419 0.064229 0.020493 0.095044 -0.022373 0.16787 0.17014 0.049005 -0.067102 0.21538 0.285 0.049121 0.07038 0.23223 0.31772 -0.0089846 0.006863 0.07356 0.038203 0.027258 0.11558 0.17384 0.16965 0.086454 0.13161 0.22584 0.21789 -0.018536 0.011251 0.27488 0.21426
179.15 173.67 2.8927 3.4688 0 -0 0 0 0 -0 0 0 0 -0 0 0 0 -0 0 0 0.025513 0.042872 0.026935 0.042872 0.039662 0.19763 0.091677 0.22315 -0.035381 0.13872 0.076637 0.25739 -0.027276 0.051009 0.032551 0.070437 0.087483 0.027546 0.1509 0.13187 -0.08525 -0.14103 0.21669 0.3595 0.047586 -0.014314 0.17227 0.34854 -0.0080138 0.18644 0.19491 0.34314 -0.0085567 -0.036976 0.078405 0.062371 -0.012951 -0.020291 0.084258 0.082858 0.096713 -0.023855 0.14872 0.17145 0.052558 0.0028804 0.22389 0.24013
169.77 182.68 3.1324 0.86262 -0.0095563 -0.10493 0.23522 0.21217 -0.081039 -0.059232 0.1445 0.18412 -0.010907 -0.014134 0.067963 0.10317 0.0092686 0.016463 0.03531 0.037507 0.043153 -0.023528 0.1852 0.25651 0.0029331 0.217 0.1199 0.40507 -0.020659 0.17203 0.15868 0.32526 -0.056401 -0.0014517 0.10957 0.13326 0.042669 -0.050478 0.047638 0.064435 0.050397 -0.20734 0.079416 0.32576 -0.089693 -0.17428 0.11595 0.2409 -0.026864 -0.034453 0.029311 0.041047 0 0 0 0 0 0 0 0 0.00034262 -0.00035342 0.00034262 0.00035342 0 0 0 0
178.07 185.98 2.7468 3.8624 0 -0 0 0 0 -0 0 0 0 -0 0 0 0 -0 0 0 0.0055967 0.0051224 0.0061274 0.0051224 0.014042 0.13646 0.031113 0.13646 -0.027808 0.16021 0.040587 0.16021 -0.0069939 0.0126 0.0069939 0.0126 0.085329 0.058458 0.10449 0.10726 0.065944 -0.007408 0.2178 0.46891 -0.086918 -0.065853 0.19737 0.50475 -0.076159 0.06121 0.14303 0.21842 0.012984 -0.036551 0.068829 0.085909 -0.019349 -0.073845 0.07744 0.14099 0.077362 -0.015779 0.1352 0.20168 -0.01949 0.094338 0.20756 0.23718
83.403 198.36 2.8586 5.1189 0 0 0 0 0 0 0 0 0 0 0 0 0 0 0 0 0 0 0 0 0.0024795 0.0070677 0.0024795 0.0070677 0.0044333 0.012282 0.0044333 0.012282 6.6018e-05 0.0001502 6.6018e-05 0.0001502 0.11325 0.13349 0.13433 0.18155 0.017466 0.26561 0.20109 0.58392 -0.1294 0.083891 0.16316 0.43137 -0.058429 0.034969 0.075872 0.12893 0.034393 -0.051414 0.13978 0.17136 -0.065536 -0.18543 0.10102 0.26254 -0.026266 -0.10728 0.042167 0.11849 -0.013581 -0.029037 0.024461 0.044333
109.11 119.08 3.6546 1.759 -0 0 0 0 -0 0 0 0 -0 0 0 0 -0 0 0 0 -0.027515 0.13697 0.062505 0.15541 -0.020059 0.1216 0.055599 0.12528 0.026621 0.19735 0.038112 0.19735 -0.020415 0.065702 0.028071 0.065702 -0.01284 -0.034069 0.14066 0.26638 0.013843 -0.0064267 0.25553 0.42534 0.05477 0.0046286 0.24493 0.50456 -0.093773 0.015918 0.20708 0.14777 0.017033 -0.027117 0.057616 0.06671 -0.029222 -0.044084 0.12737 0.10979 0.025594 -0.072063 0.14744 0.10739 -0.031875 -0.034452 0.12289 0.048879
144.74 119.82 3.6444 1.4241 0 0 0 0 0 0 0 0 0 0 0 0 0 0 0 0 0.00941 0.028003 0.00941 0.028003 -0.0023427 0.12894 0.032417 0.12894 0.025521 0.1353 0.077395 0.14752 0.04462 0.11591 0.086133 0.15624 0.072229 0.022031 0.13279 0.13865 0.026166 0.007754 0.23187 0.58242 -0.035249 -0.028267 0.27268 0.45965 -0.0082593 -0.030171 0.1579 0.23036 0.029546 -0.016219 0.067199 0.047477 -0.029089 -0.062293 0.10722 0.095804 0.011173 -0.052084 0.088581 0.11464 -0.0056824 -0.024116 0.065949 0.070379
139.72 131.99 3.4158 4.9674 0.019793 -0.00022575 0.067315 0.044336 -0.024665 0.025969 0.11144 0.10707 -0.021176 0.0029996 0.069985 0.061636 0.0035676 0.013626 0.032947 0.025374 -0.032976 0.039559 0.15291 0.17377 0.012493 0.11658 0.20935 0.25223 -0.051164 0.19815 0.15161 0.23674 0.024873 0.038522 0.098775 0.098044 0.020848 -0.079794 0.074424 0.11465 0.028364 -0.16027 0.12234 0.30945 0.07111 -0.13514 0.33609 0.49311 -0.043674 -0.010645 0.16957 0.22513 0.00031591 -0.0010523 0.00031591 0.0010523 -7.4773e-05 -0.010068 0.0019993 0.010068 0.022603 -0.044446 0.033628 0.047895 -0.0019413 -0.043497 0.032248 0.066324
124.44 135.96 2.9504 4.4322 0.011841 0.019252 0.04976 0.051836 -0.013481 0.044052 0.075941 0.076794 -0.009546 0.024529 0.078241 0.087401 0.013744 0.009056 0.046305 0.027902 0.026368 -0.010475 0.094962 0.057196 0.028027 0.013831 0.2014 0.20496 0.034336 0.085163 0.21625 0.23254 0.042166 0.11808 0.13269 0.29458 0.023564 0.12955 0.20904 0.18562 -0.035222 0.0093993 0.22458 0.37067 0.0023108 -0.090669 0.29106 0.31841 -0.02002 -0.1312 0.096409 0.23998 -0.044377 -0.064042 0.13718 0.16552 -0.031954 -0.070504 0.060361 0.091977 -0.0089878 -0.033911 0.020213 0.036638 -0.0013275 -0.0038938 0.0020706 0.0038938
100.21 139.06 3.9811 4.8015 0.010212 -0.006859 0.053805 0.031982 -0.019266 -0.0055622 0.050946 0.051527 0.00051019 0.028221 0.046524 0.056509 -0.0047037 0.013107 0.018944 0.021815 0.048795 0.030805 0.16573 0.053824 -0.05894 0.087538 0.21432 0.1301 0.027275 0.038092 0.20061 0.13672 -0.026617 0.027952 0.11323 0.1255 0.094101 -0.017762 0.19439 0.11767 -0.020372 -0.02433 0.28502 0.47316 -0.05562 -0.06072 0.25163 0.45779 0.02835 -0.019655 0.16736 0.27762 0.014959 -0.02156 0.022206 0.029238 -0.0074002 -0.077373 0.040198 0.10605 -0.0053836 -0.051291 0.025658 0.059261 0.0037268 -0.035206 0.017206 0.044915
85.12 142.95 3.3599 3.445 0.0094142 0.0024058 0.018288 0.0087641 0.012399 -0.02572 0.059897 0.095991 0.078458 -0.020339 0.1297 0.1208 -0.060289 0.0019784 0.18649 0.12468 -0.011538 0.011877 0.055447 0.03826 0.085642 0.068081 0.15144 0.1978 0.10604 0.12396 0.20876 0.23447 -0.10655 0.041509 0.37975 0.16143 -0.0058141 -0.015347 0.060517 0.084726 0.089302 -0.053875 0.12788 0.2741 0.0976 -0.078462 0.16301 0.40557 -0.13988 -0.097789 0.28946 0.18925 0.0062817 -0.015311 0.0099862 0.021506 0.013413 -0.025856 0.018348 0.081752 0.010984 -0.063615 0.030745 0.13839 -0.019268 -0.036973 0.028305 0.046088
111.72 158.94 3.6118 3.7106 0.0039019 0.0066257 0.013259 0.011967 -0.0039239 -0.0061365 0.019464 0.019729 0.011815 0.022805 0.064161 0.069425 0.065385 0.023948 0.094923 0.10453 -0.020087 0.018438 0.072746 0.030467 0.033741 0.030979 0.080807 0.077132 0.019959 0.077856 0.20073 0.22378 0.086878 0.030585 0.33158 0.23117 -0.047137 0.00905 0.13095 0.033043 0.040717 0.033362 0.12188 0.14869 0.099746 0.056734 0.29587 0.28213 -0.066514 -0.031386 0.29745 0.25103 -0.0053855 -0.012958 0.07393 0.047731 0.072876 0.028312 0.15017 0.15923 0.08151 0.081994 0.31119 0.2289 -0.091072 -0.017166 0.19386 0.077215
171.92 163.55 3.3871 0.46092 -0.054478 -0.054925 0.28489 0.25017 -0.11613 0.041497 0.17849 0.2033 -0.021424 -0.018558 0.11242 0.14044 -0.0082082 0.0022346 0.023693 0.025982 0.041245 -0.13797 0.27045 0.28009 -0.12915 -0.10258 0.24906 0.32431 -0.023533 0.027993 0.090179 0.16099 0.030697 0.065967 0.088266 0.095695 0.037032 -0.035604 0.06475 0.080642 0.037673 -0.043664 0.12625 0.31106 0.051216 0.014413 0.13088 0.31937 -0.053945 -0.043748 0.1098 0.15938 0.0016626 -0.0020007 0.0016626 0.0022189 0.010995 -0.028205 0.013506 0.031085 -0.00032448 -0.053691 0.020746 0.057788 -0.0059374 -0.017374 0.0073291 0.017431
60.423 168.86 3.3674 0.1211 0 0 0 0 0 0 0 0 0 0 0 0 0 0 0 0 -0.001629 0.098006 0.017497 0.1091 -0.017208 0.068336 0.021533 0.072214 -0.00092917 0.0023101 0.0012158 0.0023101 -1.3109e-05 1.0265e-05 1.3109e-05 1.0265e-05 -0.0653 0.072415 0.13506 0.41134 0.075907 0.025031 0.21474 0.37462 -0.11311 0.23323 0.27969 0.30369 -0.02907 0.022669 0.029912 0.02317 -0.13226 -0.0061248 0.1919 0.24783 0.0087253 -0.05115 0.14942 0.12767 0.065322 -0.059721 0.31221 0.23003 -0.086037 0.030559 0.10305 0.055112
79.708 180.7 3.9638 2.3031 0.010659 0.0034539 0.022559 0.018058 0.020464 -0.075663 0.14204 0.11822 0.11865 -0.094359 0.25483 0.2559 -0.049226 -0.1333 0.32044 0.21256 0.038286 0.0091068 0.06626 0.10493 0.031959 0.16281 0.086973 0.34266 -0.043168 0.073352 0.17177 0.42015 -0.051763 -0.059736 0.16171 0.16815 0.020898 -0.026424 0.02308 0.034152 0.043921 -0.15919 0.066378 0.2845 -0.059606 -0.11948 0.087825 0.22783 -0.01376 -0.013007 0.015518 0.019654 -6.8304e-18 -6.1412e-18 6.8304e-18 6.1412e-18 -1.2394e-17 -1.1143e-17 1.8233e-17 1.6393e-17 -9.4648e-06 -0.00017816 9.4648e-06 0.00017816 -8.5911e-07 -1.6171e-05 8.5911e-07 1.6171e-05
168.72 183.67 3.603 0.90376 0.053566 -0.12241 0.27956 0.24543 -0.11792 -0.068515 0.25563 0.25142 -0.03093 -0.041129 0.10985 0.12409 -0.009114 -0.0019978 0.028787 0.032067 0.066691 -0.062396 0.20692 0.21436 -0.0079661 0.049741 0.21089 0.47015 -0.05229 0.094604 0.16926 0.30115 -0.03855 -0.0046333 0.072358 0.064981 0.02425 -0.026337 0.028749 0.03643 0.052477 -0.15273 0.08963 0.26612 -0.049014 -0.10665 0.079555 0.1681 -0.01091 -0.011883 0.012579 0.015496 0 0 0 0 0 0 0 0 0 0 0 0 0 0 0 0
180.3 140.95 5.1466 3.1771 0 -0 0 0 0 -0 0 0 0 -0 0 0 0 -0 0 0 0.0082576 0.038785 0.036315 0.075576 -0.0053367 0.064059 0.042465 0.13961 -0.011434 0.066968 0.026673 0.070223 -0.0011475 0.0022082 0.0011475 0.0022082 -0.011418 -0.022026 0.10483 0.097301 0.12119 0.00123 0.23617 0.27961 -0.11765 0.12994 0.53398 0.33975 -0.041628 0.0029333 0.047275 0.018763 0.0034507 -0.006826 0.028182 0.019783 0.12279 0.017268 0.18233 0.13343 -0.091603 -0.031863 0.47664 0.21026 -0.029395 -0.002467 0.030101 0.010561
148.75 146.33 5.2219 4.7098 -0.0064942 0.002406 0.010634 0.025058 0.0073617 -0.0025505 0.016679 0.025883 0.01699 -0.0041302 0.055763 0.078237 -0.013649 0.0047241 0.029127 0.019989 0.0093774 0.03185 0.10308 0.083648 -0.032184 0.056749 0.10946 0.13626 0.02556 0.048412 0.16023 0.12771 -0.027613 0.00083666 0.079861 0.032924 -0.018351 -0.0071519 0.18851 0.31116 0.04084 -0.017936 0.24274 0.56135 -0.083015 -0.013759 0.27972 0.498 -0.045131 -0.0070145 0.060436 0.043704 -0.0084936 -0.039054 0.02464 0.059015 0.0077215 -0.059097 0.030785 0.082502 -0.010298 -0.058886 0.036136 0.093424 -0.0048881 -0.004897 0.0056052 0.0073523
87.705 127.17 7.2715 1.5966 -0 0 0 0 -0 0 0 0 -0 0 0 0 -0 0 0 0 -0.016105 0.10399 0.098718 0.26969 0.040819 0.17541 0.18957 0.44844 -0.086714 0.081906 0.13737 0.15304 -0.0016912 0.00023088 0.0016912 0.00023088 0.013995 -0.085199 0.16838 0.26819 0.0079484 -0.14137 0.38003 0.39941 -0.10672 -0.048176 0.2737 0.14587 -0.0074349 0.00036952 0.0074426 0.0014616 -0.0033007 -0.011548 0.025076 0.03825 0.027366 -0.01642 0.07541 0.11175 -0.028064 -0.015353 0.097529 0.082044 -0.0025963 -0.00051511 0.0025996 0.00070979
184.13 142.56 5.6709 3.1514 0 -0 0 0 0 -0 0 0 0 -0 0 0 0 -0 0 0 0.0074371 0.023173 0.014897 0.032694 -0.0049117 0.041379 0.026726 0.087003 -0.0064124 0.043787 0.016584 0.045936 -0.00030657 0.00079562 0.00030657 0.00079562 0.010903 -0.0063848 0.12106 0.099491 0.098887 0.0037363 0.21349 0.29383 -0.10962 0.12698 0.52304 0.34363 -0.038882 0.0036665 0.039734 0.017914 -0.00020581 -0.0092841 0.029196 0.013776 0.1058 0.024027 0.16485 0.14395 -0.093813 -0.025102 0.52235 0.22148 -0.030363 -0.0018397 0.030437 0.011207
194.37 187.18 6.2602 3.7686 0 -0 0 0 0 -0 0 0 0 -0 0 0 0 -0 0 0 0 -0 0 0 0 -0 0 0 0 -0 0 0 0 -0 0 0 0.031065 0.013637 0.038364 0.027499 0.02882 0.019086 0.18463 0.39269 -0.068719 0.067774 0.15897 0.2874 -0.0075766 0.0058652 0.0095582 0.010831 0.0098413 0.0010893 0.041014 0.030416 0.039348 -0.021785 0.15542 0.15696 0.07246 0.24164 0.48621 0.52801 -0.095292 0.066516 0.16041 0.13437
62.363 102.6 10.052 0.76102 0 0 0 0 0 0 0 0 0 0 0 0 0 0 0 0 0 0 0 0 0 0 0 0 0 0 0 0 0 0 0 0 4.9836e-07 -5.2327e-07 4.9836e-07 5.2327e-07 0.14009 0.12976 0.37014 0.41707 -0.13218 0.090732 0.32706 0.31576 -0.0090326 0.0087433 0.019513 0.011761 0.067579 0.020145 0.097607 0.11134 -0.039015 -0.077536 0.37072 0.40483 -0.047649 -0.060406 0.22393 0.16158 -0.011479 -0.0034067 0.035683 0.013794
56.119 154.41 10.05 5.7553 0 0 0 0 0 0 0 0 0 0 0 0 6.2174e-20 1.0664e-19 3.8808e-19 6.6564e-19 0 0 0 0 0.0052707 0.0078105 0.0090132 0.013916 0.0011343 0.046391 0.056456 0.12658 -0.0084145 0.0097655 0.010237 0.015973 0 0 0 0 0.12405 0.057211 0.39441 0.33147 -0.11447 0.07182 0.36437 0.42584 -0.023061 0.002608 0.041835 0.04451 0 0 0 0 0.079394 -0.06469 0.16075 0.11626 -0.032843 0.015062 0.43531 0.32064 -0.036537 0.01523 0.084487 0.069699
102.86 161.12 10.171 4.6887 0 -0 0 0 0.00078677 0.0070498 0.002666 0.0070498 -0.00010705 0.0062825 0.0024495 0.0062946 -0.00046094 0.0018103 0.00086372 0.0018113 0.01198 0.001611 0.01198 0.0022022 0.0092147 0.05142 0.19496 0.19154 0.0086427 0.074453 0.099275 0.15079 -0.016538 0.024026 0.081602 0.07621 0.011879 -0.0015275 0.01193 0.0020599 0.097039 -0.026241 0.37194 0.44223 0.0059676 -0.038308 0.23433 0.63722 -0.070291 -0.019276 0.13872 0.15649 -2.2627e-06 -9.5387e-05 2.2627e-06 9.5387e-05 0.008322 -0.038665 0.032082 0.058919 -0.0024512 -0.049203 0.018515 0.073287 -0.0050765 -0.012668 0.0089908 0.016683
144.67 160.76 9.8522 4.7825 0.0013124 0.0076802 0.0028428 0.0076802 -0.0018766 0.011473 0.0044386 0.011473 -0.00016726 0.0015092 0.00077136 0.0015092 0 0 0 0 0.021255 0.033896 0.13085 0.12942 -0.025163 0.074604 0.1264 0.17279 -0.015755 0.045924 0.14489 0.14608 -0.0090778 0.001314 0.012372 0.0058194 0.080815 -0.024763 0.21896 0.25826 -0.0058151 -0.039482 0.30976 0.63656 -0.12138 -0.034101 0.25254 0.387 -0.012899 -0.0020563 0.014303 0.0046736 0.0047342 -0.02052 0.013904 0.027785 0.0024183 -0.050709 0.022973 0.071251 -0.010852 -0.027777 0.017741 0.044096 -0.00077551 -0.0002321 0.00077551 0.00028579
