47 64
95.176 116.26 1.8744 0.77904 0 0 0 0 0 0 0 0 -0.00013092 0.00013259 0.00013092 0.00013259 -1.9989e-05 2.0245e-05 1.9989e-05 2.0245e-05 0.00017112 0.0019276 0.00017112 0.0019276 0.020414 0.05074 0.032219 0.052532 0.053888 0.034446 0.132 0.14721 -0.012807 0.054981 0.11939 0.13648 0.1194 0.12344 0.16569 0.17838 -0.076022 0.10287 0.40492 0.42506 0.0067419 0.054382 0.30482 0.34778 -0.0072861 -0.01511 0.20727 0.19828 0.040982 -0.0034966 0.19701 0.16195 -0.068967 -0.044013 0.18083 0.17266 0.029432 -0.014579 0.10614 0.084345 -0.038131 0.0035347 0.066275 0.05924
104.79 115.44 1.6726 1.2793 0 0 0 0 0 0 0 0 0 0 0 0 0 0 0 0 0.026916 0.048969 0.026916 0.048969 0.051394 0.27272 0.095496 0.31277 -0.059324 0.12916 0.10172 0.19654 -0.011764 0.04113 0.069054 0.06223 0.056994 0.037364 0.14179 0.20752 -0.058401 -0.14499 0.20866 0.54674 0.0019555 -0.0086325 0.26449 0.31919 0.011348 0.021406 0.23803 0.16684 -0.01325 -0.028811 0.048177 0.057563 -0.021489 -0.01431 0.056924 0.065841 0.039858 -0.001013 0.080152 0.055495 -0.027183 -0.0179 0.089512 0.058222
143.71 119.91 2.2054 1.7889 -0 0 0 0 -0 0 0 0 -0 0 0 0 -0 0 0 0 0.0061284 0.0049966 0.0077196 0.0075557 0.1119 0.15282 0.14146 0.24064 -0.042957 0.24982 0.12929 0.4804 -0.031784 0.098317 0.045831 0.13 0.026218 0.050848 0.11653 0.10021 0.044266 -0.050991 0.24247 0.31878 0.016841 -0.1388 0.16039 0.46744 -0.0044894 -0.0092883 0.095952 0.18138 0.007188 -0.030081 0.11519 0.066932 -0.029056 -0.0092658 0.096837 0.085923 0.0051555 -0.00046112 0.049036 0.04569 0.0082325 -0.020471 0.048675 0.054477
103.85 122.73 1.9594 4.8461 0.011816 0.02052 0.087061 0.065089 0.0096437 0.036025 0.098005 0.077438 -0.024149 0.01624 0.054286 0.052409 -0.0014619 0.0068276 0.036489 0.040537 0.02437 -0.013052 0.24517 0.10983 -0.046103 -0.024966 0.2256 0.17223 -0.017701 -0.02107 0.092477 0.10575 0.01554 0.034501 0.054869 0.073686 0.026851 -0.032064 0.067296 0.060799 0.10016 -0.021708 0.25453 0.38239 -0.0033589 0.095532 0.17916 0.63573 -0.02959 -0.0094071 0.089824 0.19263 0.00073175 -0.0021566 0.00075049 0.0021566 0.028642 -0.04676 0.029942 0.059284 0.0085249 -0.10508 0.033268 0.16215 -0.012402 -0.042297 0.01742 0.057073
123.28 121.33 1.8549 4.6973 -0.017483 0.0026157 0.034233 0.036121 0.012344 0.014234 0.065509 0.077623 -0.0031428 0.021367 0.079849 0.076502 0.0058854 -0.00068152 0.026551 0.032052 -0.0043827 0.040974 0.06831 0.11808 0.048233 0.08033 0.096936 0.13794 -0.00085397 0.11084 0.13914 0.25117 0.03326 0.16002 0.094854 0.26472 0.026581 -0.043358 0.096059 0.44836 -0.085624 -0.10164 0.15965 0.43167 0.015566 -0.13628 0.10924 0.31694 0.014799 -0.13078 0.065976 0.33483 0.0018538 -0.040711 0.0078564 0.040711 -0.010231 -0.037964 0.0122 0.037964 -0.0015776 -0.0099436 0.0021909 0.0099436 -0.00025672 -0.0028635 0.00058555 0.0028635
139.5 126.19 2.0693 4.8685 -0.0017755 0.0093989 0.047714 0.05017 0.00038634 0.013049 0.040319 0.044349 -0.00038985 0.027237 0.051415 0.046429 0.0030341 0.026459 0.06613 0.037699 -0.0074752 0.036282 0.058361 0.074411 -0.029379 0.012207 0.080479 0.092803 0.055296 0.021673 0.13101 0.1509 0.0013723 -0.016556 0.185 0.11412 0.0042755 -0.038587 0.089217 0.1549 0.056599 -0.031506 0.1616 0.663 -0.10602 -0.01651 0.24087 0.49945 -0.037845 -0.027136 0.077218 0.073799 0.00083868 -0.02027 0.0075753 0.020771 0.012677 -0.07389 0.017349 0.088813 -0.016077 -0.065682 0.024264 0.077606 -0.0046616 -0.0056913 0.0046789 0.0057782
90.823 128.61 1.9221 3.365 0.01917 -0.0015649 0.035423 0.040937 0.018945 0.021411 0.071056 0.084062 -0.0050271 0.026755 0.1107 0.087522 -0.0039151 -0.022809 0.33093 0.12561 0.015153 -0.008278 0.065266 0.068642 0.064226 -0.04643 0.19195 0.26284 0.0095703 -0.045979 0.2534 0.36563 -0.048909 -0.087683 0.1862 0.14324 0.035349 -0.0095454 0.065337 0.055373 0.058005 -0.010975 0.2372 0.37636 -0.064647 -0.075543 0.18912 0.42435 -0.024392 -0.022007 0.040446 0.036406 0.0082895 -0.0065375 0.0083931 0.0080409 0.00026974 -0.039576 0.040649 0.066201 -0.0074491 -0.032087 0.01718 0.036933 -0.0011881 -0.0015827 0.0016902 0.002107
103.67 134.72 2.2069 2.6419 0.013392 -0.00063114 0.061579 0.060633 0.02203 -0.041134 0.1028 0.097217 0.13533 -0.096956 0.23589 0.15337 -0.082172 0.022978 0.3464 0.18129 0.010581 -0.0087483 0.061116 0.061169 0.054862 0.03523 0.11631 0.11206 0.038753 0.080919 0.14788 0.19508 -0.038083 -0.063487 0.30228 0.2525 0.0014832 -0.004959 0.053476 0.049292 0.082737 -0.059381 0.12246 0.14342 0.043514 -0.046356 0.21886 0.26772 -0.024949 0.028428 0.25871 0.29055 -0.006682 -0.0070101 0.020203 0.022429 0.0041954 -0.023878 0.063515 0.085236 0.045191 -0.030935 0.1078 0.18054 -0.024059 -0.015492 0.12563 0.17942
143.92 137.65 1.7252 5.6034 -0.019648 0.012333 0.071377 0.073295 -0.018922 0.0061081 0.050035 0.054463 -0.0092278 0.00096506 0.017831 0.017335 0.00039523 0.0020762 0.0029163 0.00395 -0.047406 0.0052045 0.092578 0.10187 -0.0042032 0.016068 0.11006 0.096959 -0.046888 0.028159 0.073606 0.056676 -0.0013239 0.0001119 0.040695 0.029149 -0.15564 0.13976 0.39119 0.40787 0.010804 0.091769 0.28749 0.25512 -0.070237 0.082399 0.22767 0.29601 -0.0011968 0.027225 0.09289 0.082873 -0.0014834 -0.095096 0.12358 0.16754 -0.03944 -0.072147 0.13274 0.17266 0.0029293 -0.0199 0.20884 0.25573 0.025493 -0.0078012 0.11982 0.085741
172.44 142.68 2.2321 0.44623 0.0037619 -0.0028052 0.0069397 0.0029947 0.10461 -0.015003 0.26603 0.37584 -0.10324 -0.0073915 0.20015 0.32076 -0.008886 0.0082914 0.031795 0.058536 0.00074169 0.00024911 0.00093169 0.00051208 0.11619 0.0301 0.18116 0.25196 -0.016475 0.15689 0.15714 0.41044 -0.0068862 0.082378 0.058923 0.19266 5.8962e-05 2.8208e-05 5.8962e-05 2.8208e-05 0.12205 -0.064249 0.19257 0.11531 -0.0029865 -0.11414 0.14488 0.22724 0.061928 0.056112 0.10987 0.18601 0 0 0 0 0.010555 -0.016027 0.017688 0.016027 0.028001 -0.031632 0.04321 0.046972 0.064605 -0.054593 0.086238 0.11041
96.208 144.06 1.9091 5.4519 0.0031907 -0.001973 0.0036645 0.0040162 0.0055323 0.022575 0.039305 0.048494 -0.0053905 0.0035839 0.02989 0.024514 0.0026754 0.012892 0.028883 0.027886 -0.017554 0.077846 0.12805 0.19911 0.0014382 0.05786 0.16345 0.17669 0.0052954 0.010759 0.10744 0.10207 0.012165 -0.0036027 0.064339 0.058473 0.0029032 0.072602 0.38557 0.38072 -0.052541 0.16262 0.3 0.30036 -0.071557 0.092043 0.19709 0.17173 0.0031944 0.0042913 0.092172 0.092042 0.025815 -0.0103 0.25739 0.21861 -0.053828 -0.076169 0.15069 0.22062 -0.045543 -0.016828 0.11564 0.11552 -0.002196 -0.00024566 0.05729 0.064781
113.51 144.52 1.7521 4.5448 0.005886 -0.0030385 0.050696 0.046148 -0.021678 0.012684 0.067828 0.078187 -0.0026811 0.023208 0.04456 0.089025 -0.0050687 0.0080805 0.024797 0.03513 0.014235 -0.001047 0.091626 0.070142 0.012221 0.02407 0.13016 0.21089 -0.0059077 0.048429 0.19267 0.21853 -0.0099977 0.023279 0.10337 0.1103 0.055035 0.13341 0.20102 0.16529 -0.056363 0.13935 0.21784 0.24176 0.027138 0.043121 0.29522 0.30422 0.003685 0.056185 0.19303 0.2224 0.01766 0.054152 0.23097 0.16217 -0.09142 -0.019716 0.2038 0.17596 0.079112 0.065492 0.16092 0.19406 8.9243e-05 0.10404 0.13272 0.17081
140.6 144.31 2.0137 4.4079 -0.00066435 0.00046273 0.010895 0.0094351 -0.0024349 -0.00020802 0.0050175 0.0032496 0.00063081 0.0054574 0.050574 0.048459 0.033295 -0.017956 0.08521 0.07128 -0.0094389 0.016813 0.05584 0.068087 0.0013462 0.031304 0.043089 0.051751 0.047142 0.060086 0.12186 0.097042 0.052388 0.061958 0.23148 0.15518 -0.01258 0.036699 0.10311 0.11394 0.026363 0.050009 0.10543 0.1374 0.15686 -0.021421 0.2924 0.28082 -0.0089183 -0.0054422 0.40448 0.25672 -0.00058951 0.0328 0.1139 0.11586 -0.024217 0.04709 0.12873 0.13069 0.11128 0.18426 0.26584 0.32415 -0.066789 0.044249 0.21642 0.19088
167.59 151.6 1.935 0.29179 0.017185 -0.035157 0.14623 0.278 -0.074019 -0.0054905 0.11897 0.22114 -0.0044347 -0.0011801 0.040702 0.067782 -0.0026141 -0.00042745 0.0091236 0.010531 0.048924 -0.012839 0.11266 0.2327 -0.015448 0.11505 0.14454 0.39436 4.3828e-06 0.11492 0.099269 0.27199 0.071004 0.1339 0.081514 0.2173 0.075473 -0.031454 0.097795 0.074617 -0.021286 -0.10954 0.1437 0.22707 0.10704 0.015869 0.17902 0.24761 0.05782 0.038718 0.21772 0.24313 0.0075823 -0.012283 0.0092551 0.012283 0.007438 -0.037367 0.029554 0.052014 0.080754 -0.074269 0.097164 0.11179 -0.025076 -0.098974 0.067574 0.11941
168.67 160.16 1.9212 1.0072 0.038479 0.036651 0.069367 0.088259 -0.04782 0.035172 0.17254 0.22352 -0.020225 0.0051473 0.085585 0.08591 -0.005641 0.00069799 0.017124 0.021765 0.051011 -0.056765 0.084211 0.095581 -0.008574 -0.03313 0.15701 0.22044 -0.058016 0.097353 0.18814 0.22395 -0.031908 0.057694 0.05534 0.070487 0.057411 -0.0053865 0.063398 0.03283 0.17459 0.064793 0.22797 0.24172 0.034778 0.15006 0.17697 0.36751 0.030774 0.16409 0.13685 0.30163 0.013272 -0.0068147 0.013272 0.0096842 0.071534 -0.1026 0.076357 0.12269 0.023184 -0.17631 0.063034 0.25476 0.019499 -0.11698 0.046161 0.20792
159.75 171.62 1.9631 0.76149 -0.011694 0.023592 0.040353 0.065341 -0.0080652 0.0083998 0.022037 0.037159 -0.00069606 0.00037801 0.002374 0.0029524 0.00028266 -0.00070732 0.0015668 0.0018803 0.011586 0.024404 0.065303 0.12807 0.017014 0.17362 0.12968 0.24471 0.0089993 0.28732 0.092288 0.36062 -0.051732 0.13906 0.059916 0.1594 0.070721 0.013602 0.095297 0.18334 0.027739 -0.015823 0.16383 0.36523 0.016096 -0.11311 0.16269 0.4568 -0.1065 -0.085578 0.11979 0.21929 0.014307 -0.054938 0.021128 0.059423 -0.0088556 -0.099604 0.034138 0.12249 -0.016037 -0.078437 0.033249 0.10158 -0.0052699 -0.019904 0.0071327 0.023191
91.668 178.34 2.0451 2.5971 0.030176 -0.015333 0.052967 0.046516 0.0107 -0.029679 0.11895 0.16171 0.05118 -0.05058 0.20904 0.24865 -0.057013 -0.043706 0.10934 0.11283 0.015824 0.019668 0.041569 0.054336 0.022936 0.095974 0.1171 0.25955 -0.029855 0.04686 0.167 0.31033 -0.014473 0.031431 0.047899 0.097322 0.048767 -0.016819 0.073025 0.084642 0.094058 -0.069145 0.25783 0.40338 -0.019878 0.0018628 0.24836 0.29803 0.03868 0.083698 0.15722 0.30295 0.0028932 -0.0033542 0.0031551 0.0033542 0.02178 -0.052929 0.034694 0.060694 0.010788 -0.072538 0.049602 0.095124 -0.00035094 -0.065402 0.046748 0.10112
93.912 186.29 2.0863 2.6441 0.00047955 -0.0002604 0.00047955 0.0002604 0.027392 -0.04081 0.077375 0.084935 0.025968 -0.028881 0.13706 0.19189 -0.023921 -0.075664 0.15614 0.19019 0.0044963 -0.00046967 0.0044963 0.0026252 0.066998 0.054455 0.14084 0.29765 0.021523 0.14461 0.14704 0.38504 -0.046037 0.049072 0.11268 0.23955 0.0003892 -0.00020121 0.0003892 0.00020121 0.14493 -0.064231 0.17549 0.21862 0.078517 -0.13204 0.26488 0.40436 0.0067066 -0.047878 0.20242 0.25099 -0 0 0 0 0.0056939 -0.0043838 0.0056939 0.0043838 0.01406 -0.049842 0.023937 0.052032 0.0086322 -0.040707 0.027861 0.052491
147.43 192.1 1.8264 5.1736 0 0 0 0 0 0 0 0 0 0 0 0 0 0 0 0 -0.00022834 0.00028328 0.00032547 0.00044742 0.0096033 0.045587 0.047748 0.052048 -0.0030986 0.028639 0.0077206 0.02954 -2.2309e-16 1.7993e-16 5.9256e-16 5.8885e-16 0.00032099 5.2337e-05 0.0076821 0.0065888 0.24908 0.1623 0.30052 0.20403 -0.17992 0.2777 0.36584 0.28777 -0.020391 0.014113 0.02559 0.018618 0.00022108 0.00047337 0.0019202 0.001662 0.28304 -0.045327 0.34385 0.11206 -0.080004 0.025742 0.39063 0.21688 -0.083248 0.047858 0.09774 0.066901
97.519 110 2.8118 1.2032 0 0 0 0 0 0 0 0 0 0 0 0 0 0 0 0 0 0 0 0 0.0015731 0.02934 0.0084196 0.02934 -0.0045253 0.022643 0.011059 0.023557 -0.0006942 0.00092164 0.0010704 0.0010642 0.077675 0.091714 0.11358 0.17799 -0.016236 0.10012 0.32614 0.63232 -0.026925 0.089347 0.38696 0.33327 -0.029548 0.02558 0.13001 0.10507 -0.0063649 -0.027369 0.098052 0.14992 -0.0030657 -0.051365 0.12177 0.1447 -0.026324 -0.043748 0.16407 0.11573 -0.023971 -0.018584 0.068875 0.051201
107.1 124.32 2.7955 4.8781 0.0092046 0.015866 0.04169 0.039203 0.0066254 0.04504 0.078622 0.068478 -0.0060233 0.021393 0.044783 0.044712 -0.0066876 0.0069607 0.01839 0.024965 0.058705 -0.01279 0.23288 0.10649 -0.031253 0.01819 0.31323 0.20174 0.0015857 0.043344 0.10289 0.13221 -0.016749 0.030964 0.057485 0.081323 0.028047 -0.026635 0.068021 0.042647 0.10244 -0.088003 0.24716 0.47835 -0.030283 -0.043447 0.17946 0.49637 0.024487 -0.024549 0.091964 0.33333 5.7678e-05 -0.00034318 5.7678e-05 0.00034318 0.010194 -0.027103 0.010233 0.028479 -0.0041651 -0.046126 0.013981 0.054046 0.0051413 -0.02712 0.0071034 0.03752
141.12 129.37 2.8107 4.7716 -0.0049604 0.0074082 0.025634 0.029329 -0.0060317 0.01362 0.023628 0.028387 0.0015326 0.016625 0.034935 0.027084 0.029893 -0.0058827 0.084399 0.039768 -0.0035836 0.037306 0.070054 0.087984 -0.0081665 0.033781 0.095391 0.11177 0.032555 0.037618 0.29964 0.20726 -0.017348 -0.022574 0.18747 0.10258 -0.021098 -0.019035 0.097335 0.26734 0.04134 -0.044069 0.15458 0.62561 -0.11144 -0.058249 0.26193 0.4015 -0.014418 -0.015981 0.032214 0.025472 -0.0087347 -0.036314 0.013997 0.055421 0.0037233 -0.060084 0.012849 0.078976 -0.013001 -0.034253 0.015515 0.040932 -0.00021143 -0.00024461 0.00021143 0.00024461
87.998 138.63 2.9392 5.3262 0 0 0 0 0.013934 -0.0041083 0.026088 0.021197 -0.0047133 -0.01988 0.029666 0.042671 0.00026214 -3.4902e-05 0.021493 0.025013 0.010711 -0.00015326 0.010711 0.0047389 0.0075551 0.06358 0.09994 0.14014 -0.0042229 0.04231 0.093239 0.095421 0.0041167 0.0065941 0.050259 0.044722 0.057951 0.0020393 0.057951 0.022385 0.06546 0.019449 0.52421 0.3788 -0.069485 0.060985 0.25029 0.22455 -0.028818 0.021738 0.073445 0.071106 0.007381 -0.0015853 0.007381 0.0041392 0.1144 -0.032033 0.28284 0.27021 -0.053916 0.089208 0.25991 0.33638 -0.023855 0.047552 0.064263 0.083459
126.52 139.73 2.9341 4.6791 -0.0020692 0.005007 0.026273 0.023125 -0.0081997 0.0075772 0.020107 0.025382 -0.0022704 0.0012642 0.0078976 0.0094556 0.033335 -0.020993 0.046014 0.030966 0.0025687 0.036941 0.064672 0.065939 -0.015238 0.04241 0.089046 0.10457 0.0026146 0.054899 0.055151 0.09156 0.022045 0.060327 0.12049 0.08903 -0.032516 0.0057769 0.14373 0.12094 0.018397 0.087288 0.12586 0.17674 0.01664 0.20201 0.14947 0.30868 -0.011497 0.04736 0.27546 0.26183 0.0391 -0.02229 0.12529 0.32074 -0.046927 -0.064038 0.12926 0.36618 0.032154 -0.10365 0.10695 0.42819 -0.056389 -0.051281 0.09203 0.1597
101.37 162.29 2.8401 0.43742 -0.10812 0.033392 0.29727 0.44954 -0.067109 0.029565 0.18021 0.16298 0.029823 -0.0020772 0.11978 0.12493 -0.025324 0.012169 0.051481 0.041687 -0.12557 -0.080691 0.30126 0.30463 -0.067493 0.058135 0.20826 0.26575 0.0054682 0.013992 0.12146 0.12104 -0.024382 0.0069481 0.11059 0.073464 -0.053015 -0.040398 0.22108 0.19072 -0.041317 -0.065101 0.17465 0.18443 -0.0327 -0.01637 0.11925 0.12572 -0.0065412 -0.024343 0.062071 0.051338 -0.023987 -0.027095 0.075718 0.053288 0.0072665 -0.01235 0.056817 0.038453 -0.0085034 -0.0097767 0.065026 0.052495 -0.0023978 -0.0021938 0.0035713 0.0040803
75.291 163.84 2.8186 2.6446 0.02725 -0.017927 0.066352 0.084567 -0.020632 -0.051964 0.12084 0.13595 0.065918 -0.1484 0.23352 0.31469 -0.021807 -0.16018 0.39699 0.53422 0.013356 0.014102 0.093047 0.17156 0.0078069 0.065508 0.13379 0.25943 -0.04848 0.0091212 0.12577 0.24642 -0.011416 -0.048466 0.05828 0.095589 0.0079854 -0.039541 0.032637 0.056158 0.0046472 -0.10001 0.087961 0.18486 -0.044663 -0.055304 0.059753 0.11695 -0.001751 -0.00075419 0.0018606 0.001512 -0 0 0 0 0.00012276 -0.00094644 0.001218 0.0032031 -0.0002885 -0.00052737 0.00072564 0.0016217 -0 0 0 0
173.7 167.79 3.0137 3.6424 0 -0 0 0 2.0099e-16 8.034e-17 3.7207e-16 7.677e-16 7.0768e-18 1.036e-16 2.3044e-16 3.9389e-16 0 -0 0 0 0.035532 0.0633 0.040981 0.068013 0.071393 0.24324 0.12805 0.29122 -0.084779 0.10511 0.11364 0.15472 -0.0088474 0.0098679 0.010964 0.011179 0.089564 0.019025 0.19784 0.37913 -0.092637 -0.13725 0.26023 0.46141 -0.064219 -0.051875 0.16527 0.32126 -0.057326 0.027332 0.097269 0.1167 0.0020922 -0.071922 0.025983 0.085605 -0.010939 -0.074351 0.030609 0.098184 0.036642 -0.038689 0.080244 0.164 -0.01809 0.015936 0.09919 0.16641
125.72 175.64 2.5214 4.5934 -0.00019828 0.0010594 0.00038751 0.0010777 0 -0 0 0 0.020674 0.011615 0.024515 0.018775 0.021056 0.16127 0.12057 0.17155 -0.0043 0.011687 0.037955 0.032305 0.00099119 0.026629 0.055114 0.068698 0.043545 -0.0062608 0.072054 0.062567 0.31937 -0.12053 0.56349 0.54747 0.002354 0.025918 0.097672 0.074673 -0.02388 0.0016181 0.09128 0.096845 -0.0053585 0.0014015 0.037132 0.033421 0.11017 -0.10199 0.13065 0.12683 0.015755 0.004013 0.07828 0.067113 -0.0060281 0.045638 0.098945 0.15998 -0.018498 0.048115 0.075354 0.097342 0.0027695 0.053139 0.075942 0.071004
87.719 182.45 2.7735 2.6172 0.015935 -0.0050341 0.017573 0.011121 0.021362 -0.014359 0.14257 0.14816 0.01331 -0.059898 0.25051 0.23737 0.013309 -0.074101 0.19506 0.24486 0.014098 0.00027804 0.014098 0.015943 0.070747 0.077832 0.16084 0.33037 -0.024649 0.088345 0.23019 0.4004 -0.043475 0.095823 0.12947 0.28904 0.0028743 -0.002054 0.0028743 0.0036451 0.039113 -0.077382 0.081138 0.15227 0.024581 -0.1367 0.15754 0.2864 -0.036025 -0.098567 0.10982 0.25167 -8.4604e-19 -1.4627e-18 8.4604e-19 1.4627e-18 -0 0 0 0 -0.00049786 -0.0054716 0.0022714 0.0069872 0.00030909 -0.001437 0.0025739 0.0057119
153.93 181.42 3.106 0.55021 -0.017598 -0.0047222 0.028859 0.036463 -0.00072621 -0.0007476 0.0068586 0.0081471 0.00080871 -0.0049188 0.018311 0.012877 -0.0020243 -0.001964 0.0038142 0.0029503 0.0091607 0.09135 0.077123 0.16628 0.063841 0.29484 0.11741 0.38606 -0.13662 0.13725 0.16275 0.24645 -0.012554 0.001358 0.012606 0.010036 0.068792 -0.047611 0.14135 0.25869 -0.083474 -0.23326 0.25863 0.46231 -0.15191 -0.13719 0.16973 0.24622 -0.0073378 -0.0027334 0.0073753 0.0046961 0.0030089 -0.044206 0.015934 0.046167 -0.014999 -0.041394 0.018202 0.042635 -0.0018684 -0.0032121 0.0019106 0.0034908 -1.3964e-18 -1.9872e-17 9.2874e-18 2.4713e-17
125.51 110.78 3.5909 1.6344 -0 0 0 0 -0 0 0 0 -0 0 0 0 -0 0 0 0 0.0098816 0.028567 0.0098816 0.028567 3.2187e-06 0.14473 0.022142 0.14473 8.0357e-05 0.18657 0.04007 0.18657 -0.012975 0.043536 0.01407 0.043536 0.06266 0.029637 0.16285 0.20563 -0.0075845 0.0088308 0.1817 0.5177 0.011704 -0.020804 0.19039 0.57212 -0.055805 0.044589 0.23098 0.17896 -0.0086811 -0.026258 0.092227 0.07119 0.0043349 -0.0514 0.054719 0.078508 0.013793 -0.037414 0.058605 0.063851 -0.012982 -0.033477 0.098406 0.069198
156.63 123.68 3.6551 2.4016 -0 0 0 0 -0 0 0 0 -0 0 0 0 -0 0 0 0 0.0034386 0.032032 0.041819 0.041767 -0.016758 0.058743 0.062479 0.080417 -0.01217 0.089787 0.046258 0.09836 -0.0033621 0.0065733 0.0033621 0.0065733 -0.040535 0.015455 0.1691 0.10443 0.028097 0.00075868 0.31528 0.28471 0.046681 0.016492 0.51102 0.55928 -0.063443 0.082695 0.13968 0.15572 -0.069796 -0.0062641 0.11128 0.042677 0.016804 -0.022022 0.04612 0.034826 0.050811 -0.043563 0.092207 0.10051 0.006444 -0.0020219 0.17258 0.17739
75.082 164.29 2.9412 2.6446 0.02725 -0.017927 0.066352 0.084567 -0.020632 -0.051964 0.12084 0.13595 0.065918 -0.1484 0.23352 0.31469 -0.021807 -0.16018 0.39699 0.53422 0.013356 0.014102 0.093047 0.17156 0.0078069 0.065508 0.13379 0.25943 -0.04848 0.0091212 0.12577 0.24642 -0.011416 -0.048466 0.05828 0.095589 0.0079854 -0.039541 0.032637 0.056158 0.0046472 -0.10001 0.087961 0.18486 -0.044663 -0.055304 0.059753 0.11695 -0.001751 -0.00075419 0.0018606 0.001512 -0 0 0 0 0.00012276 -0.00094644 0.001218 0.0032031 -0.0002885 -0.00052737 0.00072564 0.0016217 -0 0 0 0
112.03 175.91 3.6527 4.3441 -5.1427e-18 -7.5706e-18 1.7763e-17 1.3932e-17 -4.9036e-18 -7.1464e-18 7.2306e-18 9.4859e-18 0.011173 0.0015225 0.012193 0.0080847 0.12145 0.13912 0.225 0.33549 0.0064061 0.021892 0.041758 0.028315 0.0018446 0.025493 0.060108 0.053529 -0.0085271 0.011628 0.064033 0.094742 0.20011 -0.21136 0.2782 0.40251 0.0012235 0.0077507 0.12617 0.059685 0.0045692 0.019113 0.18991 0.14043 -0.029147 0.074733 0.12173 0.16451 0.016266 0.064747 0.06562 0.090903 0.0019264 -0.018804 0.069124 0.031091 0.10496 0.070516 0.19897 0.16347 0.03132 0.12465 0.22218 0.2132 0.056132 0.1691 0.16991 0.231
154.87 180.32 3.7184 0.65535 -0.040784 -0.03193 0.12823 0.14523 -0.017042 -0.015692 0.02906 0.034613 0.0032121 -0.010468 0.029116 0.022996 -0.0025442 -0.0035022 0.011165 0.0081556 0.01225 0.065065 0.14347 0.24082 0.049311 0.29126 0.1503 0.39724 -0.11443 0.10958 0.14526 0.24093 -0.0069414 3.114e-05 0.0073872 0.0050501 0.084794 -0.080243 0.10536 0.17665 -0.035426 -0.24893 0.20738 0.49133 -0.11795 -0.1123 0.1382 0.22482 -0.0037973 -0.00073081 0.0037973 0.002006 0.0018904 -0.0086239 0.0024453 0.0086239 -0.002923 -0.016643 0.0041678 0.016643 -0.00020056 -0.00085239 0.00036976 0.00096721 -3.1418e-18 1.5217e-18 5.6118e-18 1.5217e-18
93.965 106.87 5.0252 1.0522 0 0 0 0 0 0 0 0 0 0 0 0 0 0 0 0 0 0 0 0 -5.3333e-05 0.0026812 0.00071554 0.0026812 -0.0037032 0.010635 0.007255 0.010635 -0.0004667 0.0005312 0.0004667 0.0005312 0.055054 0.094296 0.071596 0.11632 0.056805 0.13034 0.38105 0.60226 -0.10488 0.075895 0.33224 0.34658 -0.018785 0.0083347 0.02828 0.033158 0.039146 0.003344 0.19574 0.23129 -0.034079 -0.090088 0.14917 0.20052 -0.043644 -0.05086 0.098185 0.10178 -0.00078025 0.0040038 0.036188 0.022202
92.608 129.2 5.5218 5.0181 0 0 0 0 0.010278 0.00070316 0.034733 0.024268 -0.00049209 0.0084183 0.044734 0.039569 0.010331 0.0020832 0.020691 0.013966 0 0 0 0 0.082969 0.055474 0.20848 0.12073 -0.024581 0.095494 0.16811 0.17518 -0.012619 0.043783 0.049659 0.058892 0 0 0 0 0.12645 -0.051986 0.19633 0.14156 0.055945 -0.13895 0.3249 0.65421 -0.056193 0.012717 0.22991 0.3838 0 0 0 0 0.0046805 -0.0048202 0.0046805 0.0048202 0.011793 -0.052689 0.023321 0.06574 -0.006578 -0.027754 0.028754 0.052757
168.37 131.47 5.2841 2.5231 -0 0 0 0 -0 0 0 0 -0 0 0 0 -0 0 0 0 0.010621 0.015925 0.011265 0.015925 -0.0081143 0.063133 0.058122 0.071237 -0.0087688 0.031626 0.016773 0.032723 -0.00078309 0.0032087 0.0011571 0.0032087 0.059743 0.084536 0.21884 0.12399 -0.037478 -0.0062208 0.29467 0.25023 0.098723 0.032243 0.48838 0.46588 -0.073706 0.080825 0.21129 0.17696 0.026315 -0.041189 0.22692 0.10449 -0.048871 -0.030505 0.10241 0.055938 0.075898 -0.04972 0.1185 0.090602 -0.0090078 -0.0061562 0.2255 0.20487
91.261 149.32 4.9134 5.2609 0 0 0 0 0.0085509 0.0089471 0.018881 0.022505 -0.0061626 0.0096782 0.021482 0.040353 -0.0024789 0.0012247 0.0026415 0.0042987 0.0027642 0.0027808 0.0027642 0.0027808 0.0075459 0.01244 0.069444 0.082999 -0.0057278 0.010069 0.084546 0.088598 -0.011664 0.0035494 0.027771 0.030603 0.04621 0.0032385 0.04621 0.012956 0.074669 0.10119 0.36957 0.33189 -0.073146 0.10056 0.15722 0.19292 -0.026831 0.019986 0.034534 0.038995 0.0049331 -0.00070886 0.0049331 0.0014866 0.1023 -0.082207 0.26186 0.34393 -0.010302 -0.020483 0.29614 0.49673 -0.042842 0.035601 0.1822 0.21015
119.07 160.53 4.8026 4.2535 -9.2859e-05 4.5881e-05 9.2859e-05 4.5881e-05 0.00012006 0.0021936 0.00069814 0.0022101 0.10782 0.015685 0.16157 0.23781 -0.043955 0.049527 0.11319 0.21564 0.0041967 0.0069858 0.037483 0.015285 -0.0058261 0.023191 0.038864 0.055109 0.034405 -0.04681 0.06231 0.10245 0.034564 -0.047663 0.16301 0.20556 0.0065232 -0.0067337 0.062625 0.027627 0.035091 0.048084 0.10688 0.10531 0.04264 0.13293 0.12746 0.15801 -0.025009 0.10507 0.29186 0.36386 0.016742 -0.00074042 0.028916 0.021734 0.046307 -0.006971 0.24977 0.20531 -0.046137 -0.063878 0.30156 0.4137 -0.045765 -0.043586 0.11058 0.17686
172.44 186.91 5.1282 4.0553 0 -0 0 0 0 -0 0 0 0 -0 0 0 0 -0 0 0 7.5316e-17 9.7174e-18 7.5316e-17 9.7174e-18 -0.003447 0.036037 0.005402 0.036037 -0.0034859 0.030455 0.0037504 0.030455 -1.2392e-16 -1.5988e-17 1.2392e-16 1.5988e-17 0.034433 -0.0006216 0.034433 0.017492 0.17251 -0.018171 0.27438 0.63273 -0.1534 0.083881 0.27487 0.49655 -0.039326 0.026936 0.040625 0.03877 0.0027444 0.0047359 0.014948 0.022162 0.02804 -0.060158 0.04694 0.09903 0.015346 -0.029319 0.19997 0.25213 -0.031862 -0.0051083 0.053733 0.056799
88.791 102.73 6.4327 0.98951 0 0 0 0 0 0 0 0 0 0 0 0 0 0 0 0 0 0 0 0 0 0 0 0 -0.0001949 0.00012805 0.0001949 0.00012805 0 0 0 0 0.02772 0.051641 0.032821 0.055773 0.085014 0.21038 0.37543 0.5352 -0.12472 0.11024 0.29918 0.33224 -0.012796 0.0079364 0.01796 0.019491 0.072594 0.01501 0.1933 0.2179 -0.043977 -0.098291 0.24051 0.30023 -0.059364 -0.045893 0.11581 0.11458 -0.0037544 0.0042536 0.050228 0.018395
157.32 116.97 7.5349 2.1183 -0 0 0 0 -0 0 0 0 -0 0 0 0 -0 0 0 0 0.0010184 0.0021124 0.0010184 0.0021124 0.023437 0.054512 0.029188 0.054512 -0.017285 0.07964 0.06662 0.07964 -0.00091442 0.00092213 0.00091442 0.00092213 0.080902 0.051152 0.11978 0.073563 0.01437 0.03951 0.38534 0.31692 0.054987 0.00034376 0.42395 0.61744 -0.06152 0.020467 0.11515 0.14281 0.050805 -0.023843 0.070748 0.050261 -0.055841 -0.047409 0.18351 0.12284 0.031108 -0.059767 0.085218 0.10899 -0.019711 -0.025324 0.040001 0.051328
105.44 126.68 10.506 4.5499 4.7327e-06 2.8862e-05 4.7327e-06 2.8862e-05 -0.00041786 0.0046116 0.01398 0.007092 0.031688 0.046273 0.16713 0.20785 -0.023463 0.017609 0.049661 0.053354 0.0012959 0.00022682 0.0012959 0.00022682 0.092306 0.062171 0.19144 0.21191 -0.020432 0.031326 0.44427 0.63043 -0.055255 -0.020109 0.12485 0.097068 0 -0 0 0 0.066098 -0.069413 0.11319 0.1655 -0.052157 -0.13321 0.1543 0.32607 -0.01165 -0.0084894 0.014866 0.015385 0 -0 0 0 0 -0 0 0 0 -0 0 0 0 -0 0 0
137.01 153.53 9.9203 4.3787 -2.7813e-19 9.6419e-20 1.1214e-17 3.8877e-18 0.0075549 0.017767 0.012015 0.018768 -0.0056804 0.035325 0.017632 0.035649 -0.00018664 0.00010002 0.00018664 0.00010002 0.0060961 0.0029469 0.01992 0.0073323 0.091632 8.2871e-05 0.13859 0.16379 -0.065157 0.029979 0.36093 0.44312 -0.024095 0.0027452 0.027446 0.018401 0.031017 -0.00052414 0.038775 0.02302 0.10187 0.0014308 0.28381 0.51204 -0.123 -0.056268 0.29679 0.3533 -0.0084307 -0.0027049 0.01023 0.004971 0.0043822 -0.0017195 0.0043822 0.0032227 0.0010166 -0.059613 0.047255 0.10457 -0.017746 -0.026446 0.026192 0.043527 -6.5074e-05 5.2486e-06 6.5074e-05 5.2486e-06
112.46 126.36 12.972 1.5124 0 0 0 0 0 0 0 0 0 0 0 0 0 0 0 0 0.0063016 0.007358 0.0063016 0.007358 0.076369 0.14457 0.14617 0.47275 -0.083928 0.063964 0.10339 0.23297 -2.1546e-05 1.2596e-06 2.1546e-05 1.2596e-06 0.081124 0.002914 0.11722 0.080479 -0.020386 -0.075483 0.43059 0.60668 -0.074204 -0.058404 0.12495 0.17382 -0.00099978 3.9822e-05 0.0010021 0.00065172 0.012141 -0.0066859 0.013718 0.012097 -0.011633 -0.032442 0.058646 0.075739 -0.002802 -0.0025236 0.0074264 0.0055002 -0.00017712 -3.2947e-05 0.00017757 9.2366e-05
127.39 159.93 13.406 4.5451 0 0 4.9534e-19 8.3621e-20 -7.3183e-19 1.2354e-19 1.8622e-18 3.1436e-19 0 -0 0 0 0 -0 0 0 0.0036054 -0.00017788 0.0036827 0.001838 0.050427 0.034186 0.092464 0.066571 -0.025877 0.079298 0.40884 0.40794 -0.025794 0.00441 0.031638 0.022608 0.001226 -0.00043014 0.0012491 0.00090591 0.13374 -0.02738 0.25253 0.45116 -0.11193 -0.092522 0.33639 0.46298 -0.01258 -0.0040842 0.016384 0.009312 0 -0 0 0 0.0081503 -0.03538 0.021205 0.046101 -0.0059786 -0.023869 0.01264 0.028623 -2.1031e-05 3.5504e-06 2.1031e-05 3.5504e-06
