54 64
117.46 111.58 1.9281 1.8644 -0 0 0 0 -0 0 0 0 -0 0 0 0 -0 0 0 0 -0.029593 0.071584 0.032182 0.077715 -0.0040702 0.072233 0.01256 0.072822 -0.0059755 0.04479 0.0063738 0.04479 -0.0004203 0.0017812 0.0004203 0.0017812 -0.044812 -0.020023 0.12534 0.25552 0.099414 0.053555 0.21255 0.42076 -0.055647 0.1268 0.25385 0.66197 -0.087704 0.049187 0.10087 0.11437 0.018924 -0.035908 0.061861 0.070246 -0.0011448 -0.041343 0.084032 0.11703 0.012114 -0.069817 0.10407 0.16252 -0.041603 0.0049621 0.10198 0.1062
147.94 115.41 1.9205 1.9764 -0 0 0 0 -0 0 0 0 -0 0 0 0 -0 0 0 0 0.00011851 5.0894e-05 0.00011851 5.0894e-05 -0.00030146 0.017169 0.0049335 0.017169 -3.8228e-05 0.0074609 0.0028133 0.0074609 -0 0 0 0 0.018994 0.016862 0.021703 0.021351 0.18547 0.088419 0.21708 0.30115 -0.047843 0.24126 0.29577 0.62367 -0.08786 0.13225 0.10312 0.15431 0.026855 0.0045511 0.076234 0.058118 0.034989 -0.04934 0.13321 0.13863 0.065091 -0.14287 0.16813 0.28329 -0.023667 -0.018317 0.11475 0.15257
111.62 131.41 1.9624 4.9405 0.012461 0.017498 0.077808 0.075702 -0.0089521 0.025994 0.075253 0.059469 -0.006158 0.024419 0.056111 0.066549 -0.0078212 0.0050985 0.020578 0.031963 -0.0023169 0.041625 0.22022 0.10947 -0.01576 0.02822 0.12363 0.099641 -0.025577 0.037975 0.11266 0.10857 -0.0039784 0.026877 0.066523 0.064017 0.043863 0.025943 0.19581 0.20623 -0.0098868 0.24784 0.1973 0.37563 0.017504 0.09586 0.15018 0.22258 -0.03251 0.078109 0.10144 0.14995 0.0659 -0.041303 0.07809 0.087358 0.018143 -0.12254 0.14072 0.43621 -0.058745 -0.095062 0.13494 0.27134 0.046576 -0.046437 0.094327 0.18559
128.02 137.99 2.0245 4.5432 0.0012761 0.0036376 0.026431 0.054623 -0.0093463 0.0019203 0.028961 0.059773 0.0028088 0.019456 0.022605 0.031704 0.02464 0.0053948 0.036204 0.021882 -0.0024975 0.03565 0.076098 0.094144 -0.028082 0.031895 0.086403 0.11568 0.01403 0.040012 0.12814 0.081782 -0.00091806 0.01199 0.0754 0.032103 -0.00524 0.024134 0.10252 0.076224 -0.004541 0.12127 0.23045 0.22023 -0.017869 0.10765 0.17026 0.21663 0.02087 0.15909 0.17631 0.19093 0.039881 0.098044 0.10944 0.18683 -0.01674 0.08295 0.21367 0.27498 0.055772 -0.023327 0.20587 0.44548 -0.055871 -0.024525 0.20196 0.3567
102.46 146.03 2.1553 4.0729 -0.0054002 0.012054 0.044796 0.035962 -0.0059782 0.0031222 0.042262 0.03287 0.0087439 0.012321 0.075703 0.076891 -0.0073071 0.018586 0.040232 0.050727 0.009406 0.0094433 0.12763 0.096952 -0.024724 0.071569 0.14679 0.15837 0.053764 0.026558 0.12979 0.12917 -0.017464 0.030612 0.10909 0.13059 -0.028913 0.0086484 0.17134 0.083947 0.037063 -0.0099374 0.40021 0.24889 0.035759 0.092015 0.21198 0.23991 0.00072279 0.0080982 0.10705 0.10252 -0.050961 -0.0098567 0.085596 0.04805 0.11145 6.4752e-05 0.22165 0.1514 0.017458 0.029485 0.29711 0.38488 0.053955 0.07726 0.19692 0.23319
179.73 146.65 1.9038 4.0193 -0.060072 0.099426 0.14983 0.26037 -0.072841 0.020897 0.076254 0.058238 -0.00075118 0.00034096 0.00075118 0.00049643 0 -0 0 0 -0.16139 -0.098724 0.18928 0.28163 -0.11642 0.023919 0.15279 0.1298 -0.019117 0.061024 0.10779 0.085882 -0.0055829 0.0026051 0.0055829 0.0029296 0.034977 -0.019544 0.17625 0.2519 0.011804 0.24523 0.1745 0.29116 -0.14646 0.10611 0.25243 0.1833 -0.017365 -0.00052303 0.017365 0.0058563 0.034051 -0.058191 0.0971 0.12758 0.060846 -0.15751 0.17215 0.31678 -0.12842 -0.074451 0.15625 0.12401 -0.0032956 -0.00074382 0.0032956 0.0011063
79.241 148.26 2.0351 2.5668 0.039695 0.021575 0.09398 0.10998 -0.017381 -0.055572 0.18307 0.29731 0.04279 -0.093068 0.18501 0.25468 -0.054828 -0.045709 0.12587 0.15229 0.0063303 0.032734 0.10197 0.18426 0.0059308 0.1038 0.16917 0.4034 -0.053818 0.19905 0.17851 0.31264 -0.014445 0.017574 0.030328 0.034797 0.039294 0.010676 0.083614 0.13913 0.040161 -0.0071482 0.10958 0.18743 -0.10948 -0.036401 0.24479 0.26212 -0.054367 -0.011824 0.062335 0.037227 0.015837 -0.028654 0.046193 0.072655 -0.020996 -0.076964 0.066688 0.12829 -0.043219 -0.062034 0.051336 0.065806 -0.0044567 -0.0041825 0.0045265 0.0041825
82.296 157.74 2.2017 2.9033 0.011379 0.0027213 0.044301 0.04257 0.02773 0.020296 0.10505 0.14597 0.02457 -0.028808 0.17879 0.34021 0.019378 -0.05182 0.14724 0.21549 0.016317 0.016612 0.067167 0.18101 0.035342 0.097079 0.11537 0.32205 -0.0018777 0.17203 0.13835 0.39722 -0.041848 0.085665 0.14873 0.1965 0.021306 0.0056243 0.076181 0.10382 0.063642 0.008196 0.1134 0.18724 0.064622 -0.0011963 0.12725 0.21138 -0.10541 -0.022922 0.18445 0.20946 0.007426 -0.032071 0.02975 0.04978 0.017117 -0.084435 0.052946 0.12847 -0.01396 -0.11531 0.039556 0.14367 -0.027274 -0.061962 0.03603 0.062811
69.95 163.65 2.0497 5.8271 0 0 0 0 0 0 0 0 0 0 0 0 0 0 0 0 0.027372 0.057122 0.027372 0.057122 0.075211 0.24409 0.1039 0.30079 -0.014826 0.14491 0.12569 0.20961 -0.024983 0.073004 0.044748 0.098339 0.093195 0.18148 0.1755 0.19622 -0.0083246 0.11074 0.1381 0.27055 -0.11641 0.04809 0.20569 0.2221 -0.040427 0.0041327 0.099038 0.1585 0.06836 -0.13393 0.15262 0.23531 -0.03357 -0.16577 0.10734 0.32012 -0.055484 -0.071074 0.11168 0.26114 -0.018142 -0.038471 0.052993 0.17319
91.307 163.09 1.8485 3.0313 0.00017365 -0.0063045 0.035999 0.032714 -0.0070085 0.011433 0.063628 0.065079 0.018359 0.014778 0.081124 0.076883 0.041487 0.014631 0.10418 0.12868 -0.015627 0.039004 0.046859 0.099434 0.024031 0.054879 0.12824 0.20437 0.04729 -0.01925 0.1595 0.31819 0.0017454 -0.04529 0.23906 0.38469 0.0044993 0.012074 0.085484 0.15873 0.048017 0.037037 0.13171 0.32721 0.015577 0.10663 0.12325 0.3488 -0.052963 0.12042 0.21069 0.29939 0.017045 -0.013803 0.045048 0.062044 0.049066 0.0035603 0.10664 0.10426 0.031122 0.0006094 0.075311 0.12188 0.0048247 -0.017508 0.096985 0.10858
96.384 164.27 1.6929 3.0122 0.0041753 0.0088537 0.03889 0.036242 -0.008833 0.013574 0.045052 0.056575 0.015608 -0.014019 0.10447 0.084075 0.043749 -0.012002 0.097862 0.10679 -0.0030713 -0.0019662 0.042209 0.061404 0.033925 0.014488 0.14038 0.11299 0.047487 0.065778 0.19335 0.25207 0.022505 0.030411 0.19461 0.36468 0.0037815 0.024274 0.079627 0.15542 0.013994 0.064596 0.13282 0.34143 0.0025723 0.11395 0.14338 0.3894 -0.014885 0.019158 0.18282 0.35223 0.0075803 0.0014785 0.052714 0.081883 0.040752 0.0066251 0.094859 0.16665 0.038477 0.0083075 0.082728 0.16005 0.0033537 0.047131 0.10576 0.1501
81.933 171.04 2.0768 2.9322 -0.0034313 0.02875 0.027246 0.074553 0.014351 0.046703 0.0695 0.12457 0.018309 0.035728 0.11883 0.22069 0.011127 -0.053465 0.084498 0.21918 0.0032386 0.0019725 0.096737 0.18487 0.035743 -0.00042833 0.15985 0.39634 0.075048 0.06387 0.15738 0.43237 0.0083076 0.113 0.1088 0.2992 0.042887 -0.05026 0.076681 0.10196 0.027383 -0.027087 0.14418 0.20497 0.10539 -0.012789 0.19905 0.22809 0.034759 -0.042523 0.089185 0.17097 0.0040104 -0.0061263 0.004037 0.0061263 0.019857 -0.054153 0.033075 0.065241 0.026456 -0.097873 0.056146 0.12998 -0.0052085 -0.081285 0.020928 0.10111
92.077 174.74 1.9639 2.8516 0.015018 -0.0045789 0.017636 0.016467 -0.00038777 -0.0088385 0.075551 0.079346 -0.00024621 0.026274 0.10052 0.10162 0.039074 0.051586 0.096574 0.11104 0.011513 0.057021 0.047897 0.11644 -0.018076 0.080301 0.084651 0.2361 0.034568 0.12363 0.16021 0.31109 0.016945 0.068328 0.1406 0.33116 0.045748 -0.027643 0.096546 0.14948 -0.001996 0.029483 0.17226 0.31643 0.05488 -0.0021071 0.16996 0.44904 0.060063 0.062126 0.11299 0.26255 0.019918 -0.016212 0.022389 0.027415 0.042085 -0.047652 0.077246 0.12745 0.031415 -0.025495 0.11279 0.14441 0.031218 -0.041623 0.073331 0.13608
106.28 175.96 2.1045 5.3338 -0.012555 0.022557 0.13201 0.18212 -0.045572 -0.03642 0.22621 0.25247 -0.072801 -0.030747 0.097582 0.087091 -0.0019774 -0.00084818 0.0023531 0.0019478 -0.096569 -0.053282 0.2773 0.34439 -0.028581 -0.063497 0.18619 0.24226 -0.038115 0.044426 0.08139 0.098954 -0.0040589 0.0019015 0.0049336 0.0026993 -0.057924 -0.015712 0.30223 0.31554 0.0049059 -0.018789 0.2133 0.2268 -0.014155 -0.027674 0.16407 0.18343 0.0051499 0.041577 0.10373 0.11299 -0.0491 -0.010656 0.14863 0.1336 -0.025927 0.058327 0.12642 0.17445 -0.015838 0.0055194 0.047736 0.049415 0.0045662 -0.013326 0.043888 0.050832
77.011 177.66 2.1116 5.5205 0 0 0 0 1.4714e-17 -1.4059e-17 1.4714e-17 1.4059e-17 2.5759e-17 -2.4612e-17 2.5759e-17 2.4612e-17 0 0 0 0 0.030876 0.068006 0.03857 0.08407 0.023622 0.17307 0.054795 0.241 -0.012015 0.14362 0.11654 0.20422 -0.05537 0.066129 0.092496 0.098378 -0.019557 0.092293 0.16566 0.24924 -0.068158 0.055847 0.20913 0.28662 -0.01024 0.044366 0.19851 0.34426 -0.010283 -0.00091848 0.16114 0.22893 -0.019278 0.019832 0.11669 0.17663 -0.095743 -0.069854 0.22221 0.28869 -0.049158 -0.065912 0.15548 0.2964 -0.011196 -0.02859 0.04339 0.089359
83.872 177.11 2.0755 5.5796 0.010487 0.028009 0.011332 0.028399 -0.0011452 0.079623 0.013317 0.080707 -0.0071312 0.042439 0.019957 0.042948 -0.0025184 0.0075387 0.0038477 0.0075387 -0.014454 0.097356 0.11714 0.21112 -0.032672 0.029661 0.12975 0.24984 -0.021052 0.0081224 0.18729 0.25034 -0.029126 0.064769 0.085428 0.12209 -0.048117 0.069556 0.13475 0.16633 -0.076511 -0.020746 0.25983 0.46142 -0.038806 -0.055793 0.15599 0.35726 -0.024754 -0.053432 0.073313 0.12555 -0.031654 -0.069531 0.1036 0.18072 -0.044728 -0.04506 0.19551 0.26005 -0.027357 -0.010219 0.096799 0.10931 -0.0099782 0.0075465 0.032321 0.053614
125.27 177.52 1.9109 4.791 -0.0063384 -0.00046483 0.0069687 0.0062886 -3.4835e-05 2.9736e-05 4.8327e-05 0.00020602 0.0016752 -0.00037356 0.002267 0.0032773 0.11186 0.14546 0.13608 0.19458 -0.01652 0.042446 0.083476 0.10698 0.012478 0.064415 0.090508 0.10608 -0.022632 0.048762 0.11427 0.19967 0.42533 -0.17467 0.45448 0.43474 -0.028352 -0.018918 0.12672 0.1408 0.00091284 -0.042282 0.11259 0.14819 -0.016669 -0.051561 0.086546 0.14504 0.021883 -0.037034 0.037173 0.050154 0.0047283 0.037581 0.082141 0.11592 -0.013002 0.076926 0.08778 0.21498 -0.013124 0.030667 0.04424 0.085967 -0.00020327 0.00044466 0.00060186 0.0016112
73.436 183.73 1.9909 5.4959 0 0 0 0 0 0 0 0 0 0 0 0 0 0 0 0 0.00041498 0.00071042 0.00041498 0.00071042 0.0021926 0.019834 0.004007 0.019834 -0.0013753 0.026383 0.015914 0.026383 -0.0011455 0.0016428 0.0014343 0.0016428 0.045136 0.19222 0.13348 0.24527 0.0010533 0.17703 0.14477 0.36612 -0.025732 0.10151 0.22462 0.33318 -0.048453 0.099793 0.14191 0.18943 -0.037254 0.067468 0.15832 0.21447 -0.056504 0.06795 0.24063 0.28905 -0.028188 -0.016304 0.16637 0.39098 -0.023258 -0.053512 0.10553 0.17624
85.327 186.01 1.9716 5.4521 0 0 0 0 0 0 0 0 0 0 0 0 0 0 0 0 0.013386 0.10404 0.039581 0.14054 -0.0074655 0.17042 0.12955 0.23037 -0.05332 0.093008 0.11729 0.14399 -0.0076035 0.035921 0.016833 0.035973 -0.048362 0.04387 0.17041 0.19821 -0.025069 0.043482 0.24267 0.38056 -0.001436 0.0074177 0.29995 0.37681 -0.069053 -0.029248 0.10603 0.11943 -0.074215 -0.015783 0.16823 0.22064 -0.062703 -0.073795 0.19811 0.33046 -0.018503 -0.040968 0.092157 0.15806 -0.012328 0.009206 0.021479 0.03278
95.871 185.78 2.0442 2.8384 -9.4672e-05 2.9612e-05 0.00027593 8.631e-05 0.021511 -0.0029181 0.022445 0.015599 0.0060388 -0.0005875 0.11295 0.11907 0.00047896 0.015869 0.088688 0.089379 0.021838 0.0059108 0.025375 0.017482 0.053241 0.12384 0.085348 0.20609 -0.020409 0.13917 0.11523 0.29796 0.024994 0.1141 0.1366 0.29112 0.022013 -0.0091005 0.024046 0.016326 0.13933 -0.080254 0.18739 0.25837 0.0035785 0.053006 0.23181 0.44591 0.036603 0.0018232 0.13811 0.40001 -4.1668e-05 -0.00013321 4.1668e-05 0.00013321 0.043286 -0.028951 0.044606 0.041983 0.066138 -0.064626 0.11395 0.16498 0.023127 -0.028998 0.084395 0.13691
79.474 189.68 1.8813 5.3966 0 0 0 0 0 0 0 0 0 0 0 0 0 0 0 0 3.5399e-17 -4.3398e-17 3.5399e-17 4.3398e-17 -0.0026013 0.016673 0.009515 0.016673 -0.0019769 0.0056943 0.003989 0.0056943 3.3534e-05 2.7353e-05 3.3534e-05 2.7353e-05 0.050305 0.15263 0.082083 0.25359 0.0111 0.16511 0.25467 0.36264 -0.04624 0.10597 0.29769 0.32383 -0.043404 0.097898 0.11263 0.14924 -0.047075 0.052586 0.13655 0.16968 -0.039617 0.043298 0.23558 0.38606 -0.031237 -0.053623 0.19944 0.32547 -0.047373 -0.034646 0.074671 0.079875
90.053 192.09 2.103 5.7058 -0.00047402 0.011888 0.0023604 0.011888 0.0004171 0.0015823 0.0004171 0.0015823 0 0 0 0 0 0 0 0 -0.016686 0.052387 0.12721 0.23068 -0.11063 0.10648 0.1974 0.25414 -0.027095 0.045577 0.0323 0.057607 -0.0001499 0.00046273 0.0001499 0.00046273 -0.027558 -0.027786 0.16488 0.44053 -0.021316 -0.027072 0.27196 0.52796 -0.11957 0.0011879 0.18543 0.27175 -0.010366 -0.0018602 0.012144 0.011902 -0.04285 -0.058122 0.080126 0.19306 -0.014538 -0.026929 0.075192 0.18161 -0.023366 -0.022299 0.028396 0.055267 -0.00083092 -0.0013701 0.0014723 0.0017479
141.33 120.26 2.77 1.6531 -0 0 0 0 -0 0 0 0 -0 0 0 0 -0 0 0 0 0.0038293 0.00073641 0.003858 0.00073641 0.11073 0.16468 0.13565 0.2506 -0.05137 0.22697 0.11484 0.33463 0.04699 0.11696 0.094648 0.29438 -0.0030947 0.039395 0.09472 0.061897 0.10952 -0.094001 0.28114 0.32147 0.0043307 -0.11191 0.21748 0.40698 0.0091349 -0.067538 0.13727 0.27042 -0.038314 0.0018503 0.1401 0.051187 0.0051502 -0.013303 0.096984 0.049651 0.011128 -0.035152 0.063805 0.054546 0.0055766 -0.028635 0.039275 0.048052
90.161 121.07 2.6376 0.68514 0 0 0 0 0 0 0 0 0 0 0 0 0 0 0 0 0.00074618 0.0017055 0.00074618 0.0017055 0.0082576 0.033739 0.012854 0.036869 -0.01294 0.045651 0.077758 0.11215 0.013027 0.035252 0.041147 0.053783 0.11546 0.1215 0.25753 0.21253 -0.072343 0.12209 0.45638 0.46189 -0.1031 0.049 0.2618 0.35029 0.030983 -0.0020098 0.12542 0.080678 0.055297 0.0082314 0.19758 0.16748 -0.055429 -0.044627 0.16341 0.1503 -0.027529 -0.035836 0.10264 0.12165 0.005281 -0.0091393 0.070365 0.067543
104.88 126.04 2.5968 4.8316 -0.01476 -0.020158 0.045131 0.050735 -0.00058258 0.019883 0.096111 0.072585 -0.0097795 0.026124 0.048473 0.055338 -0.0043713 0.0083323 0.017562 0.03123 0.040504 -0.0047275 0.11757 0.072112 0.022278 0.036517 0.28817 0.21471 -0.0032862 0.044294 0.1221 0.12545 -0.014496 0.048915 0.080867 0.072676 0.014037 -0.010802 0.030436 0.017177 0.15017 -0.077278 0.24277 0.32174 -0.043576 -0.06754 0.23653 0.6248 0.019372 -0.0374 0.14589 0.30363 0 0 0 0 0.013539 -0.022392 0.013539 0.027367 -0.0064482 -0.061361 0.020738 0.071579 0.0041679 -0.030536 0.0098129 0.032182
143.56 129.79 2.8055 4.4513 -0.0014126 0.0020331 0.010962 0.02319 0.012495 0.0061776 0.026247 0.023437 0.057926 -0.029351 0.16231 0.093725 -0.01876 0.020574 0.095343 0.10629 -0.00026364 0.039443 0.065136 0.066156 -0.000332 0.048354 0.12406 0.083536 -0.029089 0.019387 0.21762 0.10921 -0.010394 -0.079947 0.091405 0.1194 0.025487 0.091912 0.14399 0.19132 0.01538 0.033484 0.28571 0.63236 -0.17307 -0.027646 0.25366 0.30035 -0.0043076 -0.0010757 0.0046223 0.0031921 -0.045134 -0.059341 0.10057 0.18589 -0.020304 -0.09004 0.047132 0.12341 -0.01588 -0.025572 0.016868 0.029558 -7.6799e-05 -0.00011652 7.6799e-05 0.00011652
112.69 142.37 3.0149 4.4803 -0.011795 0.0071775 0.048009 0.02337 -0.0033732 0.0034733 0.031429 0.036042 -0.0057129 0.0013832 0.01798 0.029292 0.0029927 0.00046873 0.0058781 0.0032068 -0.015711 0.016459 0.15441 0.062126 0.0013401 0.053154 0.11607 0.11038 -0.013169 0.04279 0.088421 0.11949 -0.0064283 0.026213 0.067729 0.041199 0.052344 0.030575 0.20528 0.11542 0.0076941 0.07725 0.21109 0.19277 0.014094 0.098938 0.18795 0.18615 0.04987 0.13836 0.17768 0.29456 0.031711 -0.024689 0.11237 0.077858 0.092423 -0.027899 0.2215 0.38382 -0.075561 -0.074121 0.25082 0.44147 -0.014263 -0.085043 0.076537 0.17447
71.916 144.88 2.8363 2.4199 0.03918 -0.020069 0.11435 0.11875 0.030403 -0.13165 0.33796 0.38835 -0.081735 -0.037415 0.21158 0.19337 -5.5713e-06 -3.5564e-07 5.5713e-06 3.5564e-07 0.049644 0.050201 0.15796 0.22973 0.01342 0.14317 0.19931 0.44131 -0.086833 0.031916 0.12112 0.14303 -0 0 0 0 0.050889 -0.0040704 0.10665 0.14698 -0.07989 -0.12986 0.20199 0.28982 -0.081075 -0.049382 0.0892 0.078845 -0 0 0 0 -0.0014017 -0.033807 0.023911 0.050041 -0.020967 -0.037514 0.030359 0.04446 -0.0026518 -0.0031191 0.0026518 0.0031191 -0 0 0 0
88.193 150.66 2.6387 2.8235 0.0048002 0.0023277 0.028449 0.023817 0.042566 -0.016714 0.10595 0.099688 0.083646 0.0077269 0.16189 0.17078 -0.064169 -0.066737 0.3128 0.23688 0.012334 0.026534 0.050501 0.074872 0.043752 0.052105 0.16421 0.3117 0.032781 -0.087097 0.25567 0.36864 -0.059271 -0.061147 0.22932 0.2354 0.021159 0.018455 0.052685 0.11862 0.04701 0.039387 0.0935 0.23995 -0.087349 0.091688 0.20448 0.31318 -0.034972 -0.00092276 0.055753 0.059111 0.012759 -0.022985 0.025649 0.042221 0.011182 -0.069795 0.039439 0.10134 -0.031411 -0.067006 0.050397 0.087377 -0.0099421 -0.0060218 0.010626 0.010643
92.73 158.02 2.5325 3.0495 0.0025522 0.0034728 0.023588 0.01855 0.0066737 0.0044698 0.067755 0.045133 0.059314 8.0976e-05 0.14471 0.10266 0.048516 -0.0083137 0.10685 0.11053 -0.00295 0.021588 0.039622 0.074208 0.01912 0.022282 0.11674 0.1659 0.058448 -0.01841 0.19023 0.34815 0.058966 -0.030496 0.25865 0.40816 0.013576 0.0067952 0.069349 0.12748 0.043154 0.061485 0.12734 0.28981 -0.040847 0.11392 0.19145 0.36733 -0.012732 -0.036262 0.16177 0.24674 0.013842 -0.020618 0.024339 0.035815 0.04041 -0.064217 0.060906 0.12432 -0.009159 -0.099696 0.077105 0.17815 -0.03507 -0.017467 0.041806 0.049042
164.74 165.78 2.9493 0.75569 -0.00241 0.048539 0.050067 0.085819 -0.025173 0.028817 0.079073 0.10341 -0.0039983 -0.00077348 0.014575 0.014985 0.0013592 9.4888e-05 0.004277 0.0031622 0.015844 -0.049619 0.088289 0.12271 0.029005 0.1269 0.14998 0.25652 -0.016756 0.15674 0.073455 0.26395 -0.019295 0.09321 0.044692 0.14233 0.038008 -0.017925 0.045698 0.031158 0.063128 -0.098722 0.19437 0.35023 0.023776 -0.11744 0.22175 0.60029 -0.068881 -0.085956 0.14633 0.24298 0.0024283 -0.0018136 0.0024283 0.0019458 0.0074323 -0.029698 0.016049 0.045378 -0.0035762 -0.043534 0.021598 0.071928 -0.0050485 -0.014316 0.0076292 0.016526
65.719 169.52 2.9473 5.888 0 0 0 0 0 0 0 0 0 0 0 0 0 0 0 0 0.00072201 0.0017307 0.00072201 0.0017307 0.0092435 0.072317 0.014965 0.072317 -0.0055572 0.063854 0.020104 0.063854 -0.0019058 0.0089952 0.002792 0.0089952 0.10337 0.1526 0.15741 0.20243 -0.053203 0.25775 0.19282 0.39662 -0.089131 0.10888 0.17588 0.30145 -0.053641 0.063983 0.091904 0.14434 0.089138 -0.055986 0.15232 0.22695 9.1057e-05 -0.08175 0.1644 0.4236 -0.04906 -0.070395 0.12296 0.31113 -0.011425 -0.025059 0.049368 0.13309
124.53 111.19 3.8077 1.7321 -0 0 0 0 -0 0 0 0 -0 0 0 0 -0 0 0 0 0.0094676 0.045312 0.014717 0.045312 -0.011964 0.12687 0.032898 0.12687 -0.0042794 0.12825 0.029825 0.12825 -0.0045952 0.012689 0.0052198 0.012689 0.066332 -0.0054702 0.16863 0.18095 0.017224 -0.012428 0.27882 0.52816 -0.014585 0.03502 0.27904 0.56117 -0.075982 0.034905 0.14184 0.11819 -0.0089633 -0.012289 0.076049 0.033426 0.024346 -0.054802 0.072764 0.08788 0.030713 -0.068538 0.10472 0.11133 -0.01904 -0.014257 0.10496 0.074987
139.2 120.5 3.5834 1.4586 0 0 0 0 0 0 0 0 0 0 0 0 0 0 0 0 0.00030773 -3.4675e-05 0.00030773 3.4675e-05 0.087237 0.11205 0.11105 0.25359 0.058906 0.17694 0.16208 0.40386 -0.035973 0.086455 0.16861 0.38557 -0.0072498 0.066404 0.088389 0.093601 0.080627 -0.072368 0.29229 0.30089 0.0045018 -0.13827 0.20984 0.32596 0.0036735 -0.082053 0.12157 0.16884 0.0025674 0.019741 0.12954 0.10988 -0.045413 0.015191 0.1516 0.05955 0.00070404 -0.022047 0.035982 0.043393 0.0092398 -0.020295 0.0332 0.04061
87.406 140.21 3.8964 5.6744 0 0 0 0 0.030826 0.04518 0.040742 0.046605 -0.003465 0.065112 0.056827 0.090961 -0.015942 0.012662 0.026618 0.056692 0 0 0 0 0.06145 -0.011413 0.10659 0.17788 -0.028048 -0.04132 0.15436 0.2951 -0.019065 -0.021615 0.053697 0.092729 0.0001053 0.00015104 0.0001053 0.00015104 0.06583 0.055229 0.32277 0.31404 -0.085871 0.070724 0.21099 0.24812 -0.023574 0.0056661 0.066864 0.068817 0 0 0 0 0.17431 -0.075642 0.4512 0.3322 -0.09226 0.040492 0.23299 0.20353 -0.031767 0.0090403 0.052144 0.047961
135.69 141.22 3.3964 3.2896 -0.039837 -0.084061 0.080307 0.13441 0.0038106 -0.073424 0.056388 0.20433 -0.02847 -0.04034 0.088875 0.18453 -0.01262 0.0098435 0.017381 0.022351 -0.0036416 -0.0052199 0.0078669 0.0092637 0.030619 0.0084103 0.057963 0.098997 0.16449 0.062677 0.24519 0.24154 -0.093754 0.099574 0.35008 0.16466 0.0007027 0.0090629 0.041327 0.013414 0.043235 0.019257 0.12212 0.084628 0.18826 0.036262 0.28592 0.22623 -0.12551 -0.043072 0.33953 0.14824 0.001424 0.0024562 0.028823 0.019915 0.047218 0.017472 0.087164 0.076103 0.13748 0.0071954 0.19524 0.12651 -0.083198 0.025325 0.28683 0.089251
170.83 138.73 3.9573 2.4772 -0 0 0 0 -0 0 0 0 -0 0 0 0 -0 0 0 0 0.0027946 0.010168 0.0065535 0.01295 0.064091 0.10952 0.15552 0.17587 -0.052386 0.058834 0.10944 0.097743 -0.0011412 0.0098469 0.0059021 0.0098469 0.095209 0.091326 0.24247 0.1516 -0.068538 0.011023 0.40193 0.30053 -0.021686 -0.026527 0.24855 0.24525 0.015457 0.068581 0.32028 0.29967 0.059601 0.010255 0.314 0.11014 -0.13404 -0.036741 0.21999 0.10204 0.015682 -0.015644 0.05557 0.066198 0.04592 -0.037362 0.10886 0.091599
72.383 147.35 3.8164 2.4828 0.046747 -0.012474 0.083989 0.073275 0.037999 -0.1436 0.31719 0.349 -0.15583 -0.060253 0.2875 0.22248 -0.00045263 -0.00058463 0.00045263 0.00058463 0.043793 0.023546 0.11766 0.18267 0.0071363 0.043061 0.24466 0.48249 -0.096968 0.0079139 0.15508 0.18702 -0.00019628 -0.00025352 0.00019628 0.00025352 0.036244 -0.032818 0.078695 0.15451 -0.034952 -0.14174 0.15929 0.27155 -0.053944 -0.039744 0.065398 0.070546 -0 0 0 0 0.0012302 -0.013009 0.0058298 0.015839 -0.0057102 -0.019295 0.0091647 0.019728 -0.0006986 -0.0010215 0.0006986 0.0010215 -0 0 0 0
165.52 164.44 3.8974 0.74216 0.020178 0.017117 0.031943 0.041554 -0.021285 -0.0092768 0.12229 0.1385 -0.010955 -0.011437 0.034561 0.032642 0.00079387 -0.0022059 0.012286 0.010623 0.046398 -0.01401 0.10068 0.11186 0.016207 0.074604 0.21575 0.3238 -0.020877 0.18437 0.09788 0.32859 -0.037696 0.074012 0.058645 0.10718 0.0088841 -0.016013 0.018946 0.017045 0.10811 -0.12555 0.19402 0.28228 0.0034504 -0.16783 0.232 0.57538 -0.073431 -0.048473 0.10561 0.1498 6.1265e-05 -6.6805e-05 6.1265e-05 6.6805e-05 0.0046828 -0.014572 0.0070357 0.018497 -0.002633 -0.028114 0.0107 0.03635 -0.0013296 -0.0045156 0.0014996 0.0045156
152.38 183.95 3.7011 0.6159 -0.015268 -0.013219 0.058109 0.072206 -0.010494 -0.0064642 0.020767 0.015888 -0.00054224 -0.0021825 0.023566 0.015612 -0.00037238 -0.0040099 0.0073914 0.0073106 0.0032915 0.099351 0.13641 0.26477 0.011589 0.24108 0.11294 0.38765 -0.098898 0.095831 0.13496 0.1897 -0.0036723 0.00020496 0.0036723 0.0020488 0.046661 -0.10509 0.17337 0.27446 -0.035262 -0.1727 0.31199 0.5515 -0.088041 -0.070135 0.11125 0.13576 -0.001053 -0.00020894 0.001053 0.00053529 0.0017604 -0.014429 0.0057439 0.017663 -0.005413 -0.019591 0.0076538 0.022077 -0.00081676 -0.0011658 0.00088128 0.0011658 0 0 0 0
71.302 188.86 3.3943 5.469 0 0 0 0 0 0 0 0 0 0 0 0 0 0 0 0 0 0 0 0 0 0 0 0 0 0 0 0 0 0 0 0 0.064821 0.13819 0.096993 0.14285 0.0025993 0.18427 0.14637 0.349 -0.040691 0.13783 0.18514 0.32245 -0.038585 0.044215 0.064865 0.073478 0.067241 0.16759 0.20795 0.24821 -0.12973 0.020439 0.30966 0.40944 -0.04273 -0.043874 0.2044 0.35291 -0.029511 -0.013447 0.056876 0.071796
86.313 197.05 3.2192 5.2129 0 0 0 0 0 0 0 0 0 0 0 0 0 0 0 0 0 0 0 0 0.00080478 0.00044022 0.00080478 0.00044022 0.00088914 0.00065677 0.00088914 0.00065677 0 0 0 0 0.037706 0.11047 0.11111 0.19562 -0.0059618 0.15721 0.33653 0.43796 -0.11213 0.050736 0.28544 0.25093 -0.011541 0.00034742 0.011541 0.0073497 -0.046679 0.091912 0.21794 0.21264 -0.11028 -0.022237 0.34864 0.39133 -0.043329 -0.010264 0.14135 0.17825 -0.012258 0.018497 0.017376 0.028584
94.962 107.27 5.1635 0.99544 0 0 0 0 0 0 0 0 0 0 0 0 0 0 0 0 0 0 0 0 0 0 0 0 0 0 0 0 0 0 0 0 0.020944 0.06327 0.025596 0.06327 0.093484 0.20369 0.39625 0.53898 -0.14573 0.10101 0.26313 0.31183 -0.011407 0.047958 0.12116 0.074083 0.045858 -0.02921 0.17791 0.20359 -0.047741 -0.10856 0.22988 0.27988 -0.050268 -0.056671 0.12942 0.12111 -0.0023545 -0.019384 0.102 0.058408
153.05 107.93 5.2384 2.0226 -0 0 0 0 -0 0 0 0 -0 0 0 0 -0 0 0 0 -0 0 0 0 -0 0 0 0 -0 0 0 0 -0 0 0 0 0.023938 0.046618 0.15106 0.12193 0.070707 0.024098 0.26938 0.30497 -0.030834 0.15783 0.30638 0.59375 -0.062352 0.1107 0.10632 0.21862 -0.01685 0.039846 0.20675 0.13556 -0.029293 -0.035939 0.16041 0.099285 0.057896 -0.089214 0.14815 0.20876 -0.046081 -0.039395 0.15775 0.18648
124.41 143.12 4.6304 4.4551 -0.0038674 0.0066838 0.027197 0.014778 0.0028539 0.00037016 0.01736 0.018087 0.088456 -0.068915 0.1527 0.22299 -0.044167 0.0022704 0.12693 0.19523 -0.019783 0.021173 0.10397 0.044444 -0.0053553 0.044128 0.062306 0.085106 0.01506 0.018805 0.11288 0.077059 0.015677 -0.053042 0.21175 0.18824 0.024333 -0.012364 0.14068 0.10695 0.02628 0.11487 0.24804 0.34728 -0.05758 0.055549 0.30973 0.53548 -0.044697 -0.01517 0.10366 0.12343 0.0091369 -0.011313 0.023636 0.020838 0.018183 -0.082419 0.11568 0.1961 -0.026975 -0.064654 0.054145 0.11713 -0.005559 -0.0068493 0.0067801 0.011077
59.525 173.23 5.4816 5.8838 0 0 0 0 0 0 0 0 0 0 0 0 0 0 0 0 0 0 0 0 0.00054432 0.0021385 0.00054432 0.0021385 -0.00014749 0.0041433 0.0017327 0.0041433 3.3304e-18 2.6737e-18 2.2499e-17 4.9667e-17 0.068916 0.01707 0.070127 0.079342 0.020528 0.1286 0.24867 0.4981 -0.094528 0.054066 0.16171 0.33954 -0.025662 0.0085014 0.036225 0.053423 0.080509 0.07344 0.13691 0.20637 -0.049287 0.017896 0.28302 0.51262 -0.052616 -0.048875 0.12388 0.23908 -0.014713 -0.0062526 0.024858 0.034999
162.8 119.02 6.4625 2.4775 -0 0 0 0 -0 0 0 0 -0 0 0 0 -0 0 0 0 0.022323 0.014577 0.022935 0.01591 -0.018737 0.054708 0.071564 0.062499 -0.0023128 -7.3591e-05 0.0023128 0.00054615 -0 0 0 0 0.062718 0.090332 0.29656 0.19635 -0.01942 -0.0091392 0.37669 0.29503 0.0016512 0.12506 0.44135 0.36717 -0.031703 0.040999 0.047174 0.044022 -0.00030896 -0.049803 0.26537 0.12561 -0.025475 -0.022759 0.10355 0.064498 0.1078 -0.068988 0.25159 0.22768 -0.057419 -0.01194 0.13249 0.093841
185.53 150.74 6.6936 2.9383 -0 0 0 0 -0 0 0 0 -0 0 0 0 -0 0 0 0 4.2055e-17 7.9347e-17 5.7555e-17 1.5455e-16 0.012859 0.055231 0.02889 0.055231 -0.0081785 0.064956 0.036315 0.064956 -0.0012097 0.001383 0.0012097 0.001383 0.0743 0.023953 0.0743 0.032406 0.012934 0.069789 0.53857 0.4283 -0.069 0.032259 0.34061 0.40948 -0.030766 0.038399 0.090103 0.055965 0.036501 -0.0094708 0.036501 0.024142 -0.025571 -0.080389 0.15823 0.12907 0.11198 -0.0091508 0.23044 0.13999 -0.064459 0.021796 0.19162 0.099363
167.48 169.78 6.985 3.7826 0 -0 0 0 0 -0 0 0 -3.9621e-17 -2.9559e-17 3.9621e-17 2.9559e-17 0 -0 0 0 0.021718 0.0051813 0.022633 0.011071 0.083097 0.15396 0.22457 0.37828 -0.094825 0.12816 0.15502 0.2066 -0.0038455 0.0058948 0.0045916 0.0058948 0.024762 -0.0004446 0.03208 0.021839 0.070406 -0.13594 0.20073 0.37137 -0.073233 -0.067389 0.28307 0.41508 -0.025589 0.0014874 0.033889 0.03689 0.0040157 0.022003 0.036312 0.037781 0.056692 0.075596 0.10238 0.10283 -0.048489 0.034302 0.33186 0.25477 -0.017219 -0.004364 0.026419 0.020809
55.715 178.02 7.0942 5.7971 0 0 0 0 0 0 0 0 0 0 0 0 0 0 0 0 0 0 0 0 0 0 0 0 1.0222e-17 5.3977e-18 1.0222e-17 1.1486e-17 -3.007e-18 -6.9044e-18 6.2719e-18 1.1188e-17 0.014593 0.0031378 0.014593 0.011445 0.07606 0.099981 0.27172 0.46506 -0.088792 0.049435 0.15323 0.25172 -0.0074658 0.00096689 0.009954 0.012566 0.10575 0.038958 0.13602 0.072885 -0.045867 0.16409 0.47896 0.48369 -0.067969 -0.019841 0.14407 0.14412 -0.0076213 0.078776 0.08281 0.086559
69.797 127.28 9.4967 0.69099 0 0 0 0 0 0 0 0 0 0 0 0 0 0 0 0 0 0 0 0 0.0044382 0.016957 0.0065952 0.016957 -0.0045484 0.023768 0.010573 0.023768 0 0 0 0 0.13555 0.052017 0.19381 0.15659 -0.050478 0.063193 0.53739 0.53022 -0.071585 0.01545 0.21466 0.20904 -0.011037 0.0023199 0.012367 0.0077426 0.061757 -0.0062276 0.14761 0.16658 -0.051883 0.084421 0.22588 0.34634 -0.021225 -0.0039122 0.06241 0.066394 -0.0024488 -0.0016527 0.004493 0.0027141
142.05 153.35 9.7798 0.46754 0 0 0 0 0.015058 0.073266 0.10865 0.1025 -0.017095 0.05208 0.10253 0.11607 -0.0081937 0.0053453 0.0094823 0.009163 0.0066254 -0.0036909 0.0066254 0.0036909 0.018063 -0.025968 0.46448 0.39475 -0.063436 -0.050891 0.16302 0.16672 -0.0099339 -0.0051801 0.017592 0.014548 0.0027334 -0.0024168 0.0027334 0.0024168 0.12795 -0.033778 0.2612 0.39062 -0.11361 -0.030117 0.2374 0.44476 -0.012562 -0.0016902 0.012824 0.007727 0 0 0 0 0.010773 -0.025683 0.016787 0.025683 -0.0060054 -0.030569 0.013601 0.030569 -0.00038396 -0.00037836 0.00038396 0.00037836
164.04 93.34 12.937 2.2258 -0 0 0 0 -0 0 0 0 -0 0 0 0 -0 0 0 0 -0 0 0 0 -0 0 0 0 -0 0 0 0 -0 0 0 0 0.090015 0.026517 0.090015 0.044752 0.039109 0.071584 0.67216 0.37867 -0.087707 0.057931 0.34006 0.33722 -0.011179 -0.00073537 0.011179 0.0025033 0.042251 -0.012104 0.042251 0.021813 0.02188 -0.08413 0.23496 0.12414 -0.02651 -0.056501 0.1568 0.16618 -0.0065232 -0.0011631 0.0065232 0.0052828
126.1 159.28 13.139 4.277 1.3041e-18 -6.0659e-19 1.3041e-18 6.0659e-19 -0.0004848 0.00091876 0.0004848 0.00091876 -0.00312 0.0048613 0.00312 0.0048613 0 -0 0 0 0.011523 0.0046562 0.011523 0.0046562 0.082429 0.047512 0.14156 0.16041 -0.01704 0.041557 0.42099 0.50387 -0.024288 0.0038288 0.03536 0.024609 0.02405 -0.0035001 0.02405 0.0096339 0.11042 -0.028643 0.31028 0.32093 -0.080298 -0.091107 0.32322 0.41584 -0.011634 -0.0033987 0.018801 0.0097171 0.00023646 -0.00033658 0.00023646 0.00033658 0.0047455 -0.022339 0.019114 0.026828 -0.0079781 -0.020935 0.015923 0.023448 -0.00014852 -3.5084e-05 0.00014852 3.5084e-05
