51 64
93.403 118.18 2.2314 1.947 -0 0 0 0 -0 0 0 0 -0 0 0 0 -0 0 0 0 -0.039188 0.061788 0.057622 0.0667 0.0051935 0.12065 0.010934 0.12065 -0.012266 0.17888 0.018118 0.17888 -0.008745 0.030448 0.0092075 0.030543 0.029226 0.045739 0.23329 0.34907 0.018222 0.09868 0.13674 0.43889 -0.03888 0.091622 0.11926 0.44033 -0.079916 0.046787 0.15208 0.20783 -0.048455 -0.028964 0.22613 0.17092 0.016252 -0.15029 0.086591 0.16967 0.024815 -0.085722 0.11316 0.12879 -0.028512 -0.036505 0.10726 0.062538
89.172 122.42 1.9028 1.9438 -0.0029385 0.0034707 0.0029385 0.0034707 -0 0 0 0 -0 0 0 0 -0 0 0 0 -0.013557 0.15481 0.08284 0.19637 0.020378 0.254 0.063396 0.33433 -0.027223 0.23024 0.093898 0.3856 -0.047985 0.077171 0.065725 0.11252 0.0118 -0.075508 0.22898 0.30337 -0.006114 -0.18209 0.12504 0.35166 -0.0040377 -0.063126 0.1443 0.22335 -0.072168 -0.012227 0.1416 0.12178 -0.056675 -0.018284 0.13324 0.080043 0.032028 -0.046965 0.055052 0.078397 -0.00029217 -0.073226 0.088687 0.10511 -0.013586 -0.011377 0.098679 0.031223
133.92 122.26 1.8493 1.5867 -0 0 0 0 -0 0 0 0 -0 0 0 0 -0 0 0 0 0.0009755 0.011641 0.0083241 0.011658 0.026825 0.11261 0.10287 0.22255 -0.030281 0.032027 0.065137 0.11385 0.0096331 0.077429 0.049745 0.11308 -0.03628 0.16689 0.37659 0.3806 -0.13378 -0.021261 0.38444 0.38174 -0.031694 -0.030525 0.060797 0.080816 0.11034 -0.032189 0.1496 0.16163 0.0086484 -0.07077 0.24207 0.26014 -0.10052 -0.041978 0.14671 0.1304 -0.00063305 -0.0003935 0.0016837 0.0018837 0.026116 -0.019498 0.027159 0.022367
171.57 127.8 1.9265 4.4614 0.011712 0.014596 0.03274 0.029738 0.021697 0.057423 0.079728 0.10283 -0.023501 0.05321 0.1147 0.070382 -0.013318 0.0099151 0.036717 0.017357 0.024056 0.12656 0.1042 0.13961 -0.016728 0.06793 0.14681 0.13459 -0.08981 0.035295 0.27052 0.14388 -0.057227 -0.0091085 0.077906 0.025805 0.022733 -0.096221 0.13294 0.35685 -0.026566 -0.12565 0.17056 0.5501 -0.17047 -0.12381 0.25657 0.33993 -0.019729 -0.0097046 0.021868 0.011176 0.0063686 -0.029157 0.0084588 0.032642 0.00074933 -0.07028 0.02672 0.090873 -0.016553 -0.030891 0.019219 0.037601 -0.00034809 -0.00018893 0.00034809 0.00020994
181.39 130.22 1.9919 2.7037 -0 0 0 0 -0 0 0 0 -0 0 0 0 -0 0 0 0 0.019243 0.01559 0.021814 0.077239 0.046679 0.13529 0.071025 0.27664 -0.052805 0.21643 0.11838 0.26845 -0.022028 0.034492 0.028928 0.036958 0.034605 0.017197 0.046912 0.089411 0.13646 0.053956 0.18092 0.29063 0.13637 0.061396 0.29573 0.3165 -0.14287 0.079317 0.3494 0.15932 -0.0013215 -0.01791 0.070617 0.069826 0.08141 -0.071439 0.12753 0.13569 0.14476 -0.012228 0.16471 0.097576 -0.13337 -0.014875 0.28525 0.054811
78.702 131.66 1.8125 5.4771 0.033255 0.01873 0.039484 0.021889 -0.024813 0.013348 0.15598 0.079442 0.0015347 0.0018435 0.036326 0.035426 0.019792 0.017717 0.041421 0.050921 0.071614 0.028906 0.13419 0.049147 -0.030044 0.098423 0.21473 0.17179 -0.052308 0.073467 0.11871 0.13415 0.035814 -0.021388 0.077875 0.056191 0.14347 0.0077169 0.24072 0.11983 -0.0073346 0.12937 0.24212 0.24413 -0.12601 0.17323 0.1792 0.25564 0.081313 0.07832 0.18198 0.11753 0.051251 -0.046532 0.072316 0.067394 0.07758 -0.14905 0.16225 0.29745 0.031069 -0.067767 0.13471 0.30408 0.0070906 0.040561 0.21843 0.19882
101.63 133.83 1.9309 4.7919 0.0064409 -0.017056 0.030022 0.033348 0.040352 -0.0087043 0.1085 0.083872 -0.055544 0.012636 0.099348 0.10404 -0.0073369 -0.00034962 0.0080877 0.011058 -0.013004 0.047157 0.049864 0.064263 0.12317 0.029038 0.23678 0.25729 -0.084908 0.068871 0.36904 0.38746 -0.027743 0.018122 0.029894 0.029942 0.032849 0.075251 0.080077 0.11185 -0.029896 0.028556 0.16938 0.35531 -0.027448 -0.086182 0.27528 0.39065 -0.074088 0.032784 0.10398 0.09096 -0.01524 -0.071175 0.040203 0.11765 -0.034531 -0.091437 0.044401 0.10494 0.013064 -0.061911 0.045183 0.071939 -0.009912 -0.02658 0.035008 0.05877
107.86 144.3 1.959 3.9156 -0.0066533 0.02388 0.015 0.026428 -0.0026278 0.01487 0.0093547 0.0184 1.5335e-05 0.0012264 0.0040306 0.0051509 -5.0964e-05 -9.4757e-05 0.00056249 0.00053071 -0.0015904 0.04427 0.091858 0.11009 -0.087787 0.069596 0.12181 0.15396 -0.0097274 0.044604 0.044856 0.064808 -0.0021743 0.019499 0.0090176 0.021988 9.3134e-05 -0.059898 0.075625 0.093277 0.051703 -0.024778 0.19838 0.45995 -0.023983 0.10259 0.32419 0.5373 -0.039621 0.072941 0.096616 0.22456 -0.0081957 -0.0029621 0.028588 0.033016 0.082441 0.0077162 0.10662 0.12747 0.0017957 0.0050867 0.28318 0.19696 -0.051202 -0.043011 0.066994 0.082073
172.15 152.11 1.9346 3.5516 -0.019874 -0.022631 0.024323 0.045544 0.00086757 -0.0092166 0.021205 0.040074 0.00096745 -0.0065498 0.026673 0.042486 -0.0064072 0.027201 0.047992 0.045963 -0.010443 0.025395 0.043995 0.10111 0.061516 0.072142 0.12274 0.19805 -0.02553 0.1061 0.12022 0.25569 0.041066 0.099381 0.23221 0.18421 -0.075838 0.09406 0.2113 0.27836 0.014476 -0.024507 0.10827 0.17087 0.17815 -0.028459 0.25764 0.24583 0.072351 0.098063 0.23965 0.20032 -0.045629 0.026344 0.16449 0.16263 -0.098031 0.07966 0.16062 0.13477 0.18291 0.042787 0.20929 0.12958 0.094752 0.074346 0.14565 0.14547
160.04 158.62 1.8379 2.8157 -0.01888 -0.0036525 0.022207 0.018546 0.05013 0.011271 0.057427 0.074715 0.015067 -0.032065 0.11093 0.13541 0.067878 -0.039797 0.10708 0.099688 0.0027699 -0.0088857 0.039586 0.051186 -0.0092179 0.033998 0.17134 0.20001 -0.018539 0.014493 0.072634 0.11782 0.052618 -0.033812 0.086046 0.094841 0.027076 0.0041525 0.042071 0.037589 0.11594 0.14843 0.406 0.24876 -0.097223 0.15493 0.2243 0.26504 -0.029233 0.04425 0.29219 0.30914 0.030979 0.0031643 0.10712 0.045387 0.036752 -0.067004 0.30935 0.16252 -0.058909 -0.12572 0.1087 0.15696 -0.017512 -0.04382 0.067778 0.063162
87.634 183.89 2.0659 2.2546 8.8813e-05 -0.00010897 8.8813e-05 0.00010897 0.039501 -0.01545 0.043313 0.036597 0.0018314 -0.14589 0.11632 0.25642 0.02664 -0.077508 0.099135 0.12065 0.0044976 0.05971 0.047437 0.071668 -6.0524e-05 0.12719 0.037694 0.17272 -0.008334 0.12235 0.079128 0.3934 0.013135 0.093745 0.043237 0.11773 0.071007 -0.058341 0.091139 0.14178 0.12637 -0.0048934 0.16599 0.35473 -0.0010403 0.060698 0.16734 0.48224 -0.047785 -0.0091539 0.10065 0.22431 0.011467 -0.01843 0.011573 0.018951 0.032359 -0.088782 0.036479 0.090671 -0.00042161 -0.13858 0.040828 0.15249 -0.013646 -0.056603 0.01651 0.060377
100.31 196.01 2.1477 4.7462 0 0 0 0 0 0 0 0 0 0 0 0 0 0 0 0 0.041885 0.1674 0.064443 0.16777 0.016259 0.24994 0.10246 0.28427 -0.09109 0.079837 0.11166 0.11953 -0.00090869 8.724e-05 0.00090997 0.00052759 -0.097659 0.072446 0.28276 0.42857 -0.19906 -0.18066 0.24174 0.40504 -0.076558 -0.068713 0.08313 0.12254 -0.0012654 -4.6511e-05 0.0013604 0.0036597 -0.099738 -0.12364 0.21613 0.2331 -0.037273 -0.03452 0.056486 0.067996 -0.00016072 -0.0010716 0.00023812 0.0025416 -2.5324e-05 0.00074841 0.00027805 0.0082173
162.11 113.41 2.5861 1.2662 0 0 0 0 0 0 0 0 0 0 0 0 0 0 0 0 0 0 0 0 3.5422e-06 0.00034041 0.0003175 0.00041371 -0.00022275 0.00059479 0.00041914 0.00065244 0.005343 0.025764 0.049074 0.054136 0.026563 0.01063 0.026563 0.010867 0.10176 0.15301 0.20337 0.42336 -0.034145 0.21596 0.17033 0.53533 -0.080832 0.050135 0.30276 0.28287 0.042359 -0.0006593 0.059239 0.019578 0.056329 -0.07489 0.1726 0.15108 -0.045824 -0.12337 0.12506 0.1969 -0.046819 -0.032886 0.16597 0.15561
105.31 121.51 2.7989 1.7933 -0 0 0 0 -0 0 0 0 -0 0 0 0 -0 0 0 0 0.00045983 0.011952 0.059954 0.08585 -0.017098 0.10462 0.094622 0.13877 0.026856 0.16319 0.043326 0.16981 -0.016654 0.11288 0.040204 0.1453 0.032378 -0.014984 0.044953 0.028152 0.10634 0.028434 0.42059 0.4181 -0.0090421 -0.044856 0.21827 0.49691 -0.035303 -0.021368 0.13717 0.21818 0.0048174 -0.00070406 0.0052527 0.0036912 0.053765 -0.011196 0.21885 0.16732 -0.047205 -0.018363 0.13388 0.12876 0.011725 -0.031229 0.059167 0.047875
148.03 123.44 2.6978 1.3827 0 0 0 0 0 0 0 0 0 0 0 0 0 0 0 0 0.017541 0.1171 0.046586 0.14523 -0.029083 0.14482 0.04635 0.15601 0.0023881 0.079942 0.13552 0.17502 0.031893 0.013034 0.06761 0.097245 0.052667 0.025647 0.1427 0.24797 -0.0013939 0.0032786 0.25084 0.53227 -0.14306 0.00029738 0.4153 0.34161 0.0014814 -0.01648 0.038414 0.030698 0.004241 -0.040626 0.075808 0.06449 0.03019 -0.059991 0.12224 0.1404 -0.041924 -0.0030965 0.16217 0.14506 -0.0064767 0.00072695 0.0064833 0.0032915
96.057 127.86 2.8927 4.9809 -0.0046714 0.012527 0.062517 0.021352 0.022949 -0.0055071 0.057591 0.064757 0.012398 0.0030929 0.15148 0.11678 -0.029353 0.00023892 0.03588 0.02173 0.02971 0.06334 0.14677 0.094423 0.0062391 0.20617 0.1231 0.25172 -0.02691 0.10897 0.40406 0.45519 -0.062252 0.017556 0.088147 0.064947 0.045879 -0.078338 0.080515 0.14185 -0.024697 -0.17873 0.09122 0.32078 -0.010616 -0.18588 0.18591 0.3533 -0.039756 -0.021282 0.098739 0.085867 0.00038557 -0.0042453 0.00083719 0.0042453 -0.00093696 -0.0074196 0.0013053 0.0074196 0.003249 -0.0063223 0.003688 0.006432 0.0024865 -0.0074684 0.0087394 0.012833
72.297 136.96 2.805 5.5198 0 0 0 0 0.018066 0.020706 0.027679 0.025658 0.018764 5.1822e-05 0.067485 0.089527 -0.0028383 -0.023476 0.017753 0.056194 0.0070055 0.0034636 0.0070055 0.0034636 -0.0083102 0.036107 0.23998 0.13083 -0.0035552 -0.0044568 0.10535 0.11417 0.019492 0.046263 0.063274 0.098652 0.076768 0.012626 0.076768 0.028911 0.055625 0.13526 0.35975 0.23468 -0.12175 0.13148 0.19274 0.22555 0.091781 0.03876 0.18239 0.13598 0.022717 -0.0078775 0.022717 0.01111 0.11334 -0.12441 0.18194 0.25181 -0.022056 -0.0329 0.2294 0.40215 -0.047897 -0.0021938 0.29159 0.18566
180.23 143.52 3.0047 3.5023 -0.0060225 0.015317 0.011754 0.019854 -0.0020313 0.0062511 0.0056152 0.0090637 -0.00016965 0.00035443 0.00016965 0.00041399 0 -0 0 0 -0.011015 -0.0037138 0.032713 0.047043 0.011989 0.064571 0.053356 0.11439 0.011463 0.095145 0.14382 0.15321 -0.009768 0.01703 0.016821 0.017979 -0.015267 0.066442 0.11244 0.10179 0.13522 0.018841 0.19401 0.17069 0.089888 0.19021 0.38071 0.29517 -0.10024 0.060988 0.16392 0.082868 -0.039974 -0.0097938 0.15403 0.13875 0.10843 0.10425 0.31661 0.22115 -0.0041156 -0.033094 0.35657 0.33409 -0.079565 -0.03374 0.12032 0.076669
83.72 154.19 2.9332 5.5367 0.015223 0.010605 0.021818 0.022051 0.011547 -0.0073516 0.050673 0.10976 0.0090158 -0.031777 0.030763 0.11428 -0.0041357 -0.026589 0.0325 0.094712 -0.002327 0.012773 0.13885 0.096297 0.013263 0.012914 0.080006 0.12431 0.0019163 0.075651 0.08399 0.1592 -0.010459 0.0021012 0.037731 0.063642 -0.051262 0.085987 0.21486 0.15803 0.033309 0.036867 0.18793 0.15573 0.030515 0.051199 0.29453 0.24188 -0.075967 -0.0029924 0.096516 0.059094 0.044087 -0.046708 0.13718 0.23591 0.01611 0.089258 0.35092 0.38901 -0.10513 -0.02891 0.36902 0.20481 -0.01845 -0.014649 0.026398 0.016002
98.763 155.7 3.1712 3.5809 -0.003543 0.0009591 0.0036182 0.0023438 -0.00050385 0.0031687 0.00091257 0.0033838 -0.00021258 0.000969 0.00038371 0.0010641 0.0027933 -0.0040466 0.0038091 0.0040466 -0.0027364 0.0082463 0.050325 0.022646 0.069971 0.089164 0.13895 0.17511 -0.013265 0.18069 0.19395 0.28302 0.0095013 0.13004 0.14075 0.23025 -0.028373 0.004685 0.062682 0.037346 0.082205 -0.062692 0.19633 0.16299 0.032115 -0.1141 0.27368 0.35348 0.01826 0.016573 0.46337 0.28263 -0.015895 0.0081241 0.049289 0.041716 -0.0016903 -0.009949 0.056928 0.061089 0.075269 0.016827 0.12891 0.11068 -0.0038699 -0.006095 0.22294 0.080019
149.59 155.81 3.0007 2.6963 -0.008548 0.003573 0.022716 0.016198 0.020973 -0.011395 0.077734 0.086598 0.10804 -0.078347 0.13613 0.13588 -0.078022 -0.025503 0.24742 0.084433 0.01272 0.0082581 0.070232 0.037019 0.030688 0.1365 0.19397 0.2036 0.10508 0.024994 0.30658 0.33958 -0.0063254 -0.096852 0.34872 0.36603 0.049572 -0.0056054 0.14569 0.063913 -0.0092633 -0.11255 0.31903 0.22873 -0.046627 -0.088694 0.11218 0.14647 0.00070831 -0.064978 0.044081 0.085133 0.0058428 -0.0077375 0.049966 0.024866 -0.00074602 -0.027076 0.062949 0.037546 -0.002307 -0.0012997 0.002307 0.0013943 0.029176 0.016115 0.033133 0.017158
147.34 167.8 2.973 4.301 0.0016591 0.0017926 0.0016591 0.0021052 0.017513 0.018267 0.044828 0.076521 0.028315 -0.037985 0.056417 0.11423 -0.010653 -0.017215 0.036291 0.065829 0.0022039 4.3277e-05 0.012393 0.030856 0.085142 0.076147 0.1769 0.357 -0.060777 0.1494 0.18061 0.31751 -0.012279 0.01137 0.079109 0.074134 -0.00070292 -0.0011317 0.0013222 0.0029643 0.14996 -0.083816 0.16248 0.18209 -0.098454 -0.046232 0.34889 0.28725 0.011304 0.013638 0.14021 0.10022 -0.020431 0.012505 0.020875 0.023187 0.015117 -0.0077463 0.015213 0.01199 0.073862 0.064062 0.33845 0.27159 0.050617 0.14983 0.15488 0.19574
181.96 174.56 3.0767 1.0443 0.028894 -0.042687 0.097691 0.054789 0.010273 -0.10483 0.20501 0.20334 0.10135 -0.064 0.30756 0.22896 -0.012865 -0.13166 0.2471 0.38776 0.010672 -0.0050802 0.022372 0.017961 0.030679 0.04718 0.10912 0.15225 -0.011317 0.14291 0.1419 0.2689 -0.00011773 0.018979 0.1309 0.26523 0.00084278 -0.00065004 0.00084278 0.00065004 0.048839 -0.038164 0.055758 0.078767 0.10213 -0.14474 0.1685 0.34493 -0.071418 -0.075054 0.10694 0.21056 1.6283e-17 2.8016e-17 1.6283e-17 2.8016e-17 0.00028836 -0.00016759 0.00028836 0.00016759 0.0062629 -0.023089 0.0081882 0.023089 -0.0016755 -0.013892 0.0038796 0.013896
77.621 184.4 2.8935 2.2389 0.002543 -0.00014998 0.0025565 0.00071002 0.080298 -0.096804 0.16619 0.19468 -0.028454 -0.13251 0.15719 0.21707 0.0031271 0.0092837 0.074528 0.090835 0.044252 0.054766 0.077458 0.13785 0.039264 0.23758 0.11781 0.41076 -0.0017199 0.17795 0.13056 0.37368 -0.029352 0.0047037 0.14675 0.23418 0.041423 -0.045164 0.04402 0.072102 0.054283 -0.18258 0.098886 0.31797 -0.050665 -0.16512 0.08155 0.26424 -0.032547 -0.066886 0.04043 0.082799 -8.4141e-06 -5.6723e-05 8.4141e-06 5.6723e-05 -0.00017804 -0.00030885 0.00017804 0.00030885 -7.3796e-05 -9.2991e-05 7.3796e-05 9.2991e-05 -0 0 0 0
164.33 189.36 2.7533 0.82239 0.053662 -0.036093 0.17008 0.13875 0.016781 -0.17577 0.31059 0.43856 -0.10468 -0.038029 0.27839 0.29784 -0.010799 -0.0066322 0.024561 0.023263 0.024157 0.051031 0.072673 0.14017 0.028443 0.17176 0.12444 0.31284 -0.074165 0.026786 0.20676 0.23866 -0.00964 -0.0012609 0.017484 0.022255 0.050903 -0.051421 0.057046 0.12541 -0.011527 -0.12224 0.11843 0.2989 -0.068291 -0.053261 0.082503 0.10858 -0.0019598 -0.0023725 0.0045676 0.0076908 0.0010318 -0.0037144 0.0010318 0.0037144 -0.00027252 -0.011066 0.0026441 0.011066 -0.00038703 -0.0021522 0.00054417 0.0021522 0 0 0 0
75.763 196.74 2.7688 5.2272 0 0 0 0 0 0 0 0 0 0 0 0 0 0 0 0 3.3306e-18 -5.8879e-18 3.3306e-18 5.8879e-18 0.003262 0.0049873 0.003262 0.0049873 0.0047127 0.011577 0.005433 0.011984 3.8412e-05 0.00021506 0.00017875 0.00029445 0.070303 0.14077 0.090508 0.17093 0.086871 0.17073 0.21063 0.58721 -0.14405 0.081034 0.18232 0.51318 -0.0603 0.02433 0.069164 0.12 -0.026681 -0.052667 0.11786 0.16221 -0.0084005 -0.098204 0.10966 0.23949 -0.036583 -0.067909 0.062695 0.17403 -0.0091014 -0.016545 0.015254 0.026402
92.245 201.88 2.6766 4.7504 0 0 0 0 0 0 0 0 0 0 0 0 0 0 0 0 0 0 0 0 0.0019017 0.025028 0.0059954 0.025039 -0.0039716 0.059951 0.022326 0.059955 -0.0018306 0.0023796 0.0023051 0.0023796 0.12917 0.14269 0.15081 0.16775 -0.053758 0.22302 0.32767 0.58373 -0.13154 -0.02185 0.16262 0.29222 -0.011867 -0.0017355 0.012399 0.012464 0.021785 -0.015452 0.21548 0.19178 -0.11387 -0.12634 0.25196 0.28423 -0.03459 0.034497 0.059517 0.095855 -0.0016272 0.00044603 0.0016333 0.001795
104.5 119.39 3.5887 1.8482 -2.1003e-06 1.1693e-06 2.1003e-06 1.1693e-06 -0 0 0 0 -0 0 0 0 -0 0 0 0 -0.033462 0.025758 0.076859 0.12627 -0.0051464 0.077871 0.066362 0.095192 0.0023061 0.13678 0.021821 0.13678 -0.010868 0.045235 0.015001 0.045235 -0.029301 -0.02768 0.077214 0.07775 0.11722 -0.015047 0.43397 0.42835 -0.0054208 -0.0034675 0.22126 0.55307 -0.08097 0.0084049 0.14368 0.14595 -0.0045699 -0.00074153 0.0076738 0.005429 0.044016 -0.026395 0.19286 0.14572 -0.04287 -0.047627 0.12512 0.13797 -0.0098043 -0.021528 0.098972 0.035755
148.78 119.99 3.5657 1.327 0 0 0 0 0 0 0 0 0 0 0 0 0 0 0 0 0.01048 0.032614 0.011553 0.032614 -6.6651e-05 0.11037 0.026455 0.11037 -0.01173 0.061886 0.081698 0.10981 0.048995 0.050746 0.086553 0.14764 0.0995 0.022306 0.14457 0.15017 -0.00028525 -0.016636 0.26824 0.5907 -0.15004 -0.039622 0.38502 0.37017 0.052672 -0.044004 0.092187 0.09577 0.032739 -0.031104 0.068098 0.042537 0.019252 -0.077076 0.14895 0.13043 -0.03501 0.030442 0.18075 0.1399 -0.010125 0.0074327 0.014621 0.009938
94.635 127.62 3.1635 4.9775 -0.0055104 0.0084266 0.056581 0.018255 0.020712 -0.0067716 0.055001 0.063621 0.019185 0.0034161 0.13715 0.11662 -0.030457 -0.00075481 0.038821 0.026736 0.030968 0.059959 0.14555 0.089909 0.0049578 0.20565 0.13252 0.23753 -0.012394 0.12136 0.38266 0.44405 -0.068157 0.019091 0.10718 0.076124 0.051626 -0.073499 0.081671 0.14196 -0.017638 -0.18997 0.090632 0.34368 -0.0098303 -0.19177 0.16638 0.36584 -0.0478 -0.024554 0.111 0.099741 0.00077035 -0.00452 0.0010088 0.00452 -0.001243 -0.012046 0.0021473 0.012046 0.0029276 -0.0058209 0.0033113 0.0058209 0.0017915 -0.0091967 0.0092215 0.014618
115.2 127.44 3.6418 1.7464 -0.001427 0.0017274 0.001427 0.0017274 -0 0 0 0 -0 0 0 0 -0 0 0 0 -0.059818 0.049346 0.17075 0.2449 0.017627 0.040052 0.12753 0.14967 0.030375 0.19055 0.11195 0.2531 -0.016338 0.13778 0.072009 0.22481 -0.051595 -0.046732 0.15923 0.17345 0.10261 -0.033332 0.14906 0.080886 0.014133 -0.082139 0.39172 0.51847 -0.018115 -0.089312 0.154 0.22547 -0.031881 -0.0099559 0.062664 0.058736 0.037569 -0.0052302 0.038292 0.014952 0.0068111 -0.026808 0.16334 0.13686 -0.012627 -0.0072364 0.04987 0.047158
90.3 137.06 3.7126 4.9264 0.015147 -0.0012733 0.038643 0.015736 -0.0031695 -0.0061392 0.065824 0.058478 -0.0019682 0.050725 0.081851 0.078933 -0.010997 0.0060937 0.013115 0.0077377 0.016219 0.0093962 0.12061 0.025045 0.0051192 0.062259 0.17453 0.14931 0.025677 0.018055 0.34651 0.2785 -0.037673 0.0036434 0.052845 0.033849 0.063302 -0.013632 0.099141 0.057201 0.045088 -0.014243 0.20787 0.39398 -0.0508 -0.056856 0.34382 0.56598 -0.050869 0.0050311 0.10349 0.08636 0.0067794 -0.0068848 0.0069585 0.0086928 0.002735 -0.057969 0.017408 0.068056 -0.0022708 -0.046757 0.020243 0.051777 8.8902e-05 -0.012138 0.020087 0.02679
71.974 139.94 3.4551 3.5123 0.017042 -0.0067111 0.049645 0.035809 0.0051881 -0.065267 0.13642 0.13384 0.10262 -0.10365 0.28555 0.31213 -0.071519 0.0015055 0.29666 0.14174 -0.034262 0.031517 0.068551 0.068374 -0.011564 -0.011378 0.088392 0.10381 0.23552 0.028262 0.29513 0.23406 -0.08624 -0.012616 0.38364 0.11908 0.0017494 -0.031871 0.036143 0.068321 0.026696 -0.010779 0.063195 0.21411 0.08488 -0.077131 0.14446 0.32111 -0.04911 -0.093203 0.1449 0.12739 0.00035594 -0.0011417 0.00035594 0.0011417 0.0037572 -0.011513 0.0038627 0.011513 0.0013255 -0.018274 0.0053444 0.018274 -0.00075694 -0.0040589 0.00093067 0.0040589
83.068 153.96 2.8937 5.49 0.015247 0.0093854 0.020501 0.018656 0.014065 0.0042246 0.058222 0.10952 0.0064919 -0.025901 0.031892 0.10766 -0.0059162 -0.016916 0.028893 0.092035 -0.0022667 0.011709 0.13709 0.093076 0.0074502 0.00038775 0.0841 0.12097 -0.0017032 0.067816 0.080888 0.13849 -0.019005 0.012154 0.039892 0.067724 -0.046339 0.079844 0.20944 0.15923 -0.0025119 0.011603 0.17552 0.15058 0.054643 0.060002 0.2602 0.2512 -0.090802 0.0050517 0.11735 0.085513 0.043992 -0.039846 0.14074 0.22229 0.014936 0.1118 0.31074 0.33626 -0.087049 0.0089375 0.46352 0.23598 -0.029024 -0.013143 0.035772 0.01678
147.61 165.14 4.2241 0.47226 -0.002912 0.059117 0.14522 0.098057 -0.021105 -0.024345 0.045517 0.069574 0.0061545 -0.051624 0.02603 0.05673 -0.0011025 -0.0085573 0.012461 0.013113 -0.11602 -0.0011536 0.45063 0.34549 -0.036438 0.11249 0.32626 0.34322 -0.067932 0.079102 0.14684 0.14875 -0.001619 -0.00035072 0.0071783 0.0036522 -0.09014 -0.074853 0.1772 0.16202 0.03109 -0.11501 0.24255 0.25296 -0.066833 -0.018263 0.20394 0.1847 -0.0086634 0.0052492 0.021794 0.019045 -0.00048256 -0.019579 0.021732 0.039396 0.025309 0.0031887 0.045925 0.084633 -0.015007 -0.0080702 0.077955 0.11455 -0.011149 -0.0021903 0.013447 0.011077
66.486 168.51 3.4423 2.6411 0.02479 -0.00040432 0.051603 0.053221 0.046805 -0.15873 0.17703 0.23253 -0.062106 -0.054584 0.16892 0.18917 0.10402 -0.047867 0.20239 0.20921 -0.00084332 0.020158 0.15899 0.29284 -0.051702 0.1681 0.096755 0.32289 -0.031561 0.091167 0.11905 0.34726 -0.016952 -0.056063 0.19922 0.25044 0.022119 -0.094212 0.046035 0.11382 0.0041857 -0.15457 0.046278 0.25597 -0.061288 -0.13386 0.079288 0.24509 -0.017707 -0.022522 0.019294 0.031084 -1.403e-18 7.6737e-19 1.403e-18 7.6737e-19 -7.1396e-19 3.905e-19 7.1396e-19 3.905e-19 -0 0 0 0 -0 0 0 0
77.357 184.54 3.4042 5.4819 0 0 0 0 0 0 0 0 0 0 0 0 0 0 0 0 0.039768 0.10661 0.053008 0.12649 0.065339 0.25376 0.092576 0.32835 -0.06929 0.23279 0.10904 0.27675 -0.025292 0.033609 0.025382 0.034939 -0.0099168 -0.07763 0.11451 0.23971 0.028567 -0.16208 0.11148 0.34987 -0.024985 -0.17502 0.13922 0.36675 -0.038084 -0.048857 0.074231 0.11182 0.032413 0.014654 0.095014 0.12324 -0.0062062 0.1755 0.18481 0.24749 -0.076289 0.054734 0.11488 0.11207 -0.0013717 -0.0081258 0.0057249 0.0088638
171.32 185.63 4.187 0.98886 -0.0028234 -0.1108 0.20127 0.16186 0.082373 -0.10343 0.32354 0.27733 -0.066731 -0.016937 0.30747 0.45104 -0.012299 0.014928 0.031897 0.04257 0.030372 -0.0099424 0.06104 0.067189 0.047578 0.051913 0.15427 0.32566 -0.070557 -0.012543 0.186 0.38243 -0.015397 -0.0069132 0.032819 0.043606 0.0083889 -0.0041313 0.0088141 0.010605 0.048516 -0.087233 0.070721 0.18126 -0.045602 -0.069679 0.073404 0.14878 -0.0059684 -0.0027062 0.0076094 0.0061814 2.4369e-17 5.0276e-18 2.4369e-17 5.0276e-18 -1.6146e-16 -3.7367e-16 5.5169e-16 9.166e-16 -2.0855e-16 -2.0627e-16 3.1141e-16 4.6356e-16 0 0 0 0
100.97 112.77 5.2142 1.8451 -0 0 0 0 -0 0 0 0 -0 0 0 0 -0 0 0 0 -0.037752 0.066142 0.071196 0.098922 -0.0087788 0.034361 0.023147 0.035953 0.0067569 0.026472 0.0095609 0.026508 0.0002694 0.0025617 0.00063356 0.002577 -0.043125 -0.020242 0.15368 0.14827 0.11482 0.062848 0.40588 0.4524 -0.083046 0.034952 0.29181 0.53474 -0.053297 0.0069251 0.076377 0.047382 -0.0089336 -0.0061864 0.032124 0.020898 0.030122 -0.065813 0.22598 0.16804 -0.034258 -0.070825 0.1814 0.14413 -0.01992 -0.0080611 0.058665 0.014674
80.129 123.99 5.4996 1.6679 -0 0 0 0 -0 0 0 0 -0 0 0 0 -0 0 0 0 0.0331 0.064857 0.089075 0.16375 0.03015 0.20275 0.15985 0.45041 -0.096824 0.074084 0.12799 0.13221 -0.0015716 0.00020488 0.0015716 0.00030692 0.097569 -0.02522 0.23696 0.21104 -0.071924 -0.10108 0.36102 0.49058 -0.088774 -0.051673 0.25544 0.14144 -0.010418 0.00059605 0.010813 0.0020872 0.032268 -0.022633 0.054124 0.035901 -0.019793 -0.025303 0.12002 0.11271 -0.019556 0.0080236 0.10277 0.050154 -0.0057643 -0.00045803 0.0060279 0.0012657
167.91 128.5 5.8874 1.3874 0 0 0 0 0 0 0 0 0 0 0 0 0 0 0 0 0 0 0 0 0.11307 0.11036 0.15542 0.19956 -0.071476 0.16211 0.23964 0.41338 0.064294 0.028873 0.18438 0.20784 0 0 0 0 0.095027 -0.091208 0.19192 0.17898 -0.043059 -0.09098 0.4584 0.42849 0.013437 -0.035581 0.15238 0.10467 0 0 0 0 0.020278 -0.0017807 0.04991 0.044532 -0.0033944 -0.025861 0.12822 0.14221 -0.0095488 -0.0085577 0.022442 0.0245
97.409 155.7 5.1667 3.5171 -4.799e-05 0.0029487 0.0021888 0.0030541 0.017036 -0.0014689 0.030328 0.019329 0.021591 -0.052231 0.081219 0.11631 0.030617 -0.054541 0.19117 0.16397 -0.0037905 0.031685 0.082515 0.03531 0.052256 0.063544 0.10802 0.14138 0.030709 0.14501 0.2221 0.34568 -0.049484 0.014844 0.14839 0.15014 0.015383 -0.011922 0.11346 0.060163 0.0011498 -0.018184 0.18096 0.15122 0.13895 -0.033565 0.51543 0.34066 -0.1082 -0.0049534 0.25017 0.087601 0.0068526 -0.009177 0.012363 0.013507 -0.0013702 -0.020963 0.03903 0.086139 0.034244 -0.071925 0.10905 0.1794 -0.025664 -0.023008 0.049309 0.036763
51.065 176.94 5.0405 5.8113 0 0 0 0 0 0 0 0 0 0 0 0 3.9598e-18 7.7597e-18 3.9598e-18 7.7597e-18 0 0 0 0 0 0 0 0 3.2264e-18 6.3226e-18 6.2574e-18 1.2262e-17 7.5497e-18 1.4794e-17 3.9022e-17 7.6469e-17 0.02318 0.042515 0.046438 0.075435 0.047039 0.049349 0.14009 0.35822 -0.0037118 0.06381 0.18095 0.46863 -0.051571 0.03732 0.076677 0.099875 0.0093663 0.15756 0.28595 0.28175 -0.0092277 0.12856 0.29777 0.36773 -0.056337 0.030452 0.2069 0.28274 -0.019429 -0.018488 0.056861 0.059134
59.4 187.96 5.06 5.6143 0 0 0 0 0 0 0 0 1.1248e-18 1.423e-18 9.4186e-18 1.1916e-17 -2.5624e-18 -3.2416e-18 3.8643e-17 4.8888e-17 0 0 0 0 -7.4181e-19 -9.3847e-19 1.8555e-17 2.3474e-17 2.2261e-18 2.8163e-18 9.8716e-17 1.2489e-16 -1.3576e-17 -1.7175e-17 5.2844e-17 6.6853e-17 0.037483 0.024278 0.06694 0.072426 0.068454 0.040375 0.1617 0.4482 -0.047588 0.04292 0.19807 0.54029 -0.039234 0.0096095 0.05298 0.068664 -0.013309 0.10699 0.24959 0.20331 0.047 0.10308 0.27715 0.34722 -0.066681 0.010895 0.17176 0.22322 -0.0089352 -0.0099898 0.018662 0.025327
61.119 101.57 7.5362 1.1935 0 0 0 0 0 0 0 0 0 0 0 0 0 0 0 0 0 0 0 0 -1.7834e-05 4.1251e-05 1.7834e-05 4.1251e-05 -5.661e-06 1.3094e-05 5.661e-06 1.3094e-05 0 0 0 0 0.048279 0.037659 0.077632 0.079284 0.014756 0.15337 0.47075 0.58666 -0.091364 0.026309 0.14775 0.12943 -0.0004344 0.00038785 0.0004344 0.00038785 -0.02759 0.018374 0.19878 0.22016 -0.026361 -0.086488 0.30718 0.32311 -0.043055 0.016897 0.1951 0.10251 -0.0055596 0.00074673 0.0055596 0.0020302
97.474 102.43 5.7976 1.8152 -0 0 0 0 -0 0 0 0 -0 0 0 0 -0 0 0 0 -0.016824 0.02778 0.023826 0.029617 -0.00092527 0.0013575 0.00092527 0.0013968 -0 0 0 0 -0 0 0 0 -0.032434 -0.0063816 0.19273 0.24492 0.087816 0.14114 0.27495 0.53513 -0.13027 0.096315 0.24134 0.41132 -0.017953 0.0045368 0.019594 0.0081194 -0.0014376 -0.020111 0.081068 0.051541 0.016917 -0.080541 0.2927 0.26719 -0.055158 -0.052499 0.21771 0.16743 -0.0098121 -0.0013254 0.019723 0.0050588
186.13 109.55 6.2893 2.2588 -0 0 0 0 -0 0 0 0 -0 0 0 0 -0 0 0 0 -0 0 0 0 -0 0 0 0 -0 0 0 0 -0 0 0 0 0.00027471 0.00022579 0.0022371 0.0018388 0.20421 0.1086 0.26601 0.30351 -0.17533 0.20205 0.35632 0.33621 -0.0056631 0.011049 0.0060308 0.011189 0.008141 0.017152 0.051141 0.020359 0.10716 -0.0049323 0.2506 0.25089 -0.10933 -0.089834 0.37024 0.36628 -0.016609 0.085738 0.12384 0.12987
104.69 128.96 7.6304 1.8425 0.0018238 0.0055202 0.0044526 0.0055202 -0.00025103 0.00030691 0.00025103 0.00030691 -0 0 0 0 -0 0 0 0 0.00071543 0.026232 0.21933 0.32601 -0.006357 0.075039 0.23006 0.2734 -0.04196 0.13235 0.14721 0.29911 -0.019338 0.010679 0.01975 0.018169 0.0084695 -0.053072 0.21281 0.18761 0.072994 -0.068211 0.3536 0.25304 -0.061159 -0.090958 0.35817 0.35397 -0.026686 -0.006183 0.04704 0.021827 -0.0014454 -0.010231 0.016604 0.018823 0.022476 -0.016196 0.041855 0.063096 -0.020323 -0.024816 0.089258 0.10982 -0.0049247 -0.0019646 0.0081411 0.0041791
167.65 128.7 7.0835 1.4109 0 0 0 0 0 0 0 0 0 0 0 0 0.0030008 0.0024242 0.0030008 0.0024242 0 0 0 0 0.10707 0.091136 0.15799 0.2039 -0.073748 0.12592 0.23747 0.37098 0.074188 0.058503 0.25427 0.33775 0 0 0 0 0.081788 -0.072687 0.17394 0.16956 -0.059247 -0.094598 0.43326 0.3842 0.023501 -0.062814 0.19957 0.15384 0 0 0 0 0.021146 -0.0030119 0.042756 0.042308 -0.011199 -0.024152 0.089407 0.10378 -0.00077056 -0.0075723 0.012999 0.013113
98.328 159.01 5.9311 3.4723 -1.7501e-06 5.097e-06 1.7501e-06 5.097e-06 0.021409 -0.0087144 0.0347 0.031238 0.030243 -0.04777 0.14695 0.20593 -0.019326 -0.052745 0.23006 0.16224 0.0075858 0.016704 0.056563 0.022495 0.029511 0.050512 0.11438 0.108 0.032339 0.12925 0.21352 0.31304 -0.049783 -0.015518 0.14495 0.12763 0.025353 -0.013209 0.083985 0.040237 0.0023357 -0.016681 0.21806 0.18453 0.099388 -0.011165 0.54196 0.3526 -0.10026 -0.0089362 0.2123 0.06961 0.0036411 -0.0034442 0.0044059 0.003714 0.0015563 -0.019249 0.028857 0.057434 0.018182 -0.060929 0.082705 0.13023 -0.017435 -0.019596 0.032015 0.022814
126.25 94.567 15.394 2.2224 -0 0 0 0 -0 0 0 0 -0 0 0 0 -0 0 0 0 0.039747 0.017578 0.039747 0.033726 -0.018923 0.088824 0.19014 0.19807 -0.0078257 0.00033015 0.0078257 0.0029788 -0 0 0 0 0.051924 -0.0055795 0.090005 0.080237 0.082146 -0.018756 0.5511 0.62704 -0.083848 0.0052563 0.25648 0.30282 -0.00039028 5.2532e-05 0.00039028 5.2532e-05 0.0005568 -0.0036558 0.0041398 0.0039542 0.021644 -0.040205 0.071999 0.10667 -0.017202 -0.030104 0.046387 0.061602 -3.3866e-05 4.5584e-06 3.3866e-05 4.5584e-06
