45 64
73.48 119 2.1918 1.0166 0 0 0 0 0 0 0 0 0 0 0 0 0 0 0 0 0 0 0 0 0.055328 0.091079 0.075406 0.10442 -0.045421 0.077014 0.075947 0.11441 -0.0030872 0.001411 0.0030872 0.0016603 -0.029403 0.19289 0.14657 0.19796 0.048994 0.16211 0.3902 0.29813 -0.11687 -0.005789 0.20186 0.13154 -0.0082083 0.0010169 0.01101 0.0051047 -0.027769 -0.056079 0.27223 0.2983 -0.082647 -0.06264 0.43257 0.31698 -0.10897 -0.0018728 0.15261 0.064207 -0.0014305 -2.182e-05 0.0022466 0.00081669
88.399 123.13 1.6618 0.61873 0 0 0 0 0.012803 -0.0015106 0.012898 0.007574 -0.00056862 0.009124 0.076789 0.064608 -0.010572 -0.0008645 0.017116 0.015556 0.0077845 0.02942 0.014844 0.02942 0.046291 0.10649 0.10197 0.15278 -0.016111 0.090114 0.26909 0.22898 -0.036639 0.016778 0.069486 0.041167 -0.012829 0.093435 0.31343 0.33155 -0.077447 -0.015976 0.33263 0.39961 -0.047596 -0.090412 0.2227 0.35115 -0.04036 -0.018529 0.095339 0.086277 -0.093258 -0.080127 0.16271 0.14483 -0.0078943 -0.038516 0.10252 0.094456 -0.031023 0.054358 0.067396 0.096517 -0.010896 0.0017015 0.023729 0.026707
136.14 124.59 1.7006 4.8351 -0.0060127 -0.014251 0.048659 0.045233 0.0081858 -0.028724 0.072819 0.064374 0.028106 -0.033274 0.069295 0.069286 -0.0077525 0.0065443 0.063097 0.036291 0.0060816 0.066802 0.048167 0.076678 -0.0073214 0.094781 0.11513 0.14387 0.021584 0.04955 0.091201 0.13624 0.02121 0.0088466 0.15843 0.094246 -0.016855 -0.024708 0.10741 0.20078 0.062351 0.0048333 0.17439 0.39788 -0.041991 0.045237 0.23475 0.65239 -0.080793 -0.036429 0.1492 0.18554 -0.0074842 -0.040895 0.014644 0.044159 0.017754 -0.082211 0.027394 0.096444 -0.012318 -0.10375 0.03925 0.13842 -0.01088 -0.01859 0.011728 0.020732
73.657 125.87 1.9565 5.7165 0 0 0 0 0 0 0 0 0 0 0 0 0.0097251 0.00037275 0.017789 0.01361 0.020192 0.0087464 0.020192 0.0088821 -0.012385 0.080614 0.096605 0.10354 0.008046 0.097198 0.057324 0.13055 0.01471 0.030278 0.069292 0.094672 0.03346 -0.0079056 0.03346 0.015975 0.032989 -0.042897 0.15118 0.22213 0.071188 0.13335 0.3086 0.52931 -0.11369 -0.013594 0.184 0.22389 0.0007716 -0.0012867 0.0007716 0.0012867 0.019766 -0.012808 0.025554 0.026851 0.090495 0.00073847 0.36796 0.41677 -0.036585 0.034313 0.11244 0.13994
145.72 126.66 1.8499 4.8144 0.0059616 -0.020196 0.051332 0.060265 0.021686 -0.024395 0.066109 0.069984 -0.013166 0.022611 0.096643 0.066904 -0.0059292 0.034584 0.092536 0.062149 -0.0071208 0.039868 0.066375 0.072852 0.03301 0.013705 0.087505 0.10164 0.042992 0.0139 0.26347 0.11761 -0.019502 -0.011695 0.24065 0.13781 0.031271 0.03161 0.10567 0.24461 -0.033539 0.090815 0.2208 0.62928 -0.11029 -0.044808 0.2413 0.29492 -0.024937 -0.040905 0.060893 0.057145 0.0136 -0.059009 0.019877 0.078848 -0.018032 -0.11952 0.050924 0.18426 -0.023492 -0.034374 0.025599 0.04365 -0.00044147 -0.00048623 0.00050482 0.00057477
154.58 132.85 1.67 0.22903 0.10565 -0.033852 0.27787 0.088071 -0.14517 -0.022013 0.27823 0.11181 0.021654 0.03923 0.069448 0.073544 0.0050818 0.0092607 0.068448 0.063572 0.083668 -0.078581 0.16836 0.10014 -0.043089 -0.043441 0.26448 0.34179 0.01944 -0.0015387 0.097738 0.20613 -0.048622 -0.039027 0.077018 0.0796 0.022137 -0.0086483 0.022861 0.021391 0.097426 -0.035127 0.22746 0.36015 -0.091294 -0.024011 0.20159 0.40673 -0.030337 -0.023117 0.046805 0.047069 0.00015727 -0.00014709 0.00015727 0.00014709 0.042746 -0.051776 0.077953 0.087515 -0.036877 -0.055336 0.092466 0.11642 -0.0065474 -0.0043163 0.0096632 0.0073241
160.42 131.04 1.7365 2.7427 0.0011355 0.0073147 0.0022908 0.0073147 -0.0023539 0.015906 0.0051501 0.015906 -0.00020056 0.00028953 0.00020056 0.00028953 -0 0 0 0 0.062043 0.013645 0.088951 0.059277 0.024172 0.14392 0.22576 0.3313 -0.066694 0.083866 0.099314 0.19246 -0.0059506 0.013274 0.0077158 0.014449 0.067904 -0.014381 0.10304 0.054309 0.064302 -0.014175 0.30216 0.3587 0.023599 -0.0070752 0.25186 0.33612 -0.043494 0.16563 0.29081 0.3193 0.029263 0.0015353 0.040485 0.028654 0.013098 0.0027307 0.086386 0.085062 -0.012642 -0.036719 0.086806 0.080853 0.072499 -0.043481 0.20391 0.15793
167.97 136.24 1.9177 3.3849 0 -0 0 0 0 -0 0 0 0 -0 0 0 0 -0 0 0 0.0049997 0.0032791 0.0068194 0.0040954 0.044763 0.10318 0.14361 0.16701 -0.05512 0.042828 0.086186 0.080027 0 -0 0 0 0.040287 0.011018 0.060001 0.062309 0.11408 0.0068619 0.27465 0.60126 -0.16056 0.064461 0.2744 0.35933 -0.013618 0.0057724 0.013925 0.011078 0.038379 0.035723 0.063042 0.067648 0.0045912 -0.001991 0.10703 0.25408 -0.056081 0.0476 0.21639 0.27798 -0.045032 0.036428 0.058094 0.048266
137.83 142.47 1.7008 1.0981 -0.025003 -0.10911 0.26979 0.30346 -0.075328 -0.14902 0.1685 0.19486 -0.037038 -0.043025 0.081541 0.09881 0.024295 0.015957 0.081636 0.095421 -0.064223 0.0021203 0.2112 0.19232 -0.030786 0.12106 0.12382 0.19139 0.0079927 0.041969 0.16714 0.25111 -0.026208 -0.018488 0.13895 0.21545 -0.001571 -0.061532 0.21057 0.20031 -0.014868 -0.084668 0.14454 0.20603 -0.086149 -0.046725 0.24327 0.31204 -0.018735 -0.016022 0.098046 0.1219 -0.0036466 -0.03273 0.029945 0.049457 0.0037069 -0.036124 0.056132 0.073619 0.002592 -0.032186 0.059221 0.081454 -0.0032973 -0.013397 0.036872 0.044485
154.71 144.72 1.9997 3.9379 -0.00067122 0.0013726 0.0034582 0.0051608 0.00015785 -0.0023166 0.0098746 0.010364 -0.00044926 0.0012322 0.0023557 0.0034854 0.00032545 0.00053162 0.00066199 0.00084013 -0.004538 0.016062 0.038149 0.043336 0.0022135 0.042821 0.048526 0.089246 0.070216 0.14446 0.17441 0.33592 -0.027217 0.055939 0.16414 0.17593 0.0026113 0.065314 0.11097 0.15802 0.024276 0.099773 0.14188 0.17168 0.055904 0.0069115 0.3144 0.4556 -0.054563 -0.053696 0.29126 0.27615 -0.0096737 -0.030124 0.0783 0.10527 0.0025979 -0.068148 0.071363 0.095653 0.067071 0.0073378 0.18647 0.2336 -0.051358 0.014105 0.15031 0.13587
122.23 152.4 1.969 4.8208 -0.00064695 -0.012174 0.03852 0.056776 -0.0046263 0.041302 0.057981 0.10015 -0.0090496 0.022367 0.075717 0.093607 0.011166 -0.019135 0.040567 0.059175 0.017262 0.042163 0.14937 0.12157 -0.0072139 -0.017662 0.13511 0.22781 0.022077 0.023274 0.159 0.20509 -0.016514 0.051979 0.12505 0.12303 -0.06147 0.085066 0.21967 0.21611 -0.020058 0.030924 0.25845 0.36178 0.080008 0.039742 0.24921 0.36653 -0.032844 0.062515 0.19015 0.21194 -0.032441 -0.069469 0.09735 0.13575 -0.020691 -0.049542 0.14866 0.1528 0.0097277 -0.055235 0.15242 0.15762 0.043898 -0.045293 0.084756 0.086658
142.34 151.83 2.0946 4.3082 0.0094589 -0.028056 0.038409 0.070399 -0.027954 -0.013759 0.045944 0.05584 0.0008457 0.012497 0.023181 0.021692 -0.0037202 0.0028259 0.011224 0.0092104 0.0062999 0.0074421 0.0958 0.099169 -0.033192 0.11299 0.1323 0.20373 -0.0054389 0.097245 0.10534 0.1553 0.003816 0.045198 0.057865 0.086479 0.036912 0.038284 0.14628 0.17043 0.053488 0.10451 0.31111 0.37103 0.00068321 0.10128 0.21355 0.28074 0.0030554 0.050617 0.32212 0.24572 0.0089537 -0.023893 0.13341 0.17403 -0.01451 -0.09189 0.15142 0.19554 0.043428 -0.090473 0.11013 0.1321 0.029185 -0.013083 0.20732 0.17442
97.476 157.9 2.0444 1.6105 0.094855 -0.050793 0.21342 0.2516 -0.14586 -0.13464 0.29886 0.26774 -0.044252 -0.046624 0.13524 0.073081 -0.01131 -0.034804 0.12183 0.10009 -0.0026473 -0.0274 0.2131 0.22611 -0.062096 -0.067689 0.20478 0.26202 0.017599 0.035274 0.20139 0.19526 -0.0041594 0.012416 0.21435 0.14106 0.0008049 -0.003945 0.10086 0.15434 -0.026278 0.071243 0.1397 0.23095 0.025461 -0.016453 0.21202 0.10905 -0.012792 -0.010969 0.13905 0.07009 0.060263 0.0067789 0.076013 0.064892 -0.094566 -0.019145 0.12655 0.11303 -0.0017131 -0.020515 0.097634 0.054465 -0.016456 -0.016801 0.039342 0.030406
118.02 158.89 2.124 1.7514 -0.018776 -0.029513 0.16474 0.16852 -0.028143 -0.026403 0.20355 0.32287 0.082662 -0.013073 0.25393 0.31337 -0.0060142 -0.019249 0.14461 0.16495 -0.0067459 -0.049639 0.15323 0.15091 0.012322 -0.010279 0.14644 0.30545 0.018935 -0.011707 0.25466 0.30823 -0.033222 -0.085472 0.13359 0.1871 -0.0072803 0.0073331 0.088089 0.11139 0.027753 -0.056702 0.13471 0.20173 -0.015602 -0.013514 0.11838 0.2011 -0.0061944 0.013631 0.066075 0.10832 -0.020087 -0.015116 0.042659 0.047531 0.014065 -0.0075552 0.058014 0.051929 0.059072 0.027021 0.085683 0.082523 -0.046858 -0.0013894 0.059352 0.055242
135.49 159.76 1.9011 4.2608 0.022291 0.0045567 0.034252 0.040452 0.027646 0.0061594 0.083019 0.11991 -0.052589 0.0040876 0.067499 0.058814 -0.00012008 0.00085383 0.0071979 0.0038027 0.0083379 0.022106 0.069054 0.088557 0.0051793 0.0066459 0.11963 0.18928 -0.033896 0.014183 0.096811 0.12347 -0.019181 0.011411 0.062627 0.071395 0.010494 0.037168 0.11213 0.16483 0.054146 0.01143 0.20331 0.19971 -0.011791 0.15247 0.32838 0.39505 -0.012592 0.15803 0.15574 0.21722 0.0097427 0.010462 0.12588 0.13488 0.080759 0.012207 0.22766 0.31509 0.025906 -0.043231 0.20893 0.29302 0.011493 -0.066773 0.096864 0.1321
83.976 162.4 2.0263 3.2941 0.048332 -0.039139 0.054721 0.064784 -0.035975 -0.094424 0.14537 0.15588 -0.016827 -0.01995 0.19004 0.12509 0.12898 -0.078223 0.1957 0.15096 0.044324 -0.0026776 0.08672 0.090065 0.013712 0.024608 0.14213 0.22449 -0.019457 0.017927 0.29714 0.38234 -0.012108 -0.015479 0.1472 0.1407 0.018501 -0.014842 0.023483 0.022192 0.041956 -0.028737 0.1251 0.18467 0.010965 -0.014038 0.26235 0.41547 -0.0038161 -0.00045602 0.19107 0.25782 0.00020834 -0.00012407 0.00020834 0.00042979 0.028265 -0.025198 0.037711 0.059598 -0.0066009 -0.05551 0.052096 0.13326 -0.0080514 -0.01842 0.025521 0.035105
112.16 165.21 1.9464 5.3131 0.0047517 -0.0037709 0.060553 0.054045 0.063556 0.076415 0.083483 0.13274 -0.082365 0.050318 0.099958 0.10328 -0.015311 0.0052896 0.016894 0.0093476 0.004894 0.0033219 0.090513 0.12439 0.039461 -0.08583 0.16455 0.2295 -0.075286 -0.062931 0.1261 0.17171 0.0042848 0.0071518 0.054964 0.053529 0.019441 0.14055 0.14656 0.26372 0.053508 0.045283 0.2244 0.27847 -0.049552 0.038624 0.21519 0.29446 0.015631 0.00080098 0.11358 0.10864 -0.084152 0.01366 0.20055 0.22958 -0.035466 0.043466 0.22801 0.3269 -0.0037738 0.011282 0.149 0.223 -0.0053855 0.01354 0.090224 0.080346
113.69 169.79 1.815 2.5803 -0.022557 -0.034475 0.091289 0.069012 0.020372 0.001849 0.17352 0.15715 0.0064303 0.033019 0.21297 0.19609 0.040379 0.0019023 0.23094 0.17708 0.00528 -0.03997 0.059109 0.070517 0.038538 -0.0057233 0.17176 0.18561 0.051851 -0.069949 0.26669 0.26671 0.018731 -0.087243 0.23545 0.33598 0.028787 -0.0016958 0.033038 0.021872 0.13668 0.10586 0.16774 0.20658 -0.10855 0.13256 0.19568 0.24558 -0.0060467 -0.010432 0.14755 0.14121 0.0097625 -0.0035005 0.0097625 0.0048649 0.067666 -0.096099 0.071606 0.1139 -0.049512 -0.09172 0.090657 0.15141 0.0028407 0.0074507 0.057047 0.081549
65.643 111.5 2.6854 0.84408 0 0 0 0 0 0 0 0 0 0 0 0 0 0 0 0 0 0 0 0 0 0 0 0 0 0 0 0 0 0 0 0 -0.00054112 0.00048107 0.00054112 0.00048107 0.060548 0.033607 0.16293 0.11637 -0.056936 0.025017 0.12112 0.10302 -0.00098166 0.00054916 0.0010356 0.00059711 -0.028811 0.20645 0.34075 0.47794 -0.033581 0.079813 0.46797 0.50361 -0.093905 0.014427 0.18402 0.12195 -0.0026719 0.0061029 0.0044156 0.0063595
142.24 118.05 3.0591 1.8246 -0 0 0 0 -0 0 0 0 -0 0 0 0 -0 0 0 0 0.0082008 0.022597 0.013598 0.022597 0.095686 0.16073 0.12376 0.31562 -0.057444 0.21539 0.095321 0.32413 -0.0044918 0.13248 0.035293 0.13675 0.041523 0.038204 0.2393 0.12662 0.036973 -0.083942 0.26681 0.34598 0.0056483 -0.13373 0.1389 0.42114 0.026402 -0.082943 0.1073 0.28504 0.026254 -0.030509 0.065049 0.04421 -0.0083568 -0.010571 0.10527 0.092765 -0.0035993 0.0051302 0.095181 0.10079 0.014898 0.0092274 0.062298 0.075098
81.965 119.62 2.7958 1.0262 0 0 0 0 0 0 0 0 -0.00015323 9.2811e-05 0.00015323 9.2811e-05 0 0 0 0 0.0043211 0.065432 0.012016 0.065432 0.028635 0.063872 0.058813 0.069713 -0.018163 0.035627 0.12385 0.09836 -0.0085548 0.0010546 0.0086947 0.0070459 -0.028728 0.02741 0.31112 0.53125 -0.048161 -0.0021058 0.39676 0.45409 -0.093973 -0.016834 0.27679 0.18307 -0.0093198 -6.3581e-05 0.0098362 0.0043397 0.001638 -0.044108 0.099281 0.1075 -0.023328 0.0076106 0.16588 0.13348 -0.019327 -0.015687 0.096908 0.065721 -0.0015659 0.00804 0.031751 0.023721
124.1 131.36 2.8736 4.8408 0.014657 0.024447 0.040246 0.044388 -0.008386 0.027516 0.072473 0.093696 0.0054621 0.029456 0.081696 0.091522 -0.014776 0.020882 0.03472 0.041296 0.0032053 0.0015652 0.12242 0.093379 -0.029293 -0.029868 0.13011 0.15212 0.025913 -0.028267 0.13746 0.15293 0.01161 0.006077 0.11858 0.077479 0.025958 0.035686 0.20181 0.35937 -0.027671 0.10514 0.16493 0.41553 0.023274 0.095317 0.15996 0.45183 -0.036577 0.019092 0.18768 0.25923 0.023458 -0.065456 0.042003 0.12432 -0.01516 -0.092124 0.041698 0.15067 0.018212 -0.095888 0.044589 0.16582 -0.022602 -0.04511 0.03553 0.081694
136.38 145.93 2.9521 4.3156 0.0026556 0.0063324 0.024343 0.0266 -0.0091621 -0.0076172 0.04767 0.07056 -0.0073885 0.0024062 0.020215 0.025961 -0.00050788 -0.0004301 0.0028411 0.003139 -0.006773 0.0090436 0.067712 0.081557 0.020713 0.086953 0.15852 0.19351 -0.020388 0.10482 0.12227 0.18407 -0.0089628 0.088977 0.16444 0.18008 -0.016088 0.050383 0.14058 0.15706 -0.0010097 -0.027479 0.18377 0.24664 0.060345 -0.01622 0.1634 0.22912 -0.046818 0.021194 0.29089 0.21856 -0.020618 -0.0090096 0.09943 0.086711 0.069763 0.10572 0.14322 0.1778 0.066713 0.011745 0.24295 0.44264 -0.077424 -0.032984 0.17311 0.19258
77.614 150.47 2.7649 1.4066 -0.04129 -0.060606 0.36183 0.31531 -0.11952 0.00044571 0.45175 0.28901 -0.049992 -0.016655 0.076713 0.047897 -3.1654e-05 5.246e-06 3.1654e-05 5.246e-06 -0.09278 -0.040289 0.28107 0.20635 -0.071608 -0.083215 0.30423 0.21944 -0.0299 0.021668 0.065676 0.039686 -0.00076693 0.00023637 0.00076693 0.00023637 -0.054055 -0.046231 0.13225 0.15776 0.00077154 0.0079144 0.21283 0.13012 -0.043872 -0.003092 0.12251 0.06715 -0.0034648 -0.00032072 0.0034648 0.0011999 -0.017774 0.016718 0.087497 0.078517 -0.02313 -0.01701 0.099006 0.048425 -0.013778 -0.010247 0.02211 0.01535 -0.00018521 -9.2845e-05 0.00018521 9.6856e-05
127.84 154.39 2.7945 5.2945 0.013752 -0.0080789 0.047318 0.055034 -0.011926 -0.012642 0.07688 0.1202 -0.0090192 0.012566 0.048226 0.049964 -0.0083978 0.016727 0.015268 0.017871 -0.027588 0.064855 0.17653 0.20596 -0.05679 0.033085 0.17836 0.25445 -0.014371 0.0077746 0.12069 0.14071 -0.0243 -0.016935 0.061335 0.065143 -0.045087 -0.047413 0.17027 0.18518 0.058203 -0.026199 0.31818 0.31445 -0.095408 0.083638 0.28711 0.26125 -0.018567 0.0051601 0.032242 0.038364 -0.052163 0.078467 0.13438 0.25002 -0.028902 0.10249 0.18722 0.23244 -0.0095114 0.026386 0.25867 0.16198 -0.054192 0.045252 0.099274 0.069671
72.486 155.23 2.7966 0.40019 -0.017379 0.015154 0.027964 0.029781 -0.000164 0.00020661 0.000164 0.00020661 0 0 0 0 0 0 0 0 -0.13215 0.1578 0.27973 0.26807 0.0085739 0.060597 0.050847 0.10393 -0.019122 0.034497 0.032591 0.049045 -0.00021725 0.00024339 0.00021725 0.00024339 -0.15279 -0.023978 0.27903 0.47306 0.027439 0.0017311 0.25572 0.3275 -0.07161 0.035841 0.12389 0.159 -0.0059073 0.0028553 0.0061394 0.0048767 -0.097205 0.053972 0.24677 0.22358 -0.030807 0.035633 0.1993 0.18632 -0.034913 0.033035 0.11029 0.14879 -0.0075457 -0.0013121 0.015052 0.015991
93.369 164.05 2.6598 3.3472 0.028351 0.0059001 0.028363 0.013923 0.0012227 0.070547 0.13181 0.11395 0.01023 0.0082619 0.20807 0.15563 0.0032234 0.033376 0.19132 0.21182 0.031919 -0.0061862 0.037683 0.025573 -0.00029281 -0.071524 0.20796 0.21417 0.065401 -0.045369 0.32388 0.19928 0.057744 -0.06348 0.3446 0.33049 0.011701 -0.0031718 0.018338 0.013384 0.035182 -0.015447 0.098095 0.16276 -0.027022 -0.00029035 0.1915 0.23748 0.10656 -0.012064 0.20863 0.32084 0.00017875 -1.0865e-05 0.00018128 1.0865e-05 0.019668 -0.019943 0.029446 0.041114 -0.013297 -0.035782 0.055339 0.093065 0.048591 -0.045879 0.07828 0.10842
140.12 172.84 2.9052 4.3153 0 -0 0 0 0 -0 0 0 0.0061611 0.0040978 0.012446 0.023849 -0.0018927 0.012707 0.013203 0.027396 0.011616 0.018508 0.02027 0.0222 0.050964 0.094765 0.10473 0.19229 -0.054278 0.029083 0.097795 0.12834 -0.00049313 -0.013175 0.043439 0.071949 -0.04034 0.049436 0.14898 0.10925 0.036819 0.013441 0.20381 0.28572 -0.062872 0.027277 0.1591 0.22393 -0.0018577 0.04568 0.038777 0.067678 0.0079149 -0.00033044 0.13192 0.13281 0.048526 0.028622 0.24829 0.29438 0.064917 0.048959 0.28586 0.42853 0.024329 0.10295 0.31569 0.28199
82.591 115.73 3.5578 0.9487 0 0 0 0 0 0 0 0 0 0 0 0 0 0 0 0 0.00033627 0.00092299 0.00033627 0.00092299 0.0080405 0.01409 0.011865 0.016608 -0.0099296 0.030537 0.077196 0.072854 -0.0049704 -8.7105e-05 0.0051095 0.0039726 0.097656 0.11209 0.23042 0.32911 -0.06339 0.073156 0.37715 0.58431 -0.075323 -0.011057 0.26444 0.21034 -0.013299 0.0053513 0.01822 0.011578 -0.050549 -0.054182 0.16705 0.19293 -0.014498 -0.043582 0.21771 0.20481 -0.037479 -0.013095 0.12466 0.094658 -0.0070083 0.0011202 0.032526 0.022637
104.43 140.76 3.6431 5.6503 0.00010619 0.0099696 0.0046497 0.0099696 0.010954 0.0094985 0.034866 0.041365 0.00019084 0.010366 0.041997 0.051629 -0.0070092 0.014199 0.017078 0.02559 0.020045 0.027664 0.13124 0.15734 -0.030147 0.097086 0.2189 0.23289 -0.017638 0.049909 0.14074 0.15052 -0.013295 -0.0036731 0.05002 0.061041 0.10352 -0.0037538 0.26151 0.16063 -0.099619 0.063725 0.42163 0.36523 -0.0050407 0.0022799 0.20772 0.1931 -0.015793 0.011456 0.08545 0.071134 0.038826 -0.032254 0.058164 0.043535 0.030948 -0.03321 0.29999 0.25674 -0.015958 0.086164 0.21164 0.17456 -0.032313 0.015584 0.083015 0.05829
146.53 140.8 3.3055 4.2113 -0.0048548 0.00015035 0.025014 0.037368 -0.008653 0.0028502 0.016016 0.022886 -0.0024237 0.0030771 0.0036673 0.0094705 -0.00030315 0.0022413 0.0004791 0.0022613 0.020916 0.030111 0.084471 0.093243 0.010172 0.10473 0.12622 0.18138 0.032212 0.10253 0.22152 0.22512 -0.061343 0.027186 0.12657 0.098552 -0.00053503 0.0051499 0.11743 0.13762 0.018388 -0.043861 0.13749 0.19621 0.013625 0.052176 0.38426 0.34757 -0.06365 -0.020309 0.11896 0.07318 0.0069746 0.024633 0.07362 0.070238 0.073992 0.090768 0.16011 0.25038 -0.09217 -0.077079 0.32959 0.39116 -0.021211 -0.0097116 0.024652 0.017704
129.41 163.79 3.7084 4.3535 1.9926e-06 9.0554e-07 1.9926e-06 9.0554e-07 0.0040717 0.0089391 0.0040717 0.0089391 0.00062844 0.016935 0.0092679 0.019928 -0.0021983 0.0020181 0.0082042 0.012445 0.010832 0.034611 0.073177 0.058824 0.0070843 0.03885 0.091225 0.12038 -0.03175 -0.0024207 0.084084 0.14735 -0.0069455 -6.5106e-05 0.012821 0.019354 0.021617 -0.010838 0.1215 0.10209 0.0039586 0.052886 0.1983 0.24199 0.037602 0.037436 0.21982 0.3445 0.021456 0.084842 0.25738 0.25071 0.053976 0.018306 0.11473 0.075844 -0.021927 0.0076108 0.24368 0.21819 0.095016 0.10854 0.20903 0.33385 -0.050264 0.0064015 0.3012 0.31929
119.45 171.01 3.1087 4.4283 -3.493e-05 9.0589e-06 4.6744e-05 2.0304e-05 2.4975e-05 8.5539e-05 2.5699e-05 8.802e-05 0.0046167 0.02174 0.0072895 0.02174 -0.0028375 0.020216 0.0086661 0.025598 0.052308 0.052251 0.065552 0.058507 -0.071993 0.085898 0.14702 0.1297 0.058206 0.015326 0.10781 0.17238 -0.037823 0.0069295 0.084219 0.12312 0.032248 -0.013203 0.14157 0.10125 -0.017527 -0.012014 0.22786 0.25075 0.015788 0.025804 0.20516 0.29522 -0.0060134 0.099525 0.18041 0.22918 -0.0055648 -0.0035195 0.093045 0.080502 0.060022 0.12995 0.29976 0.28001 -0.015483 0.035225 0.29435 0.34946 0.020136 -0.059576 0.15873 0.22294
104.89 174.72 3.7148 5.4357 6.9843e-18 -7.9096e-18 6.9843e-18 7.9096e-18 0.00066149 0.0011129 0.0022762 0.0032587 -0.00017212 4.7531e-05 0.00028424 0.00053719 0 0 0 0 0.0045772 0.021413 0.091297 0.10424 0.022835 0.076348 0.14123 0.19331 -0.051343 0.051913 0.07519 0.086799 -0.00057416 0.00039532 0.00057416 0.00039532 -0.0051573 0.10451 0.21328 0.24714 0.01406 0.047644 0.25191 0.38077 -0.044465 0.011138 0.18578 0.20479 -0.019181 0.032204 0.051196 0.04114 -0.056949 0.057034 0.31403 0.30149 -0.021458 0.01016 0.30666 0.30659 -0.040395 0.052097 0.22345 0.19986 -0.013808 -0.011611 0.061845 0.049375
138.03 174.23 3.5795 4.3848 0 -0 0 0 0 -0 0 0 -0.00045358 0.00205 0.0014848 0.00205 -0.00035005 0.00061352 0.0005615 0.00061352 -0.0010409 0.035007 0.017747 0.036336 0.037456 0.041408 0.064424 0.11936 -0.029526 0.024969 0.062812 0.10267 -0.0052179 0.0055457 0.01957 0.022481 -0.0059451 0.020148 0.16644 0.1393 0.021475 0.031582 0.20876 0.26235 -0.045898 0.14289 0.18444 0.30559 -0.007953 0.10987 0.072768 0.11892 0.051089 0.033354 0.14755 0.148 -0.014574 0.024915 0.29708 0.29406 0.052002 0.0079545 0.27845 0.35632 -0.033594 0.030876 0.34786 0.24992
87.04 108.38 5.1825 1.0329 0 0 0 0 0 0 0 0 0 0 0 0 0 0 0 0 0 0 0 0 0 0 0 0 0.0021765 0.012529 0.033917 0.034647 -0.0034917 0.0017834 0.006401 0.0057962 0.091095 0.099304 0.11684 0.1459 -0.033653 0.10357 0.38283 0.61213 -0.1033 0.031861 0.28467 0.28747 -0.016614 0.00307 0.024353 0.015614 0.00087358 -0.0034785 0.19685 0.22191 -0.021138 -0.055719 0.21331 0.24263 -0.042488 -0.022427 0.1449 0.11998 -0.0096989 0.002223 0.026002 0.017138
127.13 106.66 4.9029 1.6876 -0 0 0 0 -0 0 0 0 -0 0 0 0 -0 0 0 0 0.0050119 0.0098098 0.0050119 0.0098098 0.0029524 0.11149 0.026735 0.11149 -0.0050207 0.13132 0.024165 0.13132 -0.0032514 0.010647 0.0032758 0.010647 0.062915 0.041975 0.14394 0.14292 0.0090613 -0.0019289 0.19656 0.52002 -0.014538 0.0026722 0.23758 0.61198 -0.06113 0.033929 0.15508 0.17114 0.022965 -0.028906 0.048188 0.052537 -0.0073039 -0.042021 0.095688 0.14146 -0.012144 -0.048652 0.12481 0.16438 -0.018516 -0.022254 0.07656 0.0646
160.02 119.38 5.1308 2.3577 -0 0 0 0 -0 0 0 0 -0 0 0 0 -0 0 0 0 0.0029939 0.0035078 0.0029939 0.0035078 -0.00095925 0.07123 0.022738 0.07123 -0.0059802 0.04956 0.0069422 0.04956 -0.00011177 0.00038004 0.00011177 0.00038004 0.016896 -0.001919 0.017821 0.014254 0.069605 0.0092338 0.25799 0.27163 -0.023609 0.068592 0.46254 0.59604 -0.072788 0.10594 0.12558 0.15938 0.0055812 0.0020157 0.012291 0.0095986 0.035352 -0.035751 0.11736 0.1066 0.040681 -0.02319 0.18195 0.21716 -0.040221 -0.0036531 0.24064 0.19001
91.609 144.12 5.1309 5.7104 0 0 0 0 0.0020837 0.0034678 0.0038302 0.0041774 -0.0015148 0.010063 0.0079004 0.012382 -0.00041461 0.00061384 0.0012839 0.0017379 0.023514 0.012396 0.035737 0.048227 0.00087617 0.05895 0.10972 0.13825 0.015913 0.026823 0.095383 0.11921 -0.012535 0.013362 0.03832 0.051666 0.094362 -0.0072512 0.10001 0.050565 -0.0183 0.094264 0.51284 0.3632 -0.041384 0.022027 0.21156 0.2402 -0.018494 0.0038307 0.080863 0.07221 0.031931 -0.0098448 0.031931 0.012875 0.060358 -0.055667 0.39973 0.30223 -0.041635 0.074278 0.25812 0.21431 -0.033917 0.0022855 0.077565 0.04869
80.62 156.72 5.1532 5.7213 0 0 0 0 0 0 0 0 0 0 0 0 2.6555e-18 4.2182e-18 2.6555e-18 4.2182e-18 0.00069888 0.0031773 0.00069888 0.0031773 0.016856 0.019681 0.032966 0.045719 -0.0049005 0.033166 0.039572 0.076747 -0.0025567 0.010622 0.0056231 0.013785 0.060331 0.03753 0.13799 0.11706 -0.014838 0.16096 0.2939 0.32741 0.014838 0.066632 0.17225 0.24704 -0.02896 0.010624 0.058658 0.069849 0.10296 -0.0082743 0.20306 0.11331 -0.085929 0.064775 0.51959 0.42956 -0.049936 0.018475 0.19704 0.20821 -0.02174 0.00178 0.075282 0.055762
85.983 103.03 6.5911 0.99861 0 0 0 0 0 0 0 0 0 0 0 0 0 0 0 0 0 0 0 0 0 0 0 0 -0.0013299 0.01 0.016656 0.015219 -0.0011552 0.00086016 0.0011552 0.001015 0.046972 0.062103 0.071026 0.078604 0.018799 0.1628 0.43773 0.59416 -0.11592 0.059437 0.26517 0.26332 -0.0090015 0.005126 0.011541 0.0080291 0.054664 -0.0053074 0.14216 0.14029 -0.035014 -0.066983 0.26246 0.31604 -0.041465 -0.017774 0.14173 0.11751 -0.0077745 2.7127e-05 0.014319 0.0098899
126.29 102.5 6.783 1.7022 -0 0 0 0 -0 0 0 0 -0 0 0 0 -0 0 0 0 0.0011278 0.0019316 0.0011278 0.0019316 0.0084013 0.10628 0.036023 0.10628 -0.0064483 0.078654 0.022299 0.078654 -0.0009412 0.0010543 0.0009412 0.0010543 0.060009 0.0074277 0.090198 0.084169 0.051002 0.0059896 0.28035 0.55056 -0.078683 0.027001 0.33637 0.58029 -0.045031 0.012915 0.074886 0.084803 0.014513 -0.012526 0.019731 0.02341 0.021155 -0.055813 0.10017 0.15927 -0.021805 -0.050672 0.13496 0.15825 -0.012929 -0.0076595 0.027659 0.023088
90.825 150.15 5.9831 5.667 0 0 0 0 0.00093719 0.0017186 0.0010345 0.0017186 0.00057282 0.00091685 0.00082963 0.0010848 2.1882e-05 -3.8366e-06 6.7202e-05 6.1118e-05 0.0098456 0.012675 0.014517 0.029815 -0.00051471 0.044521 0.058984 0.10228 6.1125e-05 0.019825 0.084194 0.10639 -0.0096649 0.0052266 0.016785 0.021491 0.079968 -0.0075891 0.085373 0.055032 -0.037968 0.14179 0.49326 0.4109 -0.059498 0.034467 0.19926 0.21933 -0.021658 0.0061962 0.05932 0.052759 0.025526 -0.0084442 0.025526 0.012113 0.05302 -0.06636 0.38285 0.32003 -0.056595 0.031092 0.29126 0.24969 -0.026363 0.0063065 0.048821 0.032319
162.76 101.39 9.3601 2.0743 -0 0 0 0 -0 0 0 0 -0 0 0 0 -0 0 0 0 -0 0 0 0 -0 0 0 0 -0 0 0 0 -0 0 0 0 -0 0 0 0 0.11174 0.03478 0.18954 0.26217 -0.016991 0.15229 0.3899 0.72171 -0.049864 0.043872 0.078728 0.1054 -1.136e-17 2.0622e-17 1.136e-17 2.0622e-17 0.040868 -0.033684 0.084396 0.0914 0.013063 -0.085781 0.21293 0.28688 -0.030989 -0.017574 0.057509 0.074399
117.49 126.34 14.939 1.5933 -0 0 0 0 -0 0 0 0 -0 0 0 0 -0 0 0 0 -0 0 0 0 0.10529 0.15414 0.24138 0.59384 -0.10609 0.090878 0.18259 0.38044 -0.0021635 0.00017107 0.0021738 0.0010797 -2.9841e-19 1.3266e-17 2.9841e-19 1.3266e-17 0.086274 -0.12946 0.23934 0.3995 -0.092741 -0.083255 0.18109 0.25904 -0.0025379 -0.00027582 0.002545 0.0011288 -5.8163e-20 2.5856e-18 5.8163e-20 2.5856e-18 0.00099459 -0.0044595 0.0037985 0.0044878 -0.0011172 -0.0044956 0.0036415 0.0044994 -3.099e-05 -2.3069e-05 3.099e-05 2.3069e-05
