68 64
103.78 120.21 2.2175 1.924 -0 0 0 0 -0 0 0 0 -0 0 0 0 -0 0 0 0 -0.027175 0.089522 0.050256 0.10185 -0.020729 0.13664 0.033049 0.13689 -0.0057453 0.19787 0.067275 0.19994 -0.020904 0.081548 0.031896 0.083484 0.014957 -0.036374 0.11101 0.15743 0.044156 0.0063497 0.19157 0.46271 -0.032624 0.038519 0.32728 0.51229 -0.067109 0.039743 0.20369 0.26972 -0.0018418 -0.023074 0.025529 0.033422 0.051109 -0.06069 0.075071 0.098846 0.0040838 -0.036187 0.090755 0.11383 0.01474 -0.035407 0.075049 0.056182
85.522 126.2 1.9917 4.4736 0.0057312 0.011631 0.051354 0.03196 0.052113 -0.0078466 0.090899 0.078682 -0.034027 0.015341 0.077383 0.083202 0.0037154 0.054536 0.039632 0.064552 0.03237 -0.0087298 0.13084 0.10681 0.025522 0.042268 0.15378 0.17953 0.08914 0.1064 0.18694 0.19532 -0.0008689 0.033893 0.16423 0.27146 0.038473 -0.02799 0.04701 0.038162 0.088661 -0.078301 0.15561 0.27759 0.023973 -0.12537 0.34493 0.57587 -0.0684 -0.09392 0.13127 0.21772 0.00063644 -0.00072581 0.00063644 0.00072581 0.0093539 -0.027462 0.012044 0.027603 -0.0070162 -0.048911 0.017614 0.054062 -0.0015119 -0.0068874 0.0031555 0.0077581
103.46 126.01 1.8805 1.8833 -0.0018742 0.015253 0.0040085 0.015253 -0.00020426 0.00047776 0.00020426 0.00047776 0.0012274 0.0034842 0.0020201 0.0034842 -0.00023792 0.0012892 0.0004929 0.0012892 -3.3249e-05 0.063641 0.10827 0.164 0.019704 0.20568 0.11981 0.37364 0.012448 0.22189 0.26053 0.47401 -0.06881 0.1031 0.16672 0.26513 0.011611 -0.066581 0.06368 0.080696 0.070009 -0.1728 0.12955 0.27759 -0.0024715 -0.12712 0.16411 0.23407 -0.0026609 -0.073265 0.13708 0.1279 -0.0048705 -1.4792e-05 0.019006 0.01904 0.033859 0.011355 0.047893 0.041851 0.028293 0.0052504 0.057947 0.077758 -0.021475 -0.0031426 0.066777 0.036998
168.04 126.48 2.2417 2.1169 -0 0 0 0 -0 0 0 0 -0 0 0 0 -0 0 0 0 0.0095968 0.015114 0.0095968 0.015114 0.069301 0.15804 0.086524 0.22244 -0.04218 0.20051 0.090654 0.23824 -0.015169 0.028366 0.016275 0.028489 0.037573 0.0061242 0.042177 0.060925 0.10495 -0.055 0.16804 0.29596 0.13408 -0.045103 0.31918 0.4678 -0.14093 0.17058 0.23121 0.25818 0.03553 0.019863 0.050301 0.046263 -0.042925 -0.0024143 0.13447 0.11353 0.043423 -0.070645 0.14757 0.1402 0.017316 -0.075243 0.14334 0.20729
123.14 127.39 2.0817 1.6727 -0 0 0 0 -0 0 0 0 -0 0 0 0 -0 0 0 0 -0.021935 0.11468 0.054611 0.16982 0.0026034 0.20291 0.16839 0.23618 0.0050112 0.208 0.13296 0.26051 0.037434 0.20383 0.072982 0.25008 0.03194 -0.064438 0.080047 0.13258 -0.0068713 -0.10188 0.3938 0.25453 0.015699 -0.11458 0.21488 0.28281 0.036055 -0.14358 0.11571 0.31822 0.007408 -0.022102 0.049049 0.061049 -0.0093744 -0.041165 0.14541 0.11264 -0.0067079 -0.033659 0.056666 0.067291 0.016611 -0.0093903 0.037656 0.032257
173.69 133.77 1.9049 2.8691 -0 0 0 0 -0 0 0 0 -0 0 0 0 -0 0 0 0 -0.014699 0.01104 0.033175 0.042054 0.044408 0.037547 0.065495 0.075424 -0.022594 0.16669 0.094006 0.19754 -0.01409 0.028474 0.015495 0.028733 0.023538 0.054051 0.059456 0.10624 0.04173 0.11833 0.18644 0.21726 0.12242 0.059839 0.40694 0.36689 -0.14451 0.099934 0.23103 0.14943 0.038667 -0.011681 0.041997 0.036825 -0.049245 -0.06223 0.1372 0.12185 0.22975 -0.030643 0.33171 0.16485 -0.15907 0.027076 0.29716 0.11771
172.02 139.73 2.027 2.9154 -0.00019728 0.013116 0.0069075 0.0132 -0.00097505 0.0050728 0.0032004 0.0050728 0.00014423 0.00062688 0.00014423 0.00062688 -0 0 0 0 -0.011452 0.014379 0.05348 0.079413 -0.0020696 0.056333 0.071856 0.10301 0.09264 0.13537 0.16026 0.21938 -0.070696 0.13926 0.13713 0.15915 0.040187 0.0045463 0.058189 0.07611 0.041624 0.095677 0.18902 0.23262 0.10136 -0.025408 0.31015 0.26507 -0.049854 0.096449 0.41727 0.26059 0.026781 -0.0084147 0.03781 0.034876 -0.023263 -0.078633 0.09696 0.091563 0.071764 -0.038531 0.21826 0.10093 0.0049393 0.0048772 0.38397 0.13865
127.04 141.48 2.0223 5.2898 -0.011023 -0.0090334 0.028558 0.029616 -0.0096177 0.0028342 0.075563 0.081433 0.0031654 -0.0043673 0.078565 0.074223 -0.010025 -0.014586 0.085931 0.051217 -0.042055 0.10425 0.08848 0.11963 -0.032866 0.070406 0.15528 0.18133 -0.00055771 0.055189 0.19847 0.19927 -0.011795 0.0032819 0.06519 0.06364 0.017312 -0.028721 0.188 0.27027 -0.07477 0.19507 0.37761 0.34605 -0.090385 0.12478 0.20986 0.19016 -0.024505 0.019133 0.056867 0.049788 0.025957 -0.066343 0.039054 0.079966 0.079495 -0.1166 0.20473 0.21159 -0.027385 0.071118 0.16798 0.25067 -0.063006 0.084973 0.08925 0.11623
164.29 141.95 2.0777 0.60836 0.10639 0.042326 0.18895 0.12227 -0.13132 -0.1435 0.37174 0.31197 -0.091225 -0.089585 0.1359 0.15404 -0.0053436 -0.016534 0.034898 0.044771 0.070854 -0.076926 0.2914 0.14911 -0.11305 -0.018664 0.30927 0.29836 -0.03367 0.11768 0.12447 0.2152 -0.01488 0.035388 0.039981 0.063726 0.017984 -0.0749 0.11049 0.075177 0.080021 -0.1213 0.20984 0.20187 -0.05946 -0.053406 0.14794 0.13099 -0.030823 -0.018702 0.038633 0.051638 -0.00012791 -0.0029156 0.0023784 0.0029156 0.02705 -0.0048391 0.054983 0.064352 -0.0047758 -0.014253 0.055337 0.081343 -0.013179 -0.00088565 0.022253 0.043732
180.12 149.23 1.9239 2.7141 -0 0 0 0 -0 0 0 0 -0 0 0 0 -0 0 0 0 0.0194 0.046006 0.038811 0.048837 0.0097389 0.094447 0.095196 0.14321 -0.0061792 0.027445 0.076165 0.081496 0.10353 0.10931 0.12164 0.21614 -0.0076124 0.01654 0.12793 0.12714 0.030734 0.045744 0.21617 0.2522 0.1246 0.24643 0.21221 0.39113 0.083795 0.079752 0.30066 0.36414 -0.031518 -0.013149 0.10464 0.068297 0.070106 -0.0097206 0.11862 0.12826 0.13055 -0.0515 0.15087 0.14999 -0.084378 -0.071712 0.21067 0.16382
68.168 156.18 2.2902 2.7495 0.015007 -0.011252 0.024566 0.032177 0.065048 -0.10019 0.097421 0.13127 0.0033425 -0.18646 0.1834 0.28031 0.024093 -0.034656 0.32775 0.29209 -0.041737 0.13771 0.055095 0.18491 0.0011718 0.15208 0.089076 0.29624 0.021878 0.02856 0.2152 0.27955 -0.074447 -0.13216 0.21865 0.22111 -0.022082 -0.12875 0.036955 0.17276 -0.016123 -0.18764 0.059786 0.2543 -0.047702 -0.11081 0.064708 0.14876 -0.0075961 -0.01034 0.0089882 0.011409 -0.00013852 -0.0051679 0.0007422 0.0051679 -0.00038893 -0.0013735 0.00044562 0.0013735 -0 0 0 0 -0 0 0 0
172.2 159.74 2.3706 3.5911 0.010318 0.087434 0.035429 0.1034 -0.024536 0.10191 0.060086 0.13688 -0.052734 0.10686 0.065997 0.13253 -0.0080253 0.006924 0.0090038 0.0089573 -0.04862 -0.11149 0.076947 0.20125 0.0087961 -0.088472 0.10696 0.33003 -0.0069748 0.0027064 0.145 0.3064 -0.04661 0.017621 0.086347 0.087342 0.0076789 -0.0282 0.073186 0.10263 0.087546 0.018444 0.11385 0.20463 0.10214 0.1494 0.23749 0.26604 -0.05995 0.12371 0.18175 0.18332 0.013739 0.028737 0.071702 0.073786 0.0528 0.012028 0.093113 0.14822 0.12375 -0.082847 0.18199 0.20579 -0.056135 -0.041304 0.24872 0.23233
181.53 160.43 2.2514 3.0163 -0 0 0 0 -0 0 0 0 -0 0 0 0 -0 0 0 0 0.017451 0.063921 0.019376 0.065907 0.034374 0.2044 0.11926 0.2438 -0.03695 0.1405 0.13155 0.22047 -0.026276 0.038234 0.050456 0.057947 0.030663 0.10326 0.13672 0.17185 -0.087868 -0.064244 0.21947 0.3464 0.02241 0.050088 0.19836 0.3798 -0.021595 0.20277 0.11452 0.28041 -0.079522 -0.057912 0.12358 0.11261 -0.0083991 -0.049806 0.12628 0.16818 0.10843 -0.01819 0.13482 0.15717 0.046079 -0.0053907 0.19383 0.2008
154.4 164.07 2.0573 4.2928 0.0021912 -0.031808 0.037875 0.082158 0.0015438 -0.072829 0.053251 0.1642 0.049426 -0.10677 0.094242 0.19498 0.031247 -0.073934 0.081183 0.13106 0.02328 0.0012261 0.081371 0.062158 -0.02282 0.028514 0.13096 0.16714 0.049668 0.033271 0.1155 0.16168 0.03662 0.015639 0.15311 0.15386 0.020848 0.02236 0.22681 0.19504 0.035961 -0.050657 0.28669 0.31208 0.081479 0.065867 0.20448 0.22614 0.023228 0.15444 0.16697 0.16783 -0.014755 0.01524 0.16803 0.16029 -0.0046943 0.0042028 0.12417 0.12108 0.10134 -0.030079 0.14749 0.17795 0.078312 -0.075544 0.19455 0.24192
165.63 163.82 1.8614 3.8723 0.026416 0.008358 0.06277 0.13938 -0.024853 -0.02615 0.062464 0.22921 -0.031113 0.026007 0.088812 0.17434 -0.037705 0.041279 0.049978 0.065706 -0.019273 -0.095748 0.078924 0.14358 0.021221 -0.12285 0.083895 0.29362 0.048882 -0.069222 0.14982 0.31693 -0.028444 -0.0044658 0.13756 0.17057 -0.010923 0.024471 0.078615 0.085366 0.067237 0.066085 0.11161 0.16753 0.12956 0.092965 0.18468 0.20071 -0.092008 0.13334 0.21715 0.19636 0.016253 0.0058076 0.10648 0.12035 0.038875 -0.031211 0.11711 0.15879 0.12096 -0.074521 0.1433 0.18746 -0.048165 -0.06123 0.23711 0.2512
184.51 168.24 2.0037 3.386 0 -0 0 0 0 -0 0 0 0 -0 0 0 0 -0 0 0 0.012654 0.030767 0.014978 0.030767 -0.0087823 0.14639 0.037735 0.14639 -0.022396 0.1707 0.045837 0.17306 -0.0037201 0.012559 0.0086379 0.013439 0.064659 0.18143 0.1288 0.24081 -0.061853 0.01994 0.18775 0.38401 -0.095197 0.030103 0.1819 0.45095 -0.056475 0.052553 0.12594 0.16925 -0.053919 -0.09679 0.1096 0.1603 -0.020311 -0.09374 0.13167 0.25126 0.067105 -0.0032302 0.11161 0.2496 -0.02434 0.11888 0.13205 0.21137
146.01 173.5 2.056 3.5571 0.044259 -0.0053378 0.084736 0.074497 -0.055936 -0.11232 0.18372 0.16669 -0.057927 -0.1105 0.12313 0.15613 0.022205 -0.020891 0.047234 0.10839 0.013071 -0.024225 0.14132 0.12062 -0.027677 -0.032393 0.20706 0.14748 -0.01335 0.035227 0.18859 0.15028 0.059259 0.044044 0.099418 0.15986 -0.0086756 -0.020862 0.091135 0.14352 0.011477 -0.031918 0.064826 0.079427 0.072462 0.0087551 0.22905 0.31063 -0.048619 -0.037278 0.16311 0.19334 -0.001687 -0.01713 0.022031 0.042996 0.099679 0.065118 0.13751 0.20318 -0.0029548 0.05327 0.24856 0.42402 -0.012094 0.036383 0.15163 0.16383
157.97 182.51 1.9322 1.165 -0.025904 -0.027431 0.080877 0.091087 0.0020196 -0.028472 0.070601 0.11722 -0.0055819 -0.030777 0.12725 0.13409 -0.0064592 -0.008756 0.031675 0.030966 -0.060376 0.14692 0.13257 0.22516 -0.043114 0.20567 0.10678 0.29304 0.0021808 0.11897 0.10676 0.25938 -0.019617 0.028189 0.079988 0.14172 0.076157 -0.10631 0.15154 0.24896 -0.063261 -0.081925 0.17797 0.45028 -0.11343 -0.071398 0.15143 0.3384 -0.043235 -0.031412 0.092372 0.16009 0.013791 -0.035216 0.015043 0.036186 -0.0050339 -0.09226 0.022295 0.10368 -0.017245 -0.055094 0.020103 0.06793 -0.0066083 -0.01511 0.0096497 0.021239
130.46 183.77 2.0287 0.40317 -0.083236 0.064357 0.18651 0.25511 -0.02223 -0.00091172 0.023405 0.017122 0.065491 -0.0044165 0.080327 0.033293 0.0027092 -0.054263 0.1398 0.095637 -0.092685 -0.10139 0.24173 0.44222 0.012122 0.041984 0.11193 0.16318 0.0016812 0.052064 0.1336 0.18501 -0.014317 -0.036189 0.077711 0.062597 -0.069649 0.027327 0.14779 0.1439 0.091417 0.034645 0.20781 0.27392 -0.070584 0.012048 0.18133 0.26396 -0.005326 0.001353 0.015247 0.011006 0.0067299 -0.0072797 0.13605 0.096424 0.0079145 0.040324 0.22831 0.20477 -0.074812 0.016287 0.17271 0.14257 -0.010089 -0.0011317 0.013979 0.0081108
175.86 183.9 2.0663 3.8108 8.2544e-16 1.4827e-15 3.9516e-15 2.5092e-15 -1.0215e-16 2.7994e-15 7.8364e-15 4.0588e-15 0 -0 0 0 0 -0 0 0 0.012343 0.027036 0.012343 0.027036 0.024285 0.15772 0.033527 0.15772 -0.0052244 0.17177 0.031355 0.17177 -0.017261 0.050657 0.020356 0.050657 0.10475 0.11574 0.13371 0.19549 0.061598 0.0509 0.17932 0.46081 -0.077752 -0.0032705 0.14261 0.44749 -0.045052 0.074975 0.14035 0.25325 0.0010909 -0.060819 0.098544 0.13031 -0.030463 -0.14877 0.11082 0.2179 0.015038 -0.10471 0.084792 0.23422 0.018186 -0.020877 0.091276 0.18941
142.94 185.95 2.129 1.4002 0.0132 -0.029548 0.071911 0.11554 -0.027182 -0.05342 0.19538 0.18375 -0.0040717 -0.058488 0.1361 0.12611 -0.016521 -0.024786 0.047958 0.049819 -0.041381 0.15358 0.076253 0.26836 -0.016036 0.11926 0.13814 0.32113 0.012912 0.070831 0.24494 0.15842 -0.040994 0.019839 0.15486 0.076374 -0.062344 -0.10958 0.11397 0.33009 -0.074389 -0.044889 0.22602 0.41366 -0.050748 -0.057294 0.1957 0.2323 -0.013404 -0.019716 0.069803 0.041304 0.0015444 -0.061648 0.016056 0.06983 -0.0097287 -0.060373 0.039266 0.0955 -0.014146 -0.024038 0.021865 0.043788 -0.00077642 -0.00098107 0.0019985 0.0030972
135.81 192.29 1.9382 5.4157 -0.050313 -0.020054 0.083927 0.11471 -0.011067 0.0022683 0.014561 0.01597 -3.0068e-05 3.5456e-05 3.0068e-05 3.5456e-05 0 0 0 0 0.042266 -0.0058451 0.092857 0.096828 0.0085196 0.084102 0.21844 0.20608 0.0037663 0.055175 0.097093 0.087458 -0.0087207 0.016346 0.017748 0.018324 0.041844 0.027353 0.096919 0.079376 0.10862 0.010332 0.33833 0.26635 0.020334 0.091489 0.4058 0.33788 -0.039703 0.056309 0.1438 0.10911 -0.067284 0.017287 0.1414 0.10027 0.024636 0.015933 0.1201 0.12694 0.11507 -0.043033 0.27497 0.24088 -0.046867 0.097228 0.21456 0.15766
144.07 196.08 1.8133 4.7361 0 0 0 0 0 0 0 0 0 0 0 0 0 0 0 0 -0.0011842 0.0023566 0.0069824 0.012706 0.036995 0.032266 0.062214 0.11124 -0.011458 0.10912 0.082691 0.17216 -0.017301 0.069029 0.023792 0.069207 0.012107 0.035454 0.23765 0.088016 0.080056 0.055572 0.27199 0.334 0.095953 0.088947 0.2777 0.46597 0.02829 0.1627 0.15062 0.32236 0.010241 -0.024205 0.12224 0.048076 0.019908 -0.051327 0.10119 0.12385 0.037178 -0.083194 0.10094 0.2339 0.083099 -0.11346 0.10228 0.21516
104.23 198.22 2.0213 4.6297 0 -0 0 0 0 -0 0 0 0 -0 0 0 0 -0 0 0 0.00020125 0.00087782 0.0011036 0.00097695 0.015935 0.088026 0.01809 0.088084 -0.0056772 0.13349 0.054919 0.1614 -0.0060309 0.019656 0.015961 0.034236 0.10561 0.26297 0.17113 0.31731 -0.097908 0.19838 0.2794 0.40538 -0.14172 0.048298 0.24306 0.2745 -0.044514 -0.0045278 0.098169 0.11204 -0.10015 -0.044916 0.19801 0.23076 -0.13673 -0.17588 0.16526 0.21833 -0.053226 -0.076737 0.07533 0.091792 -0.0048999 -0.010105 0.013055 0.015917
92.41 111.21 2.5121 1.7473 -0 0 0 0 -0 0 0 0 -0 0 0 0 -0 0 0 0 -0 0 0 0 -0.00026711 0.0014979 0.00026711 0.0014979 -8.4204e-05 0.00047221 8.4204e-05 0.00047221 -0 0 0 0 0.042363 0.091443 0.10632 0.35406 0.015401 0.13849 0.27829 0.61025 -0.13297 0.11275 0.25541 0.34719 -0.022089 0.010136 0.024528 0.01358 0.023466 -0.060403 0.066749 0.12407 0.021453 -0.065589 0.13211 0.18292 -0.054383 -0.036541 0.24983 0.12902 -0.025962 0.0030354 0.04919 0.013728
129.54 122.03 2.7877 1.5981 -0 0 0 0 -0 0 0 0 -0 0 0 0 -0 0 0 0 -0.022049 0.14565 0.039679 0.15339 -0.011182 0.1174 0.024137 0.1174 0.0060978 0.13625 0.026423 0.13625 0.046881 0.15069 0.057841 0.16923 -0.0020334 -0.077135 0.11867 0.34668 0.0018353 -0.0046135 0.19446 0.38983 0.0030677 -0.02381 0.22085 0.42533 0.037363 -0.062075 0.1432 0.4234 -0.012441 -0.019526 0.044761 0.051539 0.015809 -0.057611 0.10271 0.11439 -0.010181 -0.053912 0.1064 0.1069 0.022732 -0.025135 0.056987 0.048021
143.56 121.54 3.1746 1.3995 0 0 0 0 0 0 0 0 0 0 0 0 0 0 0 0 0.012786 0.045436 0.012786 0.045436 -0.0037772 0.15802 0.029156 0.15802 0.018753 0.16495 0.045988 0.16495 0.036618 0.12033 0.079843 0.16944 0.077265 0.019574 0.13138 0.22001 -0.023726 -0.052532 0.1721 0.61074 -0.013497 -0.021174 0.18612 0.42458 -0.023245 -0.07334 0.17763 0.22279 0.02901 -0.019657 0.079432 0.073288 -0.044464 -0.035211 0.082116 0.1173 0.00026 -0.048607 0.068664 0.08031 -0.0020417 -0.011778 0.054609 0.05542
152.64 126.68 2.763 1.3821 0 0 0 0 0 0 0 0 0 0 0 0 0 0 0 0 0.033606 0.03189 0.037338 0.039236 0.065049 0.23803 0.13498 0.36854 -0.038707 0.22122 0.10442 0.4186 0.021483 0.088222 0.12925 0.21621 0.078311 -0.017863 0.105 0.084259 0.0088791 -0.090987 0.21594 0.38331 -0.027415 -0.14707 0.12422 0.33944 -0.017578 -0.099783 0.14209 0.17309 0.027267 -0.0039153 0.042401 0.021897 -0.0099461 -0.024326 0.092856 0.088414 -0.018242 0.00070257 0.052143 0.056154 0.0017815 -4.2407e-05 0.054669 0.049302
131.85 131.25 2.6739 4.7317 -0.0090851 0.00071352 0.043426 0.031485 0.0021771 -0.0007244 0.096163 0.079035 -0.0057354 -0.00012769 0.059472 0.055229 0.017784 0.012633 0.031847 0.033701 -0.0046552 0.1508 0.085265 0.16991 0.013451 0.18968 0.28981 0.24799 -0.024343 0.19862 0.14594 0.24642 0.01495 0.1163 0.093055 0.1902 -0.054772 -0.10763 0.116 0.35299 -0.0096226 -0.16166 0.14786 0.30612 0.048801 -0.16282 0.10857 0.32852 0.0055072 -0.10961 0.090877 0.29529 -0.0042958 -0.0084359 0.0043582 0.0097425 2.4146e-05 -0.0012491 2.4146e-05 0.0012491 0.00076229 -0.0011348 0.00076229 0.0011348 0.0012517 -0.013002 0.0024068 0.013002
104.31 135.78 2.8559 4.7898 0.0024725 0.014162 0.036343 0.029011 -0.0042844 0.036029 0.040031 0.042696 -0.010197 0.0047444 0.052299 0.047814 0.0009133 0.0035408 0.047669 0.036482 0.041388 0.019969 0.14156 0.089647 -0.085269 0.03378 0.13417 0.12095 -0.0021025 0.049317 0.101 0.096126 0.0035864 0.0523 0.078509 0.0992 0.079376 0.0052641 0.20458 0.22847 -0.024941 0.025266 0.27761 0.52512 -0.032566 -0.029429 0.1793 0.5076 -0.0028622 -0.031785 0.11416 0.2224 0.025722 -0.045886 0.033727 0.072323 -0.029761 -0.10912 0.080367 0.15419 -0.00792 -0.058217 0.018822 0.069634 0.00048853 -0.026928 0.0087043 0.030602
145.05 152.13 2.9514 0.41195 0.09582 0.03245 0.15905 0.090102 -0.12268 -0.037801 0.27282 0.20565 -0.022221 -0.0039487 0.11834 0.11805 -0.0062525 -0.0090175 0.036932 0.034998 -0.016846 0.01948 0.48273 0.30057 -0.13893 -0.10355 0.21441 0.19303 0.013147 -0.011538 0.14132 0.17198 -0.01648 -0.011692 0.054695 0.060671 -0.076178 -0.057074 0.32822 0.2364 -0.064767 0.056475 0.13145 0.1797 -0.026303 -0.010498 0.084829 0.10015 0.001971 0.0059482 0.03699 0.035701 0.012124 -0.050646 0.079989 0.082576 -0.030605 -0.037636 0.071917 0.11134 -0.0027645 0.026093 0.037464 0.073045 0.0075071 0.025936 0.041328 0.04147
106.69 153.89 2.5449 3.0278 0.014736 -0.0014933 0.0332 0.03264 0.007694 0.0073736 0.094557 0.13035 0.10054 -0.019683 0.15839 0.16793 -0.042345 -0.0040406 0.22383 0.11831 0.0091387 -0.00091865 0.017011 0.013329 0.016882 0.0087244 0.10156 0.14651 0.047735 -0.0071992 0.12399 0.14673 0.022166 0.047064 0.55435 0.22351 -0.016131 0.017135 0.033697 0.024155 0.053418 -0.011891 0.095407 0.1011 0.065603 0.10648 0.14109 0.18672 0.17161 -0.031561 0.36726 0.20444 -0.022311 0.029006 0.054933 0.058851 0.0024624 0.023858 0.05239 0.065711 0.059639 -0.058619 0.091778 0.14394 0.038606 -0.043348 0.1461 0.17766
161.94 157.19 2.5206 4.7248 0.0052841 -0.0025257 0.022493 0.027271 0.021933 -0.031618 0.04166 0.07763 0.0086004 -0.015323 0.10721 0.098287 -0.028355 0.010025 0.032833 0.01791 0.0011372 0.0041154 0.12226 0.099606 -0.00069012 0.049287 0.089354 0.10672 0.048486 0.010543 0.16334 0.10965 -0.040014 -0.0058426 0.095092 0.043343 -0.019441 0.035071 0.12677 0.097772 0.12298 0.019587 0.19323 0.18428 -0.093056 0.029163 0.26017 0.1748 -0.026645 -0.016002 0.056976 0.034211 0.0060859 0.054089 0.13401 0.31345 0.0058263 0.19272 0.2024 0.53366 -0.13773 0.039593 0.23132 0.28416 -0.021032 -0.0012804 0.023168 0.015511
76.258 159.96 2.637 2.7857 0.013028 -0.00021945 0.027053 0.021983 0.059249 -0.014443 0.089017 0.11113 0.10503 0.050504 0.2158 0.21476 0.096009 -0.073539 0.31292 0.24698 -0.044058 0.091186 0.085588 0.13222 0.011321 0.074734 0.092014 0.17102 0.072522 -0.078355 0.19108 0.33242 -0.0013855 -0.11865 0.33206 0.3673 0.031146 -0.086806 0.072577 0.15299 -0.037128 -0.068038 0.072023 0.27477 -0.026027 -0.066224 0.089043 0.22168 -0.028258 -0.048422 0.053249 0.074442 0.0014385 -0.0073554 0.0018499 0.0073554 -0.0025007 -0.019516 0.0039822 0.019516 -0.0014524 -0.010406 0.0028004 0.0105 -0.00020933 -0.00046626 0.00025929 0.00051154
92.146 160.02 2.6439 5.13 0.036316 0.025466 0.040317 0.031193 0.034107 0.0077633 0.098155 0.1637 -0.03088 -0.048878 0.058636 0.1648 -0.021372 -0.012262 0.030622 0.061889 0.027026 0.0019196 0.14196 0.12303 -0.049634 -0.032327 0.10676 0.16231 -0.007371 0.032692 0.046876 0.11293 -0.0087148 -0.0002868 0.015208 0.026404 0.048061 0.061375 0.32522 0.13088 -0.042399 0.19829 0.23809 0.23543 -0.07697 0.0181 0.17609 0.16447 -0.0071595 0.013738 0.099198 0.10365 0.063856 0.077232 0.29621 0.15898 -0.091511 0.15142 0.25253 0.36615 -0.059914 0.096132 0.15386 0.19051 -0.009623 0.026587 0.13428 0.11378
78.02 163.46 2.9412 2.6798 0.014777 -0.0043169 0.024772 0.024164 0.052914 -0.019757 0.095349 0.12705 0.1248 0.017107 0.19305 0.21014 0.06554 -0.1036 0.27895 0.24031 -0.037224 0.10096 0.073182 0.125 0.015137 0.078418 0.087609 0.17034 0.084363 -0.078518 0.1701 0.30865 -0.0051462 -0.092473 0.35327 0.33686 0.046413 -0.092684 0.083308 0.17814 -0.048481 -0.058429 0.088669 0.30535 -0.036465 -0.068283 0.093384 0.27523 -0.034102 -0.043084 0.064037 0.07494 0.0042877 -0.01338 0.0046844 0.01338 -0.0027535 -0.028734 0.0070145 0.028734 -0.0044479 -0.018122 0.0044479 0.018122 -0.00046903 -0.0013842 0.00046903 0.0013842
65.335 165.77 2.767 5.9814 0 0 0 0 0 0 0 0 0 0 0 0 0 0 0 0 0.0062256 0.01185 0.0062256 0.01185 0.0067277 0.09234 0.01359 0.09234 0.0023795 0.11782 0.016963 0.11782 -0.0030227 0.019567 0.0040924 0.019567 0.01889 0.087073 0.19259 0.2574 0.020448 -0.018323 0.1106 0.42441 0.084286 0.011531 0.13853 0.42062 -0.076986 0.10953 0.14429 0.2279 -0.014184 0.11919 0.28109 0.32121 -0.11604 0.11931 0.17451 0.24327 -0.0072821 -0.019604 0.074912 0.10479 0.038224 -0.070604 0.08245 0.10434
176.04 174.75 2.9705 3.6198 3.7501e-16 1.9438e-16 3.7501e-16 1.9438e-16 7.8453e-17 4.0664e-17 7.8453e-17 4.0664e-17 0 -0 0 0 0 -0 0 0 0.042199 0.05466 0.04473 0.062266 0.032557 0.22195 0.090834 0.25091 -0.056881 0.18371 0.1013 0.27151 -0.030829 0.040109 0.034282 0.056872 0.073886 0.010206 0.16338 0.15186 -0.055509 -0.16565 0.18166 0.35991 0.03976 -0.072078 0.18502 0.36402 -0.067297 0.066558 0.17034 0.19205 -0.0076842 -0.025746 0.082897 0.073775 0.023352 0.026485 0.10638 0.11215 0.12937 0.0087488 0.15676 0.16207 0.0073353 0.017104 0.25067 0.27227
168.71 181.94 3.1462 0.8137 0.012857 -0.1049 0.19997 0.19537 -0.077387 -0.069861 0.11656 0.18231 -0.018415 -0.026055 0.11495 0.11563 -0.0026312 0.012909 0.061974 0.068654 0.038688 -0.014687 0.17799 0.27197 -0.014137 0.19028 0.16101 0.42108 -0.040631 0.15451 0.21636 0.33877 -0.062556 -0.014395 0.1186 0.14306 0.046139 -0.06062 0.05368 0.076204 0.060268 -0.19424 0.092131 0.30134 -0.064263 -0.1511 0.093807 0.22467 -0.020031 -0.023987 0.022824 0.031883 0 0 0 0 0 0 0 0 -6.2384e-16 -6.6019e-16 6.2384e-16 6.6019e-16 0 0 0 0
157.87 186.99 3.1042 0.99485 -0.051602 -0.086422 0.14028 0.16071 -0.027368 -0.045332 0.12492 0.19202 -0.011144 -0.025764 0.11914 0.14572 -0.0047536 0.0045088 0.048201 0.042475 -0.019979 0.10289 0.16062 0.29067 -0.029448 0.2541 0.16144 0.35713 -0.041331 0.076975 0.18696 0.31341 -0.033428 -0.0065562 0.080228 0.084407 0.068862 -0.11565 0.086459 0.17443 -0.051304 -0.19991 0.15736 0.4006 -0.090304 -0.10707 0.10894 0.19057 -0.010587 -0.0098202 0.013324 0.021747 0.00022106 -0.0019506 0.00022106 0.0019506 -0.0010119 -0.012322 0.0020769 0.012322 -0.00080404 -0.0018416 0.00080404 0.0018416 -3.5342e-17 2.295e-17 3.5342e-17 2.295e-17
95.736 189.53 2.6532 4.8247 0 0 0 0 0 0 0 0 0 0 0 0 0 0 0 0 0.039216 0.063642 0.039216 0.063642 0.049374 0.27059 0.1369 0.32096 -0.07167 0.14282 0.11116 0.21362 -0.020914 0.018432 0.027193 0.042855 0.13796 0.077284 0.25742 0.2475 -0.16703 -0.18558 0.28261 0.44452 -0.086608 -0.11748 0.10494 0.18439 0.0043645 -0.011996 0.04327 0.040539 -0.047568 -0.048864 0.18553 0.1255 0.0086636 0.04714 0.097084 0.14219 -0.024991 0.064394 0.11219 0.1238 0.0043593 0.045491 0.11678 0.083838
116.56 192.18 2.9202 4.3676 0 -0 0 0 0 -0 0 0 0.00050702 -0.00018207 0.00050702 0.00018207 0.0039639 0.012456 0.012753 0.038094 0.021115 0.054325 0.025017 0.054325 -0.020647 0.11091 0.084872 0.13427 0.001591 0.03423 0.11241 0.078985 0.043666 0.0222 0.13542 0.24916 0.040078 0.18828 0.30142 0.32837 -0.1928 -0.053591 0.24061 0.24165 0.0072077 -0.015124 0.11106 0.085897 0.033329 0.034754 0.11973 0.14991 -0.1531 -0.077836 0.25833 0.15889 -0.00079646 0.055141 0.12269 0.13653 0.021715 0.056754 0.21364 0.16004 0.021977 -0.03405 0.30026 0.27251
113.62 118.64 3.971 1.7801 -0 0 0 0 -0 0 0 0 -0 0 0 0 -0 0 0 0 -0.045909 0.1017 0.064598 0.17603 -0.015225 0.12154 0.025787 0.12267 0.016068 0.15559 0.035927 0.15559 -0.014365 0.059393 0.021956 0.059393 0.0129 -0.061611 0.11469 0.23958 0.015878 -0.043994 0.17103 0.43235 0.04005 0.030422 0.20025 0.6227 -0.092495 0.026721 0.18016 0.20852 0.0018054 -0.0083622 0.051619 0.044926 0.0077711 -0.024944 0.079706 0.080121 0.038901 -0.051298 0.089965 0.10039 -0.027483 -0.023231 0.10453 0.052384
142.68 118.89 4.0304 1.4109 0 0 0 0 0 0 0 0 0 0 0 0 0 0 0 0 0.0039036 0.01113 0.0039036 0.01113 0.0020057 0.089786 0.01642 0.089786 0.018732 0.1109 0.023304 0.1109 0.070671 0.13359 0.096063 0.22457 0.076234 0.01845 0.10184 0.12651 0.0010784 -0.0093302 0.17777 0.63421 -0.010748 -0.030135 0.1777 0.44539 0.0053188 -0.07445 0.15056 0.30122 0.033824 -0.014109 0.060129 0.042475 -0.02416 -0.052358 0.097446 0.12865 -0.0081296 -0.032125 0.088802 0.090979 0.0015787 -0.0093674 0.061239 0.041327
152.73 126.78 3.0619 1.3821 0 0 0 0 0 0 0 0 0 0 0 0 0 0 0 0 0.033606 0.03189 0.037338 0.039236 0.065049 0.23803 0.13498 0.36854 -0.038707 0.22122 0.10442 0.4186 0.021483 0.088222 0.12925 0.21621 0.078311 -0.017863 0.105 0.084259 0.0088791 -0.090987 0.21594 0.38331 -0.027415 -0.14707 0.12422 0.33944 -0.017578 -0.099783 0.14209 0.17309 0.027267 -0.0039153 0.042401 0.021897 -0.0099461 -0.024326 0.092856 0.088414 -0.018242 0.00070257 0.052143 0.056154 0.0017815 -4.2407e-05 0.054669 0.049302
104.6 137.1 3.2561 4.7099 -0.0016986 0.011853 0.027247 0.024256 -0.0029589 0.024399 0.03767 0.0425 -0.0060552 0.0048323 0.05315 0.049428 0.00014124 0.0032155 0.057274 0.03612 0.037497 0.025526 0.11635 0.08572 -0.082388 0.026022 0.13119 0.10766 0.015201 0.04744 0.097648 0.094719 0.007413 0.059538 0.13007 0.10862 0.067092 0.038381 0.1842 0.18869 -0.014073 0.068803 0.25935 0.53775 -0.033374 -0.015144 0.17537 0.50183 -0.0054081 -0.043471 0.13695 0.20934 0.028425 -0.054993 0.049723 0.099236 -0.032442 -0.11467 0.082634 0.19742 -0.015072 -0.057339 0.023439 0.074285 -0.0011432 -0.023049 0.0074853 0.024879
88.181 141.25 3.1985 4.4282 -0.0020996 -0.0087644 0.060786 0.016264 -0.0057482 0.01127 0.045692 0.03445 -0.0066317 0.01944 0.053368 0.044487 -0.0058448 0.00046332 0.041736 0.040989 -0.0018977 -0.0042816 0.091231 0.033481 0.079381 0.05848 0.16677 0.11257 -0.087251 0.054406 0.15669 0.11851 0.025191 0.072289 0.087244 0.095781 0.036138 -0.014965 0.077886 0.057358 0.086854 0.034531 0.28349 0.2832 0.090331 0.18267 0.32491 0.3419 -0.071433 0.002558 0.23889 0.39528 0.0050058 -0.0040218 0.0058739 0.004771 0.06905 -0.061949 0.10219 0.16951 -0.017279 -0.12711 0.1729 0.29021 -0.040501 -0.048381 0.054359 0.065869
152.55 139.68 3.6395 4.5883 0.0037102 0.0066753 0.02818 0.025792 0.0011247 0.0057471 0.037729 0.048333 0.016381 0.00031542 0.062776 0.065951 -0.015841 0.0012088 0.035767 0.019017 0.0060334 0.023198 0.098748 0.085328 0.014466 0.040528 0.10964 0.12348 -0.0080458 0.036228 0.18708 0.16493 -0.029893 0.00042686 0.045 0.027231 -0.0055035 0.025704 0.14616 0.33845 0.01941 -0.02039 0.1541 0.59341 -0.099295 -0.050522 0.23679 0.50922 -0.041477 -0.0091565 0.046034 0.039038 -0.015461 -0.047483 0.023492 0.075951 0.0013143 -0.056391 0.013293 0.069636 -0.010316 -0.051627 0.019224 0.059826 -0.0022069 -0.0026621 0.0022281 0.0029272
76.521 149.48 3.1085 5.7427 0 0 0 0 0.0095824 0.022164 0.010296 0.022288 0.018307 0.055637 0.021183 0.059066 0.005255 0.046798 0.015138 0.051415 0.021719 0.021079 0.027414 0.024242 0.020271 0.047004 0.16356 0.18517 -0.0075945 -0.020176 0.06648 0.18951 0.021955 -0.056051 0.035935 0.11058 0.088959 0.091695 0.24909 0.1302 0.034645 0.12474 0.37747 0.31806 -0.091696 0.11752 0.15077 0.17318 -0.021667 0.02769 0.036304 0.051602 0.11792 0.013169 0.31627 0.20897 -0.083349 0.10755 0.31963 0.32131 -0.075093 -0.043575 0.10906 0.13837 -0.0072572 -0.0077674 0.045211 0.064696
63.054 165.07 3.7225 5.8871 0 0 0 0 0 0 0 0 0 0 0 0 0 0 0 0 0.00026374 -0.0001103 0.00026374 0.0001103 0.0076147 0.052301 0.0096594 0.052859 0.0032731 0.090637 0.017734 0.090637 -0.0033541 0.016065 0.0043691 0.016065 0.054277 0.079057 0.13915 0.15824 0.0073146 0.083499 0.18745 0.41003 0.062988 -0.040674 0.11658 0.38236 -0.055046 0.038578 0.11955 0.18027 0.058672 0.14944 0.3929 0.26538 -0.11099 0.08108 0.3013 0.31299 -0.061774 -0.0042278 0.10322 0.12695 0.0067751 -0.035003 0.054099 0.058351
103.42 163.53 3.5239 4.9639 0.025147 0.022677 0.028728 0.032248 -0.0079572 0.029575 0.056877 0.13187 -0.029077 0.0050347 0.030082 0.05505 -0.0020361 0.0045523 0.0081527 0.0074434 0.016647 -0.0072518 0.11274 0.099297 -0.030002 -0.036276 0.076006 0.15634 -0.015622 0.0012176 0.034869 0.058194 0.004547 0.0077018 0.03094 0.028025 0.05138 0.057735 0.21854 0.1249 -0.068926 0.066098 0.18519 0.18451 -0.0038689 0.0094213 0.15036 0.13511 0.00082874 0.005494 0.090044 0.079739 0.070893 -0.0020884 0.21243 0.21576 -0.070277 0.040098 0.21176 0.57352 -0.032976 0.080851 0.1929 0.37847 -0.035988 0.096263 0.089927 0.14986
128.81 163.91 2.959 4.762 -0.023892 -0.024361 0.02616 0.047723 0.0017688 -0.0066693 0.0254 0.031231 0.010147 -0.005393 0.055411 0.054627 0.019914 -0.0049746 0.035701 0.075184 -0.0085886 0.03205 0.053756 0.0635 0.015372 0.059269 0.14582 0.10983 -4.1689e-05 0.049072 0.17266 0.13237 -0.0064587 0.010382 0.051376 0.077435 -0.042089 0.01228 0.15336 0.10961 0.0066335 -0.0049961 0.2653 0.26964 -0.0045093 -0.0099341 0.27214 0.22101 0.031469 0.032925 0.10062 0.10524 -0.028733 0.15828 0.12954 0.20003 0.022434 0.24809 0.22487 0.34041 -0.049781 0.23237 0.1698 0.30277 0.041865 0.1003 0.12193 0.18789
81.794 180.19 3.7729 2.3046 0.0015939 -0.0028818 0.033872 0.034568 0.045253 -0.018686 0.10169 0.12225 0.12023 -0.10555 0.20298 0.25464 -0.056222 -0.12704 0.35875 0.22491 0.046711 0.011258 0.068649 0.095305 0.023773 0.13571 0.098836 0.34002 -0.0053204 0.059054 0.16728 0.44746 -0.050433 -0.054646 0.184 0.18431 0.022921 -0.0215 0.024043 0.030727 0.0458 -0.15212 0.068067 0.26776 -0.052903 -0.11964 0.072733 0.21519 -0.013025 -0.01858 0.016344 0.025184 8.277e-18 7.4646e-18 8.277e-18 7.4646e-18 -1.4142e-06 -2.7401e-05 1.4142e-06 2.7401e-05 -4.0113e-07 -7.7725e-06 4.0113e-07 7.7725e-06 -0 0 0 0
169.56 181.43 3.4654 0.83949 0.04172 -0.093882 0.20769 0.18843 -0.093137 -0.084584 0.14573 0.19576 -0.021999 -0.032002 0.10303 0.14407 0.0020058 0.018485 0.063574 0.067113 0.064845 -0.047358 0.18708 0.22471 -0.0077988 0.16113 0.16856 0.40055 -0.03676 0.15556 0.19 0.33711 -0.056897 -0.012849 0.12767 0.16573 0.035876 -0.044382 0.041503 0.050186 0.065782 -0.18445 0.085779 0.28319 -0.071746 -0.18343 0.1102 0.27301 -0.028434 -0.03587 0.032605 0.048301 0 0 0 0 8.3529e-16 4.5224e-17 8.3529e-16 4.5224e-17 9.391e-16 9.7463e-16 1.0388e-15 9.7463e-16 8.9697e-18 -1.6567e-16 8.9697e-18 1.6567e-16
175.91 114.54 5.1937 2.0404 -0 0 0 0 -0 0 0 0 -0 0 0 0 -0 0 0 0 -0 0 0 0 0.00010977 0.00016126 0.00010977 0.00016126 0.00015508 0.00022783 0.00015508 0.00022783 -0 0 0 0 0.0019184 0.00094913 0.0021944 0.0014741 0.13585 0.080135 0.18227 0.20166 -0.035756 0.19968 0.40108 0.62096 -0.05513 0.091548 0.066689 0.12048 0.0096539 0.009271 0.040936 0.018443 0.033467 -0.031967 0.16654 0.11747 0.03097 -0.10171 0.23164 0.27013 0.011347 -0.025875 0.14019 0.28103
89.643 124.23 5.6765 1.678 -0 0 0 0 -0 0 0 0 -0 0 0 0 -0 0 0 0 -0.016876 0.099021 0.06681 0.25219 0.018988 0.17893 0.1232 0.50953 -0.081922 0.072332 0.10738 0.19543 -0.00068341 0.00014339 0.00068341 0.00014339 -0.0044827 -0.068146 0.10761 0.23322 0.036371 -0.13199 0.25253 0.48243 -0.1252 -0.046065 0.27278 0.20136 -0.0083756 0.00064104 0.0091438 0.0026411 -0.00076373 -0.0047483 0.025047 0.02885 0.025417 -0.002385 0.071922 0.099108 -0.029222 -0.011499 0.10394 0.072528 -0.0031679 -0.00074468 0.0034417 0.0013868
128.09 128.01 5.3363 1.5711 -0 0 0 0 -0 0 0 0 -0 0 0 0 -0 0 0 0 0.032597 0.06704 0.067817 0.19082 -0.022826 0.14628 0.073495 0.30941 0.074353 0.15213 0.12636 0.44474 -0.042304 0.091543 0.14209 0.3418 0.024073 -0.040162 0.14247 0.1802 -0.017766 -0.099845 0.13468 0.31685 0.042349 -0.11271 0.1807 0.3348 -0.019808 -0.072453 0.1772 0.20541 -0.0049756 -0.00076342 0.047384 0.04242 -0.0049289 -0.0067574 0.046521 0.052435 0.006083 -0.011012 0.045027 0.043468 0.013834 -0.0003889 0.051317 0.050563
176.64 139.42 5.2125 3.3225 0 -0 0 0 0 -0 0 0 0 -0 0 0 0 -0 0 0 0.0032899 0.026148 0.054275 0.11521 -0.019242 0.072277 0.062458 0.14946 -0.0099263 0.041067 0.01778 0.041466 -1.6927e-05 9.2544e-05 1.6927e-05 9.2544e-05 0.0034311 -0.024796 0.089604 0.090094 0.1822 0.023192 0.32347 0.3026 -0.16041 0.094359 0.53197 0.28229 -0.017895 -0.00030512 0.017895 0.0050769 0.0093506 0.0010241 0.046032 0.041935 0.14101 0.022033 0.32173 0.15429 -0.12575 -0.044205 0.34555 0.11798 -0.002759 -0.00077958 0.002759 0.00080729
130.56 149.27 5.1679 4.7849 -0.01323 -0.0042276 0.038579 0.059206 -0.010739 0.0021955 0.018607 0.033263 0.010082 0.0022352 0.02156 0.040376 -0.0030218 0.0089237 0.034386 0.039461 -0.021273 0.045422 0.092884 0.086348 -0.017837 0.018675 0.096855 0.086585 0.017117 0.019634 0.095341 0.090337 -0.003725 0.013727 0.093634 0.070558 -0.021932 0.033846 0.19628 0.35191 -0.039934 0.041884 0.18021 0.47766 0.031456 0.078175 0.19985 0.56424 -0.069829 0.0097873 0.15121 0.17067 -0.0066688 -0.064568 0.038974 0.11382 -0.0099134 -0.065253 0.027213 0.099527 0.017941 -0.076773 0.041712 0.154 -0.018114 -0.027794 0.027893 0.051046
159.86 168.62 4.8779 0.72769 0.096393 0.082681 0.23085 0.25063 -0.058238 -0.036212 0.38393 0.45062 -0.033427 -0.04454 0.14639 0.13368 0.021179 -0.0091189 0.063934 0.03021 0.086414 -0.090016 0.2288 0.23477 -0.093297 -0.081738 0.24624 0.33332 -0.011802 0.002481 0.11034 0.11868 0.001824 -0.0052917 0.039667 0.031076 0.024178 -0.016618 0.033899 0.032452 0.027874 -0.035368 0.1068 0.24505 -0.034251 -0.0090574 0.10595 0.18645 -0.010878 -0.0055611 0.015983 0.014204 0.00041667 -0.00069993 0.00044708 0.00069993 0.0048192 -0.015974 0.0056836 0.017803 -0.004105 -0.013727 0.007039 0.015639 -0.00046622 -0.0005379 0.00046622 0.0005379
188.89 180.25 5.0896 3.5799 0 -0 0 0 0 -0 0 0 0 -0 0 0 0 -0 0 0 1.5514e-16 7.271e-17 1.5514e-16 7.271e-17 0.00029631 0.0016778 0.00029631 0.0016778 0.00019926 0.0011283 0.00019926 0.0011283 0 -0 0 0 0.039369 0.018508 0.04376 0.027177 0.032494 0.046145 0.18592 0.37966 -0.059099 0.12688 0.20119 0.36997 -0.020746 0.02757 0.029919 0.040298 0.020057 -0.0069048 0.04601 0.02998 0.015392 -0.026923 0.13899 0.15497 0.15606 0.042017 0.32819 0.42725 -0.091362 0.11792 0.37757 0.28975
148.39 183.8 5.733 1.0286 0.070297 0.053664 0.21593 0.31887 -0.078932 -0.065779 0.31959 0.52557 -0.036423 -0.12199 0.21763 0.23741 -0.0052579 -0.0088958 0.1814 0.080954 0.05044 -0.056775 0.19391 0.18839 -0.062781 -0.00038842 0.17383 0.2822 0.00042461 -0.0064626 0.086496 0.105 0.004214 -0.040305 0.10027 0.081946 0.025943 -0.023591 0.047535 0.059294 -0.0088176 -0.056575 0.094084 0.2068 -0.02213 -0.017582 0.036093 0.042289 -0.00027653 -0.0035832 0.0018582 0.0039313 9.0956e-05 -5.4788e-05 9.0956e-05 5.4788e-05 0.00049215 -0.0031747 0.00081332 0.0031747 -5.7632e-05 -0.00041491 6.7431e-05 0.00041491 0 0 0 0
179.99 192.47 5.1223 3.9684 0 -0 0 0 0 -0 0 0 0 -0 0 0 0 -0 0 0 1.535e-16 -1.4129e-16 1.535e-16 1.4129e-16 -0.0020784 0.0019131 0.0020784 0.0019131 -0.00070406 0.00064805 0.00070406 0.00064805 0 -0 0 0 0.030405 0.013048 0.038746 0.029725 0.084576 0.029873 0.19811 0.42045 -0.081532 0.094727 0.23579 0.49209 -0.026918 0.021564 0.046156 0.051216 0.0026203 0.0073981 0.053012 0.052563 0.02658 -0.0099609 0.13112 0.20244 0.076436 0.073192 0.34717 0.43858 -0.074045 0.10152 0.1551 0.15679
71.418 194.16 5.0156 5.3674 0 0 0 0 0 0 0 0 0 0 0 0 0 0 0 0 0 0 0 0 0.00011543 0.00056278 0.00011543 0.00056278 0.00019772 0.0012949 0.00019772 0.0012949 9.0963e-07 6.936e-06 9.0963e-07 6.936e-06 0.0311 0.0301 0.040541 0.050826 0.086281 0.06729 0.19774 0.50064 -0.10212 0.038486 0.16716 0.48747 -0.036661 0.013558 0.040903 0.050996 0.084113 0.076029 0.23865 0.14838 -0.059624 0.11703 0.29144 0.39646 -0.054636 -0.011836 0.091181 0.20576 -0.0012099 0.0039734 0.041097 0.047189
91.593 127.45 7.4478 1.5922 -0 0 0 0 -0 0 0 0 -0 0 0 0 -0 0 0 0 -0.0096889 0.098732 0.076082 0.26003 0.049366 0.18645 0.15964 0.48767 -0.098598 0.091783 0.14874 0.20361 -0.002282 0.00046153 0.002282 0.00046153 -0.0090525 -0.075887 0.1254 0.27445 0.051671 -0.15106 0.24831 0.43144 -0.11117 -0.0538 0.27978 0.18769 -0.01054 0.00062872 0.014109 0.0034222 -0.0094923 -0.0082319 0.028025 0.048642 0.029578 -0.013423 0.061007 0.097369 -0.025921 -0.021168 0.096939 0.084491 -0.0035315 -0.0010077 0.004021 0.0012525
64.323 102.35 10.264 0.73173 0 0 0 0 0 0 0 0 0 0 0 0 0 0 0 0 0 0 0 0 0 0 0 0 0 0 0 0 0 0 0 0 0 0 0 0 0.15233 0.15027 0.37158 0.38686 -0.11111 0.1009 0.32414 0.32042 -0.010113 0.0085051 0.020666 0.014664 0.049628 0.013296 0.073464 0.072451 -0.01445 -0.01593 0.42846 0.39997 -0.038273 -0.062402 0.22004 0.15086 -0.010964 -0.0039083 0.034094 0.016517
192.32 142.12 9.4934 3.451 0 -0 0 0 0 -0 0 0 0 -0 0 0 0 -0 0 0 0.0077055 0.016277 0.010796 0.020944 -0.0084488 0.030263 0.024128 0.057384 -0.0018488 0.00067988 0.0018488 0.0013498 0 -0 0 0 0.024334 -0.0059867 0.068819 0.053499 0.063238 0.071992 0.47403 0.39011 -0.12057 0.036377 0.29204 0.17991 0 -0 0 0 0.017771 0.024856 0.093637 0.057212 0.019786 0.054379 0.59616 0.21859 -0.087619 -0.016369 0.18591 0.06649 0 -0 0 0
185.47 158.32 10.065 3.3469 0 -0 0 0 0 -0 0 0 0 -0 0 0 0 -0 0 0 0.0014927 0.0011849 0.0014927 0.0011849 0.00094676 0.039855 0.035081 0.059327 -0.0079527 0.020357 0.014691 0.024914 -1.8795e-05 9.0251e-05 1.8795e-05 9.0251e-05 0.011558 0.0014249 0.012333 0.0043073 0.099564 -0.0084572 0.23853 0.17671 -0.072254 0.062972 0.55787 0.28555 -0.020046 -0.00048627 0.020046 0.0078508 0.017309 0.0029113 0.046286 0.024039 0.17743 0.050339 0.28971 0.18823 -0.10951 -0.021611 0.53655 0.18535 -0.002294 -0.00061646 0.002294 0.00094215
