37 64
140.52 114.18 1.9853 1.9436 -0 0 0 0 -0 0 0 0 -0 0 0 0 -0 0 0 0 0.011952 0.022802 0.013161 0.022802 0.019456 0.10888 0.034616 0.11815 -0.01957 0.16123 0.060766 0.17592 -0.0086493 0.025989 0.0095031 0.025989 0.063525 0.013159 0.08944 0.11253 0.030524 -0.0095526 0.15925 0.24076 0.075035 -0.042251 0.31882 0.62593 -0.043436 0.0083084 0.18351 0.45029 0.017426 -0.0064599 0.043508 0.03801 0.0070198 -0.014773 0.10548 0.10584 -0.020564 -0.047878 0.082783 0.11296 -0.0020656 -0.05051 0.042651 0.085323
96.287 116.04 2.2235 0.78878 0 0 0 0 0 0 0 0 0 0 0 0 0 0 0 0 0.025015 0.034776 0.025015 0.034776 0.025037 0.18203 0.13734 0.21822 -0.074979 0.11953 0.10466 0.1471 -0.003435 0.0023972 0.004818 0.0024628 0.095861 0.19219 0.29616 0.30722 -0.065588 0.060032 0.36375 0.37772 -0.16128 -0.013589 0.23646 0.19967 0.0015185 0.013963 0.072055 0.045583 -0.047682 -0.053967 0.29424 0.17175 -0.023511 -0.085158 0.14678 0.13933 -0.02744 0.0021858 0.12212 0.09505 0.01083 0.019747 0.07509 0.045896
109.8 133.31 1.983 1.5724 -0.047952 -0.094925 0.12171 0.32097 0.05895 -0.12916 0.22293 0.301 -0.0027002 -0.081361 0.17557 0.23476 -0.065445 -0.016656 0.098849 0.10984 -0.030264 0.0079008 0.05027 0.0682 0.037892 -0.011584 0.079871 0.11857 0.008379 -0.077664 0.1832 0.17993 -0.029003 -0.035992 0.061751 0.058717 -0.031732 0.075595 0.24043 0.28668 -0.016257 0.0092818 0.18594 0.3529 -0.045053 -0.020626 0.10236 0.19935 0.017023 0.034497 0.1249 0.08266 -0.014382 -0.054323 0.084494 0.14469 0.00058575 -0.031756 0.053662 0.10113 0.031943 0.011766 0.074472 0.1579 -0.016763 -0.015624 0.10368 0.0939
105.4 138.46 2.2504 5.0798 -0.0095644 0.026111 0.12405 0.10733 0.021838 0.032626 0.12993 0.22637 -0.029516 -0.012418 0.10313 0.18952 -0.013353 -0.011378 0.027976 0.03736 -0.035856 -0.058161 0.15768 0.14946 0.015118 -0.04424 0.13324 0.23917 -0.034671 0.06141 0.098839 0.2446 -0.0032986 0.054798 0.12932 0.21165 0.025584 0.061278 0.064362 0.078603 0.0042817 0.058594 0.16531 0.19206 0.0077659 -0.064022 0.19716 0.26305 0.024614 -0.084894 0.25096 0.32724 0.044778 0.05084 0.15684 0.14344 -0.075716 0.13544 0.21579 0.23863 -0.05992 0.036067 0.1012 0.11933 0.026744 0.00092378 0.045799 0.049161
98.882 149.38 1.8745 2.1529 -0.026869 -0.075973 0.16136 0.19769 -0.00878 -0.037989 0.15095 0.21708 -0.025916 -0.023496 0.11476 0.15806 -0.0078113 -0.042087 0.044211 0.05478 0.026485 0.0016711 0.061727 0.057744 0.056744 0.013574 0.15707 0.29001 -0.021111 0.02435 0.18096 0.31631 0.0091993 0.043334 0.16988 0.17735 -0.0096764 0.072216 0.085645 0.14248 -0.021694 -0.061384 0.17365 0.33108 -0.023353 -0.096792 0.1718 0.30523 0.037656 -0.021634 0.20581 0.21792 -0.0040148 -0.00036404 0.058353 0.079313 -0.022175 0.053444 0.14835 0.15052 -0.0054027 0.043299 0.091113 0.10823 0.0064471 0.01178 0.065853 0.096007
172.34 157.76 2.1853 3.4858 -7.2276e-17 6.744e-17 4.1664e-16 2.3851e-16 -1.51e-17 -3.4082e-20 1.51e-17 6.1496e-18 0 -0 0 0 0 -0 0 0 0.014371 0.085134 0.05722 0.13886 0.03499 0.087081 0.12911 0.29708 -0.040732 0.12022 0.10268 0.20529 -0.0053633 0.0091402 0.0063845 0.010039 -0.03843 -0.0074376 0.19515 0.34481 -0.09403 -0.058036 0.22074 0.32487 -0.0085069 -0.095002 0.34872 0.43215 -0.057143 -0.00067116 0.078607 0.080581 -0.047061 -0.034055 0.090794 0.15193 -0.020912 0.049616 0.094714 0.15229 0.014782 0.030762 0.12672 0.17624 -0.017086 0.0068503 0.061224 0.08174
165.9 163.62 1.8663 2.3453 3.9069e-05 1.4706e-05 0.00012576 7.3896e-05 0.022193 0.04418 0.078464 0.065501 0.0044848 0.075211 0.21074 0.24416 -0.011071 0.019061 0.071954 0.09397 0.0029422 0.00074534 0.0029612 0.00076811 0.036098 0.0058048 0.26442 0.16139 -0.06685 -0.027998 0.19595 0.19111 0.029352 0.058728 0.15714 0.13682 0.026661 -0.0012242 0.026661 0.0060414 0.097826 0.072102 0.34025 0.25535 -0.18576 0.026715 0.28542 0.34156 0.058426 -0.01796 0.18354 0.139 0.010513 -0.00097211 0.010645 0.0017307 0.051603 -0.069583 0.17186 0.13537 -0.078909 0.022993 0.21744 0.17812 -0.03038 0.0085919 0.076702 0.046545
132.41 172.08 2.1127 0.715 -0.094626 -0.073963 0.1703 0.1573 0.0048357 -0.0016009 0.015683 0.019891 0.18179 -0.021476 0.18449 0.09782 -0.031886 -0.047605 0.22476 0.11465 -0.044209 -0.022594 0.095071 0.08536 0.059414 0.085999 0.064474 0.1155 0.046976 0.0073112 0.25475 0.25153 -0.0076586 -0.11695 0.20253 0.16456 0.023704 0.060851 0.11566 0.16533 0.096516 0.034321 0.22162 0.33212 -0.080607 -0.022611 0.24686 0.27829 -0.030544 -0.0089615 0.044355 0.039125 0.0089078 0.04867 0.12786 0.17087 -0.074452 -0.015307 0.16273 0.24491 -0.062016 -0.044899 0.092955 0.089341 -0.0061429 -0.0035416 0.0069377 0.005193
94.074 175.51 2.1867 5.4997 0.00024482 0.00024575 0.00024482 0.00024575 0 0 0 0 0 0 0 0 0 0 0 0 0.0059064 0.11619 0.072211 0.14279 -0.0077706 0.21672 0.1178 0.25566 -0.054389 0.10983 0.090563 0.14698 -0.0059724 0.013481 0.0069059 0.013686 0.059076 -0.076131 0.18089 0.18011 0.07444 0.021323 0.29405 0.38569 -0.11978 0.11961 0.22323 0.33252 -0.047661 0.064004 0.098277 0.13171 0.016384 0.051512 0.11198 0.14106 0.082716 -0.044449 0.2023 0.24541 -0.0054094 -0.06291 0.10742 0.20594 -0.080955 -0.015026 0.11592 0.16656
120.39 178.8 1.754 4.2283 0 -0 0 0 0 -0 0 0 0.029513 0.026031 0.039034 0.033406 0.016585 0.031181 0.065077 0.065834 0.020466 0.04352 0.025277 0.04352 -0.010216 0.12169 0.10355 0.14855 0.1026 0.036659 0.22537 0.19481 0.0062784 -0.030418 0.19177 0.20857 0.036026 0.092807 0.19297 0.13587 0.02028 0.22566 0.43211 0.40447 -0.12645 -0.0050989 0.25704 0.18881 -0.00082336 -0.057957 0.06298 0.085744 0.0042778 0.020009 0.1775 0.084612 -0.076136 -0.071014 0.23395 0.15312 -0.088979 -0.047292 0.096246 0.065542 -0.002247 -0.0028715 0.0046186 0.0088134
148.41 179.63 2.182 4.1802 0 -0 0 0 0 -0 0 0 5.4051e-17 7.3921e-16 9.4911e-16 1.2927e-15 -0.00011886 0.00045939 0.00011886 0.00045939 0.0042464 0.022377 0.01776 0.02461 0.094468 0.12083 0.13897 0.18098 0.056831 0.18293 0.19945 0.24147 -0.010516 0.12134 0.16616 0.18214 0.052618 0.055241 0.10948 0.12206 0.05951 0.010056 0.26664 0.29258 -0.007427 -0.075187 0.37514 0.33338 0.02687 -0.099692 0.32039 0.19586 0.0176 -0.031335 0.076837 0.12094 -0.03148 -0.075023 0.11564 0.15842 -0.0074245 -0.049573 0.092038 0.12263 -0.0042772 0.021897 0.090172 0.093295
101.13 181.96 2.2085 5.3207 0 0 0 0 0 0 0 0 0 0 0 0 0 0 0 0 0.0054377 0.13811 0.045845 0.14661 -0.068561 0.13865 0.12408 0.17449 -0.014673 0.063706 0.033955 0.064634 -0.0030822 0.0035464 0.0030822 0.0035464 0.0030691 -0.027964 0.2555 0.26532 -0.10907 0.13761 0.31548 0.37347 -0.084066 0.18626 0.19787 0.3439 -0.043572 0.02034 0.052239 0.058689 0.050343 -0.033692 0.13495 0.16971 0.024965 -0.063292 0.14573 0.22871 -0.077237 -0.064202 0.15373 0.28135 -0.031488 0.0079839 0.097782 0.10753
113.73 182.36 1.8753 4.5362 0 -0 0 0 0 -0 0 0 0 -0 0 0 0.0020919 0.0047734 0.0026948 0.0047734 0.016627 0.015172 0.017961 0.015387 0.019705 0.098623 0.058717 0.12142 -0.030803 0.040746 0.048774 0.060068 0.064094 0.059304 0.11389 0.10462 0.028341 0.13801 0.21555 0.14496 0.07812 0.19511 0.31668 0.39329 -0.18113 0.10801 0.30718 0.36162 0.051512 -0.045952 0.1634 0.1856 0.0029552 -0.018413 0.22689 0.08526 -0.024996 -0.061296 0.22219 0.17998 -0.13143 -0.085428 0.15735 0.11511 -0.0029985 -0.011758 0.016105 0.01534
121.79 107.35 3.1534 1.6316 -0 0 0 0 -0 0 0 0 -0 0 0 0 -0 0 0 0 0.0018432 0.014061 0.0018432 0.014061 0.013469 0.066803 0.018081 0.066803 -0.0017251 0.11728 0.041197 0.11728 -0.0060688 0.025094 0.0060688 0.025094 0.053628 0.038345 0.10476 0.19883 -0.024259 -0.011317 0.17981 0.69936 0.015128 -0.022334 0.24223 0.46152 -0.071696 0.023846 0.12046 0.15704 0.017223 -0.017966 0.059597 0.0811 -0.03439 -0.01355 0.090016 0.12899 0.021272 -0.017695 0.088458 0.11252 -0.018643 -0.029443 0.055019 0.054558
149.74 121.28 3.091 2.2638 -0 0 0 0 -0 0 0 0 -0 0 0 0 -0 0 0 0 -0 0 0 0 0.040933 0.069533 0.06104 0.10913 -0.016497 0.17116 0.073584 0.21229 -0.017135 0.036944 0.01851 0.038869 -0.0079194 0.0013576 0.046504 0.037656 0.085795 0.0060572 0.17543 0.15669 0.089423 -0.060526 0.31051 0.43121 -0.032944 0.029344 0.30564 0.53001 0.0020895 -0.0005222 0.067827 0.051771 0.035803 0.0078301 0.1405 0.17237 -0.055779 0.022051 0.14416 0.18744 0.058462 -0.043862 0.10891 0.15111
109.54 130.45 2.4962 3.9607 -0.009121 0.011482 0.042317 0.046246 0.0437 0.021959 0.1647 0.16033 -0.041515 -0.063665 0.17235 0.15059 0.013987 -0.014979 0.060901 0.053309 0.011755 -0.0062223 0.10638 0.05407 -0.030836 -0.067479 0.1894 0.19438 -0.023672 -0.022824 0.07622 0.08185 0.14144 0.046302 0.1683 0.12755 -0.005499 -0.010227 0.067276 0.041413 0.049138 0.034606 0.15034 0.11372 0.024332 0.16639 0.22157 0.23585 0.061691 0.07449 0.45901 0.25872 8.7596e-05 -0.0042948 0.019588 0.013835 0.094182 -0.0043905 0.13515 0.15331 -0.0087988 -0.073618 0.22719 0.27807 -0.056428 -0.075751 0.14528 0.14275
111.67 139.47 2.7689 4.8228 0.0026744 -0.014241 0.046651 0.052157 -0.0019493 -0.021295 0.084382 0.097839 -0.028002 -0.026966 0.035916 0.041853 0.0055181 -0.0083562 0.020458 0.015935 -0.010504 -0.0063289 0.14813 0.12058 -0.0079771 -0.008378 0.12618 0.21864 0.019023 0.050907 0.17117 0.24717 -0.016358 0.051672 0.088866 0.1731 0.025125 0.028717 0.068546 0.076349 -0.014234 0.075133 0.15081 0.20175 0.027965 -0.033306 0.1534 0.17862 0.002845 0.0034707 0.1063 0.17562 0.052245 -0.021196 0.064919 0.081778 0.0034391 -0.017812 0.18686 0.32882 0.0089152 0.016267 0.15963 0.54962 -0.02401 -0.011815 0.085219 0.25236
129.13 141.6 2.8543 4.8346 -0.0056799 -0.014431 0.0616 0.063688 -0.027235 -0.025055 0.037261 0.046729 0.0067712 -0.016206 0.04343 0.03091 0.012815 -0.016112 0.055638 0.034804 -0.0082827 -0.0012243 0.077242 0.16705 0.043833 0.09802 0.11946 0.30647 -0.029111 0.083961 0.11088 0.2495 -0.013508 0.0019554 0.087499 0.09378 -0.012676 0.017835 0.096355 0.15054 0.057315 -0.038564 0.15741 0.23789 -0.028771 0.00099501 0.18299 0.24684 -0.03206 0.014483 0.073175 0.068691 -0.016138 0.013873 0.14352 0.20895 0.025923 0.051323 0.17076 0.51399 -0.047228 -0.004472 0.1389 0.33254 -0.040413 -0.011697 0.054332 0.054767
144.58 144.4 2.7707 4.1278 0.0028218 -0.012212 0.059461 0.063289 -0.010088 -0.033219 0.11333 0.10086 0.0019093 -0.020105 0.10163 0.093593 -0.018497 -0.0019446 0.045003 0.031594 -0.007613 -0.013787 0.024877 0.027365 0.02283 0.08183 0.1661 0.22957 -0.01698 0.0085227 0.13052 0.14418 -0.011352 -0.0050253 0.036928 0.023328 0.084977 0.057329 0.1463 0.20729 0.018426 0.041688 0.3047 0.40761 -0.023651 0.11415 0.24015 0.24266 -0.033399 0.03044 0.067559 0.050625 -0.0074019 -0.023947 0.10656 0.13037 0.09069 0.0061995 0.17251 0.17431 -0.029612 0.047571 0.34142 0.34028 -0.047247 -0.013665 0.06191 0.037953
105.21 152.43 2.7594 4.9726 0.02487 0.027768 0.045494 0.063795 0.017592 0.035212 0.1303 0.11145 -0.020686 0.042917 0.099022 0.15265 -0.02012 0.0089569 0.060707 0.071233 -0.019684 0.0088935 0.13994 0.14274 0.036134 -0.014958 0.21683 0.289 -0.050881 -0.10487 0.14011 0.20534 -0.0050716 -0.028008 0.039325 0.045633 -0.010685 -0.023765 0.20036 0.15365 0.018304 -0.016158 0.18896 0.32868 0.031254 0.061474 0.1864 0.37211 -0.0020911 0.11087 0.093551 0.22504 0.048307 0.036254 0.085328 0.079291 -0.030321 0.11302 0.17392 0.2165 0.033537 -0.020238 0.14138 0.19506 0.022297 -0.021187 0.10088 0.16565
74.743 154.62 2.8294 5.8381 0 0 0 0 0 0 0 0 0 0 0 0 0 0 0 0 0.015988 0.0056403 0.015988 0.0087222 0.030775 0.088206 0.064124 0.17862 -0.014977 0.11677 0.081388 0.14692 -0.022021 0.051388 0.027519 0.051917 0.083532 0.016807 0.11566 0.095108 -0.048204 0.0067455 0.40812 0.42934 0.056803 -0.051386 0.25744 0.23324 -0.043007 0.067298 0.14167 0.21218 0.02009 0.051551 0.05735 0.093751 0.030538 -0.014472 0.18787 0.30143 -0.004019 0.0067116 0.23378 0.30525 0.029671 -0.04099 0.10836 0.14285
111.77 160.08 2.8299 2.0982 0.019926 -0.017114 0.085 0.11899 0.01087 -0.062544 0.2062 0.38448 -0.0070725 0.029793 0.18446 0.28011 0.020314 -0.057694 0.09587 0.12431 -0.02727 0.013068 0.070245 0.040687 0.025103 -0.0075413 0.060256 0.11779 0.061656 0.0013589 0.19341 0.33566 -0.017871 0.0083231 0.15519 0.24875 0.010735 -0.016461 0.10642 0.099979 0.070908 0.05684 0.14039 0.27891 -0.049781 0.082791 0.2396 0.27622 0.003404 0.034891 0.14012 0.15766 0.010441 -0.0095229 0.0139 0.015519 0.03709 -0.066252 0.066039 0.09718 0.0029585 -0.076035 0.095559 0.12644 -0.014136 -0.03362 0.044662 0.071758
85.317 165.75 2.7244 5.5064 0 0 0 0 0 0 0 0 0 0 0 0 0 0 0 0 0.031806 0.068452 0.039516 0.086837 0.03053 0.10755 0.10998 0.20046 -0.03717 0.14894 0.10454 0.21698 -0.031283 0.050547 0.043537 0.060682 0.017232 0.033384 0.22859 0.26931 -0.0011919 -0.0034224 0.26237 0.32286 0.10555 -0.043576 0.28333 0.33005 -0.077983 0.061937 0.15036 0.19629 0.017122 -0.030514 0.10373 0.12603 0.010297 -0.016023 0.15352 0.33145 0.010095 -0.053485 0.1644 0.22351 -0.014049 -0.06317 0.048611 0.094796
78.381 174.38 2.7732 5.3955 0 0 0 0 0 0 0 0 0 0 0 0 0 0 0 0 0 0 0 0 0.0033154 0.014322 0.0045169 0.014322 -0.0030189 0.01814 0.0052267 0.01814 -0.00017572 0.001307 0.00064195 0.001307 0.055269 0.066615 0.091779 0.12648 0.071925 0.082679 0.23383 0.31873 0.021102 0.17246 0.26365 0.38722 -0.057788 0.11599 0.11518 0.18849 0.030962 0.023381 0.20533 0.21633 -0.011722 0.020106 0.25361 0.30151 0.075021 -0.040709 0.26441 0.31832 -0.032227 -0.043399 0.10815 0.20994
86.386 178.06 2.8674 5.3063 0 0 0 0 0 0 0 0 0 0 0 0 0 0 0 0 0.0023358 0.0081861 0.0031639 0.0081861 0.0065672 0.066873 0.0086176 0.066873 -0.0054858 0.063129 0.011165 0.063129 -0.0016355 0.0022172 0.0016355 0.0022172 0.037898 0.070834 0.13951 0.16177 0.063733 0.055837 0.25669 0.36234 -0.063396 0.1947 0.3029 0.34245 -0.081483 0.10336 0.11387 0.1515 -0.010121 0.0011362 0.21958 0.22744 0.022058 -0.01 0.23132 0.3287 0.022381 -0.10618 0.18707 0.2708 -0.052145 -0.046598 0.095357 0.16043
156.07 180.57 2.6448 4.1347 0 -0 0 0 0 -0 0 0 5.8048e-18 2.1385e-17 4.2541e-17 6.0752e-17 8.8785e-18 2.8471e-17 4.3532e-17 4.2742e-17 0.0013846 0.0012272 0.0013846 0.0012272 0.017646 0.071963 0.045317 0.071963 0.007435 0.14362 0.11297 0.15823 -0.019407 0.029443 0.020391 0.029443 0.049998 0.05174 0.096948 0.089695 0.015933 0.059037 0.3346 0.32967 -0.022888 -0.09693 0.47461 0.41605 -0.031379 0.023097 0.22012 0.205 -0.018352 0.012379 0.11674 0.10735 -0.018547 -0.051861 0.11168 0.11161 0.00065582 -0.0012339 0.19914 0.23402 -0.0030916 -0.011366 0.13974 0.10627
129.74 114.35 2.8981 1.714 -0 0 0 0 -0 0 0 0 -0 0 0 0 -0 0 0 0 0.021648 0.035558 0.022715 0.04126 0.049468 0.15552 0.080021 0.35993 0.0065621 0.15456 0.11981 0.46627 -0.037321 0.093999 0.070909 0.1696 0.047726 -0.018638 0.07563 0.11145 0.0052878 -0.091377 0.16023 0.37663 0.0067563 -0.12767 0.17554 0.39089 0.010645 -0.051301 0.12921 0.21316 0.020104 -0.00036564 0.049197 0.05767 0.0050993 0.0083388 0.095842 0.15597 -0.010525 0.02108 0.08548 0.13952 -0.0031662 -0.017695 0.042311 0.055252
148.21 135.93 3.7119 3.7524 0.0068093 0.0004176 0.06045 0.069334 -0.024599 0.0038665 0.092625 0.10977 -0.011617 0.0085297 0.031513 0.032185 0 -0 0 0 -0.0056557 -0.021881 0.077455 0.066209 0.0092326 0.055838 0.16788 0.18214 -0.020751 0.069168 0.07948 0.095918 -0.0033887 0.003834 0.0033887 0.003834 0.056842 0.030053 0.12847 0.10328 0.071418 0.024921 0.3035 0.27375 -0.083722 0.12685 0.38512 0.23868 -0.031071 0.003577 0.031071 0.012622 -0.0028553 0.0040613 0.141 0.077538 0.093316 0.080356 0.2873 0.23214 -0.11956 -0.051729 0.42286 0.25247 -0.0085636 -0.0024994 0.0085636 0.0033173
84.204 164.67 3.3513 5.4972 0 0 0 0 0 0 0 0 0 0 0 0 0 0 0 0 0.030379 0.06455 0.033307 0.075696 0.031914 0.10627 0.1192 0.19832 -0.031914 0.14009 0.095334 0.21472 -0.041772 0.057257 0.053953 0.067493 0.019006 0.03275 0.20373 0.26376 -0.025622 -0.015331 0.26896 0.33476 0.10872 -0.05631 0.26805 0.3408 -0.061227 0.048626 0.1537 0.19246 0.015364 -0.041208 0.10719 0.12639 -0.0055327 -0.048412 0.1488 0.33689 -0.00404 -0.040081 0.15651 0.23758 -0.0081442 -0.066624 0.049537 0.096947
160.77 168.77 3.4923 1.1669 0.0092976 0.016325 0.071862 0.044068 0.019462 0.0021148 0.16036 0.15449 -0.025759 -0.086763 0.18169 0.27505 -0.022384 -0.040149 0.034951 0.066418 0.041243 -0.021377 0.14638 0.12223 0.015123 0.10743 0.37968 0.29652 -0.008397 0.14039 0.31921 0.25442 -0.011216 0.061841 0.17169 0.16221 0.010851 -0.012362 0.016476 0.014641 0.088591 -0.098788 0.20294 0.22013 -0.017523 -0.13133 0.26192 0.26249 -0.031807 -0.065055 0.097485 0.10698 2.1716e-17 -1.2508e-17 6.7425e-17 6.0501e-17 0.0015611 -0.0041759 0.0019068 0.0041759 -0.00039592 -0.0081709 0.0033625 0.0081709 -0.00031457 -0.00166 0.00065798 0.0016789
83.664 180.2 3.4839 5.3025 0 0 0 0 0 0 0 0 0 0 0 0 0 0 0 0 0 0 0 0 0 0 0 0 0 0 0 0 0 0 0 0 0.046951 0.083516 0.1023 0.14088 0.070945 0.16273 0.21515 0.34955 -0.072326 0.24521 0.24885 0.37786 -0.053957 0.084066 0.082477 0.12839 -0.031 0.043768 0.20906 0.19847 0.046077 0.024886 0.26323 0.28919 0.035104 -0.068451 0.23863 0.30919 -0.067004 -0.040382 0.10588 0.19942
104.76 116.68 5.3303 1.548 0 0 0 0 0 0 0 0 0 0 0 0 0 0 0 0 0.0402 0.083197 0.06687 0.2217 0.00077067 0.1366 0.15112 0.56747 -0.071641 0.061063 0.094561 0.15881 -0.0012127 2.7699e-05 0.0012127 2.7699e-05 0.032139 -0.04062 0.13537 0.26801 -0.028386 -0.091923 0.22947 0.46894 -0.046075 -0.0039065 0.15905 0.23224 -0.015345 0.014977 0.028024 0.034562 0.00069154 -0.0076044 0.04191 0.096184 0.01827 0.012544 0.080612 0.14144 0.0038881 0.025352 0.10015 0.14591 -0.018587 -0.0043364 0.039657 0.02912
120.06 127.43 5.1426 4.755 0.013141 0.0052694 0.056527 0.060821 -0.023788 -0.020268 0.084328 0.12017 0.00087854 0.0081469 0.045471 0.080386 -0.0019659 -0.008778 0.073 0.052449 0.013304 -0.0071478 0.089754 0.10561 0.00088947 0.04792 0.16513 0.25757 0.0074105 0.069937 0.15029 0.24323 -0.028777 0.015084 0.068216 0.053356 0.044037 -0.016028 0.048345 0.05711 0.043338 -0.062995 0.20805 0.50832 -0.048102 -0.091395 0.16482 0.61486 -0.038609 -0.016864 0.041568 0.058602 0.00086511 -0.0023183 0.00086511 0.0023183 0.0039628 -0.03489 0.0091859 0.037349 -0.003057 -0.032184 0.0055969 0.032894 -0.00046833 -0.0017285 0.00046833 0.0017285
89.65 155.38 4.4264 1.9568 -0.044285 -0.035909 0.13843 0.19331 0.02349 -0.10707 0.23572 0.28022 -0.062624 -0.044646 0.15356 0.16408 -0.0067897 0.0040773 0.0073481 0.0060924 0.0098992 0.027613 0.084108 0.13632 -0.018799 0.035275 0.22151 0.44499 -0.007357 0.04495 0.28948 0.32515 -0.034534 0.010361 0.057654 0.044066 0.053315 -0.02693 0.11987 0.15624 -0.048601 -0.040578 0.22302 0.29748 -0.064425 -0.062839 0.16811 0.19019 -0.019648 -0.011397 0.026431 0.019932 0.0070277 -0.017658 0.012166 0.019359 -0.0039052 -0.039185 0.02264 0.043403 -0.0075543 -0.014778 0.008844 0.016146 -0.00030266 -0.00023639 0.00030266 0.00023639
137.61 121.76 7.1975 1.6891 -0 0 0 0 -0 0 0 0 -0 0 0 0 -0 0 0 0 -0 0 0 0 0.083953 0.054845 0.097976 0.20475 -0.021632 0.11725 0.19722 0.57016 -0.036038 0.02161 0.053328 0.084572 0.0045925 0.0058534 0.026916 0.012183 0.055451 -0.029881 0.16578 0.23332 -0.031296 -0.081135 0.27763 0.51589 -0.030683 0.010072 0.11044 0.16344 0.0082111 -0.0042318 0.020986 0.015285 -0.0057755 -0.01749 0.0844 0.1143 0.020572 -0.023888 0.093054 0.17673 -0.021734 -0.014795 0.05205 0.073055
106.4 169.86 6.9732 4.995 0 0 0 0 0 0 0 0 0 0 0 0 8.2832e-19 2.4056e-19 4.099e-18 1.1904e-18 0.013045 0.012528 0.018346 0.017211 0.037302 0.07383 0.081973 0.19287 -0.032282 0.04744 0.091145 0.13493 -0.0093673 0.026197 0.025348 0.030998 0.031399 -0.0017789 0.066103 0.050833 0.014175 -0.0010513 0.22167 0.40784 -0.045289 0.0056864 0.18944 0.31767 -0.022061 -0.01054 0.10905 0.081024 0.01507 -0.0041704 0.016199 0.010152 0.056197 -0.055592 0.2116 0.46775 -0.083859 -0.045163 0.19851 0.46243 -0.01982 -0.0073177 0.028924 0.022577
120.7 150.53 9.176 4.9406 0.00012223 0.00023358 0.00012223 0.00023358 0.00080263 0.017655 0.0057225 0.017655 -0.0013662 0.0035343 0.0017119 0.0035343 2.6659e-19 6.1925e-20 5.3425e-18 1.241e-18 0.02331 0.0053232 0.045557 0.044773 0.007126 0.014074 0.19864 0.34877 -0.024694 0.048931 0.16075 0.25553 -0.012676 0.0022274 0.029703 0.030401 0.026562 -0.0065705 0.035353 0.030577 0.05822 -0.0012828 0.34513 0.62442 -0.1174 0.014043 0.272 0.34726 -0.0084122 -0.0052027 0.018463 0.012156 0.0021043 -0.00043229 0.0021043 0.0014371 0.0097927 -0.042949 0.029003 0.083789 -0.012511 -0.020287 0.023907 0.04203 -0.00057815 -5.3047e-05 0.00057815 0.00014345
