66 64
119.72 125.27 1.85 1.5516 0 0 0 0 0 0 0 0 0 0 0 0 3.1703e-06 0.00016516 3.1703e-06 0.00016516 0.0049985 0.12219 0.064785 0.13578 0.0050117 0.1825 0.13352 0.19919 0.014244 0.21286 0.13979 0.21561 0.1008 0.18911 0.14703 0.27202 -0.049088 -0.033762 0.14571 0.16255 0.028939 -0.06286 0.41176 0.24973 0.038133 -0.070671 0.2335 0.29819 -0.025852 -0.1451 0.15352 0.27536 0.0025786 -0.019868 0.068465 0.041384 -0.0069492 0.0026996 0.16428 0.090609 -0.027518 -0.049248 0.07974 0.074285 -0.0059996 -0.022626 0.031497 0.030753
132.86 125.85 2.3573 1.6173 -7.846e-06 0.00016856 7.846e-06 0.00016856 -0 0 0 0 -0 0 0 0 -0 0 0 0 -0.047604 0.21579 0.087707 0.23121 0.020184 0.22065 0.068997 0.24946 0.0047361 0.17111 0.21969 0.22484 -0.0048215 0.12747 0.097697 0.13301 -0.036436 -0.12865 0.1115 0.33944 -0.0044912 -0.087007 0.11837 0.2814 0.01469 -0.069101 0.42248 0.21821 0.028975 -0.036197 0.16427 0.17516 0.0010167 -0.025316 0.047563 0.044211 0.038783 -0.038291 0.082222 0.065236 -0.012734 0.01952 0.17006 0.1022 -0.0075006 -0.025725 0.057002 0.048606
107.21 127.99 2.0757 4.9082 -0.022938 -0.010343 0.060993 0.047524 -0.056245 -0.010054 0.065237 0.036384 0.025147 0.017096 0.041491 0.034582 0.017022 0.0020623 0.06065 0.056211 0.011555 0.067882 0.097023 0.13929 0.0086153 0.25417 0.13769 0.30941 -0.022599 0.18053 0.14182 0.20918 -0.026313 0.056908 0.13582 0.08649 0.013303 -0.096903 0.11727 0.31934 -0.048345 -0.22786 0.16077 0.44079 0.024082 -0.19679 0.16679 0.30354 0.0012343 -0.071635 0.18273 0.17751 -0.002033 -0.034074 0.0095816 0.03986 -0.0070273 -0.018224 0.0074865 0.019029 0.0035121 -0.0086084 0.0052812 0.0086447 0.0051388 -0.019775 0.011262 0.020967
163.73 130.84 1.8486 4.183 0.023681 -0.0024007 0.031734 0.031052 -0.017295 0.015516 0.10448 0.092054 -0.037804 0.041232 0.1136 0.065996 -0.014324 0.0069586 0.022787 0.0084256 0.012697 0.0096032 0.063578 0.075484 0.021456 0.033408 0.13144 0.20028 -0.049393 0.085733 0.31149 0.12956 -0.068471 0.009857 0.087482 0.015686 0.10649 0.10239 0.18116 0.2661 -0.081273 0.038053 0.25627 0.54337 -0.099721 -0.084029 0.27063 0.27012 -0.037803 -0.010853 0.042082 0.015636 -0.034897 -0.090187 0.099632 0.13581 -0.039759 -0.12889 0.064407 0.1636 -0.013887 -0.029455 0.020889 0.039052 -0.00067308 -0.0008613 0.00068729 0.0008613
173.41 130.07 1.6991 2.7597 -0 0 0 0 -0 0 0 0 -0 0 0 0 -0 0 0 0 0.01532 0.0033546 0.036776 0.037739 0.057575 0.10055 0.074984 0.21786 -0.076067 0.22045 0.12106 0.25551 -0.01646 0.0175 0.017471 0.017823 0.041619 0.069446 0.074251 0.13199 0.040348 0.0026496 0.19975 0.24932 -0.014376 0.07464 0.43457 0.32647 -0.096641 0.038544 0.1261 0.049752 0.021633 -0.027114 0.041365 0.054853 -0.0079759 -0.037087 0.15106 0.10473 0.086041 0.040161 0.44374 0.18672 -0.12684 0.02547 0.17091 0.058874
159.23 138.22 2.2618 4.4136 0.003228 -0.0047822 0.023333 0.022831 0.024918 0.011603 0.046386 0.042141 -0.022537 0.051911 0.0727 0.058464 -0.018777 0.0036454 0.050092 0.023511 0.0094961 0.01319 0.050957 0.045208 0.019608 -0.0052075 0.10843 0.10458 0.0053293 -0.043167 0.16717 0.16738 -0.031456 0.041507 0.12282 0.075048 0.048223 0.11596 0.089765 0.12423 0.069178 0.35172 0.18783 0.43123 -0.027403 0.20748 0.1812 0.26804 -0.082245 0.0096376 0.1752 0.10486 0.0025461 -0.045106 0.086873 0.14525 -0.0034273 -0.1764 0.1077 0.32937 -0.044517 -0.14089 0.090883 0.25659 -0.028904 -0.034863 0.036996 0.048269
174.07 140.99 1.9747 3.0581 -0.0048147 0.023637 0.0086585 0.023637 -0.0029546 0.0097008 0.0046723 0.0097008 -0.00012667 0.0014944 0.0013088 0.0014944 -0 0 0 0 -0.013926 0.0013335 0.042826 0.10927 0.0030659 0.059421 0.077473 0.15963 0.075492 0.11439 0.17903 0.26236 -0.053244 0.11417 0.084095 0.13961 0.047745 0.013744 0.058377 0.068791 0.024206 0.083533 0.19549 0.27239 0.043427 -0.0049883 0.27934 0.30114 -0.039743 0.074506 0.31674 0.22664 0.018631 -0.010932 0.041289 0.043431 -0.012491 -0.056499 0.083799 0.11881 0.17495 0.023537 0.27132 0.14617 -0.083866 0.048421 0.37946 0.13923
93.521 142.81 1.9203 3.0414 -0.0081027 -0.019952 0.055613 0.058844 -0.001566 -0.030739 0.037747 0.056921 0.16263 -0.069902 0.17196 0.11876 -0.047448 0.05953 0.28153 0.18442 0.010335 0.016296 0.071066 0.070045 0.03559 0.11982 0.091787 0.18371 0.078632 0.13741 0.16059 0.20203 0.1419 -0.04983 0.44428 0.20272 0.04713 -0.01328 0.065308 0.056599 0.13637 0.0057096 0.1509 0.18951 -0.046595 -0.0048873 0.18342 0.24328 0.079433 -0.06792 0.16173 0.15666 0.0070812 0.0069373 0.01944 0.036273 0.034395 -0.059585 0.042022 0.1103 0.027187 -0.020496 0.10384 0.20014 0.033481 -0.017092 0.14216 0.18577
166.48 142.26 1.9723 0.7487 0.075142 0.059591 0.14893 0.12546 0.049643 -0.10951 0.26375 0.44391 -0.13949 -0.14623 0.20419 0.2354 -0.014666 -0.019934 0.042829 0.053036 0.072523 -0.075516 0.25771 0.11323 -0.076223 -0.034265 0.24006 0.25031 -0.058694 0.074589 0.14649 0.20894 -0.029697 0.013345 0.052373 0.063425 0.034164 -0.072456 0.13213 0.07567 0.068954 -0.1227 0.24284 0.20027 -0.062465 -0.049858 0.15085 0.15098 -0.025976 -0.013902 0.047078 0.06719 0.0021792 -0.00609 0.0087708 0.0075756 0.020372 0.0002428 0.072043 0.064721 -0.010442 -0.013504 0.056274 0.078289 -0.0079373 -0.010121 0.019645 0.032273
180.91 149.84 1.9906 2.9411 -0 0 0 0 -0 0 0 0 -0 0 0 0 -0 0 0 0 0.031132 0.086888 0.049155 0.092526 -0.032443 0.11391 0.068304 0.1595 0.006419 0.040789 0.089387 0.12183 0.0038195 0.11814 0.070651 0.16573 -0.034647 -0.036366 0.10437 0.15211 0.014565 0.0046982 0.14861 0.27722 0.073706 0.25042 0.20594 0.42879 0.098526 0.068624 0.24092 0.35887 -0.012656 -0.021077 0.062399 0.05715 0.082197 0.00088856 0.11429 0.096377 0.051455 -0.070256 0.20354 0.23435 0.023415 -0.04359 0.24806 0.17096
67.679 157.54 2.1247 2.7617 0.0079714 -0.0058976 0.022818 0.036474 0.075417 -0.084426 0.093724 0.1008 0.025056 -0.22404 0.13364 0.30149 0.085498 0.0013454 0.26998 0.27619 -0.071452 0.17154 0.080245 0.21457 0.001613 0.15569 0.089314 0.27566 0.0042373 0.061111 0.15814 0.26819 -0.025816 -0.10679 0.23564 0.24813 -0.03475 -0.15082 0.05772 0.20943 -0.020423 -0.1764 0.062043 0.25002 -0.043398 -0.13054 0.059024 0.17968 -0.015138 -0.019644 0.017202 0.02176 -0.00028362 -0.0040434 0.00082659 0.0040434 -0.00049736 -0.0017495 0.00050388 0.0017495 -2.4649e-06 -6.173e-06 2.4649e-06 6.173e-06 -0 0 0 0
174.58 157.84 2.246 3.5351 -0.0057472 0.074189 0.048513 0.080446 -0.015653 0.11308 0.037257 0.11708 -0.026807 0.053547 0.032014 0.055699 -0.0013096 0.0011105 0.0013096 0.0011105 -0.056997 -0.092471 0.081011 0.17157 -0.0059894 -0.079439 0.084993 0.29083 -0.058576 -0.018877 0.17003 0.2714 -0.037804 0.021737 0.057598 0.054577 0.010674 -0.036868 0.055195 0.090143 0.077718 0.030665 0.10376 0.17601 0.019128 0.23905 0.23553 0.35261 0.0021417 0.14703 0.24945 0.2248 0.023722 0.018711 0.073254 0.08477 0.064309 -0.017829 0.10658 0.14682 0.093524 -0.084038 0.19639 0.25247 0.0051125 -0.022482 0.21614 0.20003
88.062 159.89 1.9583 4.7862 0.058922 -0.0012784 0.13679 0.078168 -0.11344 -0.13519 0.13719 0.15668 -0.029085 -0.048268 0.034238 0.054386 -0.0029508 -0.0051495 0.0054601 0.01204 -0.061714 -0.057123 0.17092 0.099717 -0.049303 -0.011132 0.092454 0.088412 0.032912 0.041666 0.16449 0.12299 -0.0094325 0.017759 0.10971 0.11374 -0.039074 -0.013444 0.14954 0.068444 0.083731 0.19362 0.20314 0.20815 -0.081708 0.14677 0.26263 0.25482 0.010281 -0.0093785 0.14219 0.10244 0.022748 0.043684 0.21362 0.080847 0.1274 0.12234 0.31133 0.18937 -0.21449 0.027153 0.31091 0.18543 -0.020969 -0.0072674 0.072338 0.034279
162.65 160.2 2.0292 4.3484 -0.0048623 -0.039013 0.022051 0.062376 0.042088 -0.087111 0.051222 0.11737 0.042927 -0.11258 0.0936 0.1722 -0.043515 0.024485 0.085786 0.073739 0.0012587 0.051869 0.09118 0.12349 0.014377 0.065387 0.094932 0.14765 0.013016 0.039373 0.16074 0.1802 0.016089 -0.02252 0.19331 0.12771 0.027791 -0.027992 0.11657 0.13444 0.091487 0.014581 0.19946 0.20228 0.060189 0.20981 0.21307 0.25673 -0.087591 0.041032 0.24434 0.13676 0.0057305 0.027181 0.083843 0.075736 0.032407 -0.0011683 0.1626 0.1403 0.12652 -0.10568 0.28171 0.32013 -0.064113 0.038012 0.22535 0.16968
182.53 160.3 2.3571 3.1228 -0 0 0 0 -0 0 0 0 -0 0 0 0 -0 0 0 0 0.020867 0.10116 0.039108 0.10319 0.035233 0.20927 0.086241 0.22446 -0.056832 0.16623 0.085088 0.18303 -0.013298 0.037657 0.027157 0.03929 -0.038804 0.03916 0.15654 0.18395 -0.061319 -0.10205 0.18091 0.34484 -0.012809 0.02988 0.16749 0.41241 0.019157 0.13762 0.1509 0.29107 -0.065316 -0.071702 0.095643 0.091328 0.023818 -0.022731 0.091377 0.13175 0.13998 0.039543 0.16266 0.14476 0.0014917 0.024833 0.22067 0.27212
186.15 166.31 2.0793 3.3241 0 -0 0 0 0 -0 0 0 0 -0 0 0 0 -0 0 0 0.011627 0.063692 0.035811 0.063692 -0.00063778 0.15955 0.037649 0.15955 -0.016259 0.14572 0.042433 0.14572 -0.0057827 0.011768 0.0058453 0.011768 0.050936 0.16578 0.18659 0.2331 -0.075731 -0.011162 0.18999 0.387 -0.057682 -0.048651 0.18701 0.43764 -0.072178 0.033162 0.10542 0.18813 -0.070032 -0.10396 0.10861 0.14918 -0.022573 -0.079443 0.11615 0.20677 0.079669 0.036652 0.11871 0.22464 -0.014014 0.17214 0.14482 0.2478
129.47 167.81 1.7953 1.6173 -0.00099764 -0.0098062 0.086019 0.054785 0.13862 -0.086086 0.2477 0.18669 -0.058213 -0.13967 0.32893 0.37096 -0.04177 0.019261 0.16628 0.14519 -0.042456 -0.010374 0.10102 0.11207 0.10385 0.01182 0.29046 0.19955 -0.056977 -0.032996 0.33893 0.28778 0.0016485 -0.076696 0.15507 0.21863 -0.01183 -0.018955 0.036327 0.027659 0.053637 -0.051195 0.16414 0.11807 -0.040412 -0.068612 0.14833 0.12944 -0.0026237 -0.01098 0.0098448 0.015598 -0.016615 0.019209 0.037517 0.054028 -0.0058638 0.021321 0.058334 0.048845 -0.0093866 0.0046835 0.024182 0.020853 0.010429 0.014041 0.012304 0.014826
154.23 167.73 2.1548 4.1851 0.021075 -0.042519 0.067163 0.11566 0.002867 -0.098324 0.085217 0.18689 0.056518 -0.16122 0.081006 0.21583 0.016367 -0.090869 0.079644 0.15618 0.0074419 -0.055359 0.053954 0.082132 -0.010743 0.022204 0.096052 0.15727 0.042868 0.032904 0.093224 0.15354 0.029567 0.0060131 0.13613 0.15077 -0.01131 0.022501 0.074511 0.065624 0.02217 -0.007441 0.2494 0.34098 0.033279 0.028293 0.2409 0.33968 0.085755 0.14275 0.14899 0.20576 -0.022248 0.035122 0.10319 0.11629 -0.019285 0.0025778 0.16156 0.17241 0.076198 0.0096115 0.15612 0.15625 0.11286 -0.069763 0.17268 0.20097
66.038 171.14 1.9415 6.0081 0 0 0 0 0 0 0 0 0 0 0 0 0 0 0 0 0.0039187 0.056945 0.0094041 0.056945 0.00066544 0.095256 0.015132 0.095256 -0.0070272 0.10287 0.018825 0.10287 -0.0025878 0.017418 0.003005 0.017418 0.020211 0.00095795 0.084669 0.2309 0.069467 0.0043295 0.13179 0.41858 0.034048 0.21726 0.17354 0.50403 -0.11925 0.20927 0.19327 0.2471 -0.016581 0.051575 0.054032 0.14518 0.0073789 -0.089999 0.064828 0.15435 0.099078 -0.18401 0.10807 0.20043 0.030853 -0.084926 0.11644 0.1588
69.832 181.09 1.9956 5.7291 0 0 0 0 0 0 0 0 0 0 0 0 0 0 0 0 0.00099184 0.0017292 0.00099184 0.0017292 0.0090931 0.061231 0.01401 0.061231 -0.0094479 0.083982 0.038718 0.083982 -0.0031036 0.0054648 0.0033312 0.0054648 0.054395 0.13142 0.077591 0.20738 0.10498 0.18768 0.13873 0.41335 -0.06756 0.29098 0.2059 0.46935 -0.12242 0.17579 0.13912 0.22589 -0.0075284 -0.062558 0.040624 0.11916 0.02963 -0.14371 0.038421 0.16224 0.051744 -0.19446 0.082744 0.23126 0.0063827 -0.070118 0.087745 0.14148
177.68 184.11 2.0416 3.8399 0 -0 0 0 0 -0 0 0 0 -0 0 0 0 -0 0 0 0.012432 0.029747 0.013343 0.029747 0.030215 0.16169 0.044127 0.16169 -0.0011541 0.20595 0.096044 0.20844 -0.013863 0.037756 0.017812 0.037756 0.10079 0.11112 0.13276 0.20915 0.051386 0.099413 0.16004 0.44875 -0.060023 0.099651 0.17708 0.43794 -0.075124 0.13684 0.11732 0.21859 -0.021992 -0.072222 0.084842 0.11822 -0.02601 -0.17196 0.065026 0.19366 -0.0047642 -0.10289 0.07243 0.22641 0.020023 -0.027744 0.07491 0.15991
144.1 187.38 1.9583 1.2964 0.02098 -0.050562 0.083063 0.12767 -0.07065 -0.038495 0.13117 0.1154 0.025016 -0.070155 0.13171 0.14986 -0.02416 -0.036809 0.057891 0.066884 -0.00045335 0.14913 0.064439 0.20758 -0.030309 0.21757 0.13538 0.26821 0.011572 0.092902 0.16501 0.21164 -0.041912 0.032378 0.14013 0.10709 -0.067812 -0.052203 0.12936 0.33892 -0.10497 -0.089072 0.25264 0.4233 -0.048808 -0.064073 0.19532 0.25906 -0.028054 -0.027098 0.075034 0.044786 -0.0046826 -0.071516 0.027659 0.079407 -0.022888 -0.078855 0.065172 0.10758 -0.010475 -0.022026 0.023175 0.035883 -0.00052989 -0.0018875 0.0015268 0.0019601
105.23 194.35 2.047 4.7335 0 0 0 0 0 0 0 0 0 0 0 0 0 0 0 0 0.032527 0.17689 0.06822 0.17689 0.014503 0.25126 0.12656 0.28234 -0.077224 0.11696 0.22643 0.15283 -0.012745 0.0071438 0.0328 0.011152 -0.085916 0.082866 0.23264 0.36026 -0.14888 -0.12218 0.29233 0.36851 -0.13305 -0.10245 0.25106 0.1699 0.0039974 -0.0063186 0.061511 0.040794 -0.11373 -0.14573 0.12154 0.15996 -0.036655 -0.082554 0.053727 0.088641 -0.0095657 -0.020377 0.017012 0.020692 0.0040352 0.0045753 0.0062438 0.010399
139.85 193.59 1.9108 5.4861 -0.014991 -0.014199 0.043833 0.044288 0.00012311 0.0072423 0.010557 0.012025 -0.00035196 0.0012751 0.00097453 0.0012751 0 0 0 0 0.047998 0.031016 0.15733 0.10938 -0.076604 0.034488 0.21127 0.16238 -0.020092 0.057717 0.068067 0.07703 -0.0033506 0.0066612 0.0042231 0.0066612 0.012739 -0.011464 0.13 0.081446 0.093691 -0.006659 0.33501 0.30167 -0.045781 0.18961 0.3727 0.35174 -0.060197 0.057573 0.086176 0.068454 -0.020896 0.018764 0.055229 0.041135 0.10542 -0.028707 0.18843 0.12813 0.14459 0.025462 0.31176 0.22609 -0.11695 0.097056 0.17959 0.11272
153.61 198.12 1.8686 4.6465 0 -0 0 0 0 -0 0 0 0 -0 0 0 0 -0 0 0 0.0075659 0.014727 0.011858 0.01633 -0.0028676 0.084189 0.044373 0.087374 -0.0097778 0.065256 0.017447 0.065256 -0.0011362 0.004262 0.001218 0.004262 0.044139 0.050518 0.13277 0.14919 0.095658 0.13619 0.21915 0.35423 0.028934 0.26805 0.19833 0.40059 -0.089915 0.24916 0.14757 0.29584 0.0073082 -0.031533 0.060159 0.080451 0.040646 -0.10004 0.08242 0.19784 0.085135 -0.17319 0.1185 0.28596 0.06769 -0.052927 0.16525 0.19908
145.31 121.73 3.1118 1.4548 0 0 0 0 0 0 0 0 0 0 0 0 0 0 0 0 0.01161 0.071657 0.015639 0.071657 -0.0015598 0.12871 0.020643 0.12871 0.020897 0.13402 0.061442 0.13484 0.016927 0.1004 0.061594 0.12474 0.064794 -0.0084288 0.15651 0.23133 -0.011393 -0.029589 0.20511 0.67602 -0.070079 -0.026329 0.19966 0.36492 0.0078857 -0.033133 0.16146 0.16709 0.017578 -0.016352 0.096108 0.073248 -0.029831 -0.056639 0.092769 0.11341 0.021179 -0.051002 0.086122 0.069902 -0.0088023 -0.013282 0.087236 0.075019
84.136 128.18 2.7749 5.0497 0.016714 0.0017289 0.016714 0.0018602 0.010801 0.017478 0.13769 0.043943 -0.0024556 0.06723 0.08378 0.075437 -0.013682 0.0046255 0.037572 0.039001 0.048155 -0.0011884 0.048155 0.0040511 0.043271 0.062966 0.42447 0.10455 -0.063703 0.022931 0.21904 0.16576 -0.024281 0.046726 0.073778 0.090974 0.010945 -0.00094289 0.010945 0.00094289 0.14734 -0.073129 0.29226 0.27895 -0.017496 -0.067403 0.20939 0.51919 -0.030378 -0.05857 0.14438 0.33424 0 0 0 0 0.010603 -0.022134 0.011475 0.026408 -0.0056745 -0.061779 0.021053 0.070851 0.0040612 -0.036223 0.016084 0.039981
152.78 128.33 2.736 1.4169 0 0 0 0 0 0 0 0 0 0 0 0 0.00045358 0.0029231 0.00045358 0.0029231 0.039517 0.044575 0.052152 0.072581 0.052756 0.2206 0.13661 0.4185 -0.0096062 0.19805 0.11595 0.39399 0.0075251 0.058355 0.13426 0.19035 0.059349 -0.016268 0.12421 0.092249 0.026324 -0.10383 0.22243 0.40785 -0.046569 -0.15212 0.14069 0.34565 0.00061081 -0.035931 0.12793 0.10558 0.030872 -0.0058925 0.060688 0.030458 -0.011612 -0.024994 0.084617 0.071466 -0.016611 -0.0062657 0.053229 0.041598 0.01974 -0.021224 0.048997 0.048378
163.79 133.17 2.6907 4.3555 0.0082707 0.0045411 0.023464 0.031328 0.0073268 0.047908 0.06027 0.064191 -0.024218 0.0088545 0.079811 0.047956 -0.0035725 -0.00026582 0.0048413 0.0020078 0.0049082 0.03288 0.062221 0.055297 0.046882 0.059909 0.17429 0.25657 -0.077983 0.083271 0.25382 0.16621 -0.013795 0.0050917 0.020933 0.0070966 0.048518 0.048817 0.15641 0.25579 -0.031165 -0.021568 0.24322 0.66733 -0.12836 -0.08938 0.21899 0.25687 -0.015587 -0.0036889 0.017088 0.0057603 -0.016068 -0.054631 0.051568 0.080285 -0.014946 -0.067958 0.020187 0.072249 -0.0059888 -0.018191 0.0061738 0.018523 -0.00017126 -0.00012548 0.00017126 0.00012548
74.441 146.54 2.8327 5.841 0 0 0 0 0.0040148 0.0079677 0.0040148 0.0079677 0.011432 0.04217 0.013514 0.04217 0.005536 0.043668 0.011097 0.044585 0.018873 0.023289 0.022874 0.025941 0.016641 0.0604 0.16148 0.17697 0.012831 -0.012195 0.068821 0.19824 0.035007 -0.0491 0.044657 0.14075 0.083775 0.10168 0.2762 0.18053 -0.0040287 0.12294 0.39149 0.36414 -0.1095 0.11704 0.18007 0.20626 -0.025562 0.0068101 0.050971 0.06491 0.1167 -0.018782 0.25441 0.15374 -0.12314 0.081229 0.29325 0.25903 -0.076434 -0.063899 0.10166 0.13493 -0.004267 -0.0016765 0.055715 0.067502
125.84 151.88 3.044 3.7209 0.0031262 -0.003759 0.016718 0.017872 0.0087672 0.0032699 0.041954 0.042966 0.020632 -0.0091097 0.058049 0.071563 0.043601 0.0045805 0.091718 0.10624 0.021044 -0.0022589 0.031809 0.03251 0.072718 0.053759 0.16781 0.18122 0.0098365 0.0961 0.1362 0.21023 0.1549 0.0749 0.2977 0.20376 0.022925 0.00046813 0.07408 0.051901 0.074324 -0.053616 0.20519 0.19012 0.093836 0.016358 0.24619 0.31332 -0.049554 -0.02752 0.30925 0.25172 0.020147 0.029724 0.053839 0.049571 0.0068293 0.040486 0.095975 0.096347 0.087442 0.064889 0.34543 0.20927 -0.080391 -0.036796 0.12448 0.10495
102.51 157.78 2.6687 3.3068 -0.0022978 0.00033858 0.0074939 0.0077935 0.028508 0.0030598 0.10234 0.086303 0.057105 0.0079569 0.18506 0.19295 0.062334 0.010076 0.11671 0.18317 -0.029289 0.015025 0.032434 0.021839 0.034294 -0.00069727 0.13351 0.10059 0.0081229 -0.075255 0.16748 0.20207 0.16971 0.011676 0.29033 0.20424 -0.064239 0.042888 0.094581 0.052433 0.057999 0.0097638 0.12579 0.09147 0.048098 0.16898 0.16161 0.23287 0.20445 0.049852 0.39749 0.20788 -0.011722 -0.014007 0.086782 0.083793 -0.012043 0.031199 0.085662 0.096188 0.08388 -0.048476 0.13821 0.23147 0.075983 -0.019341 0.15816 0.21457
120.05 158.74 2.887 5.0972 -0.010104 -0.015849 0.026263 0.04644 -0.0061806 -0.014825 0.017174 0.030094 0.0023322 -0.0080945 0.012218 0.012692 0.0053996 -0.0026843 0.025424 0.022397 -0.046909 0.032359 0.1021 0.10712 -0.026604 0.05526 0.15765 0.17874 -0.0099092 0.040173 0.16667 0.18023 -0.0046354 0.0076054 0.044914 0.045736 -0.057619 0.047867 0.14279 0.13495 0.10302 0.075174 0.25694 0.2866 -0.11215 0.054251 0.31151 0.23491 0.0099014 0.013262 0.087698 0.067323 -0.018958 0.013246 0.15719 0.3674 -0.071655 0.059299 0.30317 0.28045 -0.081284 0.1079 0.20226 0.19968 0.0047266 0.035798 0.091272 0.070118
76.091 161.67 2.8963 2.7118 0.015293 -0.0031286 0.031976 0.028274 0.054739 -0.0089239 0.12846 0.12215 0.12501 0.046139 0.19501 0.25013 0.071943 -0.073478 0.23085 0.20303 -0.038784 0.11272 0.079868 0.13735 0.018898 0.074296 0.09094 0.17855 0.070688 -0.13332 0.16072 0.33598 0.017908 -0.10581 0.32667 0.34033 0.040968 -0.092038 0.09261 0.19488 -0.061979 -0.081071 0.097313 0.31153 -0.028196 -0.075222 0.077086 0.24155 -0.026395 -0.048962 0.058876 0.075174 0.002674 -0.01346 0.0040756 0.01346 -0.004633 -0.028927 0.0076869 0.028927 -0.0022673 -0.010999 0.0022673 0.010999 -0.00021988 -0.00076916 0.00021988 0.00076916
99.124 163.83 2.7516 5.0903 0.052357 0.035579 0.087284 0.11209 -0.036291 -0.050923 0.095955 0.22656 -0.033458 -0.036189 0.060606 0.11873 -0.014518 -0.0063532 0.025014 0.029136 -0.028931 -0.051375 0.12347 0.14116 -0.016909 -0.026125 0.098041 0.16509 -0.017 -0.016994 0.041435 0.071594 0.00026346 0.010356 0.012022 0.025723 0.031955 0.1454 0.24467 0.17892 -0.15824 0.080237 0.24319 0.21017 -0.027607 0.048152 0.22714 0.24408 -0.015051 0.051526 0.15764 0.16604 -0.0043874 0.081091 0.22548 0.17041 -0.12496 0.16716 0.19987 0.2808 0.062518 0.071321 0.19363 0.20574 -0.042752 0.013924 0.17129 0.13127
173.93 165.72 2.549 0.51898 -0.037892 -0.092984 0.35007 0.3083 -0.10376 0.03459 0.21162 0.24341 -0.042817 -0.0028468 0.11621 0.1369 -0.0020932 0.0020944 0.037774 0.039029 0.05725 -0.096197 0.21663 0.2052 -0.06591 -0.051527 0.21402 0.32554 -0.018553 0.093394 0.1005 0.20886 0.021542 0.072656 0.096852 0.1114 0.026548 -0.017649 0.033877 0.035061 0.05322 -0.097317 0.12085 0.26941 0.032339 -0.061414 0.11197 0.32539 -0.062845 -0.074654 0.087765 0.15044 0.00016193 -0.00028349 0.00016193 0.00028349 0.0045745 -0.014107 0.0045745 0.014107 0.00068497 -0.031064 0.010927 0.031206 -0.0026573 -0.0080965 0.0029337 0.0081069
177.09 174.6 2.9862 3.5662 0 -0 0 0 0 -0 0 0 0 -0 0 0 0 -0 0 0 0.034997 0.045633 0.035941 0.049268 0.047689 0.22556 0.1059 0.25389 -0.048993 0.1643 0.096771 0.26721 -0.03434 0.052946 0.039345 0.068258 0.070311 0.014 0.14273 0.13552 -0.061245 -0.17328 0.1809 0.33615 0.038296 -0.053446 0.17651 0.36733 -0.033584 0.0949 0.16867 0.25389 -0.012135 -0.035856 0.071305 0.060725 0.013349 -0.0019167 0.11124 0.10935 0.10332 0.0084635 0.13768 0.17426 0.028318 0.01506 0.22517 0.31695
169.68 181.46 3.172 0.80013 -0.023434 -0.071883 0.21704 0.22613 -0.07567 -0.073471 0.1346 0.18836 -0.025241 -0.023312 0.11041 0.1391 0.0086352 0.0185 0.047294 0.051879 0.042613 -0.0214 0.20949 0.26124 -0.026637 0.20413 0.12777 0.38885 0.0026237 0.20804 0.15731 0.32548 -0.067044 -0.0070576 0.11963 0.13195 0.048301 -0.064428 0.057293 0.081168 0.063802 -0.18657 0.10595 0.30473 -0.070025 -0.1451 0.098766 0.24166 -0.031679 -0.03709 0.033107 0.041965 0 0 0 0 -2.3145e-05 -0.0041796 0.00094001 0.0041796 0.0002166 -0.002634 0.00041341 0.002634 -2.6128e-16 -4.05e-17 3.3565e-16 4.05e-17
91.521 188.48 3.1131 4.8942 0 0 0 0 0 0 0 0 0 0 0 0 0 0 0 0 0.051622 0.076527 0.051622 0.077284 0.050106 0.26971 0.13141 0.35087 -0.067184 0.13415 0.11951 0.25134 -0.033145 0.013797 0.044827 0.048061 0.11328 0.021702 0.25159 0.23382 -0.15714 -0.21319 0.25257 0.42377 -0.076377 -0.1323 0.10271 0.18834 -0.016901 -0.019711 0.028143 0.030036 -0.028799 -0.032978 0.15394 0.11885 -0.016446 0.058496 0.12008 0.16301 -0.017691 0.05823 0.11906 0.16214 0.012027 0.023389 0.084516 0.093231
132.05 187.95 2.7842 5.3299 -0.062391 -0.0091182 0.10167 0.17049 -0.049944 0.0013489 0.059191 0.06437 -0.00012386 -8.7964e-05 0.00012386 8.7964e-05 0 0 0 0 -0.011757 -0.079048 0.053043 0.091909 0.00045273 -0.0037598 0.10251 0.11451 -0.0090189 0.058439 0.090684 0.1005 -0.010058 0.017889 0.019946 0.020902 0.022561 0.092506 0.19928 0.25954 -0.0084447 0.038272 0.17208 0.20339 0.1266 -0.013175 0.2434 0.23212 -0.084258 0.12429 0.17313 0.16973 -0.094846 0.077113 0.37551 0.31885 -0.015533 0.020844 0.24545 0.20711 0.013212 0.0079598 0.16679 0.14631 0.070861 0.0094536 0.23304 0.11184
76.077 192.56 2.7834 5.3335 0 0 0 0 0 0 0 0 0 0 0 0 0 0 0 0 0 0 0 0 0.0051819 0.0098892 0.0051819 0.0098892 0.0020861 0.007525 0.0020861 0.007525 0 0 0 0 0.10453 0.11053 0.10923 0.13088 0.060124 0.2352 0.19502 0.5627 -0.12672 0.15032 0.16436 0.47972 -0.065728 0.069596 0.072788 0.1067 -0.00033598 -0.031482 0.13222 0.17892 -0.027945 -0.15657 0.086584 0.25286 -0.0094927 -0.13668 0.061186 0.17652 -0.022964 -0.043213 0.054587 0.076923
99.727 198.12 2.5334 4.6226 0 -0 0 0 0 -0 0 0 0 -0 0 0 0 -0 0 0 0.0014961 0.0010601 0.0014961 0.0010601 0.015701 0.082245 0.025146 0.082245 -0.014858 0.096773 0.065778 0.10667 -0.0021505 0.011555 0.017062 0.012685 0.14958 0.19149 0.1946 0.21533 -0.069814 0.18601 0.35455 0.50352 -0.14443 -0.061161 0.20655 0.23019 0.0029736 -0.0083653 0.066383 0.041714 0.032354 -0.025224 0.28869 0.18623 -0.1515 -0.1284 0.20835 0.20572 -0.025682 0.011634 0.051204 0.073804 0.033643 0.014783 0.086621 0.092991
111.59 119 3.8848 1.7902 -0 0 0 0 -0 0 0 0 -0 0 0 0 -0 0 0 0 -0.040639 0.10204 0.064145 0.18234 -0.027668 0.12421 0.047538 0.13463 0.020597 0.18424 0.030331 0.18424 -0.013748 0.062036 0.01862 0.062036 -0.0014023 -0.0544 0.14693 0.24441 0.020031 -0.02442 0.25263 0.40082 0.032226 0.0088928 0.20741 0.56368 -0.082889 0.02145 0.20076 0.18553 0.014855 -0.018259 0.063036 0.047067 -0.020773 -0.039718 0.10562 0.094467 0.041053 -0.058137 0.12298 0.1153 -0.028857 -0.031407 0.12617 0.052815
144.65 119.47 3.7344 1.4092 0 0 0 0 0 0 0 0 0 0 0 0 0 0 0 0 0.00066267 0.010221 0.0024738 0.010221 -0.0037207 0.050965 0.015135 0.050965 0.023726 0.10771 0.049646 0.10771 0.050592 0.11675 0.085926 0.15666 0.064889 0.017537 0.11653 0.10973 0.026435 0.0075636 0.23329 0.67359 -0.030253 -0.013468 0.23525 0.42256 -0.01643 -0.035922 0.14893 0.23538 0.034204 -0.013325 0.07876 0.041725 -0.023444 -0.06288 0.10785 0.12757 0.017403 -0.041417 0.081927 0.086649 -0.015376 -0.017635 0.067047 0.061916
100.58 136.96 3.5097 4.8634 0.010904 -0.0017734 0.054563 0.029445 -0.014677 0.0090455 0.052516 0.067757 -0.001781 0.012509 0.043044 0.044616 -0.00059858 0.011073 0.025803 0.036097 0.051217 0.027995 0.1894 0.061684 -0.064772 0.073848 0.21896 0.16722 0.023823 0.066764 0.15696 0.15059 -0.02498 0.034374 0.12984 0.090554 0.086241 -0.02987 0.17255 0.12028 -0.015133 -0.057295 0.25173 0.51075 -0.05501 -0.055545 0.21488 0.48014 0.018246 -0.016043 0.15123 0.26425 0.0087098 -0.01422 0.010141 0.016755 -0.0080855 -0.064882 0.02499 0.072651 -0.0032163 -0.041799 0.016867 0.046129 0.0051273 -0.031137 0.01284 0.04304
87.422 141.88 3.5544 3.3775 -0.0057359 0.0051936 0.01875 0.0092963 0.025195 -0.018907 0.077799 0.092854 0.062578 0.0033748 0.20595 0.14738 -0.05522 -0.012627 0.10786 0.04617 -0.032682 0.024782 0.085364 0.048207 0.077812 0.050247 0.14329 0.15864 0.10795 0.068758 0.49916 0.24495 -0.11576 0.024017 0.21953 0.066341 -0.0065988 -0.018611 0.070042 0.091599 0.058329 -0.047786 0.1149 0.27441 0.047844 -0.14899 0.27641 0.44269 -0.07593 -0.03933 0.12873 0.073429 0.002509 -0.0057726 0.0034324 0.0069911 0.0041403 -0.019023 0.0085966 0.039954 -0.00047126 -0.035821 0.013557 0.058506 -0.0022919 -0.0044724 0.0028122 0.005216
75.534 149.59 3.2486 5.7855 0 0 0 0 0.0091767 0.019753 0.0092934 0.019753 0.017807 0.054034 0.02025 0.05588 0.0026687 0.057199 0.017307 0.064079 0.029984 0.041136 0.042282 0.050071 0.017505 0.048164 0.1466 0.20962 0.015052 -0.033442 0.059119 0.20228 0.029576 -0.062529 0.045402 0.14934 0.062551 0.10641 0.31908 0.20192 0.01167 0.15714 0.36505 0.35588 -0.11336 0.099299 0.16478 0.19406 -0.017197 0.00078844 0.049144 0.057788 0.10669 -1.958e-05 0.28261 0.17444 -0.11909 0.069483 0.24264 0.23283 -0.066584 -0.047059 0.10508 0.13276 -0.011677 0.0063075 0.06223 0.073997
100.34 156.52 3.4372 3.5074 -0.010662 0.0051287 0.016538 0.014518 0.019166 -0.0031305 0.051287 0.037564 0.05976 0.020985 0.16972 0.16245 0.0095433 0.018292 0.10089 0.17035 -0.04598 0.01582 0.061637 0.026891 0.043212 0.012717 0.12114 0.0886 0.023505 -0.046027 0.16031 0.18541 0.14683 0.027836 0.22776 0.17433 -0.067175 0.030455 0.11502 0.051672 0.089544 0.024352 0.13869 0.089444 0.0027628 0.2056 0.17034 0.24939 0.18608 0.095952 0.4621 0.19132 0.0023819 -0.024674 0.06886 0.06839 0.017573 0.012675 0.10067 0.11339 0.065652 -0.0089284 0.13095 0.28055 0.069059 0.012407 0.19953 0.18495
171.98 160.26 3.2407 3.4783 0.0085231 0.02219 0.010249 0.02219 -0.0038069 0.052592 0.016558 0.052592 -0.0079745 0.022776 0.0098051 0.022776 -0.0001439 0.00020314 0.0001439 0.00020314 0.019145 0.024192 0.082664 0.14446 -0.029517 -0.029302 0.094081 0.24392 -0.055052 0.046905 0.11745 0.22653 -0.01916 0.035745 0.047843 0.05062 -0.031951 -0.040031 0.069463 0.06547 0.061138 0.018446 0.093981 0.13936 0.071334 0.022072 0.25311 0.32675 0.0071234 0.094934 0.34625 0.25415 0.0047105 -0.0034171 0.0265 0.023864 0.0054866 -0.025816 0.079655 0.10047 0.10779 -0.011688 0.17837 0.18473 -0.023574 0.02944 0.44486 0.32677
79.457 179.85 3.8799 2.3247 0.0010679 -0.0027228 0.026339 0.029277 0.010041 -0.035288 0.10942 0.12508 0.11158 -0.092459 0.25027 0.25014 -0.058979 -0.11938 0.36145 0.21618 0.04717 0.008917 0.068595 0.10805 0.036127 0.1328 0.11508 0.37455 -0.030862 0.035659 0.19258 0.44815 -0.044686 -0.047935 0.14318 0.14356 0.022593 -0.024308 0.022748 0.03164 0.033708 -0.14082 0.069021 0.24783 -0.062209 -0.12076 0.078959 0.19102 -0.0088535 -0.011526 0.0099076 0.01392 -0 0 0 0 -0 0 0 0 -0 0 0 0 -0 0 0 0
171.58 180.38 3.6458 0.81987 0.06551 -0.14968 0.32336 0.31506 -0.10636 -0.075965 0.24337 0.30678 -0.021922 -0.031671 0.11676 0.12158 -0.0065124 0.00020596 0.050987 0.042217 0.0652 -0.052894 0.15292 0.14254 -0.0041423 0.014329 0.22549 0.42636 -0.027886 0.10376 0.1515 0.31751 -0.040413 0.00057561 0.07846 0.07953 0.014953 -0.015384 0.017665 0.019507 0.065205 -0.11805 0.086338 0.21234 -0.038617 -0.11131 0.069416 0.20044 -0.013787 -0.014865 0.01432 0.018258 0 0 0 0 0 0 0 0 -6.2871e-17 -3.0142e-16 8.3484e-17 3.0142e-16 -6.6803e-17 -1.3608e-16 7.6018e-17 1.3608e-16
107.2 192.5 3.4726 4.5668 0 -0 0 0 0 -0 0 0 0 -0 0 0 1.8544e-05 0.00012644 1.8544e-05 0.00012644 0.030131 0.070856 0.034539 0.070856 0.01807 0.20202 0.10612 0.22001 -0.055603 0.050038 0.080736 0.075394 0.017791 0.020588 0.067499 0.057876 0.061521 0.15782 0.34364 0.36114 -0.20373 -0.10206 0.29234 0.33871 -0.068591 -0.040313 0.086106 0.073506 0.0093756 0.016818 0.07158 0.080934 -0.11078 -0.10084 0.23562 0.15378 -0.029618 0.0064781 0.14842 0.13442 -0.0017787 0.093012 0.15883 0.19686 -0.0073695 0.066505 0.17222 0.2252
83.948 200.92 3.3216 5.071 0 0 0 0 0 0 0 0 0 0 0 0 0 0 0 0 0 0 0 0 0 0 0 0 0 0 0 0 0 0 0 0 0.087356 0.11652 0.093397 0.11948 0.04426 0.38906 0.17662 0.51077 -0.10914 0.20033 0.13514 0.3385 -0.041302 0.03937 0.04932 0.068495 0.052789 -0.014664 0.1801 0.20427 -0.084791 -0.19111 0.14595 0.3299 -0.048598 -0.12745 0.078485 0.18639 -0.019754 -0.025621 0.036312 0.047316
180 141.69 5.4558 3.2209 0 -0 0 0 0 -0 0 0 0 -0 0 0 0 -0 0 0 0.0089892 0.037426 0.036183 0.075647 -0.013995 0.050893 0.04265 0.13089 -0.010049 0.047836 0.020226 0.05015 -0.00066452 0.0010778 0.00066452 0.0010778 -0.0045448 -0.020508 0.10016 0.093305 0.09652 0.0084476 0.22371 0.27971 -0.10413 0.13163 0.58556 0.35155 -0.040052 0.002751 0.042322 0.016457 0.0053027 -0.0048637 0.035058 0.024443 0.11549 0.019395 0.17207 0.14849 -0.094026 -0.036818 0.44705 0.17535 -0.024227 -0.0029874 0.024422 0.0059086
147.5 145.2 5.1944 4.6635 -0.0061946 -0.0014047 0.013126 0.023154 0.0065956 3.5399e-05 0.02132 0.040266 0.017286 -0.0027485 0.054514 0.080473 -0.01407 0.0054211 0.030218 0.020561 0.013387 0.029511 0.087095 0.0835 -0.019187 0.058401 0.12417 0.12079 0.028207 0.040868 0.14679 0.11735 -0.029572 0.0012655 0.074662 0.038973 -0.031989 0.020929 0.17127 0.32182 0.033266 -0.018518 0.19878 0.48592 -0.069035 -0.035804 0.28652 0.59487 -0.048577 -0.0085085 0.067984 0.055428 -0.01927 -0.047612 0.031366 0.079625 0.0016882 -0.052933 0.022806 0.073823 -0.0066458 -0.049725 0.025228 0.071315 -0.0041748 -0.0048305 0.0051141 0.0064728
56.542 165.66 4.8697 0.20288 0 0 0 0 0 0 0 0 0 0 0 0 0 0 0 0 0.00052652 0.061692 0.0052795 0.061692 -0.0089423 0.059419 0.013696 0.059419 -0.0013566 0.003182 0.0013566 0.003182 0 0 0 0 -0.080262 0.16376 0.31025 0.46799 -0.051648 0.057983 0.26846 0.4373 -0.067223 0.085924 0.20372 0.18943 -0.0093469 0.0050145 0.0093469 0.0050145 -0.088601 -0.055409 0.34564 0.20973 -0.034663 -0.051956 0.15202 0.1555 -0.021622 -0.038648 0.20004 0.096955 -0.017348 -0.00036541 0.018786 0.0064946
84.47 162.5 4.9315 5.3746 0 0 0 0 0.008348 0.016821 0.008348 0.016821 -0.003066 0.050949 0.015652 0.050949 -0.0035602 0.0071621 0.0037005 0.0071621 0.013776 0.0096151 0.019462 0.013208 0.039692 0.019445 0.13081 0.20488 -0.020914 -0.044907 0.076581 0.25737 -0.022707 -0.0065136 0.032751 0.05891 0.065855 0.055678 0.1887 0.083113 -0.044053 0.12212 0.39542 0.31287 -0.062613 0.034139 0.15745 0.17375 -0.0064251 0.011727 0.043231 0.054794 0.064287 -0.028905 0.099082 0.080406 -0.0047471 -0.090902 0.25518 0.46764 -0.048007 0.074606 0.24575 0.2697 -0.022689 0.026336 0.08077 0.062802
163.05 167.25 4.5512 4.4995 0.0021778 0.0048171 0.0035267 0.0048228 0.005558 0.046198 0.017296 0.046204 -0.0087987 0.02373 0.011939 0.02373 -4.8209e-05 1.9687e-05 4.8209e-05 1.9687e-05 0.0058363 0.0062737 0.030183 0.037763 0.04318 -0.0046882 0.077834 0.16707 -0.046283 0.021894 0.18505 0.17882 -0.014185 0.0044827 0.020389 0.0097113 0.0035743 0.051455 0.13497 0.13004 0.056033 0.069589 0.16547 0.16662 -0.062497 0.060334 0.29832 0.23096 -0.018148 0.0028944 0.028031 0.012281 0.0086562 0.040072 0.1767 0.26256 0.037997 -0.031088 0.22456 0.52984 -0.11071 -0.052181 0.24063 0.35373 -0.016037 -0.0017988 0.017782 0.0090273
67.667 192.46 5.0465 5.4426 0 0 0 0 0 0 0 0 -2.2264e-18 -1.9935e-18 2.2264e-18 1.9935e-18 3.7685e-18 3.3742e-18 5.6102e-18 5.0232e-18 0 0 0 0 0.00067372 0.0018614 0.00067372 0.0018614 0.00049553 0.0021754 0.00049553 0.0021754 -4.516e-18 -4.0435e-18 4.516e-18 4.0435e-18 0.033949 0.031234 0.048493 0.053224 0.098934 0.03635 0.20123 0.50208 -0.093192 0.030202 0.16051 0.48268 -0.036723 0.016886 0.040883 0.056154 0.087708 0.10835 0.26109 0.16972 -0.096716 0.067677 0.30224 0.38237 -0.041525 -0.043043 0.10136 0.1722 -0.0077142 0.0027694 0.031439 0.04162
88.628 127.08 7.3778 1.565 0 0 0 0 0 0 0 0 0 0 0 0 0 0 0 0 -0.01221 0.097275 0.083555 0.25044 0.051046 0.17102 0.18148 0.46899 -0.090441 0.083097 0.14863 0.17173 -0.0016988 0.00034217 0.0016988 0.00034217 -0.0028277 -0.076617 0.15827 0.29923 0.017573 -0.14114 0.32182 0.41448 -0.1043 -0.043358 0.2843 0.15865 -0.0087785 0.00071838 0.0087806 0.0022356 -0.0081906 -0.01008 0.031873 0.04539 0.027974 -0.013469 0.065725 0.097744 -0.026689 -0.017098 0.097247 0.075806 -0.0029366 -0.00057363 0.0029366 0.00079329
184.36 143.81 6.5534 3.2947 0 -0 0 0 0 -0 0 0 0 -0 0 0 0 -0 0 0 0.010509 0.022133 0.020782 0.033485 -0.0079696 0.049338 0.04022 0.074632 -0.0046799 0.022758 0.0074189 0.022758 0 -0 0 0 0.016586 -0.010986 0.090587 0.070479 0.18107 0.031595 0.30929 0.26379 -0.14241 0.081688 0.55023 0.29321 -0.010543 0.00016922 0.010543 0.0041095 0.0035687 0.0034494 0.039583 0.022587 0.16325 0.0058803 0.29447 0.19774 -0.12259 -0.03142 0.40455 0.15572 -0.0010843 -0.00029768 0.0010843 0.00029768
144.52 152.12 6.7119 4.9481 -0.0048059 0.0029617 0.041226 0.07149 -0.0082395 0.00029912 0.016056 0.031454 0.00014253 0.017548 0.019524 0.034034 -0.0025095 0.0032224 0.003363 0.0039506 -0.020374 0.067807 0.17618 0.15838 -0.021925 0.075244 0.13337 0.14391 0.0048793 0.037144 0.16693 0.14126 -0.022166 0.00025644 0.053328 0.022834 -0.0003238 -0.074958 0.16464 0.38192 0.010628 -0.054151 0.23222 0.57972 -0.10565 -0.014383 0.28091 0.39326 -0.022796 -0.0060032 0.031119 0.013355 0.0009857 -0.018724 0.0051953 0.018724 0.010778 -0.042103 0.020174 0.05782 -0.011102 -0.036894 0.031679 0.06296 -0.0017646 -0.00071381 0.0017646 0.00094619
194.16 186.16 6.3251 3.5405 0 -0 0 0 0 -0 0 0 0 -0 0 0 0 -0 0 0 0 -0 0 0 0 -0 0 0 0 -0 0 0 0 -0 0 0 0.0076082 0.0031916 0.0079273 0.0031916 0.057014 0.066732 0.16908 0.27212 -0.047402 0.11916 0.16444 0.40099 -0.022323 0.055299 0.034036 0.067957 0.013111 0.0015609 0.017761 0.0087481 0.010325 -0.026273 0.1422 0.11928 0.21998 0.073706 0.40267 0.3643 -0.11437 0.060019 0.43163 0.29736
63.004 102.47 10.036 0.75722 0 0 0 0 0 0 0 0 0 0 0 0 0 0 0 0 0 0 0 0 0 0 0 0 0 0 0 0 0 0 0 0 0 0 0 0 0.13711 0.13048 0.38727 0.39723 -0.12887 0.098596 0.33491 0.31361 -0.0089194 0.0090721 0.019609 0.012051 0.069281 0.014399 0.089808 0.0902 -0.013353 -0.035987 0.39426 0.40492 -0.048893 -0.054005 0.22213 0.14323 -0.01129 -0.0038871 0.035252 0.015368
56.974 153.95 10.081 5.7479 0 0 0 0 0 0 0 0 0 0 0 0 3.7654e-19 6.3497e-19 1.2594e-18 2.1238e-18 0 0 0 0 0.0048601 0.0090653 0.0094672 0.015518 0.00030955 0.04698 0.055686 0.13584 -0.0076939 0.0088586 0.009632 0.015827 0 0 0 0 0.13457 0.061045 0.38649 0.33723 -0.11114 0.062524 0.33951 0.42148 -0.016031 0.0034315 0.038905 0.041548 0 0 0 0 0.076453 -0.068799 0.16106 0.12364 -0.042031 0.0075354 0.45496 0.31938 -0.03749 0.012293 0.091445 0.071904
105.94 161.11 10.227 4.7647 0 0 0 0 0.00053537 0.0052858 0.0019678 0.0052858 -0.00052335 0.0021059 0.0011891 0.0021059 -2.2632e-06 8.5749e-06 6.9876e-05 8.5749e-06 0.012817 0.0018127 0.012863 0.0037165 -0.00086153 0.051354 0.16308 0.16568 0.010226 0.050146 0.069285 0.12568 -0.013423 0.017895 0.058384 0.053792 0.020585 -0.0010928 0.020616 0.0042964 0.059892 -0.026493 0.32113 0.45474 -0.0046254 -0.0013848 0.22069 0.70199 -0.058699 -0.0080128 0.10176 0.15871 0.0008057 -0.00025158 0.0008057 0.00025158 0.0053229 -0.03702 0.029995 0.060485 0.00014056 -0.045112 0.021727 0.090932 -0.0050797 -0.0086146 0.0084023 0.018266
