58 64
98.447 122.25 2.1891 1.9789 -1.0534e-05 2.4361e-05 1.0534e-05 2.4361e-05 -2.1795e-06 5.0402e-06 2.1795e-06 5.0402e-06 -0 0 0 0 -0 0 0 0 -0.030299 0.067294 0.12726 0.11097 -0.0093049 0.075845 0.041485 0.084484 0.0059986 0.13549 0.015022 0.13571 -0.012198 0.051864 0.013105 0.051864 0.082733 0.00067916 0.29943 0.23815 0.067004 0.025992 0.2456 0.56223 -0.060774 0.07288 0.13171 0.37086 -0.018731 0.049943 0.10194 0.1912 0.021996 0.0032461 0.13515 0.11592 -0.011379 -0.093468 0.13452 0.20646 0.023592 -0.10887 0.090282 0.16597 0.008256 -0.04508 0.056871 0.070026
112.98 126.11 1.9057 2.2423 -0.01084 -0.0075395 0.019048 0.038629 -0 0 0 0 -0 0 0 0 -0 0 0 0 -0.00033494 -0.001919 0.00089473 0.001919 0.048244 0.054554 0.13866 0.083672 -0.022246 0.043443 0.06639 0.052253 -0 0 0 0 0.00069969 -0.00088036 0.00069969 0.00088036 0.11615 0.044254 0.37626 0.23075 0.025335 0.23518 0.38796 0.39993 -0.04653 0.19179 0.060151 0.21018 0.0077327 0.00030108 0.0095435 0.0085955 0.049353 0.016247 0.25509 0.16124 0.064613 -0.11716 0.24444 0.2849 -0.0049071 -0.047754 0.088636 0.1747
146.02 125.9 2.0011 1.1509 0 0 0 0 0 0 0 0 0.00036306 0.00081324 0.00036306 0.00081324 0.00014696 0.00032917 0.00014696 0.00032917 -0.0074046 0.01778 0.0074903 0.01778 0.010108 0.0076829 0.015013 0.012881 -0.004737 0.038701 0.15385 0.096464 -0.012021 0.0015011 0.016527 0.012359 0.01485 0.08815 0.069774 0.29124 -0.13824 0.11749 0.23422 0.41545 -0.064692 0.089514 0.5065 0.31043 -0.023424 0.0126 0.037695 0.020162 -0.0088164 -0.067593 0.050677 0.079685 -0.032507 -0.11947 0.12571 0.1446 0.0040157 0.0076387 0.37167 0.17976 -0.024437 0.001791 0.032525 0.012289
99.325 130.14 2.1447 4.851 -0.0051735 -0.020242 0.051081 0.05046 0.031447 -0.03409 0.10269 0.11084 -0.030223 -0.0041935 0.13946 0.19227 -0.014614 0.0035195 0.019076 0.021804 -0.00022599 0.082422 0.071185 0.12727 0.064625 0.23428 0.11506 0.35316 -0.049009 0.11173 0.30658 0.37058 -0.050843 0.022437 0.11337 0.076267 0.016353 -0.064004 0.077091 0.17111 -0.052571 -0.19954 0.15273 0.37057 -0.030035 -0.15434 0.19096 0.29599 -0.031555 -0.025923 0.099649 0.10033 -0.0028357 -0.033153 0.0076868 0.039037 -0.0097681 -0.027662 0.010849 0.02878 0.0019543 -0.0049632 0.0031626 0.0051621 -0.00022751 -0.0067857 0.0040321 0.0080975
181.56 129.41 1.9325 2.6699 -0 0 0 0 -0 0 0 0 -0 0 0 0 -0 0 0 0 0.017944 0.019185 0.035045 0.094616 0.018838 0.13544 0.047295 0.20058 -0.044907 0.18452 0.076321 0.22623 -0.011295 0.02211 0.013085 0.023327 0.0156 -0.00016342 0.066663 0.11225 0.10745 0.049804 0.18273 0.26703 0.13239 0.11941 0.37765 0.4103 -0.13494 0.081655 0.26887 0.15086 -0.014485 -0.0011506 0.061615 0.054035 0.081239 -0.0632 0.14606 0.12292 0.19725 0.015612 0.22504 0.13485 -0.10969 -0.015872 0.23517 0.073149
171.89 136.18 1.9431 4.9983 -0.048137 -0.04089 0.09016 0.1562 -0.017404 -0.025515 0.057216 0.057772 0.0050522 -0.0085342 0.10147 0.045699 -0.0081244 0.0039023 0.03215 0.017738 -0.076275 0.15854 0.15693 0.28288 -0.019193 0.17621 0.14659 0.20646 -0.055745 0.053894 0.17438 0.15201 -0.0084203 0.017867 0.078239 0.075185 0.086026 -0.10217 0.28991 0.29641 -0.11092 0.123 0.22192 0.26148 -0.086065 0.044255 0.1822 0.22372 -0.049271 -0.014494 0.079514 0.079359 0.058075 -0.067394 0.078772 0.098531 -0.033339 -0.13755 0.12107 0.31885 -0.061747 -0.080431 0.074941 0.142 -0.0079437 -0.0074898 0.0082751 0.0083668
151.97 138.05 1.9556 4.9326 0 0 0 0 0.041039 0.031107 0.054414 0.073115 -0.0016279 -0.0074111 0.082418 0.12063 -0.0068982 -0.0048218 0.048733 0.021627 0.039073 0.016793 0.044748 0.045393 0.019464 0.0156 0.31663 0.4692 -0.064576 -0.012174 0.11514 0.17529 0.002616 0.014672 0.035086 0.041541 0.031306 -0.010355 0.12049 0.11086 0.1051 -0.033957 0.37613 0.40865 -0.065621 0.13453 0.17062 0.23639 -0.01083 0.062202 0.067444 0.091153 -9.7073e-05 -0.010406 0.014582 0.014944 0.044962 -0.063137 0.065007 0.075657 0.058431 -0.092071 0.16118 0.19644 -0.026425 -0.0067357 0.067456 0.12368
171.98 143.82 1.8396 4.9267 -0.0074081 -0.017779 0.095747 0.14141 -0.027577 -0.010253 0.14383 0.068374 -0.033572 0.027504 0.10182 0.051157 0.0029472 0.0015179 0.024888 0.011722 -0.080688 -0.051449 0.14936 0.21288 0.012764 -0.0071971 0.10729 0.093817 -0.027702 -0.012701 0.18362 0.084721 -0.0038147 0.005146 0.071863 0.054314 -0.10355 0.20292 0.17248 0.26443 -0.023479 0.21417 0.20909 0.28035 -0.079917 0.11572 0.22207 0.20808 -0.018171 0.021124 0.11079 0.087671 0.063613 -0.088284 0.22296 0.2703 -0.087007 0.051471 0.19549 0.26011 -0.089484 -0.014159 0.16727 0.19205 -0.03145 -0.015451 0.041476 0.034087
89.285 145.3 1.8808 0.89264 0.028587 0.044512 0.1595 0.096118 -0.087684 -0.085733 0.14356 0.15249 -0.038347 -0.015909 0.087035 0.11802 0.012592 -0.025464 0.038564 0.051697 -0.093661 -0.098967 0.30508 0.2626 -0.056996 -0.078129 0.18094 0.20393 0.049652 0.019982 0.1281 0.2068 -0.053995 0.034256 0.073898 0.066323 0.011817 -0.027218 0.18617 0.27341 -0.009584 0.080012 0.15038 0.46287 0.012592 -0.014596 0.17333 0.22558 -0.034453 -0.0203 0.11219 0.060458 0.012163 -0.027308 0.032362 0.055505 0.014559 -0.057421 0.099694 0.16348 -0.0057561 -0.021255 0.149 0.10021 -0.017442 -0.010674 0.057955 0.025597
172.73 152.83 2.0136 3.4084 -0.016181 -0.012715 0.030687 0.043813 0.0040829 -0.012211 0.025161 0.045355 0.0048114 -0.0043327 0.075661 0.088004 -0.0066283 0.029496 0.068764 0.08045 -0.00035237 0.017855 0.052399 0.12605 0.033541 0.08442 0.10587 0.21458 -0.02206 0.039359 0.12431 0.23006 0.076775 0.07045 0.17494 0.19515 0.0020563 0.046146 0.10087 0.2045 -0.0063993 -0.034515 0.12321 0.27371 0.055305 -0.065696 0.17468 0.19859 0.13115 0.025383 0.24303 0.20029 -0.083163 0.048276 0.20568 0.21075 -0.075705 0.087583 0.29401 0.22474 0.023841 0.069317 0.19086 0.12708 0.14575 0.099412 0.1816 0.16009
94.306 156.33 1.8146 3.8632 0.011218 0.0063665 0.015386 0.0083783 -0.0008692 0.025196 0.041435 0.031067 -0.001543 0.026273 0.017684 0.032123 -0.0017424 0.0014289 0.00382 0.0055771 0.047671 0.010584 0.068755 0.027941 -0.0022666 0.056843 0.28438 0.17078 0.0079294 0.12653 0.19876 0.28293 -0.026675 0.085427 0.11498 0.17317 0.033851 0.026048 0.12909 0.08148 0.0016633 0.024716 0.2085 0.19655 -0.005237 -0.10726 0.2399 0.42813 0.01838 -0.028362 0.21899 0.33293 0.025953 -0.018769 0.056636 0.046308 0.022059 -0.056629 0.087708 0.16052 -0.066136 -0.021473 0.093337 0.14676 0.16669 0.056051 0.19914 0.12938
92.439 165.06 1.9907 5.5606 0.0025432 -0.017636 0.054764 0.10185 -0.01855 -0.026719 0.056294 0.15392 0.00092776 -0.059368 0.022837 0.086331 0.014032 -0.044167 0.029746 0.058568 -0.006372 0.080604 0.12264 0.16674 -0.056154 0.11624 0.14302 0.2706 -0.045209 0.083718 0.062441 0.14131 -0.0037811 0.00010038 0.0090292 0.01001 0.020425 -0.031111 0.22937 0.18527 -0.083153 0.035797 0.3191 0.37501 -0.084157 -0.022311 0.13904 0.22668 -0.0063784 -0.00020052 0.0076165 0.006878 0.089868 0.0049839 0.25938 0.11278 -0.10532 0.013956 0.42592 0.18869 -0.043191 -0.0084895 0.096296 0.050617 -0.00058773 0.00026461 0.0009019 0.00082857
157.84 180.06 2.0839 1.163 0.0039821 -0.011204 0.069024 0.046485 0.11426 -0.061065 0.18738 0.24947 -0.10982 -0.026806 0.17297 0.27287 -0.030079 0.0018463 0.033253 0.047833 -0.0034563 0.006123 0.10934 0.077735 0.056364 -0.010958 0.1853 0.31329 -0.0247 0.0033454 0.17698 0.4165 -0.0077226 0.01725 0.14425 0.32355 0.0058649 0.051862 0.052242 0.082439 0.017099 0.0066277 0.12547 0.29412 -0.042823 -0.074967 0.1123 0.30709 -0.018637 -0.047184 0.053568 0.13464 0.018377 -0.023947 0.024105 0.047048 -0.024459 -0.0348 0.050546 0.087598 -0.020632 -0.0082644 0.030772 0.045923 -0.0033563 0.00030693 0.0062226 0.011263
140.59 182.94 1.8632 1.5378 0.08144 -0.052504 0.13888 0.19005 -0.1421 -0.029256 0.1717 0.27153 -0.027936 0.0032337 0.027972 0.032076 0 0 0 0 0.00041041 0.0022426 0.1444 0.3268 -0.021304 -0.0053927 0.12946 0.52437 -0.055832 0.02713 0.073344 0.19345 -0.0009458 -0.00062907 0.0012243 0.009146 -0.018372 -0.052708 0.084994 0.18212 0.0015828 -0.10453 0.099091 0.4877 -0.040566 -0.039717 0.060157 0.17731 -0.00022847 -0.00048581 0.00022982 0.00054053 -0.0058996 -0.0072529 0.013503 0.025919 -0.002849 -0.0075413 0.003961 0.017609 -0.00010694 -0.0032443 0.00010694 0.0032443 0 0 0 0
88.214 192.55 2.3165 4.9702 0 0 0 0 0 0 0 0 0 0 0 0 0 0 0 0 0.064053 0.14027 0.067878 0.14057 0.046474 0.25967 0.12469 0.33645 -0.084827 0.18459 0.20556 0.25186 -0.038759 0.023227 0.049416 0.046271 0.036763 0.04027 0.17849 0.259 -0.11576 -0.20709 0.20292 0.40611 -0.097288 -0.16203 0.18797 0.29702 -0.023209 -0.01948 0.028341 0.03184 -0.052332 -0.057995 0.15975 0.15794 -0.03873 -0.053045 0.059622 0.093391 -0.00086124 -0.0062157 0.004592 0.020559 9.2091e-05 -0.00036336 0.00010552 0.00041429
73.76 194.17 2.0646 5.375 0 0 0 0 0 0 0 0 0 0 0 0 0 0 0 0 6.7246e-06 -8.6188e-06 6.7246e-06 8.6188e-06 0.003098 0.0083906 0.003098 0.008394 0.0023842 0.018045 0.0061066 0.018045 -0.00030517 0.0015618 0.00042161 0.0015618 0.042585 0.20012 0.092631 0.21538 0.05415 0.27495 0.1502 0.39151 -0.054245 0.24508 0.14402 0.42722 -0.093144 0.13847 0.12685 0.1872 -0.017706 -0.060006 0.098887 0.17445 -0.034163 -0.18785 0.093073 0.28062 0.0079381 -0.18064 0.071684 0.24401 -0.031038 -0.086358 0.08538 0.14701
155.89 195.04 2.1858 4.8258 -2.8062e-05 0.00024638 2.8062e-05 0.00024638 -0.00012106 0.0020088 0.00047733 0.0021051 -1.6362e-05 9.5373e-05 0.00010857 0.00015495 0 0 0 0 0.00024456 -0.00015506 0.00035363 0.0011127 0.010838 0.012387 0.026328 0.056223 0.0034109 0.050996 0.028511 0.077391 -0.0076843 0.024935 0.012948 0.025707 -0.0045728 0.079542 0.12193 0.45453 -0.0063454 0.19023 0.1571 0.36036 0.093769 0.050421 0.16643 0.23455 -0.046228 0.075284 0.097996 0.12371 0.014031 -0.010303 0.064371 0.24112 0.049364 0.0029697 0.18165 0.4382 -0.022967 -0.032029 0.26022 0.25775 0.011037 -0.041329 0.078599 0.076429
161.53 198.22 1.768 4.9569 2.3554e-05 5.8756e-06 2.3554e-05 5.8756e-06 -0.00012796 8.9369e-05 0.00025485 0.00016738 -1.8251e-05 1.0963e-05 1.8251e-05 1.0963e-05 0 0 0 0 0.0083119 -0.0021347 0.013591 0.016031 -0.0028954 0.044115 0.049959 0.07533 -0.0081664 0.030991 0.011263 0.034752 3.2482e-16 1.942e-16 8.4854e-16 1.2411e-15 -0.036501 0.13907 0.15516 0.36539 0.078029 0.089897 0.1979 0.28534 -0.054928 0.16872 0.1581 0.22842 -0.038473 0.037887 0.038668 0.040043 0.040771 -0.014351 0.16049 0.38115 -0.053927 -0.035816 0.37802 0.39621 0.037657 -0.061007 0.17826 0.17631 -0.067934 0.0081427 0.07903 0.058441
105.27 123.08 2.6855 1.9797 -0.0014655 0.0029749 0.002234 0.0029749 -0 0 0 0 -0 0 0 0 -0 0 0 0 -0.0010347 0.0031782 0.020668 0.024371 -0.024182 0.086791 0.090407 0.10398 -0.0012768 0.10155 0.0247 0.10171 -0.0065233 0.039638 0.0076066 0.039638 0.023336 0.0011572 0.023822 0.010344 0.11717 0.015374 0.3409 0.414 0.0007633 -0.007286 0.20764 0.59207 -0.063293 0.052625 0.15868 0.22673 0.01077 0.00016785 0.011876 0.0085503 0.016712 -0.017538 0.20871 0.19612 -0.018403 -0.025072 0.16774 0.19024 0.0067514 -0.040808 0.10503 0.080555
90.475 126.01 2.6155 1.8896 -7.6096e-05 0.00026709 9.7864e-05 0.00026709 2.0106e-06 6.6369e-07 2.0106e-06 6.6369e-07 -0 0 0 0 -0 0 0 0 0.049963 0.042902 0.11822 0.13085 0.01714 0.21261 0.10706 0.37222 -0.0587 0.21518 0.1095 0.32523 -0.041422 0.049083 0.048807 0.071054 0.069306 -0.027815 0.16092 0.17912 -0.0078184 -0.14681 0.21448 0.47677 0.02044 -0.10816 0.19813 0.27736 -0.059331 -0.0029956 0.1284 0.056587 0.036408 -0.00497 0.079124 0.080088 0.015753 0.014251 0.14856 0.12472 -0.011469 -0.011152 0.12047 0.062154 -0.013391 -0.010906 0.092221 0.021335
155.54 131.12 2.9048 1.1943 0 0 0 0 0 0 0 0 0.00046996 0.0086777 0.0056919 0.010844 0.0022501 0.0033644 0.0045897 0.0055085 0.072017 0.056386 0.090124 0.14184 0.002852 0.19292 0.11997 0.38443 -0.097431 0.13641 0.30527 0.33691 -0.02104 0.010473 0.050247 0.027622 0.064561 -0.036397 0.13106 0.10235 -0.036166 -0.14989 0.15188 0.2699 -0.052205 -0.061591 0.45372 0.31325 -0.042299 0.00057657 0.091399 0.042494 0.0097139 -0.014331 0.046849 0.028843 -0.0037705 -0.010684 0.067945 0.061737 0.030872 0.0057198 0.13307 0.10328 -0.03222 0.030787 0.056519 0.057816
86.832 134.46 2.7974 4.8736 -0.001213 -0.00039811 0.047725 0.018353 0.02289 0.01916 0.12042 0.057537 -0.019374 0.030324 0.14199 0.12275 -0.022396 0.01016 0.035092 0.036992 0.006577 0.022385 0.15533 0.043756 -0.011724 0.053615 0.18649 0.18918 0.028812 0.085517 0.21069 0.36926 -0.047994 0.022731 0.11919 0.11709 0.07359 -0.024308 0.11831 0.080486 0.050028 -0.041216 0.17821 0.34539 -0.052873 -0.059357 0.19666 0.55438 -0.06055 -0.031162 0.18766 0.17285 0.0077006 -0.01038 0.008326 0.011937 0.004847 -0.058508 0.017552 0.072115 -0.011059 -0.050017 0.01501 0.051438 -0.00098019 -0.012849 0.011693 0.015003
180.65 141.98 2.8645 4.0595 -0.011069 -0.0051468 0.02923 0.050036 -0.0044307 0.00056102 0.039701 0.037331 -0.0055461 0.0033757 0.014374 0.008271 0 -0 0 0 -0.021287 0.025702 0.11014 0.11574 -0.022206 0.037532 0.13087 0.13713 -0.031155 0.036358 0.097578 0.056962 -0.0029639 0.001299 0.0029639 0.001299 -0.054794 0.03779 0.20674 0.13317 0.095001 0.17837 0.24663 0.25104 -0.14776 0.10437 0.32975 0.14951 -0.018564 0.0017105 0.018564 0.004392 0.032213 -0.0053856 0.29458 0.24371 -0.022709 -0.062924 0.21158 0.47148 -0.1347 -0.074748 0.18969 0.20229 -0.0068822 -0.0021579 0.0068822 0.002672
80.135 146.37 2.6751 0.42638 0.023952 0.058332 0.063083 0.078784 -0.019314 0.058396 0.043765 0.18497 -0.019117 0.026522 0.034313 0.093049 -0.0051272 0.016315 0.0083691 0.017408 0.037297 0.052539 0.26693 0.14575 -0.095024 0.0049604 0.21918 0.24779 -0.025561 0.051706 0.094301 0.19964 0.011454 0.011421 0.082355 0.092306 -0.037346 -0.04238 0.43579 0.16523 -0.0085698 0.049285 0.30182 0.3189 -0.065824 0.0045145 0.17245 0.21732 0.021973 -0.022214 0.093062 0.08517 -0.00011028 -0.059604 0.11814 0.15042 -0.0089238 -0.050796 0.16333 0.19267 -0.030184 -0.042836 0.1229 0.10899 0.0055159 -0.0084337 0.03144 0.015766
157.65 152.65 2.685 3.2036 -0.011232 0.0067396 0.026597 0.032405 0.008782 0.013824 0.027625 0.057111 0.028085 0.021961 0.07245 0.093751 -0.0032391 0.051446 0.087539 0.084891 -0.0090235 0.032431 0.11125 0.12952 0.0031232 0.076904 0.097862 0.18004 0.092249 0.008779 0.18145 0.13297 0.021556 0.026438 0.26491 0.16892 0.04413 -0.023798 0.228 0.11968 -0.0447 -0.062835 0.22318 0.22011 0.096662 -0.0068707 0.45557 0.3639 -0.080258 -0.080324 0.33294 0.22828 -0.00082855 -0.015484 0.031724 0.018268 -0.0045785 -0.023919 0.018686 0.024527 0.018974 -0.046792 0.066212 0.075585 -0.010897 -0.032131 0.059277 0.070754
161.51 157.95 2.7356 3.1738 -0.0015582 0.014885 0.027432 0.030329 -0.0034384 0.0045315 0.02532 0.039449 0.0092249 0.022252 0.039883 0.0812 0.016253 0.041882 0.060628 0.08349 -0.029564 0.0020902 0.10925 0.095755 0.014775 0.025017 0.07089 0.1609 0.01828 0.0062324 0.1058 0.15471 0.13105 0.050128 0.17438 0.14291 0.048718 0.0068918 0.23278 0.088232 -0.02651 0.028648 0.29178 0.32073 -0.018428 0.039258 0.35215 0.32479 0.059962 -0.0056717 0.39846 0.27238 0.0075177 -0.018556 0.082908 0.03324 -0.012666 -0.063673 0.069496 0.072216 0.022891 -0.054622 0.097096 0.099226 -0.005981 -0.058919 0.12982 0.16439
69.56 166.57 2.7376 2.642 0.018626 0.00068465 0.022685 0.024775 0.11313 -0.04773 0.17264 0.26685 -0.051271 -0.0086812 0.3091 0.26305 0.053332 -0.068968 0.18135 0.16642 -0.024931 0.085475 0.068206 0.13775 0.02749 0.043621 0.14121 0.33348 -0.035736 -0.062825 0.17299 0.34483 0.011114 -0.039565 0.20418 0.24009 0.026799 -0.078933 0.052877 0.14358 0.0077528 -0.084553 0.073146 0.29174 -0.079594 -0.075818 0.11137 0.25521 -0.023967 -0.038553 0.041028 0.058777 0.00087987 -0.0036957 0.00087987 0.0036957 0.00086194 -0.020725 0.0033244 0.020725 -0.0049244 -0.016612 0.0054454 0.016612 -0.00016923 -0.00037457 0.00016923 0.00037457
85.445 165.72 2.8341 5.1525 0.020893 0.030879 0.030516 0.036484 0.022005 0.033879 0.071002 0.13852 -0.022437 -0.012738 0.058778 0.16311 -0.026686 -0.0085057 0.030807 0.052689 0.031247 -0.01593 0.12859 0.11482 -0.05317 -0.04149 0.19961 0.22362 -0.029065 0.0093369 0.066453 0.12886 -0.0085223 -0.00866 0.0090343 0.019678 0.036746 0.019362 0.19923 0.091465 0.025314 0.10475 0.34581 0.25653 -0.096161 0.082623 0.2707 0.29254 -0.018419 0.0057597 0.023149 0.020542 -0.007712 0.075656 0.15755 0.13968 0.044345 0.024965 0.2667 0.2637 -0.078082 0.021031 0.30935 0.26051 -0.015198 0.0013541 0.019251 0.01417
64.016 167.17 2.9569 2.6456 0.018857 -0.0085665 0.029666 0.048604 0.07859 -0.081548 0.20087 0.26423 -0.074966 -0.071635 0.27133 0.29452 0.070351 -0.043616 0.21108 0.20319 -0.0081359 0.052947 0.087382 0.22693 0.0044924 0.11028 0.13252 0.38864 -0.051243 -0.0011755 0.16164 0.32729 -0.014822 -0.073155 0.17899 0.22127 0.020812 -0.074382 0.028766 0.094219 0.0077794 -0.14512 0.050107 0.24779 -0.059667 -0.093024 0.068521 0.16119 -0.0093422 -0.015055 0.010071 0.017357 3.8744e-06 7.8966e-06 4.4912e-06 7.8966e-06 1.7259e-06 4.1514e-06 2.5312e-06 4.1514e-06 -0 0 0 0 -0 0 0 0
183.35 172.61 2.8976 0.95153 0.01719 -0.046663 0.13955 0.079331 -0.0026863 -0.038175 0.1771 0.19448 0.11907 -0.059602 0.26231 0.23185 -0.047338 -0.064189 0.26814 0.33813 0.014501 -0.018353 0.057862 0.048794 0.02326 -0.0021374 0.12038 0.14359 0.047734 0.023528 0.19136 0.27487 0.01954 -0.024156 0.22585 0.47545 0.0017441 -0.0015423 0.0024523 0.0019969 0.032361 -0.034479 0.048094 0.078111 0.072787 -0.089195 0.095885 0.22196 -0.043842 -0.070126 0.090899 0.18756 0 0 0 0 -2.1183e-07 1.5099e-07 2.1183e-07 1.5099e-07 0.0029296 -0.010898 0.0036572 0.010898 -0.00070461 -0.01249 0.0041582 0.01249
183.79 181.53 2.801 3.6066 5.8165e-17 1.1693e-16 5.8165e-17 1.1693e-16 -1.8263e-16 4.7569e-16 4.5157e-16 4.7569e-16 -6.1632e-17 5.6161e-17 9.7862e-17 5.6161e-17 0 -0 0 0 0.0034741 0.0053825 0.0045012 0.0053825 0.011059 0.091961 0.038226 0.091961 -0.0026409 0.065537 0.042999 0.091635 -0.0096424 0.0168 0.011867 0.025609 0.089245 0.027414 0.10703 0.10079 -0.040562 0.03072 0.25353 0.37712 -0.057391 0.017559 0.11965 0.22225 -0.0035407 0.033921 0.070424 0.13643 0.059783 0.012264 0.15519 0.12326 -0.02854 0.10048 0.35173 0.51502 -0.0085673 0.094398 0.16366 0.33273 0.023661 0.0090546 0.11241 0.17777
76.416 184.58 2.7482 5.5382 0 0 0 0 0 0 0 0 0 0 0 0 0 0 0 0 0.034823 0.10457 0.061636 0.13118 0.016205 0.20444 0.061063 0.2426 -0.062238 0.21312 0.085637 0.25052 -0.025027 0.037912 0.027029 0.040129 0.022078 -0.025596 0.15947 0.26464 -0.029084 -0.14347 0.15441 0.40918 0.00061496 -0.14698 0.11083 0.32897 -0.049999 -0.024448 0.085675 0.1077 0.032517 0.063713 0.19984 0.19143 -0.08746 0.078399 0.21988 0.32903 -0.035477 0.0062676 0.054333 0.092186 -0.00016395 -0.0066503 0.0044499 0.0066739
172.27 186.06 2.7897 1.0565 0.011809 -0.020792 0.066119 0.062488 0.029588 -0.034214 0.18906 0.1588 0.0096406 -0.053549 0.29018 0.43592 -0.038467 0.015212 0.14229 0.20011 0.01898 0.0022176 0.053577 0.07137 0.052353 0.081041 0.16579 0.23733 -0.012921 -0.0060945 0.24579 0.56707 -0.034484 -0.043841 0.10481 0.16366 0.008401 -0.010655 0.010482 0.013534 0.041725 -0.073752 0.06262 0.12659 -0.045906 -0.073941 0.081211 0.14855 -0.010137 -0.0060146 0.011054 0.018085 1.1197e-16 -3.5175e-17 1.8272e-16 8.8936e-17 0.00014557 -0.00015476 0.00014557 0.00015476 0.00044639 -0.0014121 0.00044639 0.0014121 4.0814e-06 -3.3546e-05 4.0814e-06 3.3546e-05
65.476 188.23 2.9349 5.566 0 0 0 0 0 0 0 0 0 0 0 0 0 0 0 0 0 0 0 0 -0.00055182 0.0031003 0.00094805 0.0031003 -3.1977e-05 0.0044762 0.00087003 0.0044762 -3.0035e-05 0.00043951 3.0035e-05 0.00043951 0.097845 0.11722 0.1434 0.26519 0.012311 0.12008 0.1382 0.49221 -0.023074 0.076682 0.13809 0.50202 -0.095107 0.091062 0.11836 0.17353 0.022241 0.014386 0.14591 0.21508 -0.058249 0.019653 0.19255 0.3294 0.0047105 -0.076295 0.055329 0.17479 -0.019088 -0.044091 0.052559 0.093197
91.706 194.05 3.0248 2.2574 -0.00090785 -0.0058311 0.001371 0.0058311 -0 0 0 0 0.090479 -0.038324 0.13004 0.17984 0.069558 -0.075202 0.2402 0.26272 -9.1287e-17 3.8068e-17 1.3635e-16 1.3392e-16 0.083536 0.070579 0.13511 0.17743 0.021644 0.26907 0.10287 0.34129 0.036501 0.11345 0.16833 0.33944 -4.492e-18 -3.6821e-18 7.9626e-18 6.5269e-18 0.079463 -0.061952 0.094608 0.12407 0.065591 -0.20682 0.13004 0.44401 -0.025013 -0.1351 0.065817 0.25562 -0 0 0 0 0.00010776 -2.4978e-05 0.00010776 2.4978e-05 -0.00012915 -0.010008 0.0014302 0.010008 -0.00043335 -0.0047746 0.00058785 0.0047746
96.073 195.68 2.4403 4.6281 0 -0 0 0 0 -0 0 0 0 -0 0 0 0 -0 0 0 0.040195 0.081916 0.040793 0.081916 0.038767 0.29463 0.19751 0.29785 -0.077266 0.087449 0.12137 0.1096 -0.00055828 0.00010144 0.00067673 0.0013251 0.065925 0.14233 0.23295 0.27549 -0.20326 -0.13808 0.3829 0.44043 -0.12673 -0.070929 0.16205 0.14887 -0.00036864 -0.00011611 0.00039208 0.00042284 -0.11239 -0.092416 0.17872 0.14724 -0.056201 -0.061759 0.073348 0.11909 -0.0041046 -0.0062616 0.0050503 0.014953 5.7475e-05 0.00068005 0.00037297 0.0044131
88.924 110.42 3.1109 1.8194 -0 0 0 0 -0 0 0 0 -0 0 0 0 -0 0 0 0 -0 0 0 0 -0 0 0 0 -0 0 0 0 -0 0 0 0 0.040701 0.14102 0.17273 0.2587 0.008902 0.30469 0.14216 0.43332 -0.11007 0.22392 0.17876 0.37644 -0.033194 0.026169 0.035512 0.038006 0.02956 -0.010954 0.18935 0.23537 -0.017234 -0.11568 0.15514 0.35389 -0.019439 -0.078944 0.17214 0.20483 -0.036115 0.0013746 0.070787 0.025466
104.32 119.59 3.3823 1.9781 -0.00014734 0.00054944 0.00031063 0.00054944 -0 0 0 0 -0 0 0 0 -0 0 0 0 0.00546 0.00404 0.017369 0.014026 -0.012066 0.029941 0.046165 0.035179 -0.001202 0.0023608 0.001202 0.0023769 -0.00017642 0.00062371 0.00020084 0.00062371 0.04984 0.00086359 0.050793 0.020798 0.12065 0.081499 0.39043 0.48229 -0.031261 0.10428 0.14294 0.55075 -0.07693 0.091625 0.12868 0.19679 0.02127 0.0025355 0.024276 0.018205 0.021727 -0.011107 0.21105 0.23375 0.00056511 -0.060196 0.13302 0.19095 -0.01052 -0.039778 0.10961 0.073781
95.534 128.75 3.2745 1.9754 -0.0010551 0.0084827 0.0030725 0.0089317 -0.0019667 0.0069405 0.0027062 0.0069405 -0 0 0 0 -0 0 0 0 0.0306 0.015095 0.074417 0.059592 0.071549 0.12725 0.22708 0.41128 -0.050221 0.20013 0.1065 0.35028 -0.049227 0.06572 0.074962 0.10845 0.051473 -0.0042731 0.072362 0.063924 0.018332 -0.066534 0.28533 0.4097 0.017691 -0.12467 0.17828 0.32749 -0.04996 -0.034915 0.16499 0.10813 0.026563 -0.0019654 0.036618 0.034978 0.0078415 0.0060263 0.16028 0.13697 -0.046468 -0.00028819 0.13724 0.077224 0.00020538 -0.012178 0.085254 0.031223
71.728 139.95 3.5896 4.9514 0 0 0 0 0.041515 0.0074902 0.090747 0.05274 -0.0090451 0.005597 0.10995 0.10472 -0.011897 0.0043382 0.028722 0.041134 0 0 0 0 0.039034 0.010869 0.21074 0.064623 0.042602 0.00029984 0.29256 0.19973 -0.057933 0.027005 0.15262 0.14354 0 0 0 0 0.12872 0.007361 0.24341 0.17627 0.046356 0.06563 0.2725 0.58527 -0.09288 0.019331 0.20986 0.30179 0 0 0 0 0.03027 -0.035213 0.038844 0.054197 0.01392 -0.10869 0.051738 0.17997 -0.015624 -0.038509 0.034285 0.070336
90.494 138.79 3.6887 4.8904 0.016751 -0.0012534 0.046381 0.02321 8.5189e-05 0.015908 0.10717 0.082469 -0.024266 0.028267 0.061945 0.064339 -0.0024867 0.0013211 0.0031001 0.0024524 0.013417 0.014957 0.12486 0.03512 0.039085 0.010537 0.24605 0.18401 -0.05537 0.012293 0.25883 0.25284 -0.020761 0.0045021 0.025247 0.018344 0.068374 -0.014772 0.10306 0.068147 0.061602 -0.0071745 0.20932 0.45467 -0.10925 -0.041697 0.30039 0.56385 -0.0352 -0.0010204 0.062808 0.054635 0.0078301 -0.0082737 0.0082237 0.0099021 0.0054567 -0.060592 0.018669 0.070206 -0.0098251 -0.049331 0.025388 0.055289 -0.00080187 -0.0044367 0.0088936 0.010316
160.27 140.99 3.6407 4.6255 0.02385 -0.0013917 0.029209 0.031286 -0.0088747 0.02165 0.16994 0.1818 -0.019244 -0.00088469 0.081788 0.060742 -0.0059468 0.00035344 0.014303 0.0098579 0.036293 -0.00090716 0.036534 0.019688 -0.012461 0.0090839 0.33115 0.28079 -0.023796 0.076053 0.16558 0.15062 -0.017787 0.013043 0.045178 0.025763 0.026177 -0.0035188 0.060824 0.040206 0.10594 -0.0594 0.32376 0.52121 -0.078183 -0.01485 0.25117 0.425 -0.05021 -0.0071673 0.063207 0.043945 -0.00018385 -0.0032326 0.007261 0.0065621 0.014932 -0.039896 0.023801 0.043394 -0.0077997 -0.059655 0.035383 0.086322 -0.004946 -0.0049324 0.004946 0.0067185
71.344 160.07 3.245 2.7978 0.01951 0.003792 0.025038 0.037419 0.083389 0.00027353 0.20711 0.24805 -0.031226 0.012232 0.30377 0.21639 0.08303 -0.069759 0.20675 0.17685 -0.021036 0.062261 0.05206 0.11075 0.067503 -0.042661 0.14162 0.35247 -0.05551 -0.10496 0.20337 0.33231 0.056105 -0.05424 0.23487 0.24159 0.018252 -0.054302 0.065015 0.14204 -0.014433 -0.0002463 0.079748 0.31214 -0.043845 -0.037568 0.090102 0.19911 -0.017471 -0.048493 0.068648 0.10641 0.0027741 -0.0082255 0.0029534 0.0083878 0.00051305 -0.032196 0.0067949 0.037609 -0.0071659 -0.014714 0.0072657 0.016664 -0.00022884 -0.00036076 0.00022884 0.00036076
150.37 165.84 3.6394 0.5254 -0.0099014 0.067764 0.10002 0.11508 -0.030241 0.016039 0.044249 0.054619 0.002232 -0.0097933 0.0081683 0.01147 -0.00051657 -0.0035947 0.0037325 0.004052 -0.090114 -0.040064 0.36035 0.31238 -0.018851 0.095707 0.32925 0.31713 -0.044943 0.074379 0.17241 0.16726 -0.0018357 0.0060403 0.018452 0.01591 -0.036412 -0.06189 0.13702 0.15767 0.045819 -0.084822 0.19055 0.31292 -0.050357 -0.020976 0.31631 0.33998 -0.013197 -0.0029992 0.034877 0.026696 0.006416 -0.010272 0.022533 0.032946 0.02008 -0.008606 0.040982 0.086362 -0.019017 -0.02465 0.073685 0.11463 -0.0062746 -0.0021555 0.0075723 0.0061207
63.234 167.48 3.4049 2.6737 0.014271 0.005302 0.031881 0.05086 0.086217 -0.07626 0.15462 0.29218 -0.073108 -0.06399 0.24557 0.28368 0.068501 -0.03988 0.21232 0.20487 -0.006395 0.027202 0.093031 0.22697 0.0061806 0.066743 0.13522 0.44901 -0.055554 -0.0092764 0.16009 0.33499 -0.018402 -0.076457 0.18146 0.23491 0.016007 -0.064773 0.023628 0.07163 -0.00077224 -0.12928 0.056043 0.22183 -0.050954 -0.084182 0.055769 0.13058 -0.0069812 -0.011344 0.0069812 0.012575 -4.9175e-06 2.0043e-06 5.2964e-06 3.1573e-06 -5.7448e-06 2.6732e-06 5.9259e-06 3.2245e-06 -0 0 0 0 -0 0 0 0
96.897 111.41 5.0407 1.7841 -0 0 0 0 -0 0 0 0 -0 0 0 0 -0 0 0 0 -0.008424 0.014731 0.013225 0.014731 0.00041468 8.9817e-05 0.00041468 8.9817e-05 0.00059569 0.00023276 0.00083679 0.00023276 -4.7069e-05 3.031e-05 4.7069e-05 3.031e-05 -0.016918 0.0024594 0.10944 0.070419 0.09955 0.058094 0.25313 0.61882 -0.10684 0.085757 0.23337 0.51687 -0.038545 0.011759 0.047796 0.033596 -0.0074747 -0.0043629 0.023402 0.011763 0.052646 -0.052961 0.18647 0.22076 -0.044364 -0.052061 0.22682 0.164 -0.020724 -0.0042167 0.053737 0.013127
76.892 124.36 4.5945 1.4748 0 0 0 0 0 0 0 0 0 0 0 0 0 0 0 0 0.023366 0.054872 0.031268 0.054872 0.035315 0.23268 0.15347 0.29986 -0.066645 0.070017 0.09024 0.10383 -0.00085983 0.00038262 0.00085983 0.00038262 0.090146 -0.013936 0.13999 0.19227 -0.044628 -0.049198 0.4095 0.59613 -0.086374 -0.017625 0.30145 0.18804 -0.010149 0.00217 0.018557 0.0046597 0.017171 -0.009762 0.024067 0.022141 0.002575 -0.043796 0.12848 0.11731 -0.02493 0.0061714 0.16978 0.070543 -0.010157 0.00040153 0.016258 0.0042228
166.5 128.44 5.6173 1.2411 0 0 0 0 0 0 0 0 0 0 0 0 0.017784 0.023979 0.017784 0.023979 0 0 0 0 0.11434 0.12005 0.14341 0.25359 -0.069849 0.15515 0.19722 0.37689 0.078423 0.003748 0.14573 0.14348 0 0 0 0 0.097497 -0.098889 0.20583 0.23325 -0.045051 -0.058994 0.47523 0.45681 -0.021108 -0.0001132 0.083524 0.070284 0 0 0 0 0.015694 -0.0055028 0.035742 0.033275 0.015381 -0.020205 0.13979 0.17761 -0.013234 -0.009493 0.035191 0.060235
148.31 131.97 5.5812 1.1691 0 0 0 0 0 0 0 0 0.0034493 0.0062912 0.005712 0.0062912 0.029401 0.065866 0.096231 0.11658 0.032124 0.019795 0.032124 0.027864 -0.028139 0.16584 0.15867 0.31027 -0.01598 0.040587 0.13723 0.11456 0.045523 -0.05271 0.27507 0.32144 0.057385 -0.021417 0.070368 0.045176 0.034357 -0.12981 0.39311 0.43139 -0.089414 0.020081 0.27645 0.2347 0.021729 -0.031873 0.054425 0.053144 0.004591 -0.0033904 0.0090969 0.0049006 0.041155 -0.013503 0.10208 0.10073 -0.037488 -0.011646 0.13846 0.20255 -0.0047283 -0.00030337 0.0077471 0.012787
165.25 171.32 5.1347 3.1622 1.0385e-17 4.6381e-17 8.2171e-17 5.1511e-17 0.00094704 0.006641 0.0049169 0.0091464 0.00025922 0.0055575 0.0067486 0.018129 -0.00073396 0.010251 0.0039369 0.015229 0.022449 0.0041198 0.023471 0.015913 -0.010846 0.030836 0.14317 0.16224 0.033076 0.039397 0.11871 0.20497 0.0079911 0.1039 0.26435 0.19804 0.0074158 -0.0042086 0.011214 0.007692 0.066418 -0.031715 0.37363 0.23324 -0.0065711 -0.032029 0.35365 0.41878 -0.021041 -0.083496 0.40626 0.29165 -9.077e-18 1.7326e-18 1.0027e-17 4.8185e-17 0.0046385 -0.016216 0.043836 0.023198 0.0020663 -0.025726 0.031165 0.04163 -0.0037955 -0.0064067 0.044738 0.065388
83.961 191.26 5.2012 5.2303 0 0 0 0 0 0 0 0 0 0 0 0 1.1403e-17 6.4973e-18 1.1403e-17 6.4973e-18 0.018398 0.032173 0.020369 0.032173 0.026511 0.12264 0.069323 0.24479 -0.043941 0.036973 0.054615 0.14716 -0.0019077 0.00027276 0.0020714 0.0019058 0.064136 0.033622 0.2028 0.1742 -0.051979 0.049588 0.25263 0.44992 -0.046372 -0.03119 0.059376 0.15394 -0.0008357 0.0067171 0.0023248 0.0090219 0.016364 0.11879 0.24607 0.21857 -0.092152 0.108 0.412 0.37137 -0.053096 0.00088855 0.065867 0.047235 0.024802 0.047722 0.15 0.15763
63.715 195.18 5.1285 5.5146 0 0 0 0 0 0 0 0 0 0 0 0 0 0 0 0 0 0 0 0 1.582e-06 -1.5296e-06 1.582e-06 1.5296e-06 -6.6322e-06 0.00040618 7.0469e-06 0.00040658 0 0 0 0 0.057118 0.033766 0.086827 0.098532 0.039148 0.06161 0.16559 0.52451 -0.087652 0.01963 0.13742 0.40907 -0.019373 0.0013217 0.0223 0.025438 0.03854 0.085783 0.28661 0.23524 -0.072416 0.062222 0.35694 0.40072 -0.062549 -0.019052 0.080525 0.14289 -0.0036916 -0.0025453 0.0047706 0.005795
186.32 109.59 6.3326 2.4765 -0 0 0 0 -0 0 0 0 -0 0 0 0 -0 0 0 0 -0 0 0 0 -0 0 0 0 -0 0 0 0 -0 0 0 0 0.009387 0.01009 0.028607 0.026318 0.095365 0.14763 0.44136 0.3538 -0.14568 0.11061 0.26847 0.15673 -0 0 0 0 0.026026 0.018795 0.13076 0.08137 0.072847 -0.06335 0.42119 0.43829 -0.078813 -0.04579 0.23665 0.22226 -0.0019379 0.0018302 0.0060093 0.0035067
153.73 130.78 6.9844 1.2738 0 0 0 0 0 0 0 0 0 0 0 0 0.014052 0.045489 0.028401 0.053061 0.013499 0.0026122 0.013499 0.0035566 0.062025 0.1498 0.152 0.34615 -0.042956 0.060989 0.16623 0.17315 0.031131 0.0030081 0.2891 0.37754 0.020526 -0.0013755 0.020526 0.0066374 0.11278 -0.15386 0.307 0.35849 -0.1066 -0.035569 0.33681 0.30372 0.022548 -0.045949 0.092163 0.091748 0.0010462 -0.00032017 0.0010462 0.00032017 0.033644 -0.011429 0.073177 0.077123 -0.019613 -0.026182 0.081882 0.12559 0.0040265 -0.0033946 0.0087277 0.011739
166.32 128.87 7.1096 1.2512 0 0 0 0 0 0 0 0 0 0 0 0 0.022493 0.035922 0.025717 0.039474 0 0 0 0 0.11441 0.10781 0.15368 0.25713 -0.071587 0.12832 0.16988 0.35098 0.086657 -0.0068206 0.22184 0.28683 0 0 0 0 0.077437 -0.079959 0.18354 0.21815 -0.068516 -0.035678 0.43625 0.46803 -0.0084489 -0.020777 0.074172 0.094165 0 0 0 0 0.014775 -0.0014749 0.028059 0.022984 -0.018168 -0.030402 0.11745 0.16438 -0.010688 -0.0074221 0.016713 0.030449
94.49 158.95 6.5352 4.4767 0.0014198 0.000861 0.0014198 0.000861 -0.0015218 0.019269 0.026252 0.032132 -0.003188 0.0040723 0.007029 0.012026 0.0080074 0.020901 0.036929 0.073325 0.026939 0.0026724 0.055489 0.017398 -0.0071019 0.052653 0.23483 0.1691 -0.025449 0.045678 0.050661 0.060881 0.024828 0.037552 0.22202 0.19862 0.019843 -0.010028 0.044956 0.012949 0.12448 0.023032 0.41416 0.40259 -0.15791 0.028658 0.3309 0.42862 0.073312 -0.043892 0.14947 0.22709 0.002317 -0.00052935 0.002317 0.0006326 0.033916 -0.05743 0.087823 0.12761 -0.033668 -0.050344 0.067348 0.10328 1.2861e-05 -0.0080324 0.0041376 0.0085944
54.962 101.61 10.848 1.0045 0 0 0 0 0 0 0 0 0 0 0 0 0 0 0 0 0 0 0 0 0 0 0 0 0 0 0 0 0 0 0 0 -0.0062712 0.027158 0.0079609 0.028 0.082597 0.12196 0.50518 0.52717 -0.10097 0.065571 0.26293 0.18844 -0.0027586 0.0018769 0.0030372 0.0019883 0.040513 -0.00013521 0.2292 0.26191 -0.034769 -0.018735 0.26174 0.29319 -0.040431 -0.028839 0.1805 0.1023 -0.0062587 0.00027292 0.0063177 0.0019339
90.575 132.88 10.378 3.4497 0.0037079 9.463e-05 0.0037079 0.0011666 0.039933 -0.00085345 0.1658 0.21586 -0.043434 0.011738 0.30733 0.29884 -0.017905 0.00095324 0.017905 0.011279 0.008571 0.018442 0.06422 0.043339 0.057445 0.099767 0.41576 0.33478 -0.097882 -0.0049202 0.33319 0.23839 -0.0041952 -0.0025601 0.0041952 0.0025601 0.0149 -0.012723 0.038785 0.035943 0.043728 -0.10077 0.30614 0.27077 -0.072214 -0.060637 0.21591 0.13347 0 -0 0 0 0 -0 0 0 0.00052572 -0.0037653 0.0011082 0.0037653 4.5848e-05 -0.0017433 0.00039588 0.0017433 0 -0 0 0
