46 64
171.75 123.41 2.2722 1.6664 -0 0 0 0 -0 0 0 0 -0 0 0 0 -0 0 0 0 0.0064651 0.0089756 0.0064651 0.0089756 0.032178 0.12507 0.044679 0.22582 -0.040659 0.1513 0.055377 0.20548 -0.0065867 0.012001 0.0065867 0.012001 0.051582 0.034994 0.083581 0.065748 0.078703 0.016413 0.15841 0.29881 0.055716 0.11529 0.26389 0.45936 -0.12016 0.22517 0.21968 0.29132 0.015037 -0.015192 0.058875 0.042046 0.024579 -0.053386 0.091318 0.10613 0.13012 -0.024342 0.19633 0.21401 -0.024082 -0.056966 0.18465 0.24492
98.395 127.58 2.0416 2.2602 -0.014299 0.0063721 0.016689 0.018161 -0 0 0 0 -0 0 0 0 -0 0 0 0 -0.0095931 0.069828 0.13505 0.1625 -0.040699 0.10694 0.092765 0.11838 -0.0074827 0.12652 0.036657 0.12708 -0.01066 0.038007 0.011583 0.038007 0.076781 -0.030965 0.16948 0.11175 -0.016275 0.034922 0.39868 0.30779 0.019422 0.038252 0.38946 0.46706 -0.10695 0.11527 0.16022 0.20165 0.022192 -0.0019908 0.055605 0.046353 -0.0027986 -0.061987 0.139 0.091281 0.047275 -0.048957 0.1889 0.12265 0.0068301 -0.02943 0.10144 0.085851
169.23 130.25 1.7417 4.2038 0.0032951 0.01746 0.080079 0.056771 -0.049296 0.028979 0.1227 0.069427 0.020861 0.051571 0.072297 0.072299 -0.019064 0.008937 0.042128 0.01627 0.052054 0.08277 0.20395 0.12568 -0.063859 0.1573 0.22977 0.26553 -0.010498 0.074785 0.15558 0.14754 -0.052555 -0.0028511 0.079406 0.027109 0.043566 -0.13299 0.21332 0.36201 -0.098444 -0.11143 0.16493 0.48984 -0.10381 -0.10822 0.20667 0.32824 -0.028226 -0.018526 0.033731 0.028105 0.0011289 -0.033259 0.011042 0.035112 -0.0050454 -0.047495 0.0094898 0.057681 -0.0064969 -0.016959 0.0070928 0.019259 -0.00011874 -0.00013668 0.00014205 0.0001785
126 132.02 1.9959 1.6595 -0 0 0 0 -0 0 0 0 -0 0 0 0 -0 0 0 0 0.00086371 0.081951 0.067823 0.099239 0.023159 0.15513 0.19848 0.36231 -0.045831 0.043061 0.071869 0.14519 0.0029803 0.023797 0.01199 0.024151 0.016536 -0.034136 0.21754 0.2811 -0.043271 -0.12277 0.43258 0.48807 0.028657 -0.02913 0.13371 0.20784 0.087393 0.017505 0.14184 0.29144 -0.0064366 -0.014483 0.0081086 0.016401 -0.00024638 -0.0036383 0.0011591 0.0036383 0.011295 -0.0065151 0.013974 0.019378 0.018052 -0.038471 0.02594 0.049195
69.861 135.49 2.0105 5.4749 0 0 0 0 0.031734 0.039528 0.067459 0.047951 8.4651e-05 0.043341 0.076599 0.074071 0.0012703 0.0094179 0.051934 0.062215 0.016845 0.002812 0.016845 0.002812 0.068361 0.063252 0.22021 0.094906 -0.024996 0.06452 0.18828 0.12674 -0.0076084 0.043201 0.12606 0.094144 0.042808 -0.002996 0.042808 0.0070716 0.144 0.052486 0.37434 0.2303 -0.11619 0.1015 0.33546 0.21474 -0.022453 0.0015397 0.16859 0.085966 0.0037671 -0.0010135 0.0037671 0.0016152 0.12704 -0.073655 0.21945 0.15623 0.023173 0.0030089 0.29521 0.32764 -0.012822 0.04106 0.22471 0.20061
88.067 135.92 2.2576 4.6738 0.016411 0.014023 0.059002 0.020714 -0.018485 0.022558 0.089418 0.043533 0.0009863 0.008445 0.10185 0.08146 -0.014307 0.011232 0.025777 0.028525 0.019637 0.032228 0.10404 0.07083 -0.029604 0.033987 0.13738 0.20089 0.098041 0.092011 0.23432 0.17455 -0.035465 0.066037 0.11711 0.23003 0.037856 0.038004 0.10074 0.15947 0.064757 0.11844 0.18526 0.3514 -0.092175 -0.04075 0.37746 0.45123 -0.042867 -0.090303 0.080019 0.1519 0.027764 -0.052803 0.03948 0.088622 0.0024275 -0.12244 0.07014 0.19234 -0.056385 -0.089984 0.085789 0.11407 -0.0026253 -0.0032623 0.0026463 0.0041817
185.65 135.26 1.9292 2.8147 -0 0 0 0 -0 0 0 0 -0 0 0 0 -0 0 0 0 -0.0051377 0.021287 0.063705 0.11129 -0.0030761 0.05147 0.10918 0.15996 -0.030202 0.14627 0.060266 0.17774 -0.013471 0.025839 0.014176 0.025963 -0.0042172 -0.031178 0.047762 0.093331 0.097819 -0.011337 0.1907 0.2549 0.10921 0.10075 0.22693 0.30918 -0.10265 0.13469 0.29172 0.19043 0.01455 0.074045 0.047571 0.13657 0.0092173 0.13818 0.15722 0.27005 0.12956 0.12245 0.26136 0.24614 -0.087821 0.055053 0.33904 0.10783
170.72 142.06 2.298 2.6794 0.0070852 0.0090224 0.031019 0.059781 0.034598 0.0040785 0.058952 0.10979 0.018402 0.06224 0.055985 0.13143 -0.031515 0.048251 0.082089 0.06683 0.015147 0.03205 0.020653 0.05367 0.034538 0.046613 0.12591 0.15073 0.10046 -0.010517 0.19717 0.17579 -0.038618 0.052112 0.26751 0.10926 0.045954 0.041901 0.07473 0.13389 0.053994 0.082807 0.12845 0.20757 0.13359 0.093758 0.23836 0.31804 -0.1405 0.022418 0.37794 0.14669 0.021524 0.0068666 0.094625 0.09784 -0.019984 -0.047153 0.12493 0.1554 0.087484 -0.12909 0.14219 0.22483 -0.038197 -0.065529 0.24595 0.19123
183.47 141.65 1.9357 4.4438 -0.034519 0.035745 0.14235 0.074719 -0.030872 0.0084073 0.064448 0.024781 -0.0067252 0.028875 0.069608 0.038775 -0.0041923 0.0021266 0.0041923 0.0021266 -0.12432 -0.00083279 0.24414 0.11889 -0.085207 0.0051438 0.15314 0.086366 -0.011334 0.0085493 0.22506 0.12539 -0.020257 0.00020118 0.023802 0.010551 -0.16356 0.074073 0.32091 0.25831 -0.019981 0.14177 0.24907 0.21986 -0.1077 0.034325 0.25098 0.12799 -0.011624 -0.0014321 0.012909 0.0040074 -0.08028 -0.016524 0.16477 0.33671 -0.086567 0.013929 0.19893 0.33184 -0.096445 -0.041761 0.12443 0.084387 -0.0015419 -0.00032702 0.0015419 0.00034546
104.56 143.68 2.2132 4.2312 0.012649 0.027552 0.035896 0.039139 -0.014628 -0.00069051 0.058844 0.046627 -0.0032641 6.7369e-05 0.0054406 0.0052649 -7.9491e-05 -0.00010339 0.00030126 0.00055194 0.0060081 -0.019956 0.12125 0.10818 -0.039966 0.062411 0.085682 0.12562 0.012835 0.078883 0.048427 0.10689 0.0072195 0.037869 0.04352 0.058909 0.034621 0.03136 0.10884 0.11311 0.06431 0.18858 0.21049 0.38761 -0.11045 0.064408 0.25645 0.47985 -0.025751 -0.017742 0.087232 0.097435 0.037298 0.062956 0.064564 0.16914 -0.0072112 0.013885 0.33152 0.34649 -0.10584 -0.070184 0.12283 0.12955 -0.0028588 -0.002836 0.0028588 0.0030127
161.89 143.79 2.039 5.644 -0.0068167 0.039309 0.095765 0.10458 -0.0093915 0.032453 0.058372 0.073199 0.069324 0.029538 0.097952 0.10501 -0.032892 -0.0097314 0.11667 0.082381 0.040174 0.09344 0.27894 0.27979 -0.075744 0.19501 0.19766 0.3431 -0.021518 0.093175 0.15523 0.21974 -0.022912 0.02604 0.092636 0.10386 0.13624 -0.027602 0.29205 0.11642 -0.14631 -0.069455 0.22756 0.27837 -0.050251 -0.098762 0.10309 0.2307 -0.031387 -0.054441 0.051959 0.096585 0.068352 -0.038142 0.1512 0.067803 -0.057297 -0.024681 0.13781 0.10934 -0.049173 0.0093393 0.072457 0.088513 -0.00025064 0.0078657 0.025405 0.0305
73.76 152.81 1.9336 5.8218 0.0023223 0.024863 0.019069 0.026354 0.021682 0.0079486 0.042178 0.049452 0.035706 -0.011649 0.041113 0.14219 0.0094755 0.0057259 0.023962 0.11301 -0.01423 0.047037 0.14554 0.16439 -0.05321 0.019104 0.14557 0.25711 -0.02098 -0.020621 0.096945 0.27718 0.0028448 -0.044753 0.038817 0.16394 -0.088514 0.086808 0.21885 0.18332 -0.029591 0.099289 0.28596 0.32861 -0.090366 0.026748 0.14083 0.2569 -0.027351 0.0018252 0.039216 0.073262 -0.10868 0.052796 0.28196 0.12447 -0.030242 0.039701 0.26539 0.15197 0.01634 0.0032349 0.16283 0.20445 -0.038316 0.018637 0.10266 0.10907
64.856 157.56 2.1534 2.8625 -0.00048742 0.027006 0.027284 0.051725 0.072871 -0.037431 0.095169 0.17766 0.026396 -0.075593 0.19798 0.28174 0.067968 -0.05155 0.20739 0.17375 -0.043143 0.065684 0.092146 0.25651 -0.017527 -0.0050707 0.089599 0.42802 0.067423 -0.066929 0.14936 0.40071 0.072153 -0.058025 0.18498 0.26239 0.0094621 -0.076307 0.063019 0.1671 -0.075738 -0.050117 0.1031 0.25547 -0.023789 -0.038275 0.082213 0.12049 0.00049633 -0.06811 0.060507 0.10003 0.0035186 -0.0143 0.0037159 0.014323 -0.0074078 -0.037128 0.012026 0.0422 -0.0045146 -0.006543 0.0045146 0.0075427 -6.248e-06 -4.0036e-05 6.248e-06 4.0036e-05
105.84 158.54 1.7963 2.6972 -0 0 0 0 -0 0 0 0 0.021018 0.0029656 0.037186 0.016883 0.10669 0.044428 0.28432 0.16346 0.0014158 0.00026862 0.0014158 0.00026862 0.042064 0.056036 0.086104 0.095844 -0.020998 0.0598 0.082465 0.10168 0.26683 -0.024276 0.42103 0.18504 0.0022515 5.5853e-05 0.0022515 0.00051637 0.09367 -0.038116 0.13282 0.14201 0.0015945 0.057531 0.30828 0.36304 0.049528 -0.099905 0.26733 0.27837 -0.0026035 0.0024998 0.006975 0.0045576 0.01877 -0.0086119 0.025917 0.020919 0.050483 -0.08449 0.14297 0.21799 0.040386 0.011718 0.11071 0.13465
60.773 164.63 2.2166 2.4166 0.011512 0.015442 0.036332 0.085583 0.042253 -0.01029 0.15265 0.23405 0.024338 -0.050569 0.20657 0.23013 -0.0080477 -0.090375 0.17988 0.14563 -0.013208 0.091304 0.093157 0.33106 -0.0036283 0.18917 0.15618 0.45658 -0.097915 0.03056 0.16758 0.23253 -0.018599 -0.036612 0.041356 0.046385 -0.034824 -0.13046 0.070755 0.22665 -0.055875 -0.18608 0.085454 0.29967 -0.089797 -0.093284 0.094465 0.14521 -0.0035886 -0.0023323 0.0035886 0.0027844 -0.0018328 -0.012485 0.0024834 0.012485 -0.0018413 -0.0089775 0.0022876 0.0089775 -0.00046032 -0.00075381 0.00046032 0.00075381 -0 0 0 0
154.35 166.36 2.3152 0.63359 -0.052532 0.00050679 0.097102 0.070267 -0.012192 0.011997 0.015433 0.01561 -0.00034346 0.00070832 0.00034346 0.00070832 0.00011836 8.6947e-05 0.00011836 8.6947e-05 -0.050283 0.027616 0.11617 0.11027 -0.013066 0.14934 0.12026 0.19915 -0.054202 0.079753 0.074949 0.1022 0.066855 0.062287 0.072534 0.064113 -0.028761 -0.016121 0.084455 0.11438 0.0054217 -0.015338 0.12369 0.27708 0.0029776 0.14943 0.13754 0.26176 0.077246 0.13507 0.25179 0.23209 0.019244 -0.029401 0.046077 0.070541 0.088285 0.022889 0.12418 0.22017 0.034248 0.045921 0.23127 0.45245 -0.051398 -0.052562 0.22722 0.26366
65.904 171.85 2.1396 5.7506 0 0 0 0 0 0 0 0 0 0 0 0 0 0 0 0 0.045233 0.046663 0.045233 0.078894 0.033086 0.14787 0.065694 0.23144 0.0067799 0.20083 0.054553 0.26408 -0.023814 0.1633 0.055535 0.19141 0.028518 -0.00064585 0.090276 0.17669 0.051578 -0.098549 0.12276 0.39768 0.040579 -0.14896 0.1272 0.49081 0.0089113 -0.10538 0.13343 0.26113 -0.019906 0.047267 0.10805 0.16814 -0.040164 0.039292 0.093627 0.2098 -0.0067357 -0.041285 0.036623 0.12835 0.0021758 -0.03147 0.03173 0.051806
164.03 176.59 2.2365 1.0331 -0.0058379 -0.011191 0.048687 0.032347 0.017222 -0.020289 0.091822 0.11793 -0.039912 0.0020915 0.073406 0.097763 -0.0034692 0.0061777 0.008694 0.010229 0.032171 -0.010029 0.071279 0.065166 0.033296 0.14649 0.11128 0.23638 -0.017382 0.24713 0.094805 0.32548 0.012058 0.091566 0.11435 0.19744 0.030377 -0.012455 0.047036 0.063932 0.092163 -0.11554 0.1196 0.29272 -0.0040228 -0.16788 0.12293 0.56151 -0.047702 -0.065885 0.14078 0.30075 0.0014964 -0.011654 0.0062879 0.014747 0.0065279 -0.036067 0.018706 0.048291 -0.0036068 -0.044212 0.019396 0.071919 -0.0059062 -0.01376 0.012099 0.037742
69.771 178.15 1.898 5.7733 0 0 0 0 0 0 0 0 0 0 0 0 0 0 0 0 0.037903 0.080404 0.05394 0.15785 -0.0012633 0.19107 0.073139 0.27146 -0.0083879 0.24182 0.0757 0.2866 -0.046331 0.090549 0.057731 0.10905 0.021772 -0.058196 0.081102 0.23111 0.04649 -0.16129 0.11463 0.44393 0.050339 -0.16555 0.19499 0.40628 -0.053647 -0.03589 0.14822 0.21575 -0.020094 0.051413 0.070446 0.14617 -0.0064642 0.0022477 0.042916 0.14143 -0.0012964 -0.04215 0.039038 0.081681 0.015559 -0.03831 0.050377 0.057523
63.973 179.91 2.0968 5.7515 0 0 0 0 0 0 0 0 0 0 0 0 0 0 0 0 0.015075 0.061312 0.016313 0.061312 -0.0028411 0.11294 0.014028 0.11294 -0.0050877 0.10142 0.013617 0.10142 -0.0036915 0.015231 0.0037528 0.015231 0.057696 -0.00040083 0.07339 0.21842 0.029295 0.0072772 0.10501 0.42092 0.049169 0.089215 0.14442 0.46266 -0.11431 0.14025 0.16401 0.26603 -0.0076764 -0.033768 0.080048 0.22806 0.017974 -0.10058 0.065914 0.33537 0.023719 -0.14149 0.1155 0.26741 0.0060286 -0.084475 0.090904 0.12655
141.19 183.58 1.9595 1.3343 -0.034803 -0.0078362 0.060024 0.068992 -0.015792 0.00037895 0.015792 0.011924 0 0 0 0 0 0 0 0 -0.047318 0.12898 0.077226 0.19596 0.017522 0.19515 0.066283 0.2887 -0.063793 0.069915 0.083327 0.21976 -0.0036174 0.00061517 0.0037291 0.0049667 -0.016088 -0.086192 0.099359 0.45872 -0.083059 -0.081464 0.15311 0.59625 -0.07745 -0.029199 0.093243 0.27819 -0.0016105 -0.00021654 0.0016215 0.0026153 -0.0022348 -0.045524 0.019637 0.098529 -0.0092358 -0.034961 0.015215 0.085791 -0.0098516 -0.011469 0.01079 0.035523 -0.00023713 -0.00012526 0.00023713 0.00042455
87.763 191.76 2.0263 4.8175 0 0 0 0 0 0 0 0 0 0 0 0 0 0 0 0 0.038445 0.11708 0.08265 0.11857 0.024557 0.22278 0.13138 0.25729 -0.069712 0.10392 0.23421 0.21047 -0.033561 0.011077 0.07788 0.037459 0.056846 0.0687 0.28152 0.27952 -0.1805 -0.11793 0.29388 0.40639 -0.079536 -0.10482 0.13903 0.26453 -0.013279 -0.0098005 0.027053 0.022038 -0.064126 -0.075484 0.20753 0.20357 -0.064053 -0.056656 0.097855 0.14978 -0.0024464 -0.010044 0.0065953 0.038167 -0.00012155 -0.00040256 0.00023494 0.0017659
92.084 193.74 2.1612 4.8255 0 0 0 0 0 0 0 0 0 0 0 0 0 0 0 0 0.036496 0.1603 0.08724 0.1611 0.022044 0.22566 0.11852 0.25375 -0.069547 0.10569 0.24028 0.1502 -0.0074633 0.0054186 0.02209 0.0090281 -0.060913 0.013776 0.31991 0.36483 -0.13652 -0.11695 0.24357 0.41357 -0.081834 -0.066151 0.18628 0.18312 -0.0052559 -0.0022779 0.01122 0.0053669 -0.097696 -0.093673 0.18826 0.23761 -0.035693 -0.039242 0.051842 0.1198 0.0020367 -0.0044525 0.0047941 0.031095 1.972e-07 -1.7368e-06 1.972e-07 1.7368e-06
88.42 197.54 1.9149 4.8333 0 0 0 0 0 0 0 0 0 0 0 0 0 0 0 0 2.3697e-05 0.00026463 0.0004295 0.00031393 0.012422 0.082901 0.020473 0.082942 -0.0063978 0.103 0.067634 0.10411 -0.0089324 0.012171 0.018752 0.012171 0.097778 0.23875 0.25481 0.29072 -0.063331 0.17157 0.28275 0.40851 -0.13184 -0.026919 0.29834 0.30668 -0.039804 -0.0046029 0.070426 0.032047 -0.045215 -0.0601 0.20613 0.23358 -0.11772 -0.12304 0.15939 0.27528 -0.023875 -0.0471 0.038995 0.12875 -0.0029939 -0.0025294 0.0038477 0.0060199
101.61 128.11 2.9567 2.1338 -0.0054019 0.026167 0.010977 0.026167 -0.00043575 0.00069037 0.00043575 0.00069037 -0 0 0 0 -0 0 0 0 0.0097412 0.020894 0.11163 0.18399 -0.015944 0.11155 0.059869 0.12728 -0.0024152 0.1219 0.030788 0.1219 -0.0083068 0.029101 0.010247 0.029101 0.032485 -0.008958 0.037196 0.037075 0.091777 -0.0024052 0.30612 0.36254 0.032288 0.030838 0.41 0.54575 -0.10259 0.078573 0.16217 0.17315 0.015139 -7.6871e-05 0.032442 0.029993 0.018915 -0.03659 0.12076 0.12751 0.030951 -0.063444 0.17287 0.14066 -0.029288 -0.030753 0.11192 0.067332
145.93 135.84 2.7677 0.9442 0 0 0 0 0 0 0 0 -0.0029051 0.0090977 0.044933 0.052392 0.023671 -0.0033666 0.069517 0.069131 0.039554 0.10083 0.044759 0.11305 0.014112 0.25245 0.13873 0.31202 -0.076661 0.027491 0.29801 0.33061 -0.021755 -0.02451 0.058837 0.053811 0.097869 -0.0029656 0.15997 0.22862 -0.10319 -0.024581 0.37845 0.42767 -0.098548 -0.02378 0.1554 0.12159 -0.00094155 -0.0011261 0.0020589 0.0011471 0.030753 -0.034026 0.078859 0.052449 0.0058976 -0.039791 0.16423 0.10065 -0.04234 0.020021 0.11935 0.15523 -0.0082293 0.013636 0.020727 0.026149
109.42 137.38 2.8536 2.0921 -0.074453 0.02913 0.10495 0.172 -0.038715 0.021346 0.048557 0.075721 -3.0126e-05 5.2453e-05 3.0126e-05 5.2453e-05 -0 0 0 0 -0.051503 -0.078955 0.11027 0.23673 0.030827 0.021553 0.17382 0.2791 0.034655 0.18248 0.14847 0.26404 -0.011429 0.1545 0.09763 0.21238 0.00039954 0.00050894 0.00039954 0.00050894 0.096767 -0.021224 0.11615 0.12142 0.083861 -0.11375 0.32635 0.39846 0.038046 -0.080013 0.2595 0.31386 0.0044136 0.00029129 0.0044136 0.0025621 0.031609 -0.0059937 0.071934 0.071845 0.018594 -0.031913 0.11861 0.10828 0.0063246 -0.038871 0.094942 0.072947
90.132 148.36 2.8089 5.1131 0.013537 -0.0018374 0.040659 0.033444 -0.0056225 -0.013033 0.070985 0.070615 -0.0063982 0.00086604 0.017869 0.029292 -0.00014169 0.00037941 0.0014018 0.0030963 0.016531 0.048498 0.11981 0.068241 -0.026454 0.060834 0.17454 0.12785 -0.010486 0.028297 0.18189 0.15217 -0.018066 0.004521 0.043223 0.037607 0.046099 0.047474 0.18415 0.15036 -0.02341 0.22413 0.37577 0.37745 -0.12185 0.14118 0.3015 0.31548 -0.031844 0.018282 0.038896 0.036211 0.037547 -0.06233 0.056269 0.087126 -0.03814 -0.1402 0.16622 0.28061 -0.035151 -0.10705 0.11141 0.19243 0.013793 0.0052129 0.06406 0.13128
172.21 153.09 2.6656 3.0953 0.00076131 0.01278 0.012687 0.017407 0.0011734 0.0047017 0.011441 0.023095 0.0049502 0.012187 0.028971 0.049346 -0.004711 0.014621 0.011594 0.019564 -0.00735 0.073231 0.085407 0.11586 -0.002019 0.08893 0.063753 0.17083 0.042797 0.06555 0.13716 0.1647 -0.013409 0.067188 0.18036 0.10477 -0.081281 0.013827 0.34177 0.22871 0.016373 0.021748 0.19331 0.2824 0.1247 0.051321 0.27247 0.28835 -0.095309 0.02115 0.35575 0.19175 -0.054833 -0.042184 0.19541 0.076459 -0.016943 -0.056991 0.088081 0.1021 0.10546 -0.083915 0.18145 0.12974 -0.058593 -0.069301 0.17046 0.094752
162.52 168.09 2.6185 0.97817 0.034927 -0.048182 0.093638 0.088031 -0.085963 -0.035418 0.17524 0.11881 -0.025366 0.013472 0.032211 0.028886 -0.00012283 0.00032784 0.00012283 0.00032784 0.0404 -0.034078 0.099646 0.05724 -0.0028083 -0.034813 0.19426 0.17902 -0.060868 0.026139 0.14636 0.21751 -0.0021279 0.057323 0.087772 0.11808 0.01979 0.0001565 0.034528 0.031049 0.10882 -0.0069301 0.16627 0.24277 0.026777 0.015335 0.22143 0.60956 -0.072933 -0.033127 0.23226 0.34001 0.0070544 -0.0050892 0.0079923 0.013918 0.020027 -0.045929 0.029575 0.063308 -0.00065634 -0.093876 0.054075 0.1281 -0.013955 -0.024537 0.028408 0.052072
186.36 171.82 2.8811 2.8689 -0 0 0 0 -0 0 0 0 0.0004679 0.0016731 0.0004679 0.0016731 -0.00048126 0.011348 0.0057495 0.011987 2.4224e-05 8.6617e-05 2.4224e-05 8.6617e-05 0.01974 0.042199 0.055824 0.049599 -0.010584 0.020315 0.046874 0.054469 0.024982 0.00016455 0.062613 0.091419 0.015433 0.0090058 0.015693 0.0090058 0.11215 0.14733 0.2269 0.19071 -0.0015272 0.15065 0.19936 0.30086 0.037107 0.10333 0.11338 0.21909 0.028669 0.0048052 0.036655 0.01001 0.14913 0.09755 0.49974 0.2094 -0.08712 -0.008384 0.4284 0.25618 -0.0076103 -0.049709 0.1332 0.14136
150.19 177.74 2.8557 1.2525 -0.0016106 -0.021957 0.08951 0.056343 -0.042879 0.019296 0.075022 0.058975 -0.0029079 0.0028515 0.0029079 0.0031689 0.0010291 -0.00024982 0.0010291 0.00049737 0.030505 0.034585 0.11516 0.10622 -0.046502 0.07093 0.16526 0.27533 -0.018517 0.10324 0.06258 0.15086 -0.0067938 0.0055259 0.0095455 0.01694 0.062451 -0.032831 0.087904 0.15109 -0.028142 -0.094033 0.18166 0.6059 -0.12087 -0.082843 0.21508 0.52046 -0.019686 -0.012002 0.024935 0.043164 0.0045878 -0.018825 0.008718 0.021817 -0.0033347 -0.060457 0.02873 0.076939 -0.0093178 -0.026277 0.016818 0.050232 -0.0011857 -0.0017538 0.0016029 0.0038071
155.26 184.48 2.8346 1.2138 0.0062781 -0.021396 0.076847 0.047762 -0.045438 0.009267 0.11011 0.1138 -0.016193 0.0045573 0.016193 0.014134 2.3532e-05 -4.95e-06 2.3532e-05 4.95e-06 0.069112 0.013808 0.11893 0.13046 -0.013935 0.12867 0.21109 0.48312 -0.054444 0.13422 0.20593 0.45519 -0.027027 0.011121 0.039992 0.074093 0.038941 -0.041569 0.052261 0.079518 0.014862 -0.17984 0.11771 0.36658 -0.086212 -0.12882 0.12869 0.34115 -0.014537 -0.012053 0.018916 0.049788 0.0011597 -0.0037067 0.001757 0.0039078 -0.0017057 -0.013928 0.0047825 0.019198 -0.0019341 -0.004428 0.0021782 0.0075916 0 0 0 0
95.215 194.2 2.8107 4.6435 0 -0 0 0 0 -0 0 0 0 -0 0 0 -5.0138e-18 -7.2694e-17 5.0138e-18 7.2694e-17 0.025054 0.058058 0.027616 0.058058 0.022346 0.1887 0.14336 0.23242 -0.04983 0.032332 0.10686 0.067771 -5.1953e-18 -7.5325e-17 5.1953e-18 7.5325e-17 0.11321 0.10963 0.36066 0.31104 -0.20676 -0.084968 0.35071 0.44083 -0.041268 -0.027956 0.061789 0.06846 0 -0 0 0 -0.050574 -0.06363 0.32003 0.17001 -0.057403 0.015079 0.16136 0.13262 0.0033869 0.12339 0.1175 0.1282 -0.010749 0.01532 0.022842 0.016758
90.943 114.19 3.0002 1.8987 -0 0 0 0 -0 0 0 0 -0 0 0 0 -0 0 0 0 -7.5169e-05 0.00022099 7.5169e-05 0.00022099 -0 0 0 0 -0 0 0 0 -0 0 0 0 0.037138 0.10661 0.078512 0.17207 0.078693 0.24858 0.24853 0.47447 -0.13196 0.25976 0.21348 0.40194 -0.028618 0.027191 0.030781 0.031496 0.066018 -0.047084 0.11138 0.14997 0.013261 -0.090901 0.23878 0.29914 -0.015265 -0.057919 0.20223 0.22541 -0.052858 0.0042752 0.073149 0.034935
77.173 127.91 4.308 1.0995 0 0 0 0 0 0 0 0 0 0 0 0 0 0 0 0 0.012212 0.0059523 0.012212 0.0059523 0.081517 0.22517 0.16395 0.24331 -0.094543 0.14705 0.13313 0.20967 -0.01112 0.0074401 0.012806 0.010347 0.1211 0.051384 0.13387 0.12196 0.032513 -0.040423 0.47473 0.49775 -0.13404 -0.051389 0.255 0.23222 -0.028657 0.0097997 0.052239 0.035544 0.019817 -0.037654 0.06269 0.088831 0.0022398 -0.069165 0.15707 0.16766 -0.02131 -0.027478 0.10775 0.068787 -0.013061 0.010149 0.05973 0.023184
74.767 162.45 3.2844 2.3886 0.030792 -0.0029905 0.051885 0.048683 0.054546 -0.039634 0.22451 0.20888 0.096955 -0.10905 0.38845 0.29558 -0.063978 -0.051244 0.27401 0.20893 0.013756 -0.010474 0.01929 0.020394 0.054983 -0.026153 0.14184 0.17898 0.035474 -0.10525 0.25957 0.28239 -0.044044 -0.11368 0.21807 0.16457 0.018362 0.054995 0.067924 0.12454 -0.0067691 0.056117 0.11018 0.24998 -0.05958 -0.0072304 0.13807 0.23243 -0.017466 -0.021761 0.041281 0.036919 0.012946 -0.038802 0.023533 0.059941 -0.013213 -0.062119 0.025411 0.094451 -0.015925 -0.027756 0.018832 0.042814 -0.001768 -0.0013353 0.001768 0.0016865
152.73 163.63 3.4086 0.65472 -0.02171 0.068707 0.14212 0.15436 -0.055491 0.011137 0.10056 0.070646 0 0 0 0 9.8841e-05 -0.00059019 0.00028936 0.00059036 -0.046712 -0.049534 0.21044 0.15971 -0.05567 0.09419 0.14636 0.15895 -0.025052 0.052684 0.049735 0.060797 -0.0068096 0.045461 0.073759 0.055472 0.024386 -0.049132 0.10494 0.084999 0.018392 0.032627 0.17544 0.30581 0.051622 0.19577 0.28077 0.45784 -0.084469 0.018224 0.29652 0.235 0.0094266 -0.006396 0.02022 0.024715 0.063109 -0.019941 0.090682 0.14556 -0.024226 -0.11167 0.14713 0.26112 -0.043261 -0.040863 0.075373 0.07164
67.282 169.49 3.7956 2.3502 0.022175 -0.00023936 0.030849 0.034687 0.09686 -0.10358 0.24958 0.27519 0.10096 -0.18669 0.36691 0.40654 -0.11666 -0.049937 0.19455 0.1252 0.016542 0.052484 0.040573 0.085807 0.037798 0.082581 0.15966 0.2603 -0.026213 -0.097293 0.25908 0.28576 -0.038715 -0.051454 0.081596 0.058559 0.039858 -0.048883 0.056135 0.13276 -0.02471 -0.095303 0.085219 0.26835 -0.054333 -0.054494 0.065933 0.1179 -0.0031738 -0.0021132 0.0033137 0.0026393 4.5037e-05 -0.0019853 0.00018511 0.0019929 -0.00029081 -0.0028794 0.0003909 0.0028811 -0 0 0 0 -0 0 0 0
156.53 135.24 4.7807 1.2584 0 0 0 0 0 0 0 0 0 0 0 0 0.012788 0.013071 0.012788 0.013071 0.028946 0.016112 0.028946 0.025959 0.050637 0.16174 0.14173 0.33402 -0.09951 0.090699 0.16878 0.31995 0.048857 -0.0099832 0.087604 0.13692 0.027583 -0.01293 0.050152 0.030264 0.10333 -0.10907 0.32441 0.28261 -0.13309 -0.041533 0.25582 0.26369 -0.0022707 -0.0098432 0.017362 0.021339 0.0040111 -0.0011884 0.0091621 0.0040478 0.09033 -0.0096062 0.14416 0.13885 -0.022571 0.044473 0.20216 0.43529 -0.03179 0.0079174 0.042453 0.083643
86.104 165.09 4.8208 4.9737 0.00027641 0.00050551 0.00027641 0.00050551 0.015729 0.03503 0.03389 0.054383 -0.015255 0.015753 0.023352 0.048423 -0.0011755 0.00029547 0.0011888 0.0013219 0.023018 0.00090213 0.037411 0.027057 -0.0040421 -0.013245 0.16706 0.18695 -0.032307 0.0030354 0.053574 0.091884 0.018189 0.0033512 0.021672 0.019818 0.063508 0.03839 0.098731 0.057955 0.040097 0.21379 0.28327 0.33628 -0.10021 0.16486 0.25848 0.29967 -0.00058625 0.0015085 0.015274 0.016757 0.051104 -0.018151 0.056066 0.047365 0.01633 -0.13832 0.23954 0.43053 -0.098704 -0.081901 0.16265 0.32445 0.056908 0.0060661 0.093128 0.16602
61.676 110.08 6.8086 1.0416 0 0 0 0 0 0 0 0 0 0 0 0 0 0 0 0 0 0 0 0 0 0 0 0 0 0 0 0 0 0 0 0 0.010576 0.0065572 0.010576 0.0070097 0.14709 0.21898 0.50104 0.49732 -0.15413 0.074826 0.20435 0.20804 -0.0020276 0.0019375 0.0025641 0.0019375 -0.031901 0.058671 0.12448 0.20137 0.039023 -0.13272 0.31415 0.27816 -0.049899 -0.020385 0.21164 0.11461 -0.01314 0.0025092 0.023183 0.0076747
159.2 134.64 6.4359 1.0179 0 0 0 0 0 0 0 0 0.00038738 0.00062769 0.00038738 0.00062769 0.055771 0.016626 0.12837 0.10475 0.0078445 0.0024794 0.0078445 0.0024794 0.097418 0.12634 0.16284 0.30289 -0.076574 0.084032 0.18864 0.28045 0.025971 -0.048301 0.11965 0.10782 0.018493 -0.0022311 0.018493 0.0060899 0.13068 -0.10514 0.27494 0.25617 -0.090036 0.10684 0.34333 0.4305 -0.029822 0.040446 0.061153 0.089912 0.00071845 -0.00044339 0.00071845 0.00044339 0.037444 -0.015831 0.046678 0.040613 0.021535 -0.05846 0.1557 0.33729 -0.0478 -0.017312 0.063404 0.089917
159.59 183.08 6.1518 4.2033 -8.9244e-19 4.9817e-19 2.9821e-18 1.6646e-18 -7.2149e-18 -5.0235e-18 2.9536e-17 2.8029e-17 6.0602e-18 7.6552e-17 5.9051e-17 9.1957e-17 -1.5659e-19 8.7943e-18 4.4825e-18 8.7943e-18 0.0030808 0.00053222 0.0030808 0.0012895 0.10651 0.11582 0.1501 0.33858 -0.083204 0.093181 0.13558 0.2808 -0.0093601 0.003377 0.01003 0.011002 0.00050481 0.0016027 0.011495 0.0073373 0.122 -0.11539 0.18667 0.37077 -0.03776 0.015035 0.36286 0.40937 -0.042733 0.03906 0.074378 0.054775 0.0013411 0.037009 0.049057 0.054765 0.0090732 0.024523 0.072521 0.090398 0.04843 -0.070322 0.21601 0.34821 -0.050288 -0.019777 0.069254 0.087161
87.647 135.15 9.6804 2.8708 0.040158 0.034846 0.2418 0.13757 -0.061189 0.0080185 0.41905 0.34905 -0.041269 0.0034981 0.062308 0.034014 -0 0 0 0 0.01565 -0.051511 0.18238 0.088393 0.022379 0.0051263 0.41665 0.34041 -0.10049 0.077161 0.21759 0.16977 -0 0 0 0 0.017639 -0.0036008 0.028983 0.039877 0.058456 -0.083746 0.23325 0.251 -0.068799 -0.061025 0.16211 0.1416 -0 0 0 0 0.00089623 -0.002005 0.00098876 0.002005 -0.00055784 -0.0086418 0.0043847 0.0094543 -0.00047607 -0.0012698 0.00047607 0.0014409 -0 0 0 0
186.35 156.79 9.5299 3.1731 0 -0 0 0 0 -0 0 0 0 -0 0 0 0 -0 0 0 0.00068703 0.00066133 0.00068703 0.00066133 0.0047994 0.096604 0.043227 0.096878 -0.012036 0.078108 0.047346 0.078192 -0.0024868 0.003008 0.0024868 0.003008 0.026124 -0.00026457 0.026128 0.0094946 0.076843 -0.043452 0.52096 0.42737 -0.12004 -0.041627 0.42279 0.43109 -0.020407 -0.0013025 0.020407 0.012051 0.006329 0.00052039 0.006411 0.0045013 0.05566 0.0022202 0.12726 0.085923 -0.043077 0.039578 0.25673 0.15303 -0.0097791 0.0014369 0.0097791 0.0052876
