69 64
87.145 118.18 1.992 1.5236 0 0 0 0 0 0 0 0 0 0 0 0 0 0 0 0 0.012505 0.048383 0.042597 0.059326 0.053256 0.18867 0.15782 0.25645 -0.054059 0.19214 0.082587 0.19376 -0.013856 0.016646 0.013912 0.016646 0.04691 0.12354 0.22151 0.34224 -0.055105 0.0013427 0.32143 0.38796 -0.04523 -0.016429 0.27234 0.32185 -0.091706 0.040497 0.1296 0.080647 -0.010915 -0.099207 0.078745 0.13735 0.022535 -0.019311 0.12947 0.10877 -0.031432 -0.0059411 0.13841 0.11416 -0.02422 -0.0095288 0.14075 0.075898
167.36 124.86 1.7313 1.8219 -0 0 0 0 -0 0 0 0 -0 0 0 0 -0 0 0 0 0.0068505 0.0059453 0.0068505 0.0059453 0.072394 0.15979 0.10088 0.20606 -0.05386 0.24728 0.1061 0.32066 -0.026483 0.065693 0.027419 0.066348 0.049304 0.0031859 0.058166 0.057092 0.04567 -0.061731 0.13813 0.26503 0.14742 -0.036146 0.29055 0.44819 -0.09403 0.095938 0.20607 0.39767 0.023843 0.0062378 0.04867 0.034478 -0.0022478 0.029785 0.12776 0.13595 0.0072903 -0.050234 0.11347 0.12651 0.023023 -0.087598 0.05794 0.11813
132.99 126.23 2.1031 1.5086 0 0 0 0 0 0 0 0 0 0 0 0 0 0 0 0 -0.026442 0.18627 0.048186 0.1876 0.017396 0.2002 0.071674 0.21811 0.04529 0.15987 0.19438 0.21706 0.016995 0.1113 0.15314 0.1725 -0.06669 -0.075538 0.12207 0.39179 -0.018637 -0.060044 0.13276 0.2617 0.0044921 -0.027551 0.46941 0.22258 0.013438 -0.05371 0.13608 0.12722 0.0038338 -0.038176 0.053617 0.069435 0.029315 -0.043304 0.079926 0.077482 -0.00098293 -0.004679 0.2012 0.087296 -0.01546 -0.011845 0.058045 0.048794
107.44 127.92 2.0855 4.9117 -0.013968 -0.0064996 0.059541 0.049582 -0.063104 -0.015013 0.073589 0.046021 0.01738 0.013685 0.033295 0.031736 0.011212 0.0075904 0.047359 0.047679 0.01647 0.065443 0.11435 0.13552 -0.0029198 0.25853 0.16288 0.30533 -0.030011 0.17702 0.14159 0.21513 -0.014945 0.05991 0.14527 0.084739 0.0065228 -0.09526 0.19108 0.27389 -0.042246 -0.21955 0.19543 0.43102 -0.0013904 -0.18002 0.15871 0.3142 -0.0028048 -0.069747 0.18177 0.16871 -0.0021988 -0.022701 0.017297 0.028954 -0.0053934 -0.017812 0.010469 0.018197 0.0056975 -0.016423 0.013403 0.024148 0.000186 -0.014133 0.011641 0.017426
163.02 131.64 2.1474 4.2032 0.01761 -0.0054082 0.02467 0.02823 0.0058077 0.020853 0.090566 0.077493 -0.054406 0.034611 0.10772 0.05921 -0.011875 0.0060937 0.018391 0.0085807 0.0082825 0.0023691 0.0542 0.072292 0.033667 0.030023 0.1168 0.18595 -0.035496 0.074435 0.24895 0.13795 -0.070558 0.013714 0.089144 0.022287 0.10134 0.12732 0.14836 0.22118 -0.0615 0.13739 0.25992 0.51989 -0.12553 -0.083299 0.27347 0.33779 -0.047356 -0.017746 0.052533 0.026492 -0.018544 -0.095106 0.09189 0.1559 -0.051747 -0.16831 0.072848 0.20838 -0.02425 -0.046406 0.026364 0.05453 -0.0011432 -0.001487 0.0011432 0.001487
136.46 140.08 1.9406 4.7222 0.015639 0.023917 0.075834 0.059688 -0.026534 0.046919 0.09927 0.078154 -0.0044649 0.0090578 0.048883 0.038738 0.016328 0.00068236 0.031528 0.025123 0.0245 -0.0015071 0.14157 0.11697 -0.037968 0.0032539 0.25914 0.1433 -0.029714 0.032948 0.1278 0.082997 0.0032791 0.00062797 0.077109 0.058955 -0.012539 0.084418 0.2142 0.1132 0.02055 0.11526 0.33713 0.15999 0.023903 0.22707 0.16125 0.2635 -0.012407 0.25069 0.10356 0.2936 -0.023168 -0.060442 0.11003 0.13944 0.011821 -0.10197 0.15521 0.17088 0.026376 -0.14416 0.079106 0.24583 0.034147 -0.13451 0.082481 0.25846
173.74 140.57 2.0094 3.0855 -0.0049337 0.021795 0.011152 0.023232 -0.0032932 0.0077538 0.0039422 0.0077538 -0 0 0 0 -0 0 0 0 -0.0099834 0.001747 0.046211 0.10733 -0.014946 0.052396 0.072468 0.15446 0.052938 0.12059 0.1407 0.21584 -0.045404 0.09702 0.071052 0.11384 0.04271 0.011955 0.059089 0.069277 0.032401 0.093156 0.20142 0.26545 0.071211 -0.0037569 0.29889 0.2813 -0.088881 0.088605 0.37386 0.18753 0.02127 -0.0076869 0.038661 0.036245 -0.013282 -0.071388 0.096716 0.11954 0.1784 0.010075 0.28338 0.15435 -0.081352 0.053218 0.38648 0.13141
126.62 141.05 2.0096 3.3798 0.0039175 0.00038586 0.026818 0.031094 0.016382 0.019062 0.065514 0.066623 0.075223 0.041954 0.10179 0.085508 -0.00052749 -0.053018 0.25955 0.10823 0.044669 0.028991 0.084132 0.096048 -0.00055835 0.038844 0.16424 0.26795 0.10755 0.039043 0.17656 0.33427 -0.10076 -0.052337 0.21685 0.14965 0.022075 -0.0083491 0.088306 0.092008 0.024141 -0.034649 0.1774 0.17688 0.13098 0.022136 0.1972 0.37549 -0.12126 0.00029819 0.2381 0.21529 -0.0034635 -0.0066005 0.020102 0.032543 0.044668 -0.030572 0.069789 0.049399 0.09104 0.052386 0.21211 0.15822 -0.083285 -0.0027756 0.13796 0.093766
166 142.01 2.0589 0.74566 0.087376 0.054579 0.14582 0.11276 0.025038 -0.13506 0.28022 0.42841 -0.14445 -0.15565 0.20219 0.2292 -0.0025873 -0.021558 0.052448 0.056723 0.084738 -0.073706 0.25845 0.099401 -0.085016 -0.038252 0.25781 0.26428 -0.070787 0.095756 0.14913 0.20398 -0.024251 0.023263 0.059817 0.071781 0.022757 -0.05833 0.10713 0.059973 0.069583 -0.11425 0.23135 0.19492 -0.055073 -0.064373 0.14619 0.14733 -0.023833 -0.019293 0.04446 0.057276 0.0026142 -0.0031221 0.006746 0.0054655 0.024049 0.0030586 0.07437 0.060873 -0.011751 -0.0097551 0.059887 0.08434 -0.011416 -0.0078246 0.02274 0.03076
180.08 148.85 1.6591 2.886 -0 0 0 0 -0 0 0 0 -0 0 0 0 -0 0 0 0 0.03444 0.091859 0.066416 0.09996 -0.037876 0.11015 0.084187 0.16198 0.008462 0.031442 0.093361 0.13944 0.035108 0.12777 0.077442 0.19345 -0.025129 -0.023389 0.10874 0.14361 0.023386 0.020443 0.15568 0.26069 0.077206 0.23294 0.23831 0.43294 0.1006 0.035929 0.26555 0.32736 -0.010313 -0.021669 0.06852 0.05904 0.074708 0.0028914 0.10264 0.084998 0.02093 -0.072089 0.21807 0.20934 0.042342 -0.057746 0.24941 0.14867
165.78 153.62 1.7915 4.5654 -0.01084 0.017823 0.033888 0.040706 0.027677 0.0034503 0.062896 0.063304 0.064317 -0.054697 0.11705 0.10024 -0.047072 0.015231 0.086546 0.043364 0.021931 0.0048193 0.11012 0.098529 0.0098867 0.090851 0.11733 0.13652 -0.0015602 0.061725 0.21807 0.13029 -0.028975 -0.015836 0.15597 0.083666 0.03944 0.011246 0.12327 0.096378 0.16034 0.073205 0.22934 0.19084 -0.18205 0.14814 0.36618 0.20308 -0.040692 -0.014822 0.12482 0.068716 -0.0058343 0.060347 0.11302 0.13086 0.10658 0.029282 0.21889 0.3172 -0.027185 0.044883 0.29233 0.25249 -0.082025 0.033 0.14743 0.08243
112.61 157.86 2.0343 3.2461 0.041788 -0.0039885 0.050876 0.057982 -0.041017 -0.0034609 0.14568 0.21634 0.10713 0.05282 0.21276 0.31848 -0.012257 0.010586 0.13713 0.28318 0.016652 -0.0075174 0.018418 0.018679 0.041768 0.0049349 0.16966 0.19475 0.048337 -0.080319 0.29529 0.36285 0.043498 -0.059132 0.19743 0.2329 0.029253 0.0080721 0.032884 0.033732 0.014961 0.024961 0.16027 0.19008 -0.022411 -0.034906 0.10644 0.16916 0.064503 -0.066699 0.10704 0.098859 0.019084 -0.0031957 0.026739 0.027361 0.030449 0.001057 0.11419 0.11119 0.041177 0.097339 0.13209 0.17375 -0.014659 0.1194 0.082509 0.145
175.03 158.55 2.0314 3.5748 0.0031816 0.089376 0.038109 0.099393 -0.033246 0.11474 0.045714 0.12333 -0.025089 0.072627 0.034654 0.073174 -0.0023978 0.0031357 0.0024891 0.0031357 -0.049433 -0.080357 0.078329 0.20903 -0.0084183 -0.062899 0.09852 0.32496 -0.028375 -0.02778 0.16457 0.30219 -0.033667 0.021619 0.047994 0.060212 0.011943 -0.037314 0.055694 0.10721 0.072059 0.042529 0.10526 0.22312 0.03839 0.15688 0.24114 0.32 -0.0013311 0.12781 0.192 0.19496 0.024384 0.021456 0.055984 0.069901 0.061589 0.0031698 0.09357 0.13415 0.11905 -0.082084 0.20238 0.24387 -0.014005 -0.037751 0.24546 0.21529
103.51 164.44 2.1168 2.5018 -0.019835 -0.012959 0.14686 0.17396 0.08342 -0.045593 0.2297 0.25313 -0.046962 -0.047097 0.18664 0.20042 0.0061843 -0.030021 0.059584 0.090476 0.00058249 -0.017083 0.016189 0.023492 0.14221 -0.012859 0.22495 0.25668 0.036876 0.084735 0.25915 0.28959 0.12696 0.090798 0.19566 0.24637 -0.013759 0.024938 0.019229 0.030546 0.070615 -0.039025 0.082225 0.11306 0.037589 -0.095004 0.19372 0.2627 0.10229 -0.10265 0.1733 0.24869 -0.02121 0.069935 0.055171 0.084463 -0.040163 0.092518 0.050923 0.099881 -0.0053661 0.023524 0.021707 0.067135 0.027413 -0.0089089 0.041083 0.066226
122.79 165.77 1.9723 4.883 -0.0026721 -0.010777 0.0073253 0.011411 -0.00040717 -0.0069039 0.0087727 0.012814 0.024393 -0.011146 0.0465 0.038229 0.0048973 -0.013071 0.039772 0.032603 -0.035243 0.028976 0.054986 0.068775 0.059417 0.048422 0.082093 0.096824 0.0034739 0.10016 0.32474 0.20218 -0.013008 0.01717 0.052157 0.038274 0.0031215 0.013614 0.17153 0.12279 -0.0023675 0.10657 0.27234 0.27308 -0.026136 -0.0082484 0.31746 0.25218 0.018291 -0.0047196 0.098956 0.068451 0.033635 0.011389 0.090051 0.066347 0.093637 0.074055 0.35148 0.27653 -0.093112 0.087457 0.32898 0.21735 -0.019365 0.021321 0.092055 0.074024
173.99 165.55 2.2403 0.4817 -0.018729 -0.088036 0.21104 0.21656 -0.10924 -0.04796 0.12916 0.16477 -0.051161 -0.047997 0.099302 0.11537 -0.0051244 -0.010133 0.055757 0.054262 0.036961 -0.052061 0.1626 0.23779 -0.062129 -0.0023326 0.11575 0.30792 -0.012898 0.10864 0.11559 0.28625 0.051371 0.14699 0.097604 0.17407 0.072519 -0.05845 0.10296 0.13795 0.017546 -0.031194 0.13595 0.35548 0.069202 0.011166 0.13437 0.33352 -0.020295 -0.064702 0.1036 0.2617 0.0041554 -0.012871 0.0051448 0.013687 0.024596 -0.063151 0.026613 0.065997 0.013067 -0.090245 0.042058 0.099281 -0.010221 -0.048526 0.016807 0.04946
185.94 166.12 2.0962 3.4029 0 -0 0 0 0 -0 0 0 0 -0 0 0 0 -0 0 0 0.016491 0.071937 0.024518 0.071937 -0.015613 0.16768 0.032611 0.16768 -0.019856 0.13521 0.049545 0.13521 -0.0041848 0.009031 0.0062122 0.009031 0.032061 0.17415 0.12563 0.28195 -0.060666 0.00080523 0.15646 0.42646 -0.058225 0.0098848 0.20097 0.4096 -0.078426 0.045456 0.11275 0.14052 -0.062554 -0.10887 0.09486 0.14821 -0.0061271 -0.058163 0.11019 0.2525 0.066754 0.048433 0.12515 0.25035 -0.053032 0.12716 0.13685 0.23177
65.95 170.13 2.0323 6.0101 0 0 0 0 0 0 0 0 0 0 0 0 0 0 0 0 0.0068168 0.05926 0.011579 0.05926 0.00012243 0.10772 0.016375 0.10772 -0.0033676 0.10586 0.014273 0.10586 -0.0030299 0.024136 0.00339 0.024136 0.0326 0.0075635 0.099777 0.23567 0.06429 -0.010411 0.12167 0.4302 0.047578 0.19509 0.15582 0.50395 -0.11513 0.22157 0.17737 0.2695 -0.016328 0.048908 0.05558 0.14621 0.0019124 -0.08666 0.061965 0.16184 0.087722 -0.16609 0.095822 0.18045 0.048243 -0.094772 0.1049 0.16048
69.749 180.37 1.8719 5.7771 0 0 0 0 0 0 0 0 0 0 0 0 0 0 0 0 0.0033918 0.011647 0.0033918 0.011647 0.017123 0.099739 0.020771 0.099739 -0.0088854 0.095815 0.044539 0.095815 -0.004183 0.0055345 0.004183 0.0055345 0.050203 0.12793 0.071594 0.25081 0.092256 0.17375 0.13243 0.45589 -0.046444 0.222 0.2323 0.41446 -0.11762 0.16448 0.12764 0.20251 -0.013136 -0.084208 0.038152 0.13121 0.034286 -0.18794 0.046668 0.19803 0.065141 -0.19499 0.088191 0.22482 0.004706 -0.061669 0.086138 0.12859
144.1 186.46 2.0428 1.2186 0.015912 -0.052405 0.12828 0.13731 -0.057889 -0.035318 0.14296 0.13711 0.0095446 -0.074776 0.12946 0.15008 -0.01936 -0.019351 0.05312 0.060129 0.0080802 0.09827 0.074625 0.2047 0.028593 0.19541 0.17447 0.26187 0.011475 0.077107 0.1685 0.16784 -0.024485 0.0039436 0.12743 0.11753 -0.078053 0.052106 0.1273 0.34771 -0.075411 0.010182 0.27561 0.41854 -0.086255 -0.023775 0.19769 0.24363 -0.0096148 -0.023368 0.059552 0.048183 -0.017498 -0.11264 0.036304 0.13293 -0.025314 -0.081097 0.054092 0.11712 -0.020148 -0.022779 0.036597 0.057202 -0.00083649 -0.00092118 0.001818 0.0022719
105.95 120.16 2.8994 1.8476 -0 0 0 0 -0 0 0 0 -0 0 0 0 -0 0 0 0 -0.037797 0.088566 0.064735 0.12493 -0.025181 0.15554 0.047659 0.16701 0.0051663 0.19262 0.069829 0.19262 -0.014977 0.062879 0.029463 0.062879 0.013436 -0.025968 0.15808 0.15495 0.046271 -0.07482 0.1874 0.49531 -0.013254 0.01118 0.25548 0.50294 -0.08132 0.035464 0.209 0.17194 -0.0084303 -0.023973 0.069363 0.064132 0.025858 -0.032932 0.076919 0.079568 0.039777 -0.028037 0.13497 0.11875 -0.027652 -0.029427 0.1653 0.054338
126.99 121.4 2.8916 1.5981 -0 0 0 0 -0 0 0 0 -0 0 0 0 -0 0 0 0 -0.017515 0.11211 0.026939 0.11218 0.0029313 0.078107 0.024927 0.078107 0.0010921 0.1036 0.041526 0.1036 0.027605 0.14435 0.07045 0.14436 -0.028937 -0.047941 0.134 0.45557 -0.033921 0.03083 0.27253 0.35536 0.036287 0.012076 0.25993 0.33355 0.022293 -0.053566 0.18984 0.3919 -0.0041315 -0.039165 0.047598 0.065568 0.021923 -0.04702 0.15453 0.11192 -0.03597 -0.044884 0.11389 0.1168 0.02964 -0.028004 0.065514 0.052358
153.24 127.69 2.7307 1.3341 0 0 0 0 0 0 0 0 0.00024785 0.0010273 0.00024785 0.0010273 0.0054187 0.012149 0.0082956 0.012149 0.038082 0.045639 0.046391 0.057248 0.079153 0.21064 0.13996 0.40628 -0.014406 0.20765 0.12835 0.4364 0.018271 0.047008 0.14318 0.16736 0.065686 -0.014074 0.12192 0.078454 0.028364 -0.090972 0.23422 0.41741 -0.044249 -0.13604 0.13215 0.31031 0.01218 -0.04636 0.11988 0.11426 0.026045 -0.0052585 0.045515 0.022989 -0.0097785 -0.020535 0.083334 0.082648 -0.019422 0.00034997 0.05247 0.046928 0.01078 -0.012266 0.038917 0.041103
102.28 136.06 3.0299 4.8832 0.0049593 0.014949 0.049053 0.035919 -0.0046753 0.04453 0.052715 0.059676 -0.0092051 0.0065958 0.054993 0.042093 0.0011569 0.016361 0.043646 0.044612 0.047286 0.03193 0.19719 0.091581 -0.10069 0.017923 0.18242 0.13534 0.013572 0.053907 0.10039 0.099434 -0.0013443 0.027858 0.13988 0.10647 0.0555 -0.018623 0.21199 0.19955 0.00020086 -0.012018 0.25146 0.54753 -0.040426 0.0032662 0.20381 0.46092 -0.0057546 -0.013978 0.17452 0.16674 0.013571 -0.043226 0.030503 0.058529 -0.0052126 -0.086114 0.049282 0.11434 -0.0014472 -0.069422 0.032477 0.081402 0.0040149 -0.038046 0.021057 0.045553
156.54 138.81 2.8314 4.5245 0.0029521 -0.00017909 0.026854 0.023632 0.0095559 0.0129 0.038416 0.03886 0.0061298 0.02216 0.05802 0.04645 -0.013745 -0.0043073 0.041405 0.020079 -0.013804 0.026952 0.082532 0.06881 0.030216 0.0062603 0.10262 0.098523 -0.0004546 0.014133 0.18358 0.17488 -0.033645 0.010979 0.061895 0.034492 0.016147 0.038058 0.145 0.15031 0.060764 0.065284 0.19728 0.60416 -0.09671 -0.0054092 0.25937 0.51796 -0.056535 -0.0093261 0.082479 0.061094 -0.0052327 -0.049667 0.041634 0.071429 0.0019966 -0.10373 0.035709 0.15215 -0.026794 -0.078583 0.036885 0.11706 -0.0066266 -0.0074156 0.0072033 0.0093031
125.97 150.62 2.7305 4.3059 -0.0046268 -0.0032893 0.0098821 0.0065301 0.0097368 0.018255 0.064595 0.05749 0.0078567 0.0088618 0.052868 0.057025 0.015042 0.014354 0.034057 0.043767 0.0072114 0.020059 0.056709 0.044646 0.045962 0.053517 0.1718 0.19411 -0.022101 0.072911 0.13346 0.17408 0.022519 0.0058911 0.087069 0.086406 -0.019427 0.033479 0.093911 0.069985 0.075089 0.034868 0.1701 0.16574 0.02895 0.12933 0.29825 0.2494 0.096083 0.092294 0.20275 0.38996 -0.018055 0.066717 0.12488 0.10569 0.02558 0.097056 0.26919 0.32042 -0.044651 -0.097256 0.23015 0.26179 -0.014746 -0.080701 0.068032 0.12532
147.45 153.68 3.0136 4.3488 0.0013188 -0.0049829 0.014029 0.01406 0.0055649 -0.0083618 0.025178 0.046451 0.017784 -0.016098 0.036984 0.061157 0.0025299 -0.0062309 0.057131 0.051719 -0.014037 0.0066502 0.070719 0.075023 0.010299 0.0002023 0.099661 0.093211 0.049846 0.035472 0.099546 0.10313 -0.02703 0.05624 0.12987 0.092209 0.026709 0.029042 0.12959 0.13954 -0.019675 0.067146 0.17375 0.16154 0.060099 0.12853 0.16312 0.25453 0.011491 0.10551 0.20292 0.23848 0.042853 0.036771 0.093799 0.089004 0.03492 0.05352 0.21565 0.22101 0.052767 -0.078841 0.19991 0.54359 -0.066803 -0.071529 0.13504 0.30069
104.44 156.81 2.7507 3.4118 -0.0048949 0.0021715 0.010992 0.012001 0.0027038 -0.0090063 0.076641 0.10648 0.04223 0.021633 0.13991 0.17077 0.060012 0.018258 0.10689 0.19082 -0.031529 0.0098011 0.038879 0.024376 0.018342 0.012006 0.090392 0.096556 0.031936 -0.050443 0.13854 0.17136 0.1288 0.026516 0.23763 0.21329 -0.065676 0.033288 0.089979 0.04256 0.070696 0.014137 0.12177 0.10074 -8.5761e-05 0.16786 0.15913 0.22739 0.16328 0.059314 0.50989 0.21702 -0.017515 -0.01126 0.080604 0.075545 0.020011 0.012377 0.088259 0.093652 0.065327 -0.049496 0.15166 0.2498 0.043743 0.0029999 0.20617 0.18118
119.58 156.43 2.8138 4.8615 -0.013149 -0.016855 0.02363 0.039429 -0.0057788 -0.0049137 0.013883 0.020349 0.0018894 0.018335 0.018888 0.031598 0.0054388 -0.004102 0.017163 0.021677 -0.018702 0.037114 0.070151 0.081159 -0.0034241 0.039784 0.13082 0.11897 -0.028105 0.038981 0.1229 0.17942 0.0061543 0.0065393 0.066043 0.05886 -0.10169 0.0083301 0.1444 0.082753 0.064098 0.058436 0.18222 0.16516 -0.032471 0.048217 0.30769 0.22797 -0.0051736 0.019936 0.09589 0.072923 -0.036219 0.046339 0.15739 0.35135 -0.062685 0.020219 0.25314 0.33817 0.011963 0.048705 0.32924 0.25941 -0.010745 0.13582 0.10867 0.27666
182.11 159.84 2.5649 3.0316 -0 0 0 0 -0 0 0 0 -0 0 0 0 -0 0 0 0 0.014337 0.028718 0.014862 0.028991 0.023767 0.10818 0.066442 0.1466 -0.039173 0.05313 0.064222 0.14414 -0.0043199 0.075852 0.034019 0.094443 0.061034 0.058968 0.1414 0.13604 -0.055764 -0.046024 0.19064 0.27281 0.11138 0.10418 0.2187 0.36067 0.099089 0.11451 0.31367 0.38113 -0.017463 -0.028949 0.10892 0.055014 0.0032726 -0.013704 0.09429 0.074358 0.062465 -0.069393 0.13112 0.1546 0.21377 -0.026447 0.34298 0.2017
76.25 161.52 2.7875 2.7088 0.012673 0.0019914 0.027222 0.02721 0.053391 -0.0045732 0.096215 0.1313 0.11958 0.028501 0.20673 0.2543 0.052993 -0.060847 0.24092 0.21921 -0.044308 0.10939 0.081281 0.14012 0.0040656 0.080257 0.079467 0.18867 0.065496 -0.11915 0.16889 0.33875 0.0042228 -0.11187 0.32972 0.34052 0.041411 -0.093019 0.091502 0.18493 -0.055739 -0.084675 0.088164 0.31191 -0.033262 -0.073061 0.081506 0.23164 -0.021983 -0.043728 0.050361 0.066468 0.0022824 -0.01226 0.0038624 0.01226 -0.0031789 -0.026439 0.0061454 0.026439 -0.0023453 -0.010145 0.0023453 0.010145 -0.00021708 -0.00067742 0.00021708 0.00067742
63.899 163.74 3.0368 6.0026 0 0 0 0 0 0 0 0 0 0 0 0 0 0 0 0 0.0031575 0.0067036 0.0031575 0.0067036 0.01498 0.098575 0.016811 0.098575 0.0028726 0.11554 0.015367 0.11554 -0.0061088 0.036091 0.0081357 0.036091 -0.00014422 0.080029 0.20426 0.30532 0.010953 -0.0008015 0.1117 0.36223 0.098762 -0.033423 0.14035 0.41069 -0.082272 0.11819 0.15856 0.25192 -0.026252 0.094156 0.27822 0.32126 -0.1342 0.12216 0.18697 0.24729 -0.020066 -0.0073134 0.076564 0.10161 0.043731 -0.065303 0.075274 0.094165
100.51 164.08 2.9781 5.0353 0.052866 0.030335 0.094307 0.11487 -0.041352 -0.051379 0.081071 0.20568 -0.036719 -0.037844 0.061257 0.1123 -0.016341 -0.0057324 0.028394 0.027114 -0.041668 -0.055075 0.12344 0.13808 -0.01732 -0.002677 0.090224 0.15792 -0.020454 -0.0080642 0.046355 0.063571 0.0043699 0.022164 0.026225 0.039674 0.015582 0.15307 0.23342 0.18511 -0.13164 0.086353 0.24859 0.2127 0.0007978 0.058235 0.23671 0.18854 -0.011247 0.046834 0.17919 0.17836 -0.0036517 0.04708 0.23407 0.19192 -0.10689 0.1644 0.20651 0.28882 0.046801 0.11437 0.19142 0.21704 -0.024766 0.043361 0.18355 0.13797
177.19 174.27 3.0414 3.5517 0 -0 0 0 0 -0 0 0 0 -0 0 0 0 -0 0 0 0.037524 0.049552 0.039053 0.052405 0.043693 0.22803 0.099664 0.25948 -0.043314 0.1613 0.081829 0.27072 -0.033204 0.045052 0.035301 0.057676 0.073385 0.0078367 0.1495 0.13556 -0.069463 -0.16895 0.18243 0.33956 0.050053 -0.043148 0.16718 0.35639 -0.046578 0.10677 0.17111 0.24881 -0.01392 -0.033817 0.081571 0.06605 0.013637 0.0030843 0.095777 0.096612 0.107 0.00013271 0.13818 0.18324 0.03414 0.012628 0.24956 0.30679
169.47 181.51 3.1687 0.83697 0.015341 -0.098105 0.2047 0.22033 -0.078662 -0.065974 0.13425 0.18768 -0.025655 -0.011029 0.11778 0.11442 0.0036799 0.021432 0.056116 0.047961 0.055316 -0.019701 0.19976 0.2515 -0.01647 0.23754 0.13355 0.43539 -0.024335 0.16467 0.17896 0.3114 -0.063043 -0.011669 0.12393 0.13687 0.043242 -0.058508 0.047267 0.070841 0.054492 -0.16265 0.086761 0.29719 -0.080491 -0.15052 0.10744 0.23264 -0.025218 -0.032349 0.027807 0.039447 0 0 0 0 0.00012285 -0.00011079 0.00012285 0.00011079 0.00019361 -0.00017461 0.00019361 0.00017461 0 0 0 0
177.84 183.96 2.6738 3.7516 0 -0 0 0 0 -0 0 0 0 -0 0 0 0 -0 0 0 0.0016991 0.0030147 0.0016991 0.0030147 0.026491 0.14407 0.033085 0.14407 -0.021538 0.15734 0.042497 0.15734 -0.0082427 0.013327 0.0082427 0.013327 0.09181 0.070119 0.10437 0.090014 0.066835 0.0085878 0.20846 0.44779 -0.053842 -0.073353 0.15705 0.5231 -0.062816 0.035703 0.16258 0.25533 0.012044 -0.029965 0.098133 0.088068 -0.019837 -0.05209 0.10037 0.14666 0.075211 0.043765 0.10873 0.20031 -0.0056944 0.11144 0.19947 0.23504
158.28 187.76 2.8933 4.703 0.0003826 0.0028452 0.0003826 0.0028452 -0.00016032 0.0068511 0.0018997 0.0068511 0 -0 0 0 0 -0 0 0 0.029565 0.025274 0.08443 0.072619 0.052793 0.13381 0.1348 0.2427 -0.065882 0.24715 0.14078 0.27022 -0.02724 0.035569 0.029478 0.036436 0.010652 0.0032126 0.074474 0.082692 0.062687 -0.11106 0.11233 0.24291 0.14425 -0.13443 0.35409 0.40053 -0.1365 0.055604 0.20325 0.13497 -0.007642 0.019577 0.11282 0.12731 0.016234 0.056983 0.15261 0.17518 0.041149 0.043744 0.20743 0.17356 -0.042522 -0.010462 0.20951 0.099828
94.375 189.94 2.9702 4.817 3.1871e-18 3.3459e-19 7.9719e-17 8.3693e-18 4.1176e-05 5.0836e-05 4.1176e-05 5.0836e-05 5.8237e-05 7.1899e-05 5.8237e-05 7.1899e-05 0 0 0 0 0.033519 0.060512 0.033519 0.060512 0.063906 0.2685 0.13003 0.31553 -0.056532 0.14972 0.12752 0.2264 -0.028711 0.023768 0.05853 0.047955 0.1415 0.081467 0.24943 0.2268 -0.16568 -0.17487 0.28921 0.44582 -0.082996 -0.12491 0.12961 0.19656 -0.0092296 -0.016509 0.051318 0.039607 -0.032359 -0.052377 0.17507 0.1162 -0.015423 0.013584 0.10862 0.15111 -0.029451 0.045541 0.10534 0.13551 0.026828 0.018472 0.10127 0.087172
76.274 192.33 2.8691 5.3321 0 0 0 0 5.0095e-18 3.5742e-18 5.0095e-18 3.5742e-18 -2.2957e-18 -1.638e-18 7.2776e-17 5.1925e-17 -5.198e-18 -3.7087e-18 1.9696e-17 1.4053e-17 0 0 0 0 0.0084722 0.017123 0.0084722 0.017123 0.0044984 0.014178 0.0044984 0.014178 4.4059e-05 0.0002635 4.4059e-05 0.0002635 0.10082 0.1059 0.10615 0.1266 0.086822 0.2119 0.21103 0.56992 -0.10826 0.12057 0.15544 0.51009 -0.072478 0.062116 0.078677 0.11146 -0.0017923 -0.033842 0.12461 0.1662 -0.033087 -0.13643 0.081954 0.23907 -0.014404 -0.13637 0.05152 0.17369 -0.017587 -0.04605 0.051165 0.074068
167.7 196.4 2.7284 4.3683 0 -0 0 0 0 -0 0 0 0 -0 0 0 0 -0 0 0 0.0041922 0.013165 0.0041922 0.013165 0.0074526 0.055359 0.011835 0.055359 0.00010344 0.016749 0.0059089 0.016749 -9.9159e-16 -4.6845e-16 9.9159e-16 4.6845e-16 0.065871 0.030178 0.10821 0.13941 0.13519 0.098514 0.19417 0.44162 -0.088843 0.24435 0.29418 0.5349 -0.084111 0.079083 0.086558 0.085529 0.0038935 -0.02762 0.055294 0.057391 -0.0017743 -0.058551 0.098188 0.16084 0.069066 -0.1113 0.17565 0.26545 -0.046663 -0.00020285 0.19248 0.15306
102.51 198.32 2.7371 4.5901 -3.5682e-18 4.3843e-19 1.1098e-17 1.3636e-18 0 -0 0 0 0 -0 0 0 0 -0 0 0 0.0020597 0.0030401 0.0020597 0.0030401 0.01567 0.10293 0.026909 0.10296 -0.013523 0.085875 0.07339 0.089259 -0.0035144 0.011412 0.020047 0.013123 0.14433 0.21305 0.2004 0.24257 -0.092985 0.13559 0.35026 0.48112 -0.13327 -0.049265 0.23823 0.19508 0.00015731 -0.0076601 0.075019 0.062671 -0.0033844 -0.032597 0.29461 0.20487 -0.13501 -0.12106 0.18846 0.19676 -0.025302 0.017931 0.056897 0.074572 0.028655 0.023459 0.14539 0.1262
110.16 118.62 3.8787 1.7793 -0 0 0 0 -0 0 0 0 -0 0 0 0 -0 0 0 0 -0.053705 0.11147 0.070969 0.17974 -0.019216 0.13344 0.04154 0.13439 0.0071023 0.19571 0.068093 0.19571 -0.013441 0.050628 0.024124 0.050628 -0.0032563 -0.042587 0.13696 0.24782 0.021717 -0.045083 0.18748 0.41268 0.0062185 0.022408 0.26192 0.5431 -0.092435 0.023514 0.23081 0.15051 0.0088106 -0.020579 0.067045 0.062475 -0.0039422 -0.037978 0.089059 0.084989 0.025665 -0.061337 0.12922 0.11839 -0.033389 -0.024265 0.13605 0.047619
143.62 119.26 3.7751 1.3888 0 0 0 0 0 0 0 0 0 0 0 0 0 0 0 0 0.00053909 0.0045861 0.0012094 0.0045861 0.0029266 0.045261 0.0069924 0.045261 0.027297 0.087212 0.03574 0.087212 0.067957 0.10011 0.1034 0.17446 0.071322 0.025266 0.11971 0.13694 0.029666 0.033659 0.21592 0.72164 -0.025723 -0.0020917 0.1838 0.38988 -0.016461 -0.044836 0.14322 0.2041 0.032993 -0.016321 0.072727 0.048788 -0.028076 -0.062634 0.11232 0.13205 0.0052247 -0.042114 0.068358 0.086276 -0.014597 -0.015926 0.052647 0.052468
101.55 136.88 3.2794 4.7893 -0.00032521 0.0096644 0.0431 0.030633 -0.0051857 0.038022 0.052913 0.058866 -0.0075303 0.0089212 0.0607 0.044131 -0.00021594 0.017745 0.05275 0.052253 0.051014 0.032084 0.17692 0.095272 -0.10724 0.027261 0.18126 0.116 0.024413 0.048906 0.10739 0.091614 0.0045177 0.029424 0.15237 0.10467 0.04731 0.011598 0.21485 0.18237 -0.0093093 0.057631 0.27665 0.44196 -0.049225 -0.007706 0.2342 0.47626 -0.001516 -0.018504 0.24723 0.18103 0.013637 -0.048262 0.041736 0.071167 -0.017694 -0.11592 0.092477 0.16451 -0.016046 -0.083369 0.043979 0.10134 0.0014826 -0.033777 0.028502 0.041511
87.947 141.28 3.5146 4.7161 0.0232 0.0049977 0.02826 0.0083424 -0.011266 -0.021427 0.096488 0.069692 -0.01174 -0.0010895 0.0377 0.047831 0.00053485 0.0061494 0.021899 0.031906 0.025505 -0.0010412 0.069406 0.020758 0.062112 0.067542 0.22206 0.1387 -0.053746 0.050398 0.16681 0.11389 0.016973 0.036098 0.11061 0.10834 0.03528 -0.0080527 0.049352 0.015706 0.13304 -0.0097508 0.35635 0.314 -0.053595 0.026578 0.30258 0.57712 -0.014483 -0.024809 0.12597 0.27204 0.0014668 -0.00055137 0.0014668 0.00055137 0.028174 -0.063808 0.059252 0.10842 -0.021539 -0.091498 0.063142 0.14759 -0.0059164 -0.030465 0.012544 0.040549
154.67 140.98 3.2048 4.58 -0.0015325 0.0011465 0.022761 0.027508 0.007838 0.0096738 0.037009 0.042393 0.0040212 0.021887 0.047022 0.044496 -0.0099049 -0.0019082 0.049088 0.023969 -0.021417 0.027072 0.076786 0.0793 0.019128 0.011011 0.098379 0.082317 0.0018984 0.014004 0.17183 0.14233 -0.040147 0.0051939 0.083928 0.041705 0.010966 0.047867 0.13444 0.14256 0.069381 0.12846 0.18102 0.60234 -0.044664 0.062001 0.25664 0.49139 -0.069254 -0.0052031 0.11185 0.082303 -0.0034932 -0.049019 0.052213 0.078079 0.016417 -0.11106 0.045338 0.18886 -0.023624 -0.10555 0.049818 0.15875 -0.012381 -0.014947 0.014827 0.019724
75.772 149.61 3.2515 5.7239 0 0 0 0 0.0096873 0.02138 0.010278 0.02138 0.023722 0.066817 0.025982 0.071701 0.0052178 0.062326 0.02275 0.070267 0.024873 0.027466 0.034499 0.032533 0.014553 0.047428 0.16448 0.19995 -0.0036181 -0.037271 0.074384 0.21234 0.022322 -0.07428 0.042564 0.13947 0.045519 0.0834 0.26155 0.15312 -0.013078 0.14566 0.40559 0.35904 -0.10301 0.12574 0.16565 0.195 -0.022083 0.012104 0.052285 0.065176 0.090526 -0.01788 0.25211 0.13418 -0.1001 0.070926 0.29131 0.27129 -0.08272 -0.054144 0.11449 0.13698 -0.01163 -0.006273 0.05246 0.05406
172.02 158.6 2.9303 3.7332 0.013191 0.051322 0.01803 0.05306 -0.018498 0.079162 0.031436 0.081088 -0.013378 0.029002 0.014897 0.029247 -0.00035934 0.00029139 0.00045495 0.00029139 6.3571e-05 -0.0457 0.070078 0.14105 -0.01012 -0.049088 0.093023 0.24049 -0.050003 0.023348 0.13074 0.17458 -0.012522 0.0031624 0.015777 0.011045 0.006592 0.0090068 0.050028 0.062745 0.092322 0.037468 0.11075 0.15696 -0.011062 0.090999 0.30733 0.33054 -0.056645 0.10291 0.20997 0.13619 0.0043939 0.0014238 0.050694 0.05426 0.034683 -0.011864 0.092342 0.11551 0.16497 0.12675 0.2965 0.36367 -0.077333 0.054137 0.35103 0.25389
62.854 164.32 3.6621 2.7892 -0.014301 0.04861 0.066527 0.070777 0.059893 -0.010803 0.10583 0.11371 0.1123 -0.09901 0.29644 0.35035 -0.089189 -0.10349 0.34601 0.26277 0.061342 -0.065611 0.13082 0.19161 -0.059196 -0.023223 0.13575 0.41583 -0.011658 -0.11614 0.2052 0.40396 -0.035496 -0.074696 0.10104 0.12445 0.0088819 -0.022807 0.0092306 0.023091 -0.0052298 -0.055025 0.015756 0.06155 -0.011766 -0.030922 0.011867 0.037389 -0.00079959 -0.0012092 0.00079959 0.0013309 -4.1142e-20 -1.1188e-19 4.1142e-20 1.1188e-19 -0 0 0 0 -0 0 0 0 -0 0 0 0
162.54 168.09 4.2141 0.7877 0.086817 -0.016463 0.3175 0.37091 -0.11448 -0.07472 0.30198 0.37899 -0.016887 -0.044264 0.13933 0.15436 -0.012705 -0.0086667 0.060287 0.048043 0.068331 -0.10544 0.20135 0.19994 -0.074 -0.070018 0.21611 0.26662 -0.015349 -0.0033239 0.094097 0.10761 -0.0076466 0.0050048 0.051161 0.045856 0.034294 -0.0247 0.057298 0.055843 0.035184 -0.025563 0.12573 0.28918 -0.034588 0.0034819 0.11147 0.24935 -0.031699 -0.018885 0.049331 0.053289 0.0013985 -0.0026056 0.0013985 0.0026056 0.011933 -0.032302 0.01231 0.037987 -0.0099462 -0.038031 0.018074 0.044732 -0.0031511 -0.0044457 0.0033113 0.0045764
79.605 179.76 3.8191 2.3251 -0.0017048 -0.0023383 0.028387 0.034184 0.017555 -0.029669 0.09586 0.10716 0.12762 -0.088905 0.2357 0.2498 -0.055762 -0.11531 0.36662 0.21839 0.048578 0.0062926 0.074611 0.1041 0.028884 0.12829 0.10701 0.36591 -0.031158 0.033018 0.17339 0.44258 -0.052653 -0.058215 0.16417 0.15962 0.023537 -0.025722 0.024047 0.033091 0.034548 -0.14219 0.065156 0.25482 -0.069529 -0.13182 0.08446 0.20928 -0.011741 -0.014634 0.01305 0.017915 2.0233e-18 1.9013e-18 2.0233e-18 1.9013e-18 1.4302e-17 1.4255e-17 1.5116e-17 1.4255e-17 3.355e-19 1.4912e-18 1.5091e-18 1.4912e-18 -0 0 0 0
168.43 182.97 3.6729 0.87268 0.037061 -0.12673 0.27828 0.28731 -0.11533 -0.044198 0.21447 0.27684 -0.029138 -0.03725 0.13924 0.14156 -0.0031741 -0.0049361 0.039258 0.040991 0.072938 -0.056515 0.19981 0.20684 -0.019 0.0458 0.20332 0.45595 -0.062568 0.0582 0.19846 0.30736 -0.031788 -0.0036499 0.063869 0.06704 0.027589 -0.030204 0.032009 0.041099 0.041718 -0.13793 0.07839 0.25062 -0.058385 -0.11119 0.077426 0.17254 -0.0092168 -0.0097841 0.010601 0.013029 0 0 0 0 0 0 0 0 0 0 0 0 0 0 0 0
104.26 200.63 3.5434 4.4876 -5.9912e-18 1.3698e-18 1.2041e-17 2.753e-18 0 -0 0 0 0 -0 0 0 0 -0 0 0 -1.392e-17 3.1827e-18 4.2606e-17 9.7412e-18 0.0047887 0.030139 0.009924 0.030139 -0.0026336 0.049176 0.023984 0.049455 0.016956 0.024636 0.039465 0.048571 0.091997 0.084224 0.098136 0.087967 -0.041873 0.17166 0.38611 0.48096 -0.11941 -0.026133 0.16946 0.18131 0.019812 0.01744 0.082668 0.10095 0.10662 -0.0013349 0.2697 0.10109 -0.12699 -0.075698 0.35116 0.2431 -0.018943 0.060164 0.19368 0.15784 0.0038433 0.089489 0.17343 0.21425
70.93 110.62 4.9735 1.1288 0 0 0 0 0 0 0 0 0 0 0 0 0 0 0 0 0 0 0 0 0 0 0 0 0 0 0 0 0 0 0 0 0.085425 0.10888 0.10273 0.14075 0.013826 0.26021 0.38143 0.56408 -0.11175 0.085652 0.19383 0.22917 -0.0030919 0.0025635 0.0033662 0.003315 0.0066062 0.0059745 0.16182 0.2354 -0.011333 -0.11357 0.26467 0.27403 -0.062424 -0.022141 0.2161 0.13045 -0.010652 0.0068416 0.02742 0.009605
176.99 114.63 5.1014 2.1224 -0 0 0 0 -0 0 0 0 -0 0 0 0 -0 0 0 0 -0 0 0 0 -0 0 0 0 -0 0 0 0 -0 0 0 0 0.002726 0.0079671 0.0055273 0.0088713 0.14093 0.086219 0.2109 0.22523 -0.10358 0.22195 0.46604 0.54867 -0.043508 0.048294 0.046611 0.061337 0.01653 0.013227 0.06135 0.02616 0.025537 -0.027865 0.16988 0.12069 0.024883 -0.078552 0.27456 0.30471 -0.021715 0.022688 0.13985 0.20885
148.38 144.58 5.1641 4.6521 -0.0062595 -0.00082311 0.013226 0.022181 0.0076287 0.0018591 0.025633 0.040616 0.012846 -0.0011193 0.060416 0.083995 -0.013015 0.0055202 0.02729 0.017871 0.0062265 0.025735 0.069061 0.061996 -0.0033967 0.047052 0.10598 0.11216 0.017681 0.034615 0.16566 0.12955 -0.027924 -0.00032561 0.068533 0.031005 -0.029513 0.017559 0.17411 0.29322 0.042097 -0.022016 0.18247 0.49459 -0.07985 -0.034141 0.28426 0.61624 -0.045281 -0.0075643 0.05993 0.047663 -0.016845 -0.042717 0.032333 0.069972 0.0037361 -0.048192 0.018681 0.068436 -0.0090211 -0.047488 0.022175 0.072376 -0.0034553 -0.003974 0.0038893 0.0053356
58.396 178.62 4.9892 5.7422 0 0 0 0 0 0 0 0 0 0 0 0 5.7768e-19 9.6156e-19 5.7768e-19 9.6156e-19 0 0 0 0 0 0 0 0 2.5077e-18 4.1741e-18 2.5077e-18 4.1741e-18 3.2378e-19 5.3893e-19 6.9092e-18 1.15e-17 0.022635 0.028232 0.043902 0.045785 0.064008 0.077067 0.1503 0.3765 -0.0084794 0.080396 0.17554 0.48623 -0.050389 0.035996 0.059604 0.07117 0.091866 0.12472 0.33194 0.22369 -0.13118 0.071514 0.33428 0.39955 -0.022944 -0.054996 0.11306 0.18605 -0.018823 -0.012453 0.048427 0.048435
189 180.79 5.0684 3.5724 0 -0 0 0 0 -0 0 0 0 -0 0 0 0 -0 0 0 0 -0 0 0 -0.00081201 0.0026165 0.00081201 0.0026165 -0.00054605 0.0017595 0.00054605 0.0017595 0 -0 0 0 0.036616 0.018307 0.036616 0.021445 0.039444 0.03208 0.19864 0.36312 -0.058677 0.12229 0.19181 0.40409 -0.025007 0.052498 0.041516 0.071433 0.019643 -0.0052049 0.040562 0.030669 0.01324 -0.042501 0.11617 0.13524 0.15865 0.049728 0.29248 0.36247 -0.075588 0.13052 0.42568 0.32958
67.824 192.31 5.0903 5.452 0 0 0 0 0 0 0 0 2.474e-18 2.2571e-18 2.474e-18 2.2571e-18 -9.4222e-18 -8.5958e-18 1.0333e-17 9.4267e-18 0 0 0 0 0.00053269 0.0011128 0.00053269 0.0011128 0.00037243 0.0011479 0.00037243 0.0011479 -3.5241e-19 -3.215e-19 3.9126e-18 3.5695e-18 0.035544 0.032612 0.049255 0.055147 0.095439 0.044923 0.19583 0.50617 -0.090953 0.061177 0.15919 0.47711 -0.035093 0.018281 0.039169 0.050402 0.099954 0.10986 0.27618 0.18254 -0.092293 0.079098 0.28707 0.37697 -0.034975 -0.039599 0.09761 0.17239 -0.0061843 0.0023635 0.033609 0.041595
180.98 192.56 5.0722 3.962 0 -0 0 0 0 -0 0 0 0 -0 0 0 0 -0 0 0 0 -0 0 0 -0.00030412 0.00028352 0.00030412 0.00028352 -8.7585e-05 8.1655e-05 8.7585e-05 8.1655e-05 0 -0 0 0 0.031933 0.0090169 0.038921 0.033416 0.077712 0.034203 0.17519 0.41687 -0.094129 0.12426 0.227 0.51551 -0.032132 0.019233 0.050726 0.05038 0.0064862 0.009639 0.051669 0.051397 0.038299 -0.032515 0.12678 0.18373 0.058966 0.068752 0.34529 0.42392 -0.087979 0.089824 0.17433 0.15921
179.55 108.94 6.9537 2.0794 -0 0 0 0 -0 0 0 0 -0 0 0 0 -0 0 0 0 -0 0 0 0 -0 0 0 0 -0 0 0 0 -0 0 0 0 0.0039445 0.0035612 0.0039445 0.0043013 0.13526 0.079486 0.24346 0.23231 -0.089352 0.17903 0.42193 0.55465 -0.034324 0.044392 0.037608 0.055624 0.023859 0.0030215 0.028459 0.011531 0.02725 -0.026561 0.18105 0.12757 0.02884 -0.095384 0.23848 0.27083 0.024608 0.018849 0.18572 0.31796
88.749 127.53 7.3036 1.5606 0 0 0 0 0 0 0 0 0 0 0 0 0 0 0 0 -0.014257 0.10255 0.08565 0.26682 0.051024 0.17861 0.18577 0.4784 -0.091353 0.087217 0.15772 0.17236 -0.0015508 0.00037598 0.0015508 0.00037598 -0.011758 -0.08335 0.12967 0.28682 0.026836 -0.14723 0.29993 0.38838 -0.1069 -0.040232 0.30301 0.16849 -0.0090871 0.00071496 0.0090919 0.0023044 -0.010607 -0.011317 0.02646 0.055262 0.032094 -0.012793 0.063399 0.10264 -0.027914 -0.019897 0.10592 0.085928 -0.0032613 -0.00069138 0.0032613 0.0008582
184.21 142.7 6.5816 3.252 0 -0 0 0 0 -0 0 0 0 -0 0 0 0 -0 0 0 0.0082655 0.022113 0.01737 0.030133 -0.010556 0.046931 0.045757 0.081545 -0.004768 0.020975 0.0089635 0.021732 0 -0 0 0 0.017437 -0.010154 0.10077 0.078133 0.17075 0.032337 0.32598 0.29937 -0.14146 0.08884 0.58406 0.31781 -0.011715 0.00032857 0.011746 0.0041898 0.0015897 0.0039379 0.036422 0.01874 0.17036 -0.0013215 0.21915 0.14142 -0.11199 -0.030393 0.37674 0.13758 -0.0012746 -0.00037665 0.0012872 0.00037665
144.69 151.99 6.6515 4.7358 -0.0042084 0.014678 0.024478 0.043302 -0.0010681 0.0035927 0.013066 0.021545 -0.0012165 0.019226 0.025755 0.041468 -0.0028021 0.0027779 0.0036216 0.0034878 -0.018734 0.029624 0.11985 0.10418 -0.0017234 0.042231 0.084287 0.094602 0.00075046 0.031161 0.14716 0.13225 -0.018544 0.0020229 0.033912 0.016859 -0.0017404 -0.0074327 0.20081 0.35418 0.014976 -0.015947 0.19078 0.58633 -0.084196 -0.038227 0.24501 0.52033 -0.024478 -0.0053825 0.0291 0.018429 -0.0013514 -0.03402 0.020504 0.057373 0.00289 -0.043469 0.019291 0.072816 -0.0092579 -0.039954 0.024548 0.072733 -0.0019137 -0.0016004 0.001932 0.0023265
194.18 185.1 6.3115 3.5058 0 -0 0 0 0 -0 0 0 0 -0 0 0 0 -0 0 0 0 -0 0 0 0 -0 0 0 0 -0 0 0 0 -0 0 0 0.0070158 0.0030007 0.007072 0.0030007 0.058608 0.061988 0.17831 0.26463 -0.031161 0.11803 0.16902 0.38821 -0.031095 0.068759 0.039077 0.081396 0.013527 -0.00036009 0.01498 0.0089309 0.024742 -0.029915 0.13605 0.12151 0.22767 0.043179 0.36157 0.3624 -0.10342 0.059382 0.45783 0.32848
62.937 102.58 10.245 0.75479 0 0 0 0 0 0 0 0 0 0 0 0 0 0 0 0 0 0 0 0 0 0 0 0 0 0 0 0 0 0 0 0 0 0 0 0 0.1564 0.12776 0.39125 0.40293 -0.1293 0.095833 0.32447 0.31446 -0.0096905 0.0087043 0.019552 0.012332 0.065811 0.0074734 0.094742 0.094502 -0.029394 -0.06521 0.38811 0.39878 -0.046958 -0.063882 0.21563 0.14715 -0.01208 -0.0037109 0.03365 0.014746
119.54 109.46 8.9914 1.5562 0 0 0 0 0 0 0 0 0 0 0 0 0 0 0 0 0.0019055 0.010373 0.0063434 0.010373 -0.0042775 0.01684 0.013719 0.016868 0.0010135 0.10814 0.04129 0.10815 -0.0064056 0.013125 0.0069195 0.013125 0.074984 0.0084237 0.11015 0.12138 -0.012267 0.0014905 0.24265 0.64364 -0.035123 -0.021302 0.34388 0.52444 -0.051016 0.0029115 0.069265 0.051383 0.016935 -0.01449 0.053307 0.045895 -0.015949 -0.049352 0.06295 0.10998 0.010014 -0.041963 0.12586 0.13597 -0.016548 -0.0068004 0.036217 0.023051
57.858 154.64 10.112 5.7608 0 0 0 0 0 0 0 0 0 0 0 0 0 0 0 0 0 0 0 0 0.0055747 0.009693 0.011079 0.015644 -0.0012408 0.043788 0.053726 0.12484 -0.0071697 0.0081109 0.0087132 0.01297 0 0 0 0 0.11296 0.050314 0.40054 0.36043 -0.12323 0.037564 0.34508 0.40389 -0.020075 0.0029537 0.039966 0.037858 0 0 0 0 0.082815 -0.072511 0.17218 0.13265 -0.030193 -0.011428 0.45235 0.30533 -0.03079 0.0044368 0.08789 0.062805
107.14 161.14 10.241 4.465 -3.1839e-18 8.0428e-19 5.1966e-18 1.3127e-18 -0.00046576 0.0012039 0.00051526 0.0012039 0.0036212 0.016276 0.012091 0.016414 -0.002181 0.0074521 0.0053745 0.0074637 0.021396 0.00057385 0.021396 0.0065437 -0.0053277 0.042871 0.18445 0.16548 0.04554 0.090913 0.11438 0.19386 -0.031663 0.038277 0.084317 0.07807 0.016754 -0.0054131 0.017283 0.0067467 0.098641 -0.013404 0.4076 0.39318 -0.0016775 -0.08319 0.2931 0.62138 -0.052152 -0.046458 0.10797 0.13774 -2.3455e-05 -0.00013796 2.3455e-05 0.00013796 0.0086707 -0.042664 0.041758 0.062576 -0.012577 -0.039252 0.0223 0.052053 -0.0004061 -0.0051275 0.0013979 0.0051275
