58 64
99.028 124.61 2.077 1.9427 -0.029933 0.049572 0.03917 0.056926 -0.0036319 0.0042787 0.0036319 0.0042787 -0 0 0 0 -0 0 0 0 -0.013713 0.035169 0.15309 0.12716 0.033462 0.25504 0.21125 0.39838 -0.029887 0.2266 0.085343 0.45605 -0.011822 0.12441 0.072353 0.23519 0.037328 -0.0501 0.11572 0.097989 0.036 -0.124 0.22216 0.29683 -0.0084174 -0.097567 0.12762 0.24262 0.015586 -0.030098 0.12051 0.12273 -0.022022 0.0016456 0.056401 0.044463 0.014643 -0.045507 0.064987 0.067294 0.05161 -0.010561 0.077527 0.070432 -0.017707 -0.031644 0.081082 0.052679
157.54 124.54 2.3024 1.2945 0 0 0 0 0 0 0 0 0 0 0 0 0.023376 0.028823 0.02414 0.028823 0.039073 0.06553 0.046091 0.086624 0.0544 0.22107 0.11418 0.32754 -0.03646 0.23285 0.17339 0.40017 0.060226 0.095162 0.20249 0.18984 0.046853 0.019241 0.19358 0.11108 0.039324 -0.064684 0.1427 0.19573 0.0025825 -0.12128 0.26931 0.41469 -0.052708 -0.071564 0.15359 0.17372 0.010588 -0.030509 0.070447 0.045769 0.0095276 -1.7509e-05 0.078172 0.060023 -0.043952 -0.032177 0.078461 0.060925 0.014744 -0.021716 0.053149 0.047106
174.4 125.8 2.0867 2.4226 -0 0 0 0 -0 0 0 0 -0 0 0 0 -0 0 0 0 0.032202 0.033729 0.035274 0.058136 0.058464 0.20622 0.076664 0.28488 -0.096 0.22362 0.11942 0.26574 -0.01537 0.017668 0.015527 0.017668 0.065089 0.012193 0.093528 0.1213 0.080632 -0.042829 0.12778 0.31711 -0.0085072 0.12725 0.30733 0.37894 -0.1403 0.10523 0.18682 0.12309 0.035063 0.015374 0.071765 0.083352 -0.0078928 0.00020147 0.088481 0.10666 0.16596 -0.026402 0.21591 0.13561 -0.088842 0.020746 0.25254 0.16928
75.815 128.67 1.6593 0.29249 0 0 0 0 -6.2025e-05 0.015212 0.0011678 0.015212 0.0025273 0.062117 0.0057331 0.062117 -0.0011419 0.026923 0.0028346 0.026923 0.085919 0.11427 0.13454 0.14662 -0.037583 0.19042 0.17153 0.38465 -0.037249 0.031195 0.092293 0.37563 -0.020983 -0.017259 0.040016 0.15369 0.14904 0.003211 0.32005 0.11421 -0.058269 -0.04123 0.21919 0.26816 -0.098467 0.04455 0.17417 0.25927 -0.046201 0.049191 0.067196 0.10625 0.098662 0.0093963 0.23013 0.050989 -0.089522 0.016115 0.16439 0.11762 -0.018004 -0.062233 0.088842 0.10198 -0.022722 -0.030087 0.050141 0.063389
167.24 128.48 1.8543 4.1273 0.053946 0.0030862 0.069444 0.045358 -0.046088 0.01882 0.11611 0.065396 -0.023231 0.061207 0.11379 0.076202 -0.012592 0.0050101 0.016208 0.0080044 0.063547 0.019642 0.087052 0.071721 -0.021354 0.039733 0.1238 0.088426 -0.045532 0.044578 0.37023 0.10356 -0.04086 -0.0011559 0.047578 0.0081873 0.044954 0.05685 0.22143 0.33111 -0.12434 -0.092837 0.26362 0.45457 -0.16932 -0.13452 0.29795 0.26669 -0.026786 -0.012618 0.028382 0.012639 -0.052882 -0.073716 0.13099 0.12681 -0.044077 -0.10458 0.06064 0.12443 -0.015991 -0.025818 0.01788 0.029176 -0.00036398 -0.0003796 0.00036398 0.0003796
141.44 129.05 1.955 5.3515 -0.040213 0.014963 0.0703 0.058461 0.017572 0.0017079 0.1062 0.092727 0.011408 0.012861 0.061982 0.080423 -0.0063913 -0.012667 0.049758 0.054531 -0.0019815 -0.0065563 0.21638 0.15201 0.021849 0.14186 0.16602 0.19825 -0.04103 0.13381 0.15232 0.22023 -0.045248 0.037885 0.070542 0.074505 0.052696 -0.08012 0.071765 0.1031 0.078654 -0.20445 0.14237 0.31195 0.14127 -0.076128 0.43943 0.39192 -0.067449 0.058977 0.1516 0.10207 0 0 0 0 0.0084898 -0.0099669 0.0085758 0.0099669 0.11516 -0.085203 0.15812 0.12646 -0.014388 -0.015624 0.11321 0.1052
127.38 141.28 1.8129 0.7398 0.044642 0.042461 0.15948 0.16128 -0.0073832 -0.095721 0.16431 0.23751 -0.0091188 -0.084181 0.1117 0.1742 -0.026211 0.026626 0.064527 0.097649 -0.088039 -0.017424 0.2613 0.21794 -0.018458 -0.042879 0.27941 0.30717 0.041706 -0.012909 0.21957 0.21264 0.041586 -0.034878 0.099609 0.13615 -0.14907 -0.014973 0.24521 0.14072 -0.011888 0.0040399 0.21316 0.19399 -0.026653 -0.019978 0.18389 0.1733 0.035763 -0.041 0.092815 0.08079 -0.044538 -0.067647 0.096214 0.10153 0.0094852 0.014632 0.15515 0.12031 -0.029028 0.050153 0.10528 0.10866 -0.0084856 0.0054221 0.029862 0.031655
177.5 141.26 2.276 2.9612 0.00077424 0.025773 0.0075715 0.025773 -0.0028043 0.016977 0.0055188 0.016977 -0.0010289 0.0047856 0.0020022 0.0047856 -0 0 0 0 -0.0093306 -0.017685 0.05022 0.11599 -0.0028102 0.033629 0.093676 0.15343 0.095451 0.15729 0.22882 0.36974 -0.075511 0.16688 0.13767 0.27851 0.052556 0.027413 0.068971 0.087367 0.054329 0.12964 0.16821 0.31913 0.052288 0.047433 0.17657 0.25955 0.017867 0.046515 0.2709 0.2465 0.02241 -0.025824 0.034206 0.043252 0.052553 -0.099595 0.10304 0.18064 0.043011 -0.064154 0.11122 0.14806 0.042708 0.040733 0.25996 0.1331
81.833 145.34 2.2723 5.7772 0.030509 0.060623 0.096008 0.10256 -0.037948 -0.015161 0.095979 0.11143 -0.0055091 -0.037618 0.020374 0.062077 0.0055049 -0.030901 0.013034 0.035716 -0.049967 0.049347 0.26469 0.24262 0.020489 0.1681 0.19935 0.26102 -0.079591 0.1449 0.15168 0.18466 -0.019814 0.011312 0.021128 0.027092 -0.038764 0.094126 0.25573 0.25645 -0.060743 -0.0067159 0.26286 0.23393 -0.14145 -0.083945 0.19352 0.17714 -0.0018472 0.044005 0.10154 0.098652 -0.044935 0.0534 0.13819 0.17577 -0.094284 0.097086 0.17777 0.18634 -0.05174 0.047051 0.14868 0.094532 0.051509 0.027857 0.12952 0.071337
184.03 148.74 1.8439 3.0648 -8.6766e-17 8.0419e-17 2.7553e-16 4.6918e-16 -0 0 0 0 -0 0 0 0 -0 0 0 0 0.017035 0.082343 0.053642 0.10178 -0.015706 0.096825 0.092199 0.25257 -0.027598 0.056645 0.088452 0.13207 -0.0044373 0.073718 0.042333 0.080039 -0.021779 -0.050057 0.06481 0.12267 0.053488 0.058541 0.12016 0.30026 0.055363 0.2001 0.2199 0.36284 0.14326 0.088919 0.2963 0.39927 0.020096 -0.0067716 0.038465 0.032526 0.12391 -0.020023 0.132 0.16696 0.021344 0.056427 0.19964 0.28251 0.034556 0.021025 0.10511 0.15165
66.81 161.8 1.9817 2.6307 0.00052339 -0.00092062 0.002465 0.0021352 0.032956 -0.032741 0.049986 0.059782 0.028478 -0.12913 0.13138 0.17552 0.078361 0.00526 0.18922 0.21838 -0.072584 0.20751 0.089345 0.2251 -0.0048089 0.23586 0.10465 0.28297 0.03276 0.11494 0.12095 0.25807 -0.015303 -0.06441 0.21918 0.22414 -0.044161 -0.17232 0.087184 0.29465 -0.070857 -0.18559 0.11325 0.34483 -0.058602 -0.14583 0.083249 0.22695 -0.016046 -0.032113 0.022398 0.038081 -0.0004426 -0.01986 0.0027672 0.01986 -0.0030112 -0.011144 0.003203 0.011144 -0.00049338 -0.0011281 0.00049338 0.0011281 -0 0 0 0
184.17 161.4 2.3014 3.2869 7.4596e-17 4.0971e-16 8.2041e-16 2.1076e-15 -5.0002e-16 7.2104e-16 1.7505e-15 3.5107e-15 0 -0 0 0 0 -0 0 0 0.014011 0.128 0.068154 0.17163 0.0063648 0.16495 0.12655 0.26703 -0.033528 0.14825 0.13286 0.27409 -0.040823 0.053049 0.062564 0.10248 -0.097251 -0.060325 0.14347 0.17789 -0.021825 -0.10657 0.11335 0.2456 0.035438 0.023132 0.13355 0.39829 0.011553 0.080879 0.15302 0.24682 -0.043462 -0.043766 0.051856 0.052012 0.061684 -0.0095931 0.085679 0.08888 0.1758 0.025961 0.19077 0.29776 -0.025742 0.089789 0.17971 0.23319
105.58 165.35 2.062 4.786 -0.034033 -0.05698 0.038794 0.058292 -0.011226 -0.022295 0.015194 0.022419 -0.0005807 -0.0016337 0.001799 0.0087951 -2.3003e-05 0.00017004 0.0015555 0.0055678 0.010939 0.010979 0.013155 0.020315 0.029333 0.10464 0.094256 0.18245 -0.039224 0.10563 0.111 0.14746 -0.0064001 0.013959 0.033907 0.042921 0.048845 0.039444 0.13715 0.092545 0.12135 0.15152 0.25555 0.33409 -0.087991 0.15569 0.26685 0.35799 -0.078534 0.031775 0.1364 0.18887 -0.053445 0.013183 0.12173 0.067465 0.15584 -0.081559 0.2394 0.23988 -0.093483 -0.02393 0.23456 0.26298 -0.015798 0.041129 0.12323 0.16398
188.33 168.11 1.9095 3.2933 0 -0 0 0 9.956e-18 1.7829e-15 1.6984e-15 1.7829e-15 -2.8491e-16 7.0707e-16 7.5991e-16 7.0707e-16 0 -0 0 0 0.01709 0.044695 0.018004 0.044695 0.00035896 0.1748 0.040096 0.1748 -0.0004166 0.15645 0.049955 0.15774 -0.012839 0.058947 0.018729 0.059233 0.08812 0.17232 0.13221 0.20892 -0.095668 -0.0039259 0.20838 0.38847 -0.032036 -0.073241 0.17082 0.38233 -0.03756 -0.042084 0.17432 0.30604 -0.080945 -0.074822 0.12308 0.13756 -0.07977 -0.10264 0.12039 0.13596 0.085958 0.033656 0.11422 0.16028 0.034264 0.15576 0.13242 0.27553
70.031 170.43 2.105 2.4142 0.00020455 -0.003434 0.0037859 0.0051519 0.0068064 -0.0081668 0.010372 0.012645 0.020076 -0.045065 0.054804 0.099942 0.05215 0.0039071 0.092959 0.088575 -0.028297 0.21683 0.07403 0.23509 -0.016721 0.26711 0.08138 0.30187 -0.01975 0.12453 0.14186 0.31638 -0.044086 -0.049864 0.1344 0.16455 -0.0057953 -0.18057 0.083677 0.33351 -0.13314 -0.23326 0.16495 0.38358 -0.095437 -0.16418 0.11283 0.21771 -0.023537 -0.037222 0.025963 0.041639 0.00027388 -0.027302 0.0042049 0.027302 -0.0064709 -0.029926 0.0071013 0.029926 -0.0010952 -0.0021313 0.0010952 0.0021313 -0 0 0 0
64.01 172.66 2.0562 5.968 0 0 0 0 0 0 0 0 0 0 0 0 0 0 0 0 0.0037266 0.04546 0.0050009 0.04546 0.0018063 0.1045 0.013164 0.1045 -0.0072088 0.075567 0.013072 0.075567 -0.0028091 0.010035 0.0028091 0.010035 0.023513 0.0069426 0.076785 0.24252 0.057616 0.036858 0.13266 0.44877 0.075134 0.19797 0.18549 0.45058 -0.11252 0.24336 0.16535 0.29692 -0.0093833 0.0045823 0.038136 0.088177 0.016778 -0.081213 0.043002 0.096551 0.10825 -0.19088 0.12009 0.2177 0.057087 -0.10016 0.1273 0.19096
153.44 186.21 2.0298 1.132 -0.015194 -0.00066199 0.030206 0.029644 0.012334 -0.044816 0.057288 0.085994 -0.028976 -0.090369 0.046753 0.096396 -0.0060549 -0.0092605 0.0087343 0.01286 -0.02935 0.17233 0.062488 0.20081 -0.0017833 0.23374 0.11844 0.25502 -0.0085285 0.14638 0.084731 0.14971 -0.013054 0.057706 0.037394 0.061857 -0.04546 0.057791 0.16224 0.33918 -0.1043 -0.03951 0.25979 0.39912 -0.064789 -0.047415 0.24164 0.36728 -0.044067 -0.019174 0.1018 0.14766 0.0075669 -0.12328 0.047341 0.13518 -0.033375 -0.10669 0.060134 0.11772 -0.017575 -0.050436 0.048325 0.06695 -0.0032183 -0.0098036 0.0085191 0.013934
146.13 188.27 2.1885 1.0793 0.032843 -0.064577 0.062975 0.096762 -0.06116 -0.23337 0.11915 0.2696 -0.031581 -0.03799 0.037968 0.065694 -0.0016968 -0.0021023 0.0081944 0.013589 0.015901 0.075967 0.043258 0.10493 0.00069684 0.12407 0.075198 0.12863 0.0001121 0.1043 0.041955 0.10616 -0.0030012 0.018433 0.0211 0.029733 -0.092848 0.091403 0.181 0.316 -0.13564 -0.0060256 0.29373 0.47832 -0.064186 -0.017577 0.18928 0.34455 -0.035346 -0.0030579 0.044679 0.055386 -0.060397 -0.13339 0.077717 0.16431 -0.047407 -0.09952 0.088663 0.13425 -0.014348 -0.035089 0.030419 0.049823 -0.0023144 -0.0035788 0.0035065 0.004221
154.03 195.67 1.8456 4.4205 0 -0 0 0 0 -0 0 0 2.0215e-15 -3.7363e-16 2.0215e-15 1.8927e-15 9.6136e-16 4.9611e-16 5.714e-15 5.5748e-15 0.0091181 0.025284 0.025257 0.036787 0.03205 0.078041 0.090702 0.14952 0.026273 0.15454 0.11178 0.1891 -0.0059767 0.20097 0.068893 0.20233 0.050157 -0.01298 0.098566 0.1417 0.11126 -0.055567 0.24792 0.36912 0.12765 -0.017363 0.32976 0.45759 0.07836 -0.00060376 0.19438 0.32461 0.0054082 -0.012141 0.010195 0.016695 0.032791 -0.055506 0.042994 0.060728 0.018001 -0.1057 0.06504 0.11851 0.038635 -0.11151 0.054946 0.11828
159.6 196.5 2.0047 4.6613 0 -0 0 0 0 -0 0 0 4.7086e-16 1.8051e-15 1.8437e-15 1.8051e-15 1.4802e-16 1.4826e-15 1.49e-15 1.4826e-15 -0.00075917 0.054396 0.045605 0.097789 -0.0075594 0.10216 0.093677 0.13799 -0.016024 0.10049 0.030522 0.10051 -0.0057927 0.017521 0.0060063 0.017521 0.045181 -0.026465 0.11236 0.19008 0.098021 0.049623 0.31755 0.37425 0.077867 0.25374 0.20549 0.39267 -0.15495 0.18356 0.18742 0.21794 0.011707 -0.017076 0.01384 0.018301 0.040528 -0.091523 0.071069 0.12121 0.14316 -0.1881 0.15671 0.23776 0.00060149 -0.046049 0.13824 0.15636
83.924 198.16 2.0322 5.0896 0 0 0 0 0 0 0 0 0 0 0 0 0 0 0 0 0 0 0 0 0.0024468 0.0051035 0.0024468 0.0051035 0.0020368 0.0061647 0.0022615 0.0061647 -8.144e-06 0.00015028 8.144e-06 0.00015028 0.087379 0.19333 0.098261 0.20849 0.040912 0.35327 0.18965 0.47885 -0.098551 0.23645 0.17041 0.31721 -0.047626 0.091295 0.091311 0.15451 0.0048197 -0.05763 0.11419 0.18827 -0.064576 -0.17338 0.125 0.27091 -0.054354 -0.16801 0.094957 0.21133 -0.016609 -0.053067 0.04793 0.081015
89.438 114.02 3.0122 1.7813 -0 0 0 0 -0 0 0 0 -0 0 0 0 -0 0 0 0 -0.023847 0.055655 0.029291 0.058935 0.012383 0.10935 0.014883 0.10935 -0.016649 0.11921 0.026147 0.11921 -0.0023947 0.0039671 0.0023947 0.0039671 0.039526 0.047651 0.19498 0.2843 0.0076541 0.091011 0.21573 0.55121 -0.1345 0.077784 0.33725 0.39565 -0.055758 0.013833 0.071476 0.034168 -0.009628 -0.038974 0.094949 0.089011 0.051661 -0.078676 0.14474 0.12979 -0.051101 -0.068276 0.2467 0.10733 -0.036808 -0.0046399 0.080252 0.015342
79.047 117.84 2.4941 1.1092 0 0 0 0 0 0 0 0 0 0 0 0 0 0 0 0 0.014195 0.013602 0.014195 0.013602 0.11435 0.27549 0.15056 0.36878 -0.088939 0.19164 0.11211 0.26107 -0.013757 0.015236 0.013757 0.016255 0.098712 0.11882 0.19665 0.1712 0.041974 0.0066833 0.26453 0.35239 -0.077094 -0.016303 0.22469 0.30959 -0.06351 0.046613 0.1183 0.13111 0.020054 0.018178 0.20677 0.15162 -0.029407 -0.05598 0.13144 0.1017 -0.044012 -0.033495 0.13204 0.11678 -0.020263 -0.015501 0.093527 0.077404
146.45 121.72 2.9165 1.5949 -0 0 0 0 -0 0 0 0 -0 0 0 0 -0 0 0 0 0.020775 0.1134 0.053162 0.15223 -0.041219 0.18802 0.064097 0.19443 0.023828 0.16701 0.077067 0.21213 -0.013632 0.096733 0.040272 0.13551 0.047536 -0.019569 0.14307 0.16399 0.010874 -0.025066 0.31671 0.51226 -0.092893 -0.049777 0.26008 0.36696 0.020472 -0.039501 0.16936 0.19397 -0.0050162 -0.027755 0.088922 0.056564 0.013028 -0.058582 0.121 0.10125 -0.017746 -0.027771 0.10756 0.12017 0.0153 -0.010453 0.075484 0.064113
91.355 130.24 2.5931 5.2393 0.022844 0.013679 0.070553 0.02158 0.012883 0.044736 0.11439 0.075055 -0.021474 0.027047 0.080331 0.059626 0.0080841 0.028231 0.037027 0.040264 0.081872 0.038563 0.18327 0.057615 -0.011694 0.09308 0.27176 0.19761 -0.055087 0.093142 0.17684 0.15787 0.01554 0.0017417 0.10627 0.083729 0.086454 -0.056692 0.12776 0.10054 0.066221 -0.16663 0.20541 0.44793 0.00037472 -0.046536 0.28563 0.45563 -0.06787 0.031649 0.15613 0.12758 0.0024336 -0.0056531 0.0024336 0.0056531 0.0098168 -0.041926 0.011831 0.04502 0.037388 -0.070596 0.059047 0.079991 0.024452 -0.049919 0.12704 0.12386
167.29 131.9 2.7451 4.2473 0.0019145 0.013343 0.025868 0.018106 0.0045507 0.057212 0.10204 0.081596 -0.033364 0.011113 0.090684 0.056227 -0.0032061 0.00043429 0.0032156 0.0018065 -0.0048631 0.047545 0.121 0.084899 0.037247 0.054968 0.19856 0.13188 -0.11712 0.081443 0.3003 0.12521 -0.028093 0.0050309 0.030937 0.0085802 0.052032 0.058211 0.21153 0.23168 -0.050535 -0.070524 0.24211 0.56107 -0.16044 -0.12635 0.28605 0.2726 -0.01913 -0.0057742 0.019494 0.006897 -0.050402 -0.077827 0.13057 0.13602 -0.026538 -0.089705 0.042129 0.10397 -0.014604 -0.031867 0.016694 0.035674 -0.0002338 -0.00019282 0.0002338 0.00019282
89.597 135.36 2.763 5.1022 0.0051522 0.0082929 0.056362 0.016595 -0.00018585 0.032585 0.0799 0.05687 0.0015915 0.030513 0.05553 0.043769 0.0052388 0.033326 0.025454 0.039447 0.05433 0.035334 0.1968 0.048677 -0.0058667 0.091612 0.25573 0.17262 -0.016336 0.051325 0.18253 0.13787 0.0026816 -0.0001066 0.098933 0.085272 0.11239 -0.015729 0.21202 0.12848 -0.0012036 0.0015131 0.23884 0.41812 -0.03386 0.055037 0.28885 0.44194 -0.074674 0.037528 0.15048 0.12298 0.01647 -0.028352 0.025784 0.036018 0.0013505 -0.095617 0.034775 0.15071 0.018325 -0.11779 0.083378 0.15952 0.025122 -0.056504 0.11822 0.14449
74.406 139.56 2.8244 5.7767 0 0 0 0 0.0075383 0.012514 0.0098693 0.014424 0.016989 0.019632 0.031555 0.062669 0.015912 0.017416 0.020831 0.072052 0.019936 0.019601 0.019936 0.019601 0.017264 0.080616 0.2148 0.2318 -0.030526 0.040251 0.11367 0.1847 0.0011396 -0.02418 0.022283 0.063307 0.11211 0.067245 0.21869 0.089394 -0.029245 0.14238 0.40194 0.33469 -0.10633 0.021595 0.19628 0.23008 -0.0076042 0.04387 0.078358 0.087591 0.058754 -0.039113 0.10373 0.066151 0.032179 -0.056152 0.2798 0.3464 -0.12438 0.081741 0.18276 0.21346 0.011913 0.021393 0.096934 0.066821
120.51 153.17 2.8425 3.2133 0.026629 0.0006964 0.03202 0.019388 0.020567 0.015409 0.10157 0.17038 0.033012 0.014614 0.14357 0.14428 0.0098249 -0.021552 0.26434 0.16452 0.0099166 -0.0046836 0.010699 0.0083471 0.039346 -0.036686 0.14326 0.14967 0.027765 -0.022786 0.23698 0.2322 0.058919 -0.036969 0.29996 0.29272 0.023463 0.003755 0.025942 0.018347 0.075922 0.064749 0.17527 0.13638 0.029686 0.035483 0.22919 0.22617 -0.017242 0.018821 0.30867 0.21604 0.0015281 -0.00019644 0.02186 0.012792 0.026222 -0.051453 0.086029 0.096709 0.066354 -0.019974 0.14721 0.13715 -0.0047338 0.0035759 0.27929 0.16229
139.63 163.84 2.7899 4.1495 0.0049724 -0.0034437 0.0078393 0.010986 0.0096568 -0.026596 0.030977 0.050968 0.0076276 -0.058362 0.0264 0.06861 0.006051 -0.028539 0.025279 0.065149 -0.00045945 -0.00062845 0.00045945 0.000735 0.094248 0.08831 0.1278 0.17612 -0.059175 0.1229 0.13143 0.15292 0.082637 0.053976 0.10644 0.08903 0.0018181 0.061949 0.041129 0.073242 0.1244 -0.016207 0.22048 0.23035 -0.04104 0.033446 0.35712 0.28345 0.08975 0.11085 0.1805 0.17883 0.0059989 0.021095 0.08271 0.10217 -0.010616 0.047959 0.18264 0.1797 0.13172 0.043874 0.27416 0.19015 0.034859 0.039624 0.27208 0.33376
176.1 166.08 3.0264 0.52213 -0.024454 -0.092796 0.25651 0.21203 -0.16347 0.025287 0.249 0.21925 0.0024672 -0.097811 0.11541 0.159 -0.029513 -0.028097 0.048541 0.054062 0.051297 -0.12388 0.24662 0.24645 -0.10584 -0.093631 0.23817 0.35824 0.0088769 0.10686 0.084674 0.14741 0.024878 0.091819 0.099169 0.12147 0.03439 -0.023274 0.058422 0.057123 0.039152 -0.073449 0.13131 0.2595 0.051783 -0.029975 0.13381 0.30846 -0.060739 -0.082401 0.10192 0.16941 0.00036202 -0.00062918 0.00036202 0.00062918 0.0056229 -0.014712 0.0056229 0.015443 0.00031598 -0.029647 0.011335 0.03117 -0.0028479 -0.011448 0.0035321 0.011453
180.2 174.58 2.8788 3.5617 1.856e-16 6.4711e-16 1.0838e-15 1.5615e-15 -7.6851e-18 5.3219e-17 3.4412e-16 3.2472e-16 5.7271e-16 1.4973e-15 5.7271e-16 1.4973e-15 2.2977e-17 6.0071e-17 2.2977e-17 6.0071e-17 0.034563 0.060389 0.039093 0.062793 0.038855 0.22914 0.10014 0.26037 -0.049059 0.14121 0.11995 0.23991 -0.030308 0.057976 0.04038 0.071565 0.099473 0.019976 0.1763 0.15254 -0.10089 -0.15728 0.20768 0.33759 0.037608 -0.0023937 0.18191 0.33842 -0.028881 0.11142 0.18703 0.31985 -0.011763 -0.039676 0.063452 0.063625 -0.015434 -0.016652 0.034707 0.042346 0.1557 -0.018567 0.16291 0.16565 0.037479 0.055663 0.21017 0.23613
76.251 179.4 3.1294 2.3071 0.01043 -0.0096058 0.015986 0.021534 0.00055761 -0.086898 0.073582 0.09624 0.065532 -0.088106 0.12793 0.14834 0.042196 -0.064068 0.17934 0.16185 0.048704 0.067335 0.098849 0.20208 -0.0017502 0.30125 0.10557 0.40217 -0.047887 0.13325 0.14986 0.36564 -0.049038 -0.032875 0.14697 0.17142 0.057215 -0.082472 0.063832 0.11843 -7.0152e-05 -0.20358 0.080363 0.36315 -0.092217 -0.16051 0.10341 0.23526 -0.017651 -0.024655 0.018663 0.028669 -6.809e-06 -0.00013858 6.809e-06 0.00013858 -0.00048022 -0.0017981 0.00048022 0.0017981 -0.00016092 -0.00022323 0.00016092 0.00022323 -0 0 0 0
141.76 193.88 2.8716 0.77863 -0.0040854 -0.11029 0.34317 0.42181 -0.078293 -0.019576 0.098542 0.13312 0.0011667 -0.00062635 0.0027853 0.0022 0.035014 -0.042372 0.12063 0.085277 0.026554 -0.039859 0.07936 0.12061 0.022042 0.10034 0.092425 0.18536 -0.038426 0.036497 0.064192 0.062087 -0.0023581 -0.018819 0.015597 0.019859 -0.048398 0.15511 0.21919 0.39297 -0.15704 -0.10005 0.31805 0.34818 -0.053376 -0.034684 0.06826 0.069397 -9.2205e-05 -9.0965e-05 9.2205e-05 9.0965e-05 -0.038894 -0.11404 0.068416 0.14238 -0.03402 -0.038166 0.039612 0.042845 -0.0018077 -0.0015892 0.0018077 0.0018332 0 0 0 0
176.98 193.11 2.8552 3.9823 0 -0 0 0 2.3022e-16 2.572e-16 2.8418e-16 7.1764e-16 1.3286e-16 5.6001e-16 2.1195e-16 8.6866e-16 0 -0 0 0 6.5145e-16 1.1252e-15 1.3336e-15 1.7182e-15 -0.0071267 0.036703 0.0075056 0.036703 -0.0047475 0.022095 0.0058922 0.022095 -3.2519e-17 5.8745e-16 3.2519e-17 5.8745e-16 0.056852 0.070418 0.080604 0.09196 0.1495 0.12395 0.25008 0.4491 -0.081487 0.076216 0.15348 0.60075 -0.086249 0.10228 0.1234 0.20172 0.014772 -0.03484 0.063897 0.093766 -0.0064476 -0.13211 0.087947 0.16744 0.019599 -0.12705 0.062762 0.20744 0.014371 0.016542 0.15118 0.21435
149.28 198.72 2.8051 4.6262 0 -0 0 0 0 -0 0 0 0 -0 0 0 0 -0 0 0 0.00070107 0.0048129 0.0046919 0.00487 0.0091522 0.075548 0.065676 0.081359 -0.010414 0.11178 0.043049 0.11541 -0.0074882 0.040073 0.0095589 0.040073 -0.00027792 -0.0035666 0.016295 0.017887 0.088845 -0.041003 0.16136 0.24328 0.19413 -0.0087304 0.32293 0.51737 -0.074711 0.19288 0.27145 0.39467 0.0066457 0.0011801 0.0070368 0.0017121 0.012739 0.149 0.075326 0.1852 0.033955 -0.046697 0.068752 0.1366 0.082864 -0.13254 0.14622 0.1994
107.77 118.97 3.6383 1.7072 -0 0 0 0 -0 0 0 0 -0 0 0 0 -0 0 0 0 -0.0053537 0.11772 0.056482 0.16944 -0.029129 0.13826 0.062998 0.18185 0.028134 0.18207 0.043566 0.20806 -0.028351 0.075961 0.048054 0.10458 -0.032175 -0.04425 0.14807 0.25586 0.058245 -0.012039 0.26349 0.37479 0.037049 -0.017395 0.27217 0.489 -0.082684 -0.0066144 0.22964 0.1831 -0.013341 -0.023922 0.073778 0.066212 0.018771 -0.030008 0.11287 0.10456 -0.0022223 -0.061065 0.13143 0.11177 -0.019128 -0.031957 0.11686 0.04899
146.63 119.68 3.5876 1.5395 0 0 0 0 0 0 0 0 0 0 0 0 0 0 0 0 0.019687 0.049988 0.020097 0.051154 -0.016196 0.18978 0.051856 0.19115 0.024216 0.15407 0.064133 0.19836 0.0014746 0.10384 0.036391 0.13696 0.093381 0.014787 0.1646 0.15029 0.015075 -0.030566 0.27425 0.4932 -0.062565 -0.025933 0.2874 0.43348 0.033988 -0.01956 0.14751 0.23765 0.029677 -0.024529 0.092825 0.053815 0.0088992 -0.067229 0.13673 0.092783 -0.023345 -0.02401 0.13651 0.11526 0.018591 -0.024048 0.066387 0.05972
97.41 142.51 4.0638 4.96 0.015238 -0.0012586 0.042969 0.025488 -0.012882 -0.032256 0.055177 0.072426 -0.0059399 0.0094745 0.024796 0.04826 -0.0033759 0.0056619 0.0041438 0.0098408 0.042159 0.034001 0.17028 0.051244 -0.0239 0.090661 0.20256 0.15228 0.0088687 0.06031 0.17084 0.15748 0.0016574 0.037588 0.087184 0.074019 0.10881 0.011365 0.2153 0.1394 -0.022667 0.046533 0.28744 0.47378 -0.10199 0.065811 0.29589 0.34342 0.014936 0.087119 0.16348 0.1611 0.021983 -0.035007 0.03276 0.055015 -0.0054707 -0.10861 0.05162 0.17819 0.0041823 -0.10086 0.096214 0.17059 0.012991 -0.058236 0.076522 0.16291
152.25 143.92 3.9822 4.628 0.0073612 0.012034 0.011872 0.014709 -0.0022996 0.024297 0.045152 0.051856 0.019544 -0.021356 0.044881 0.056489 -0.014877 8.9674e-05 0.049469 0.030403 0.00012428 0.03092 0.098413 0.084551 -0.03566 0.027916 0.19474 0.12574 0.011183 0.090848 0.20534 0.13044 -0.040779 0.013855 0.10425 0.0523 -0.012969 0.056352 0.17887 0.22025 0.055189 0.05025 0.32301 0.46261 -0.04342 0.0048648 0.29976 0.45447 -0.084182 -0.0096327 0.13376 0.098352 -0.0031599 -0.057785 0.046458 0.11303 -0.0087627 -0.10004 0.07343 0.14747 -0.010491 -0.096696 0.048812 0.13684 -0.011504 -0.015426 0.015253 0.020046
71.812 148.01 3.2877 5.7865 0 0 0 0 0.005894 0.00799 0.005894 0.00799 0.016033 0.043409 0.017635 0.04825 0.0066258 0.052359 0.014979 0.057772 0.033236 0.038425 0.042045 0.04554 0.0080094 0.045361 0.18039 0.20443 0.01008 -0.03272 0.06559 0.16513 0.030991 -0.056517 0.045962 0.13742 0.10038 0.13564 0.24968 0.19192 -0.030652 0.17001 0.33649 0.38952 -0.099445 0.058797 0.16846 0.20419 -0.014156 0.021357 0.03618 0.057222 0.10889 -0.015343 0.26658 0.17943 -0.11019 0.097174 0.22675 0.2795 -0.041518 0.041367 0.18192 0.14179 -0.013101 0.044102 0.079322 0.072645
167.1 146.6 3.6066 5.581 -0.033164 0.016827 0.096716 0.08606 -0.021093 0.023503 0.13528 0.13397 -0.0025869 -8.4864e-05 0.063113 0.035943 -0.0082024 0.013839 0.060793 0.03089 0.021366 0.047341 0.29691 0.29549 -0.099033 0.13324 0.24215 0.27602 -0.0307 0.059172 0.13995 0.12004 -0.026153 -0.021192 0.11594 0.043749 0.11353 -0.095561 0.26331 0.15664 -0.10441 -0.08305 0.33167 0.45096 -0.084285 -0.049902 0.1683 0.19142 -0.015943 -0.017378 0.03607 0.03089 0.013414 -0.015355 0.017969 0.017397 -0.0082754 -0.052694 0.041782 0.0908 -0.009166 -0.010221 0.011725 0.017563 -0.0002908 -0.00052989 0.00043455 0.00052989
175.15 163.35 3.3004 3.5907 0.006215 0.022837 0.006215 0.022837 -0.0025989 0.063342 0.021518 0.064865 -0.0063016 0.025382 0.0066609 0.025541 -0.00024746 0.00051344 0.00024746 0.00051344 0.024099 0.02426 0.092922 0.16784 -0.046322 -0.035096 0.12075 0.25086 -0.012089 0.022418 0.13988 0.26266 -0.022087 0.010336 0.047782 0.056009 -0.027885 -0.064886 0.056325 0.076986 0.055249 -0.035293 0.087344 0.092206 0.087825 0.13518 0.30036 0.39171 -0.0050001 0.14969 0.28408 0.24323 0.033571 0.039545 0.059548 0.075246 -0.031225 0.10875 0.11747 0.18048 0.13928 0.0050812 0.21808 0.22596 0.062146 0.092121 0.23579 0.22631
168.85 184.58 3.9246 0.94911 0.047552 -0.12028 0.29954 0.2062 -0.067929 -0.11404 0.27739 0.17983 -0.050593 -0.10469 0.231 0.23288 -0.018051 -0.0090987 0.020778 0.020805 0.073117 -0.056342 0.20439 0.21567 0.0052039 0.096825 0.16987 0.42933 -0.049614 0.091573 0.14835 0.28989 -0.027307 0.0017791 0.047501 0.063733 0.021249 -0.022148 0.025483 0.032302 0.044974 -0.1426 0.091231 0.26411 -0.061215 -0.10717 0.099568 0.17102 -0.0097832 -0.01605 0.015521 0.018252 0 0 0 0 1.0764e-05 -6.5165e-05 1.0764e-05 6.5165e-05 6.9326e-06 -4.1968e-05 6.9326e-06 4.1968e-05 -1.0504e-17 1.9598e-18 1.651e-17 6.4222e-18
153.05 188.66 3.0822 1.1204 -0.073167 -0.061886 0.12474 0.098473 0.099312 -0.18467 0.22016 0.27187 -0.10541 -0.085077 0.1633 0.18803 -0.00022529 -0.0020591 0.0023849 0.0032358 -0.045999 0.17983 0.087741 0.24384 -0.056932 0.22749 0.11892 0.28094 -0.018059 0.090591 0.087887 0.15582 -0.012732 0.0096457 0.01817 0.023365 0.057793 -0.15522 0.12494 0.29756 -0.12796 -0.16051 0.23512 0.38263 -0.053502 -0.074169 0.13385 0.152 -0.010066 -0.0071112 0.015673 0.015526 0.0036352 -0.018337 0.0052856 0.018337 -0.0036018 -0.024889 0.0077353 0.024889 -0.00069586 -0.003386 0.0016497 0.003386 5.5295e-05 -2.6737e-05 5.5295e-05 2.6737e-05
108.63 196.41 3.3909 4.5989 0 -0 0 0 0 -0 0 0 0 -0 0 0 -0.00022963 2.6178e-05 0.00022963 2.6178e-05 0.033961 0.089195 0.035381 0.089195 0.011767 0.1751 0.13051 0.20852 -0.049251 0.029234 0.066187 0.064964 0.040786 0.0095796 0.0476 0.047982 0.00047459 0.12854 0.35378 0.449 -0.20566 -0.11432 0.30259 0.35978 -0.043404 -0.030101 0.050668 0.053329 0.012403 -0.0093731 0.012933 0.017874 -0.13608 -0.13501 0.20732 0.18696 -1.3373e-05 0.029867 0.083062 0.12687 -0.015155 0.16301 0.10106 0.16928 0.086842 0.059899 0.12026 0.11726
108.15 156.93 5.3343 4.9939 0.022698 0.01388 0.038702 0.045322 -0.016162 0.004297 0.058302 0.13967 -0.014233 -0.0022737 0.018198 0.041217 0.0020461 0.0050966 0.0080427 0.0095937 0.012748 0.018336 0.12463 0.080902 0.0072801 0.04312 0.10745 0.14949 -0.014746 0.047612 0.076362 0.074917 0.0048448 0.02102 0.051396 0.049074 0.057085 0.083986 0.26265 0.16235 -0.044409 0.17455 0.30942 0.38541 -0.0025526 0.10179 0.25154 0.21784 -0.01302 0.071622 0.15651 0.13013 0.025788 -0.068147 0.062876 0.11424 0.0019504 -0.12337 0.13043 0.26867 0.040144 -0.081766 0.17391 0.32005 0.010781 -0.016221 0.14782 0.22841
54.716 176.22 4.9282 5.7385 0 0 0 0 0 0 0 0 0 0 0 0 0 0 0 0 0 0 0 0 0 0 0 0 -4.3416e-08 1.7685e-07 4.3416e-08 1.7685e-07 -9.998e-09 4.0725e-08 9.998e-09 4.0725e-08 0.014657 0.024946 0.04229 0.046895 0.055743 0.037464 0.13827 0.30279 0.051695 0.032934 0.17498 0.5349 -0.069311 0.046221 0.096487 0.14938 0.082372 0.13381 0.25789 0.23051 -0.12827 0.11377 0.34147 0.4015 -0.024942 0.023236 0.14065 0.20037 -0.015612 -0.02558 0.053375 0.066606
82.324 184.71 5.1041 2.211 0.00080478 -0.029561 0.052316 0.047606 0.068353 -0.098194 0.18751 0.17503 0.088943 -0.17259 0.32537 0.33933 -0.084316 -0.10599 0.31589 0.22702 0.020213 0.004568 0.030044 0.044714 0.053081 0.048163 0.11301 0.32569 -0.037987 0.012399 0.20781 0.41028 -0.049286 -0.046895 0.14174 0.11334 0.0089509 -0.0071208 0.0094922 0.014767 0.042805 -0.09685 0.064897 0.19756 -0.050939 -0.096121 0.074742 0.18673 -0.010094 -0.0083702 0.011569 0.012758 3.0499e-18 2.2718e-18 1.304e-17 9.713e-18 -3.6088e-18 -2.6881e-18 1.815e-17 1.3519e-17 -7.656e-19 -5.7026e-19 7.656e-19 5.7026e-19 -0 0 0 0
68.7 196.5 5.073 5.3342 0 0 0 0 0 0 0 0 8.215e-18 5.887e-18 8.215e-18 5.887e-18 3.2956e-18 2.3616e-18 2.032e-17 1.4562e-17 0 0 0 0 0 0 0 0 2.1996e-17 1.5763e-17 4.3832e-17 3.1411e-17 1.9708e-18 1.4123e-18 9.3062e-18 6.6689e-18 0.028768 0.017574 0.03649 0.035808 0.10126 0.054062 0.20304 0.54013 -0.10737 0.035386 0.16342 0.53902 -0.03539 0.013219 0.042444 0.064976 0.057385 0.078581 0.20446 0.14303 -0.028038 0.049628 0.24742 0.33556 -0.042538 0.029449 0.10784 0.22014 -0.0055401 -0.0035588 0.020665 0.02448
91.065 209.25 4.8731 4.7523 0 0 0 0 -8.9753e-18 -3.5871e-19 1.476e-16 5.8991e-18 -1.0162e-17 -4.0613e-19 1.0162e-17 4.0613e-19 0 0 0 0 0 0 0 0 -4.2463e-18 -1.6971e-19 1.9364e-16 7.739e-18 0.00021252 0.0025071 0.0029911 0.0025551 -0.00024802 0.00040124 0.00049546 0.00041993 0.041814 0.02619 0.041814 0.02619 0.065681 0.20715 0.35133 0.53068 -0.13141 0.025864 0.17484 0.31864 0.0072313 0.0018741 0.035096 0.04533 0.068053 0.0034393 0.13915 0.05015 -0.034055 -0.075708 0.33363 0.30623 -0.036629 0.12874 0.17432 0.234 0.0068182 0.084571 0.15626 0.12758
164.48 130.57 7.2916 1.6432 -0 0 0 0 -0 0 0 0 -0 0 0 0 -0 0 0 0 -0 0 0 0 0.099087 0.087886 0.14176 0.18657 -0.024465 0.1722 0.20649 0.47801 0.019315 0.11448 0.10724 0.27104 0.010349 0.00091356 0.010349 0.0018635 0.072418 -0.055842 0.24889 0.18064 -0.0002231 -0.13643 0.32052 0.4014 0.014448 -0.081267 0.205 0.25902 0.0028667 -0.00025979 0.0028667 0.0007505 0.0068725 -0.015544 0.081077 0.079454 -0.011205 -0.01937 0.052886 0.060964 0.01569 -0.011697 0.041389 0.062172
109.32 158 5.7342 4.9818 0.013573 0.010036 0.017492 0.019222 -0.0071513 0.024923 0.047149 0.10844 -0.012392 0.0036206 0.014952 0.02836 -0.00018545 0.005687 0.0040589 0.0077171 0.024744 0.013931 0.10945 0.067014 -0.0084966 0.026633 0.13848 0.17746 -0.015726 0.047057 0.076239 0.079234 0.021605 0.0096215 0.052487 0.064589 0.080935 0.026792 0.21188 0.14311 -0.058793 0.075089 0.32595 0.46002 -0.03714 0.1707 0.30894 0.29663 -0.032603 0.090733 0.15773 0.14863 0.020307 -0.033416 0.032208 0.055586 0.0031961 -0.10886 0.082879 0.19433 0.05324 -0.099332 0.13935 0.289 -0.034212 -0.047212 0.11445 0.168
62.833 101.84 10.899 0.82329 0 0 0 0 0 0 0 0 0 0 0 0 0 0 0 0 0 0 0 0 0 0 0 0 0 0 0 0 0 0 0 0 0.010893 0.006806 0.010893 0.0073785 0.12619 0.14944 0.46439 0.42797 -0.13842 0.071224 0.32722 0.27345 -0.0064417 0.0072088 0.012084 0.0090683 0.065703 0.0026022 0.10739 0.10652 -0.043011 -0.085516 0.35987 0.36468 -0.037112 -0.047338 0.18428 0.13867 -0.0085174 -0.0022653 0.018334 0.0099708
183.68 109.08 9.4842 1.8941 -0 0 0 0 -0 0 0 0 -0 0 0 0 -0 0 0 0 -0 0 0 0 0.0024211 0.00081127 0.0024211 0.00081127 0.0033872 0.001135 0.0033872 0.001135 -0 0 0 0 -0 0 0 0 0.11077 0.024354 0.15147 0.14883 -0.020873 0.080496 0.35719 0.68534 -0.035251 0.11882 0.17088 0.3623 -4.9279e-18 1.4706e-17 4.9279e-18 1.4706e-17 0.020308 -0.015546 0.10689 0.1012 0.023032 -0.090424 0.16691 0.19088 -0.0035233 -0.045795 0.1585 0.19858
55.695 154.75 10.929 5.5249 0 0 0 0 0 0 0 0 0 0 0 0 0 0 0 0 0 0 0 0 0.0051155 0.0049459 0.013876 0.0073347 0.0037301 0.039148 0.073938 0.1359 -0.0093465 0.0060046 0.014841 0.02278 0 0 0 0 0.12407 0.029691 0.26743 0.27259 -0.10368 0.1302 0.43376 0.52712 -0.026166 0.023456 0.091089 0.0822 0 0 0 0 0.033637 -0.036332 0.054268 0.061487 0.056018 -0.084804 0.33661 0.36064 -0.0502 -0.011727 0.12512 0.14173
145.16 160.65 9.7035 4.7071 0.00096959 0.0043834 0.0013946 0.0043834 -0.00047222 0.0070834 0.0028853 0.00709 -0.00044101 0.0036024 0.0010648 0.0036044 -4.2218e-05 4.2663e-05 4.2218e-05 4.2663e-05 0.018377 0.016697 0.10063 0.10755 -0.012694 0.066722 0.13673 0.1496 -0.016153 0.045303 0.15742 0.1498 -0.0083641 0.0016199 0.0105 0.0065978 0.082853 -0.010663 0.18131 0.2249 0.008677 -0.031002 0.29686 0.6784 -0.11483 -0.03026 0.27045 0.3742 -0.014945 -0.0014479 0.015588 0.0049022 0.0067008 -0.020408 0.020258 0.028452 -0.00061628 -0.051874 0.017953 0.081931 -0.0092797 -0.03036 0.01617 0.042474 -0.00083153 -0.00042263 0.00083153 0.00042362
192.43 159.27 10.372 3.3006 0 -0 0 0 0 -0 0 0 0 -0 0 0 0 -0 0 0 0.00096448 0.001577 0.00096448 0.001577 0.0039319 0.038798 0.023848 0.050569 -0.0013464 0.017108 0.0065484 0.022155 0 -0 0 0 0.016652 -0.00019739 0.019528 0.0078629 0.12356 0.0041774 0.24972 0.25034 -0.10053 0.11885 0.55468 0.31911 -0.028876 0.0031895 0.029262 0.011137 0.012577 0.0076169 0.039385 0.02071 0.15189 0.026033 0.24384 0.19158 -0.11392 0.0049712 0.49456 0.194 -0.016807 -0.0019677 0.016881 0.0048449
