33 64
139.89 114.11 2.2725 1.9366 -0 0 0 0 -0 0 0 0 -0 0 0 0 -0 0 0 0 0.0096957 0.018755 0.010565 0.018755 0.028559 0.12048 0.041192 0.13125 -0.020929 0.17425 0.061404 0.18807 -0.0082619 0.041682 0.013915 0.041682 0.051673 0.0059472 0.07979 0.10629 0.052149 -0.017636 0.13743 0.24301 0.080845 -0.0043599 0.30217 0.63055 -0.03879 0.018302 0.18212 0.45781 0.013966 -0.0018797 0.044859 0.037851 0.01882 -0.021455 0.082907 0.075401 -0.0071904 -0.043022 0.092535 0.091055 -0.0063436 -0.054741 0.06487 0.082146
96.474 115.93 2.055 0.86915 0 0 0 0 0 0 0 0 0 0 0 0 0 0 0 0 0.034123 0.055191 0.034123 0.055191 0.027882 0.18155 0.13488 0.22071 -0.070667 0.099135 0.085409 0.12792 -0.0019629 0.0012097 0.0019629 0.0012097 0.059164 0.10422 0.35444 0.33618 -0.077732 0.042185 0.34712 0.38904 -0.17209 0.0052636 0.22706 0.20718 0.0016088 0.010384 0.041479 0.029082 -0.063632 -0.079672 0.22803 0.17036 -0.0098921 -0.086165 0.13696 0.15301 -0.056992 0.0048142 0.1609 0.11633 0.019414 0.021174 0.081848 0.04066
136.08 135.51 2.1884 2.5271 -0.010487 0.0038175 0.035486 0.025896 0.039251 0.013179 0.063615 0.048284 0.038229 -0.0058464 0.091108 0.10841 -0.01976 0.055435 0.12316 0.11827 -0.01657 -0.0022778 0.10051 0.077227 0.0098624 0.014292 0.11536 0.12859 0.046585 -0.021645 0.10954 0.11166 0.072508 -0.063695 0.19615 0.14185 0.044671 -0.0057612 0.13063 0.10824 0.086859 0.21033 0.34193 0.32213 -0.10758 0.060714 0.17503 0.18196 -0.0050686 -0.04367 0.060987 0.070994 0.014945 -0.0059329 0.023476 0.016783 0.14194 -0.1365 0.31006 0.35961 -0.097017 -0.033786 0.26003 0.23348 -0.0087445 0.019143 0.039465 0.034489
143.83 148.11 1.9945 4.1079 -0.011281 -0.0058873 0.024485 0.027321 0.011801 0.00084194 0.029553 0.032536 -0.0042905 0.021885 0.03986 0.041504 -0.0011783 0.00051785 0.024349 0.02111 0.0095149 -0.00085604 0.019324 0.02337 0.045722 0.033458 0.09605 0.1278 -0.020247 -0.011532 0.1475 0.19248 -0.022941 0.0034818 0.070377 0.074744 0.13356 0.17391 0.27683 0.26215 -0.1238 0.12641 0.34319 0.37597 -0.02188 0.0031702 0.13608 0.15948 -0.016282 0.014479 0.035625 0.053091 0.059357 -0.063301 0.34171 0.3373 -0.1287 -0.05512 0.20506 0.16929 0.0087945 0.01214 0.1002 0.082548 -0.0023609 0.033402 0.083575 0.070225
98.061 149.84 2.0599 5.1579 -0.0029889 -0.011565 0.048658 0.064008 0.0059461 -0.052077 0.10461 0.11134 0.031767 -0.037931 0.13658 0.12435 0.0051337 -0.017807 0.066855 0.076381 -0.02193 0.021289 0.13757 0.15912 0.03574 0.11906 0.17053 0.23975 -0.043367 0.041562 0.13809 0.24139 -0.015932 -0.036477 0.036344 0.060367 -0.016098 -0.038008 0.159 0.16108 0.0087822 -0.029173 0.14736 0.29881 -0.063036 0.076271 0.11482 0.28193 -0.022494 0.024616 0.025023 0.040201 0.0066371 0.010736 0.025882 0.028512 0.051737 0.033907 0.10979 0.13802 0.0049929 -0.018069 0.1385 0.24312 0.14608 0.021152 0.27418 0.45007
161.76 173.8 2.1875 3.6857 9.3586e-17 -2.5011e-16 8.7767e-16 4.5113e-16 -4.5339e-17 7.4921e-17 7.1126e-16 5.8634e-16 -2.557e-16 -1.5088e-16 1.1316e-15 7.9158e-16 -8.2587e-17 -5.8439e-17 1.9089e-16 1.584e-16 0.0012261 0.0036268 0.0012712 0.0036268 0.10456 0.14319 0.13477 0.2505 -0.03051 0.21223 0.15137 0.38321 -0.015004 0.040361 0.08085 0.16676 0.070009 0.038694 0.092296 0.12951 -0.01105 0.026015 0.23033 0.38778 -0.050033 -0.11828 0.26291 0.38149 -0.00048046 -0.044072 0.096734 0.10753 0.00089466 0.03647 0.078543 0.13389 -0.042726 -0.042893 0.11943 0.21724 0.030485 0.0024933 0.096157 0.11812 -0.0076185 0.075378 0.098452 0.12508
99.806 182.07 2.2662 5.1737 0 0 0 0 0 0 0 0 0 0 0 0 0 0 0 0 0.022399 0.096133 0.029909 0.098646 -0.026388 0.12885 0.089136 0.14667 -0.011858 0.076655 0.050469 0.079505 -0.0079456 0.011515 0.009738 0.011705 0.014723 0.030375 0.22554 0.19842 -0.064238 0.11467 0.34255 0.29738 -0.039474 0.23143 0.19835 0.36447 -0.070122 0.11838 0.12579 0.16189 0.034149 -0.063119 0.15371 0.15446 0.023177 -0.11033 0.20367 0.21088 -0.052535 -0.13407 0.1322 0.28108 0.013159 -0.055066 0.10915 0.17676
125.67 108.08 2.8285 1.6899 -0 0 0 0 -0 0 0 0 -0 0 0 0 -0 0 0 0 0.0046978 0.016362 0.0046978 0.016362 0.0046104 0.12524 0.02029 0.12524 -0.0015319 0.15461 0.049392 0.15499 -0.0076132 0.024853 0.0096889 0.024919 0.062915 0.027594 0.10251 0.15993 0.02422 -0.021043 0.17777 0.58263 -0.008086 -0.052812 0.25268 0.51888 -0.062338 0.039115 0.13453 0.19613 0.021725 -0.011732 0.063539 0.067581 -0.013289 0.047849 0.14216 0.17136 0.0054507 0.017687 0.10382 0.14796 -0.021241 -0.032889 0.064659 0.071154
149.75 122.22 2.7408 2.3364 -0 0 0 0 -0 0 0 0 -0 0 0 0 -0 0 0 0 0.0010641 0.0029777 0.0023197 0.0029777 0.044992 0.051914 0.060341 0.096686 -0.023542 0.14072 0.069518 0.17129 -0.015384 0.032193 0.016541 0.033056 0.014341 0.023357 0.064795 0.060718 0.070143 -0.00067005 0.15637 0.1661 0.12714 -0.028822 0.30723 0.37136 -0.057815 0.06709 0.32189 0.44653 0.012353 -0.0049773 0.056584 0.054088 0.062163 0.069266 0.18517 0.29113 -0.080282 0.07537 0.20469 0.26525 0.047758 -0.045473 0.12533 0.14461
83.453 152.64 3.1529 2.1081 -0.022135 -0.070585 0.17593 0.29352 -0.022117 -3.5768e-05 0.13205 0.25744 -0.026035 0.016352 0.084382 0.12163 -0.0050182 0.0064743 0.0074216 0.0079328 0.015072 0.059984 0.10792 0.16861 0.009016 -0.017229 0.23391 0.38534 -0.013553 0.026522 0.35026 0.35639 -0.037058 0.0013003 0.05457 0.042904 0.0029875 -0.021749 0.16064 0.17475 -0.023926 0.0086802 0.20269 0.26251 -0.062501 -0.069486 0.18077 0.21289 -0.019358 -0.009056 0.024813 0.022505 0.0062412 -0.038998 0.027136 0.045289 -0.011994 -0.043737 0.020184 0.05144 -0.009861 -0.014608 0.010763 0.016273 -0.00012808 -0.00011922 0.00012808 0.00011922
150.39 151.21 2.742 3.2286 0.0060742 0.014771 0.025977 0.042365 -0.0090366 0.0062043 0.051435 0.069738 -0.0068768 0.0084826 0.021281 0.02872 -9.3427e-05 0.0010707 9.3427e-05 0.0010707 -0.0098448 -0.0073809 0.055862 0.1161 0.020667 0.0095498 0.12061 0.13233 -0.022167 0.036404 0.12736 0.17216 0.0049914 0.047626 0.049325 0.062735 -0.026878 0.00694 0.060325 0.10071 0.075886 0.020978 0.15725 0.14612 -0.0098031 0.13599 0.24224 0.27344 0.068974 0.054272 0.16977 0.14183 -0.020187 -0.0023577 0.055341 0.037835 0.21172 -0.014948 0.23715 0.091678 -0.067297 -0.018885 0.58905 0.31551 0.10131 -0.025176 0.14689 0.092654
140.54 153.95 2.7963 4.6403 -7.3707e-05 -0.0041279 0.040277 0.062123 -0.01076 -0.009555 0.076499 0.072164 0.01123 -0.0064301 0.094732 0.048786 -0.01215 0.0060431 0.050516 0.032165 -0.010925 -0.01404 0.017356 0.019523 0.0076882 0.0023003 0.054313 0.05639 0.0052158 0.018838 0.10296 0.10802 -0.0033866 -0.0089514 0.072328 0.051964 0.11574 0.087003 0.18974 0.39727 -0.11537 0.067369 0.40663 0.58332 -0.032664 -0.0069071 0.18401 0.21084 -0.012143 -0.0052035 0.051495 0.047565 0.022703 -0.036624 0.086957 0.1314 -0.011984 -0.012359 0.15005 0.15721 -0.03711 0.047579 0.11661 0.12308 -0.012267 0.0016632 0.017731 0.015765
83.49 165.6 2.8197 5.5417 0 0 0 0 0 0 0 0 0 0 0 0 0 0 0 0 0.024883 0.060326 0.031338 0.065841 0.0191 0.13512 0.079968 0.19644 -0.027703 0.17851 0.082831 0.22367 -0.024213 0.040438 0.030099 0.046277 0.049712 0.02476 0.22364 0.26177 -0.021321 -0.031428 0.25351 0.33157 0.065033 -0.03809 0.26827 0.33784 -0.068374 0.065152 0.13595 0.20914 0.017408 -0.033762 0.093548 0.11721 0.009485 0.0026345 0.16566 0.37219 -0.026223 -0.041935 0.13451 0.21846 0.0017765 -0.059069 0.042051 0.091197
149.93 170.49 2.7233 1.1484 0.026929 -0.0060319 0.075988 0.069549 0.045666 -0.017676 0.27864 0.28851 -0.054658 -0.21674 0.30294 0.43896 -0.019081 -0.033259 0.049003 0.067243 0.0089045 0.013154 0.11161 0.098459 0.00070871 0.0098704 0.21726 0.21307 0.041892 0.062278 0.17809 0.18475 0.006486 0.069535 0.12316 0.18405 0.042601 -0.020515 0.088786 0.079957 0.016275 -0.050312 0.25797 0.21784 -0.006244 -0.062767 0.20638 0.19004 -0.020601 -0.062967 0.083241 0.1144 0.0017441 -0.002979 0.0017441 0.002979 0.00051216 -0.020392 0.016696 0.021659 -0.0024503 -0.011552 0.0099885 0.013704 -0.00065996 -0.0024897 0.0011192 0.0028216
77.402 174.46 2.7337 5.4249 0 0 0 0 0 0 0 0 0 0 0 0 0 0 0 0 0 0 0 0 0.0037135 0.01049 0.0037364 0.01049 0.0013273 0.0055078 0.0019282 0.0055078 0.00049144 0.00060949 0.00055074 0.00060949 0.053112 0.076208 0.10258 0.14422 0.050032 0.097204 0.21029 0.32615 -0.0050586 0.1693 0.25393 0.38003 -0.066882 0.13464 0.1209 0.17477 0.03528 0.027758 0.22315 0.2377 -0.021865 0.019525 0.29041 0.33376 0.03367 -0.060756 0.23346 0.25601 -0.019004 -0.063938 0.097337 0.21939
94.354 174.39 2.7284 5.2528 0 0 0 0 0 0 0 0 0 0 0 0 0 0 0 0 0.033128 0.068812 0.042495 0.078318 0.0050854 0.15583 0.10028 0.20467 -0.052229 0.14436 0.10026 0.15904 -0.021963 0.046517 0.027947 0.047273 -0.01249 -0.0044467 0.15693 0.18998 0.025551 -0.099657 0.29605 0.32561 -0.022569 -0.063486 0.25584 0.39259 -0.036809 0.024519 0.16179 0.24463 0.0046016 -0.019226 0.17093 0.21854 -0.039108 0.015161 0.16213 0.36921 -0.03027 -0.044572 0.063127 0.10792 0.038373 -0.02885 0.056288 0.049135
156.7 180.42 2.8687 4.1223 0 -0 0 0 2.833e-17 5.6202e-17 1.4597e-16 2.5626e-16 -4.1925e-17 2.3719e-17 9.4423e-17 1.9721e-16 0 -0 0 0 0.0026668 0.0014866 0.0032434 0.0023454 0.024205 0.08473 0.056746 0.089905 0.00039914 0.12683 0.10309 0.16843 -0.015173 0.023342 0.022567 0.030112 0.021155 0.12504 0.13992 0.17152 0.010223 0.019567 0.34003 0.33417 -0.017391 -0.10109 0.42078 0.36436 -0.026096 -0.030749 0.16688 0.16138 -0.019521 -0.049335 0.1199 0.15509 -0.025986 -0.037711 0.1152 0.14098 0.037446 0.054283 0.25286 0.27327 -0.019691 -0.0027401 0.14006 0.12438
107.56 138.97 3.2291 4.8549 -0.00073096 -0.0052813 0.042095 0.040819 0.0017856 -0.01157 0.074622 0.080609 -0.018487 -0.022409 0.027467 0.036539 0.0049652 -0.010145 0.014386 0.014362 -0.0032704 -0.010015 0.11134 0.088536 0.0091587 -0.00055331 0.11548 0.19288 0.081231 0.12999 0.20195 0.39633 -0.042837 0.12625 0.19454 0.39895 0.014938 0.007351 0.042383 0.038702 0.021461 0.061436 0.14334 0.16739 0.049915 -0.039922 0.18325 0.24413 -0.018908 -0.037522 0.15288 0.18352 0.03085 -0.0075355 0.039918 0.033029 0.034534 -0.022979 0.13936 0.21813 0.017086 0.040188 0.1501 0.34589 -0.018511 0.0020615 0.071061 0.1985
89.238 155.54 3.731 1.9664 -0.038627 -0.077401 0.27939 0.40869 -0.032135 -0.085026 0.23338 0.27161 -0.061974 -0.032918 0.11722 0.13311 -0.0042697 0.0039793 0.0049265 0.0046617 0.004571 -0.078081 0.13308 0.21607 -0.013095 -0.0011878 0.18807 0.39593 -0.030154 0.027932 0.22137 0.27532 -0.028681 0.0053328 0.041838 0.040524 0.031452 -0.026089 0.092485 0.16204 -0.033248 -0.042487 0.17386 0.24559 -0.052909 -0.060009 0.12601 0.15744 -0.012235 -0.0095479 0.015596 0.016424 0.0050268 -0.016686 0.009112 0.016686 -0.0022499 -0.030247 0.015675 0.032212 -0.0049335 -0.010438 0.0057605 0.010788 -0.00015405 -0.00012367 0.00015405 0.00012367
83.153 164.89 3.1442 5.5718 0 0 0 0 0 0 0 0 0 0 0 0 0 0 0 0 0.028987 0.055049 0.045332 0.082313 0.026998 0.11292 0.11112 0.19791 -0.02176 0.13703 0.091537 0.18766 -0.024917 0.042434 0.033644 0.050792 0.048505 0.013245 0.21399 0.26298 0.002834 0.013992 0.27366 0.33914 0.084335 -0.04372 0.27366 0.33089 -0.060335 0.064081 0.13468 0.22185 0.023712 -0.041602 0.080799 0.10146 0.034911 -0.00085444 0.20131 0.37054 -0.02825 -0.031076 0.13392 0.20937 -0.0015107 -0.063109 0.044603 0.097782
162.7 168.41 3.5011 1.1147 0.0004526 0.00092256 0.0004526 0.00092256 0.059186 -0.019991 0.1452 0.15071 0.09829 -0.10943 0.45304 0.5013 -0.049438 -0.066544 0.20345 0.23502 0.016911 -2.5472e-05 0.016911 0.0040282 0.040613 0.040693 0.22936 0.16822 -0.016976 0.06173 0.24827 0.24401 0.018815 0.026822 0.1345 0.20507 0.0027533 -0.00058211 0.0027533 0.00058211 0.03612 -0.027915 0.09161 0.11149 -0.015535 -0.072049 0.14984 0.19308 -0.0090346 -0.052578 0.048554 0.077668 0 0 0 0 1.202e-17 -6.7254e-18 1.202e-17 3.0085e-17 6.2638e-17 -1.3417e-16 1.4974e-16 2.9137e-16 -2.647e-05 -2.3958e-06 3.3009e-05 1.7025e-05
131.91 176.89 3.4889 0.89242 0.018034 -0.11994 0.4653 0.36451 -0.15002 -0.10104 0.30054 0.23869 0.091794 0.018202 0.14793 0.060827 -0.030022 -0.017811 0.1187 0.070769 -0.032382 -0.036652 0.12437 0.13395 0.055628 0.067983 0.10441 0.20768 0.0057595 -0.015473 0.2524 0.24489 -0.046848 -0.05773 0.085704 0.076597 0.0072351 0.031302 0.13849 0.13507 -0.0011035 -0.04499 0.18537 0.22043 -0.052954 -0.066362 0.10439 0.11578 -0.005396 -0.0060198 0.00672 0.006899 -0.0077037 -0.024419 0.03246 0.045545 -0.014336 -0.020811 0.023648 0.029743 -0.0020393 -0.0033108 0.0027861 0.0036158 1.2245e-06 1.5193e-06 1.2245e-06 1.5193e-06
149.69 175.03 3.3232 3.8872 1.0435e-16 2.9244e-17 1.0991e-16 1.7681e-16 1.4366e-16 -1.2784e-16 5.8463e-16 6.8053e-16 0.0017405 0.027409 0.004588 0.027409 -0.002245 0.0094209 0.0033441 0.0094209 0.007748 0.014279 0.0094974 0.014799 0.054095 0.055305 0.13549 0.16352 -0.024725 0.042108 0.24576 0.29878 -0.031537 0.011024 0.13263 0.13708 0.067795 0.043709 0.13289 0.15913 -0.059292 -0.02392 0.23083 0.33274 0.034531 -0.038405 0.19846 0.22942 -0.018451 0.034298 0.15804 0.16802 -0.036455 0.0096842 0.14098 0.095638 -0.024317 -0.037149 0.046202 0.07235 0.082248 0.20559 0.36751 0.32417 -0.037341 0.020568 0.16173 0.18208
83.221 180.48 3.5318 5.2644 0 0 0 0 0 0 0 0 0 0 0 0 0 0 0 0 0 0 0 0 0.0034484 0.017903 0.004626 0.017903 0.00029756 0.029784 0.0059201 0.029784 -4.5737e-05 0.00064023 0.0003185 0.00064023 0.050374 0.044583 0.093391 0.10674 0.070099 0.071393 0.23585 0.37271 -0.037171 0.12175 0.25083 0.399 -0.065796 0.084706 0.12162 0.18152 0.0394 -0.023023 0.16309 0.14793 0.013755 -0.015602 0.25139 0.4605 -0.023765 -0.080012 0.13573 0.28042 0.016394 -0.05755 0.13565 0.13602
101.88 98.226 4.9041 1.3922 0 0 0 0 0 0 0 0 0 0 0 0 0 0 0 0 0 0 0 0 0 0 0 0 0 0 0 0 0 0 0 0 0.069983 0.08763 0.10393 0.23653 0.0086495 0.11239 0.23369 0.60112 -0.094469 0.040812 0.14107 0.18377 -0.00096183 0.0040394 0.0023576 0.0042354 0.070451 -0.023114 0.12673 0.15033 -0.062062 -0.049079 0.32406 0.47488 -0.025948 -0.0084668 0.13675 0.15439 -0.011796 0.0097029 0.043618 0.036816
104.41 116.79 5.5233 1.4329 0 0 0 0 0 0 0 0 0 0 0 0 0 0 0 0 0.033255 0.04973 0.035619 0.08574 0.006061 0.13598 0.12271 0.41983 -0.048722 0.036843 0.05776 0.10839 0 0 0 0 0.10143 -0.0095986 0.1291 0.18351 -0.059781 -0.063587 0.37647 0.62146 -0.044513 -0.0013385 0.17376 0.21383 -0.015376 0.0066167 0.030596 0.025094 0.022897 -0.0063459 0.057472 0.066033 0.0059744 -0.024805 0.12217 0.18437 -0.0092536 -0.0078302 0.09369 0.12434 -0.01425 -0.0055558 0.022256 0.014315
117.95 127.39 4.8142 4.6681 0.011878 0.0066961 0.043337 0.047471 -0.017338 0.019703 0.058846 0.11672 0.0061876 0.070199 0.062911 0.13263 -0.0070582 1.4292e-05 0.051735 0.039688 0.0072902 -0.014459 0.071314 0.077017 0.052128 0.025891 0.19892 0.31951 -0.021834 0.033737 0.28403 0.48698 -0.041267 0.016718 0.076226 0.064801 0.02759 -0.0074342 0.03116 0.026132 0.060821 -0.055152 0.17826 0.34829 -0.040827 -0.10125 0.16702 0.49744 -0.036354 -0.020386 0.042255 0.058895 0.00075128 -0.00091129 0.00076427 0.00091129 0.0024698 -0.025214 0.0077619 0.027276 -0.0034652 -0.025032 0.0054096 0.025824 -0.00037201 -0.0013109 0.00037201 0.0013109
103.42 170.41 6.8014 4.979 0 0 0 0 5.88e-19 1.6061e-19 2.8763e-18 7.8567e-19 -5.2754e-19 -1.441e-19 2.8918e-18 7.899e-19 0 0 0 0 0.007178 0.0059024 0.0097525 0.0066864 0.027978 0.039353 0.060781 0.13697 -0.0176 0.034563 0.087398 0.14758 -0.0074083 0.01744 0.022796 0.026714 0.015759 -0.0067158 0.032505 0.030343 0.030695 0.0039177 0.1877 0.3094 -0.063508 0.067708 0.26296 0.55304 -0.02459 -0.0048007 0.068747 0.085323 0.00064585 -0.0018059 0.001565 0.0027791 0.079548 -0.035787 0.16219 0.3088 -0.06231 -0.055012 0.21525 0.4769 -0.022329 -0.006883 0.026537 0.028628
73.158 185.48 6.5249 5.3181 0 0 0 0 0 0 0 0 8.9138e-19 6.1735e-19 8.9138e-19 6.1735e-19 -2.3249e-18 -1.6102e-18 4.8866e-18 3.3844e-18 0 0 0 0 0 0 0 0 7.4251e-18 5.1425e-18 7.4251e-18 5.1425e-18 1.3907e-18 9.6318e-19 5.1502e-18 3.5669e-18 0.01083 -0.0026852 0.01083 0.0036648 0.051654 0.071683 0.16005 0.2024 -0.0472 0.073074 0.19377 0.35205 -0.027275 0.032268 0.061612 0.069812 0.005322 -0.0019042 0.005322 0.0028338 0.064236 0.089702 0.27931 0.30376 0.00085554 0.11083 0.40623 0.59046 -0.028248 0.0029351 0.13362 0.13676
123.79 121.1 10.313 1.7607 -0 0 0 0 -0 0 0 0 -0 0 0 0 -0 0 0 0 -0 0 0 0 0.069885 0.12559 0.16446 0.41394 -0.087293 0.09651 0.17117 0.35136 -0.0040051 0.00070142 0.0040051 0.0020721 0.0059904 0.0022253 0.018476 0.015967 0.094765 -0.076631 0.29399 0.485 -0.093691 -0.040399 0.3003 0.39434 -0.01279 0.0017933 0.017178 0.013938 0.0029026 -0.0015456 0.004977 0.0045649 0.018324 -0.023841 0.037716 0.084097 -0.0098722 -0.024527 0.038546 0.075203 -0.0026936 -0.0013542 0.0033336 0.0027028
135.16 133.41 9.4316 3.1947 0.00057894 0.0026159 0.00057894 0.0026159 -0.00023827 0.0053881 0.0015035 0.0053881 0 -0 0 0 0 -0 0 0 0.016017 0.0063854 0.059768 0.02836 0.088002 0.062669 0.30269 0.23313 -0.070202 0.095158 0.25435 0.16407 -0.0022014 0.00027528 0.0022014 0.00031313 0.043558 -0.0013918 0.1028 0.050989 0.14477 -0.027357 0.49351 0.34884 -0.10928 -0.06346 0.46692 0.28166 -0.011942 9.7648e-05 0.011942 0.0036744 0.010189 -0.0084361 0.0135 0.0089569 0.00042278 -0.035628 0.077465 0.075913 -0.010192 -0.023559 0.034612 0.032373 -0.00034785 -0.00015262 0.00034785 0.00015262
115.12 150.28 9.6104 5.1448 0 0 0 0 0.0019171 0.0097359 0.003401 0.0097359 0.00020037 0.0029087 0.0011454 0.0029087 0 0 0 0 0.013172 -0.00036354 0.013172 0.0090838 0.023815 0.04312 0.17261 0.28268 -0.049805 0.082295 0.14999 0.27509 -0.0082733 0.0046304 0.017434 0.016414 0.0041538 -0.0019 0.0041538 0.0031672 0.11388 -0.043526 0.33837 0.59764 -0.10439 -0.025444 0.23851 0.46634 -0.0032205 -0.0020674 0.010013 0.0092424 5.2791e-05 1.558e-05 5.2791e-05 1.558e-05 0.013357 -0.032152 0.023605 0.054936 -0.0070703 -0.016728 0.016363 0.032604 -1.3676e-05 -6.3112e-06 1.3676e-05 6.3112e-06
125.69 125.23 13.018 1.6637 -0 0 0 0 -0 0 0 0 -0 0 0 0 -0 0 0 0 -0 0 0 0 0.088748 0.11546 0.2143 0.37171 -0.084614 0.10171 0.19612 0.39056 -0.0011392 0.0019982 0.0012029 0.0026827 0.0045042 9.3054e-05 0.0045042 0.0017993 0.098818 -0.075241 0.26064 0.42527 -0.089207 -0.062168 0.3294 0.44562 -0.0097831 -0.00029344 0.014522 0.0091476 0.0005899 -8.5268e-05 0.0005899 0.00025277 0.0057118 -0.01062 0.0099775 0.025897 -0.0063383 -0.016596 0.017778 0.032886 -0.0008827 -0.00059878 0.0009445 0.00081601
