48 64
124.55 113.99 1.8599 1.6686 -0 0 0 0 -0 0 0 0 -0 0 0 0 -0 0 0 0 0.019883 0.098728 0.061929 0.20203 -0.0009352 0.16561 0.11278 0.39753 0.028033 0.12319 0.14454 0.36829 -0.010963 0.11538 0.087863 0.20729 0.0062051 -0.056172 0.12543 0.19892 -0.051004 -0.11562 0.23458 0.38633 0.0245 -0.11323 0.19068 0.28324 0.0085213 -0.096642 0.13464 0.19737 0.0054115 -0.019594 0.03981 0.044031 0.0062371 0.016791 0.087169 0.094373 -0.020233 0.0096248 0.059901 0.083527 0.0048484 -0.013088 0.043485 0.035631
96.136 115.21 1.8934 0.82693 0 0 0 0 0 0 0 0 0 0 0 0 0 0 0 0 0.020406 0.035196 0.020406 0.035196 0.044695 0.22914 0.09075 0.23369 -0.045585 0.097944 0.062511 0.12207 -0.0023432 0.0016171 0.0023432 0.0022308 0.10359 0.079232 0.23186 0.26102 -0.13098 -0.081492 0.43265 0.50583 -0.10744 -0.055309 0.2306 0.21045 0.0088708 0.0077267 0.027749 0.01896 -0.031622 -0.055932 0.21644 0.14352 -0.038457 -0.086944 0.13684 0.12576 -0.021507 -0.015874 0.076027 0.072087 0.014909 -0.00030301 0.041754 0.030916
118.33 132.2 1.8665 1.5861 -0.020178 -0.032553 0.14115 0.30061 -0.0388 -0.11038 0.2065 0.40027 0.061262 -0.13182 0.21901 0.27922 -0.013555 -0.072978 0.17101 0.20449 -0.0064161 -0.04238 0.14802 0.1275 -0.022116 0.096039 0.19214 0.20961 0.01106 -0.03367 0.1349 0.1362 -5.3564e-05 -0.043137 0.13953 0.093841 0.029111 -0.003322 0.10855 0.19001 -0.047081 -0.085465 0.17127 0.28502 -0.018055 -0.01962 0.074311 0.089076 -0.0042301 0.013487 0.031795 0.051815 0.0077202 -0.0015355 0.039193 0.092753 -0.0086837 0.030667 0.046172 0.15268 0.005034 0.016222 0.043168 0.12027 -0.0054208 -0.00076176 0.036947 0.088253
123.71 133.59 1.7093 5.0436 0.0022806 -0.011136 0.030421 0.065544 0.010091 -0.010732 0.036985 0.083902 0.00052238 -0.033725 0.055428 0.15404 -0.0012769 -0.016253 0.047461 0.078705 0.00098293 0.0022389 0.059438 0.048261 0.029257 0.10045 0.14432 0.26704 -0.01528 0.062397 0.15356 0.29038 -0.025755 0.0095406 0.065846 0.10972 -0.031149 0.050663 0.10768 0.107 0.061184 -0.050144 0.16671 0.20263 -0.03043 0.00085212 0.17562 0.17157 -0.0015417 0.00089232 0.11159 0.092155 -0.042371 0.015019 0.14973 0.26726 -0.027063 0.10187 0.25805 0.4445 -0.013331 0.11974 0.22144 0.24245 -0.0028561 0.074549 0.11014 0.12742
143.28 133.85 1.9514 4.1245 0.0065885 -0.00052903 0.060711 0.072522 -0.012671 0.0066313 0.065099 0.10584 0.0062258 -0.013872 0.044614 0.049941 -0.0079382 -0.032272 0.046704 0.045999 0.0022643 0.020918 0.092325 0.12623 0.0081617 0.047372 0.12251 0.18701 -7.9588e-05 0.087324 0.08469 0.1423 -0.029388 0.05753 0.046744 0.059941 0.017842 0.051781 0.16957 0.18359 -0.020506 0.068952 0.15251 0.21196 0.15196 0.12261 0.2596 0.32665 -0.13077 0.023344 0.22608 0.15132 -0.016882 -0.029723 0.086664 0.083945 0.1102 0.064023 0.1791 0.2473 -0.010172 0.00086495 0.30627 0.39096 -0.08154 -0.051303 0.10854 0.085734
81.778 137.16 1.9986 0.70921 0 0 0 0 0 0 0 0 0 0 0 0 0 0 0 0 -0.059278 0.026047 0.061302 0.060136 0.08868 0.080157 0.14904 0.12193 -0.024183 0.13923 0.20077 0.1916 -0.021958 0.053741 0.080584 0.061426 -0.056755 -0.0031682 0.09015 0.069969 0.14409 -0.052413 0.35899 0.34989 -0.032914 -0.067891 0.46689 0.38197 -0.043409 0.042324 0.18532 0.13599 -0.0018466 -0.0050063 0.047834 0.044551 0.044729 0.026504 0.19323 0.13769 0.027678 -0.013719 0.14015 0.10434 0.015382 -0.0029355 0.085053 0.083767
167.42 143.41 1.646 2.7444 -2.2065e-05 0.00043921 6.7403e-05 0.00043921 4.0504e-06 0.0002105 4.0587e-05 0.0002105 -0 0 0 0 -0 0 0 0 0.033364 0.09132 0.16098 0.13517 -0.012681 0.24678 0.27504 0.49421 -0.077399 0.045983 0.10277 0.13486 0.00086816 0.0065745 0.00086816 0.0065745 -0.00018588 -0.068057 0.19525 0.1583 -0.035358 -0.17626 0.33581 0.4227 -0.065452 -0.027489 0.11936 0.13484 0.1005 0.028695 0.10947 0.082083 -0.046805 -0.0013124 0.09967 0.082622 0.01645 0.020749 0.13513 0.06628 -0.019651 0.024383 0.097649 0.053429 0.020769 -0.0032936 0.09407 0.069397
73.991 148.36 1.8477 0.53228 0 0 0 0 0 0 0 0 0 0 0 0 0 0 0 0 0.031495 0.098564 0.10002 0.11082 -0.00047726 0.18714 0.20807 0.23025 -0.064682 0.089023 0.11024 0.09246 -0.000629 0.00079137 0.000629 0.00079137 0.071269 -0.057113 0.32412 0.31773 0.020672 -0.042985 0.43996 0.37011 -0.10763 0.10238 0.25743 0.20484 -0.034312 0.020417 0.035198 0.023136 0.011557 -0.0085752 0.13998 0.096627 0.037766 -0.024408 0.17278 0.12827 0.020292 0.0018348 0.13768 0.13333 -0.050588 0.014737 0.061157 0.029921
87.737 148.67 2.2113 3.3834 -0.027329 -0.013049 0.07372 0.11001 -0.035073 -0.0076544 0.17417 0.1202 -0.0077128 -0.0044114 0.21484 0.075615 -0.00044469 -0.0015723 0.061339 0.033226 -0.024463 -0.0045456 0.10768 0.11411 -0.079322 0.046635 0.18171 0.15604 0.00024825 0.018715 0.24973 0.22935 0.00020649 -0.0073909 0.057584 0.05097 0.045882 -0.050687 0.088526 0.094277 -0.034844 0.048605 0.28836 0.22878 0.015859 0.080684 0.38553 0.49366 -0.075017 0.0070609 0.11001 0.11409 0.010976 -0.019597 0.013665 0.020571 0.024411 -0.070282 0.13753 0.11856 -0.019056 -0.0799 0.11229 0.12297 -0.016663 -0.017818 0.02356 0.026123
103.07 147.93 1.9257 5.1781 -0.0077458 -0.020826 0.095622 0.11825 -0.014064 -0.07855 0.13508 0.13132 0.045769 -0.10069 0.17093 0.19504 -0.01929 -0.043528 0.069745 0.1134 -0.056955 0.023176 0.25916 0.25152 0.0081163 0.014191 0.15295 0.28056 -0.050061 0.0023919 0.19692 0.33255 0.043534 -0.04681 0.10188 0.14835 -0.030235 -0.055693 0.1241 0.12457 0.041942 -0.11207 0.12756 0.24899 -0.0055765 -0.059015 0.12668 0.24265 0.041754 -0.0069668 0.11276 0.25839 0.021592 0.058108 0.092015 0.095863 -0.017754 0.0056282 0.10556 0.085398 0.013978 0.094503 0.095901 0.16883 -0.0057982 0.074951 0.081156 0.15337
92.122 154.41 1.8853 2.6378 -0.02147 0.023173 0.078022 0.06434 0.021805 0.0088865 0.17729 0.13746 -0.04645 0.023716 0.12603 0.131 0.0047686 -0.015562 0.028577 0.042544 -0.060422 0.018405 0.14079 0.18122 -0.038 0.051883 0.20242 0.20419 0.051457 0.01832 0.18259 0.27564 0.00085209 0.093978 0.17937 0.30017 -0.00098128 -0.027218 0.10516 0.18167 -0.035707 0.068448 0.1699 0.2057 0.0028334 0.061109 0.23282 0.28928 -0.036424 -0.054653 0.22383 0.33782 0.021828 -0.046426 0.029247 0.056986 0.02635 -0.085579 0.074311 0.11561 -0.0041226 -0.069959 0.093753 0.14186 -0.032817 -0.032382 0.064035 0.081031
164.36 156.22 1.9501 0.34697 -0.0044313 -0.0056324 0.017758 0.026784 0.017544 -0.0090458 0.090005 0.10489 -0.029832 -0.02433 0.092832 0.089218 0.032034 -0.00079418 0.052736 0.067137 0.085622 0.086 0.15965 0.23447 -0.080175 0.17172 0.20543 0.31404 0.06938 0.046971 0.22566 0.14275 0.03097 0.05366 0.10087 0.15359 0.10135 -0.07881 0.13577 0.20595 -0.017625 -0.050453 0.31509 0.44451 -0.031235 -0.010557 0.21854 0.28597 -0.018067 -0.082505 0.088394 0.14358 0.005291 -0.0040332 0.005291 0.0061149 0.011013 -0.072732 0.037522 0.093586 -0.013136 -0.044953 0.025373 0.056437 -0.0043609 -0.0084676 0.0059921 0.010925
85.842 173.65 2.0434 5.3696 0 0 0 0 0 0 0 0 0 0 0 0 0 0 0 0 0.0061932 0.021645 0.0080327 0.021645 0.0055577 0.085202 0.026395 0.085202 -0.00942 0.081374 0.023704 0.081374 -0.006792 0.014605 0.006792 0.014605 0.052685 0.11408 0.14245 0.17814 0.048148 0.14808 0.19623 0.33116 -0.0031665 0.16286 0.29212 0.37799 -0.075709 0.15984 0.14795 0.24171 -0.013536 -0.067653 0.15779 0.19258 -0.0047411 -0.10793 0.18495 0.21625 0.094135 -0.063843 0.26257 0.26576 -0.028463 -0.028641 0.10623 0.19473
97.872 176.01 2.0303 5.1487 0 0 0 0 0 0 0 0 0 0 0 0 0 0 0 0 0.02613 0.091561 0.039865 0.094088 0.0062389 0.17682 0.12422 0.20207 -0.072989 0.17285 0.097485 0.21883 -0.0066127 0.062784 0.034014 0.077231 0.013745 0.012309 0.13095 0.16466 0.044728 0.032845 0.33162 0.28275 -0.058804 0.0841 0.24459 0.3951 -0.042981 0.030211 0.11729 0.24973 -0.020848 -0.038405 0.093322 0.11518 0.063191 -0.087336 0.22359 0.24387 0.00030792 -0.12209 0.14826 0.21285 0.0095086 -0.0088358 0.081235 0.1111
133.98 176.2 2.1438 0.75521 -0.028724 -0.020448 0.16168 0.14042 0.083977 -0.034439 0.19703 0.1528 0.035391 -0.0078656 0.17832 0.13935 -0.033037 -0.038069 0.15607 0.09716 0.0083629 -0.0079141 0.13207 0.12558 0.070809 0.054301 0.18357 0.31228 -0.025443 -0.032187 0.25419 0.33019 -0.080102 -0.07926 0.1678 0.14113 0.058282 0.076791 0.15164 0.1913 -0.050356 -0.028909 0.24978 0.33263 -0.099241 -0.093031 0.14845 0.19898 -0.018243 -0.024408 0.02885 0.033997 -0.035165 -0.0469 0.084232 0.13236 -0.058618 -0.074432 0.081191 0.11088 -0.0144 -0.010851 0.015234 0.014194 -0.0002165 -0.00026776 0.00023503 0.00026776
164.15 175.25 1.9223 3.9166 -3.3639e-17 -6.0546e-17 1.5415e-16 6.2493e-17 -3.4543e-17 -1.302e-17 6.1019e-17 1.401e-17 1.7007e-16 4.5661e-16 4.8735e-16 4.5883e-16 1.9241e-17 9.2801e-18 5.3547e-17 9.8362e-18 0.0033417 0.0029033 0.0033417 0.0029033 0.017939 0.098832 0.030858 0.098832 -0.0027708 0.11848 0.033177 0.12282 -0.0059368 0.065128 0.010833 0.065598 0.04902 0.10554 0.088282 0.13943 0.087982 0.11208 0.22947 0.37136 -0.066289 0.049873 0.31246 0.38617 0.032142 0.06169 0.16698 0.3204 -0.018305 0.0055239 0.11352 0.16558 -0.016399 -0.1185 0.14876 0.19189 -0.025637 -0.086332 0.16356 0.18542 0.14724 -0.039327 0.20033 0.23028
152.62 180.34 2.3137 4.3595 -4.8522e-17 1.051e-16 4.8522e-17 1.051e-16 8.3856e-17 1.8645e-16 2.7626e-16 4.1261e-16 1.648e-16 2.3932e-16 4.5965e-16 6.8811e-16 0 -0 0 0 0.01371 0.021785 0.01897 0.022068 0.0093467 0.11588 0.043759 0.11595 -0.0014512 0.1689 0.075623 0.1689 -0.018683 0.037078 0.019325 0.037078 0.019301 0.11635 0.18119 0.2111 0.047343 0.03726 0.35157 0.31975 0.023824 0.028374 0.3485 0.35024 -0.071216 0.098515 0.23541 0.21907 -0.0084871 -0.045886 0.12453 0.1547 -0.04731 -0.092561 0.15546 0.15963 0.037768 -0.12774 0.16687 0.15654 0.046022 -0.05623 0.13827 0.14953
106.49 181.57 2.2253 4.8694 0 0 0 0 0 0 0 0 0 0 0 0 0 0 0 0 0.0062888 0.02867 0.0077033 0.02867 0.00046619 0.12023 0.027499 0.12023 0.0217 0.086966 0.034742 0.10508 -0.0067334 0.074677 0.042717 0.1333 0.056062 0.11946 0.19958 0.15831 0.034157 0.18531 0.30238 0.36358 -0.036901 0.11562 0.16412 0.45301 -0.049887 0.034416 0.1605 0.24554 0.0059077 -0.049372 0.16114 0.085633 -0.0094661 -0.098974 0.24019 0.21078 -0.0089399 -0.080127 0.14617 0.21098 -0.042684 -0.0037913 0.10442 0.11015
122.1 183.69 1.7683 4.6383 0 -0 0 0 0 -0 0 0 0 -0 0 0 -1.6475e-05 1.9116e-05 1.6475e-05 1.9116e-05 0.010022 0.012382 0.010022 0.013672 0.041722 0.093451 0.059664 0.18522 -0.030441 0.085931 0.075198 0.14475 0.0087619 0.043945 0.033517 0.05192 0.04349 0.16368 0.12619 0.23658 -0.029956 0.081151 0.17096 0.4535 0.011039 0.06522 0.32683 0.36722 0.0044447 0.069108 0.23961 0.19889 -0.031454 -0.014313 0.17126 0.11841 -0.0027086 -0.031933 0.15483 0.22125 -0.08313 -0.0058287 0.18768 0.17478 -0.0075054 -0.046968 0.11876 0.10968
109.65 112.13 3.095 1.521 0 0 0 0 0 0 0 0 0 0 0 0 0 0 0 0 0.020323 0.12459 0.04081 0.13166 0.052304 0.18829 0.11752 0.34892 -0.066757 0.18305 0.10848 0.30097 -0.019182 0.018974 0.019255 0.022625 -0.040804 -0.048247 0.16724 0.3321 0.026189 -0.1202 0.24072 0.39197 -0.069437 -0.11229 0.27727 0.36476 -0.037558 -0.0088674 0.047923 0.036111 0.0029192 -0.016842 0.072587 0.085735 -0.023212 -0.017389 0.078956 0.11417 -0.0041738 -0.0040467 0.047045 0.060205 0.012432 0.012586 0.069381 0.062908
110.31 125.68 2.9258 4.5811 -0.014042 2.9144e-06 0.049088 0.04705 -0.0041675 -0.011726 0.050194 0.10878 0.012974 0.0022066 0.049693 0.1211 -0.0066517 0.0070534 0.033516 0.072918 -0.020733 -0.018128 0.087994 0.07436 -0.0040509 0.014332 0.079313 0.081587 0.042099 -0.0086221 0.1454 0.2132 0.0078823 0.03441 0.10271 0.15014 0.056196 -0.0021086 0.060471 0.044054 0.079906 0.080824 0.27608 0.44186 -0.0088886 0.0601 0.26189 0.50916 -0.00075372 -0.044378 0.14137 0.35785 0.0078433 -0.0049215 0.008141 0.0066021 0.025606 -0.076282 0.045524 0.13466 -0.018241 -0.074891 0.045804 0.12422 -0.0064619 -0.025767 0.011149 0.031706
140.2 126.35 2.7627 4.7897 0.005748 0.0014667 0.024039 0.083915 -0.0079747 0.010365 0.056264 0.1628 -0.0062632 -0.0017849 0.047509 0.079374 0.030558 -0.0039705 0.095599 0.051799 0.02477 0.0051434 0.073377 0.12872 -0.01061 0.047676 0.15622 0.23171 -0.026771 0.10353 0.12929 0.1603 -0.0041701 -0.0098494 0.062546 0.040676 -0.019404 0.01467 0.1786 0.42247 0.00813 -0.013332 0.24034 0.58047 -0.11159 -0.066024 0.20436 0.30026 -0.022865 -0.0060535 0.024933 0.020293 -0.0041094 -0.03975 0.020151 0.068099 -0.0078027 -0.062192 0.021327 0.098298 -0.010188 -0.025672 0.010612 0.026897 -0.0004694 -0.0004376 0.0004694 0.0004376
121.8 152.33 2.7527 1.6976 0.019273 -0.057952 0.098881 0.1138 0.0021307 -0.074231 0.19406 0.25019 -0.011281 -0.061502 0.1439 0.23705 -0.0040764 -0.074904 0.12718 0.11673 0.012073 0.00023806 0.10264 0.14135 0.01893 -0.020667 0.16884 0.36779 -0.0067518 0.0077634 0.11781 0.32528 0.0058704 0.011284 0.083802 0.1625 -0.013125 0.044163 0.10539 0.10896 0.041358 0.029622 0.1719 0.2473 0.0059026 0.086852 0.16291 0.28805 0.0012992 0.065639 0.12841 0.14024 -0.00040407 -0.020346 0.098189 0.080835 0.027112 -0.025327 0.12805 0.1605 0.019719 -0.042542 0.10058 0.1931 -0.022508 -0.034699 0.08684 0.089476
79.784 158.46 3.0776 5.7908 0 0 0 0 0 0 0 0 0 0 0 0 0 0 0 0 0.027913 0.021461 0.027913 0.02664 0.026753 0.14536 0.11696 0.20692 -0.03567 0.15488 0.07896 0.17889 -0.021628 0.041572 0.024532 0.041572 0.1009 0.019968 0.18184 0.16909 -0.020089 -0.05912 0.33536 0.4759 0.081407 -0.057918 0.22632 0.30293 -0.065448 0.10509 0.14804 0.20407 0.012836 0.046715 0.076765 0.10283 0.011898 -0.010714 0.16031 0.18668 0.056288 -0.039925 0.21271 0.19702 0.02755 -0.026243 0.12415 0.13657
112.3 159.68 3.0832 1.844 0.024665 0.0016934 0.088884 0.14718 -0.013289 -0.010218 0.13474 0.27383 -0.019984 0.010256 0.077221 0.15245 0.010204 -0.00069583 0.077896 0.082663 0.041603 0.016376 0.11842 0.17903 -0.044093 0.041344 0.17667 0.31792 -0.01435 0.058659 0.14296 0.3724 0.055092 0.023333 0.16263 0.17819 0.021905 0.0039785 0.18697 0.14959 0.0334 0.062614 0.17944 0.2735 -0.018596 0.11494 0.27458 0.26656 -0.0093214 0.0081245 0.14423 0.13052 0.013709 -0.024598 0.034104 0.040189 0.013966 -0.069694 0.044557 0.11195 -0.0076461 -0.098122 0.070235 0.12546 -0.017023 -0.034832 0.025568 0.040194
130.26 160.84 2.9238 2.0239 -0.033259 -0.023174 0.10733 0.089334 0.009087 0.013541 0.12832 0.11444 0.021987 -0.024458 0.18312 0.21433 -0.023778 -0.022054 0.11046 0.15442 -0.048153 0.04166 0.13509 0.12392 0.012615 0.020994 0.17597 0.23736 -0.0036696 0.018795 0.21776 0.35726 -0.018477 0.0022376 0.093062 0.18136 0.036233 -0.04412 0.1632 0.1211 0.024372 0.025025 0.29698 0.20808 -0.014378 0.081223 0.22051 0.27714 -0.021872 0.07871 0.16733 0.20908 0.0088866 -0.014264 0.014333 0.014794 0.046261 -0.052102 0.10011 0.10575 0.044432 -0.076758 0.086952 0.1825 -0.0037398 -0.032196 0.092989 0.12411
120.86 164.59 2.5969 1.1067 -0.0014286 -0.018184 0.13848 0.15566 -0.012886 0.026673 0.13782 0.16223 0.0076098 0.0026086 0.15281 0.17861 0.035984 0.01587 0.1018 0.080593 0.012765 0.0033328 0.11261 0.21157 0.029543 0.028025 0.23536 0.33301 0.075801 0.10052 0.28438 0.26395 -0.032824 0.018571 0.20193 0.12437 0.0045081 0.047379 0.1069 0.13652 0.053761 0.024471 0.23099 0.27876 -0.003498 -0.087947 0.24481 0.2536 -0.060757 -0.080211 0.095951 0.097096 -0.013918 -0.022572 0.090167 0.11142 -0.031209 -0.056439 0.090118 0.12263 -0.016436 -0.051385 0.052388 0.06884 -0.0051704 -0.0059644 0.0052455 0.0063412
130.57 163.44 3.0027 2.512 -0.0032696 0.0028337 0.12729 0.097626 -0.024278 -0.015787 0.1188 0.10767 0.013874 0.010286 0.14391 0.11397 0.032986 -0.018678 0.18265 0.13601 0.021707 -0.028772 0.17896 0.13222 -0.053956 0.048782 0.22716 0.1845 0.041777 0.031207 0.30819 0.26713 -0.012061 -0.032219 0.20415 0.23502 0.063257 -0.034056 0.093985 0.070268 0.02686 0.031724 0.27919 0.21862 -0.053637 0.013792 0.26936 0.20934 0.00064048 -0.0026764 0.16268 0.16136 0.016155 -0.0071952 0.017434 0.012742 0.073996 -0.049211 0.13348 0.12743 -0.0038646 0.021295 0.14587 0.21103 -0.023191 0.03024 0.090639 0.12036
89.196 167.84 2.5567 5.4197 0 0 0 0 0 0 0 0 0 0 0 0 0 0 0 0 0.0374 0.061698 0.0374 0.065582 0.021543 0.14276 0.086789 0.18733 -0.036373 0.16888 0.11057 0.22687 -0.026282 0.05358 0.031593 0.061323 0.032647 0.049443 0.23367 0.22015 -0.0097003 -0.12011 0.2587 0.271 0.078648 -0.062068 0.28508 0.39188 -0.053702 0.047589 0.13228 0.24553 0.00073114 -0.050016 0.11049 0.14331 0.0045404 -0.048518 0.13139 0.2229 0.046138 -0.046632 0.20687 0.23563 -0.0064727 -0.037106 0.096901 0.12841
157.48 170.64 3.1205 0.81552 -0.019478 0.037602 0.0787 0.093366 -0.0065164 -0.041054 0.11635 0.14469 0.036138 -0.010514 0.15701 0.16923 0.027521 -0.011938 0.11744 0.13254 -0.071183 0.044642 0.33662 0.29806 -0.0081951 0.14622 0.25758 0.28807 -0.0097119 0.076455 0.275 0.36327 -0.055302 -0.069161 0.13192 0.1794 0.019617 -0.086842 0.076529 0.13557 0.029642 -0.13399 0.15438 0.2729 -0.061053 -0.10923 0.10949 0.1765 -0.012872 -0.015216 0.014586 0.021574 5.0496e-18 5.3633e-18 5.0496e-18 5.3633e-18 0.00046853 -0.0014972 0.00050406 0.0014972 6.875e-05 -0.00033122 7.7787e-05 0.00033122 -6.0192e-18 5.6671e-18 6.0192e-18 5.6671e-18
167.91 171.52 2.811 3.7841 0 -0 0 0 0 -0 0 0 0 -0 0 0 0 -0 0 0 0.0021151 0.0016933 0.0021151 0.0016933 0.013632 0.073284 0.021342 0.079043 -0.0077291 0.1347 0.032057 0.14202 -0.013194 0.035873 0.013273 0.036415 0.086336 0.054679 0.11185 0.1294 -0.0011494 0.023258 0.26181 0.4065 0.088223 -0.032384 0.32704 0.43405 -0.12711 0.090851 0.28641 0.27938 0.0058529 -0.0041418 0.10881 0.1736 -0.025836 -0.03402 0.14206 0.18746 0.030466 -0.008797 0.13364 0.17863 -0.026551 -0.040826 0.12151 0.12479
139.17 182.54 2.8827 4.4562 0 -0 0 0 0 -0 0 0 2.6321e-17 -6.896e-18 2.6321e-17 6.896e-18 -4.6136e-17 2.8839e-17 8.9044e-17 8.1425e-17 0.0052512 0.034969 0.019118 0.035756 0.0084797 0.069988 0.044606 0.071135 0.021471 0.13006 0.068339 0.13006 -0.017143 0.078918 0.041782 0.078918 0.015226 0.11266 0.13396 0.21881 -0.0070793 0.089203 0.32305 0.37203 0.018185 -0.054665 0.37278 0.3479 -0.021591 -0.010714 0.24399 0.22821 -0.019669 -0.048478 0.12861 0.14994 -0.05 -0.0031373 0.1812 0.23802 -0.02472 -0.018624 0.12425 0.23083 0.024261 -0.028944 0.092904 0.11446
108.68 113.01 3.8728 1.5569 0 0 0 0 0 0 0 0 0 0 0 0 0 0 0 0 0.022862 0.097385 0.037981 0.20066 0.033284 0.15339 0.1133 0.44208 -0.071584 0.12115 0.11208 0.24511 -0.0069219 0.004122 0.0069462 0.0053631 0.0059006 -0.052155 0.15932 0.32911 -0.01671 -0.10412 0.22176 0.48036 -0.067609 -0.080237 0.23617 0.26553 -0.015436 0.019971 0.03088 0.031111 0.0092726 -0.012703 0.041284 0.079836 -0.0097268 -0.003457 0.065783 0.13312 0.028243 0.0023305 0.077904 0.090836 -0.012067 0.01087 0.079838 0.05663
135.79 116.47 3.8318 1.7527 -0 0 0 0 -0 0 0 0 -0 0 0 0 -0 0 0 0 0.018185 0.011816 0.018185 0.011816 0.056653 0.16763 0.10503 0.29415 0.012166 0.13063 0.12132 0.41565 -0.036241 0.11661 0.080704 0.19276 0.034362 0.0076031 0.067747 0.058272 0.075586 -0.091477 0.24224 0.3434 -0.0036093 -0.10398 0.24375 0.42608 -0.029519 -0.071387 0.16574 0.26601 -0.016622 0.0052067 0.073987 0.054139 0.022879 -0.0088046 0.071732 0.10465 -0.0094196 -0.0022199 0.067171 0.12671 0.012317 -0.0017651 0.039306 0.057148
96.436 155.78 3.7621 2.0292 0.017573 -0.0058233 0.10971 0.14673 0.012127 -0.094131 0.17576 0.2398 -0.0037264 -0.13137 0.23057 0.25937 -0.025884 -0.010135 0.037984 0.030022 -0.00069674 0.033415 0.15616 0.18168 -0.030149 0.047507 0.18017 0.31065 0.014466 0.074692 0.2627 0.33098 -0.062826 0.019754 0.0999 0.080303 0.045318 -0.052733 0.10755 0.18047 -0.025527 -0.040236 0.21607 0.31836 -0.068836 -0.083307 0.20488 0.25663 -0.038722 -0.023287 0.050394 0.040758 0.0044825 -0.016301 0.0061286 0.016826 0.0040268 -0.045281 0.018068 0.048771 -0.0094177 -0.0264 0.012346 0.027663 -0.00090967 -0.0011283 0.00090967 0.0011283
112.11 159.21 3.4935 1.1608 -0.037127 -0.02063 0.14465 0.20225 -0.014373 -0.011884 0.11339 0.12381 0.053203 -0.0051485 0.16785 0.14822 0.011003 0.001257 0.16406 0.11489 0.0049136 -0.028919 0.16187 0.24201 -0.011001 0.035369 0.1798 0.29496 0.075678 0.077836 0.27067 0.24855 0.0013714 0.013453 0.16331 0.11586 0.025059 -0.01326 0.10271 0.16793 0.037678 0.03673 0.19421 0.2611 0.032452 0.009343 0.28799 0.22501 -0.089448 -0.06388 0.14548 0.10119 0.0017326 0.012962 0.09322 0.10167 0.0030696 -0.048978 0.12617 0.17037 -0.034194 -0.079873 0.079064 0.11612 -0.012057 -0.016911 0.013729 0.017456
156.73 169.32 3.6557 1.1417 0.030747 0.022683 0.056927 0.035847 0.0098014 -0.039685 0.15173 0.16822 0.01272 -0.030645 0.17989 0.23293 0.015371 0.024351 0.12745 0.15147 0.10144 -0.015436 0.21161 0.13456 -0.037417 0.088196 0.42064 0.3502 0.035942 0.11978 0.28277 0.29036 0.032052 -0.041275 0.19215 0.22442 0.020099 -0.018627 0.025533 0.025642 0.047548 -0.082497 0.14711 0.17908 -0.014598 -0.11627 0.14233 0.22966 -0.01348 -0.04945 0.044321 0.070885 -1.2115e-18 5.5432e-19 1.2115e-18 5.5432e-19 0.000131 -0.00014846 0.000131 0.00014846 0.00010072 -0.00011757 0.00010072 0.00011757 1.0464e-06 -2.8116e-06 1.0464e-06 2.8116e-06
171.62 168.47 3.8579 3.6276 0 -0 0 0 0 -0 0 0 0 -0 0 0 0 -0 0 0 0.00055775 0.0015952 0.00055775 0.0015952 0.021485 0.063373 0.028746 0.063373 -0.0056952 0.10287 0.043812 0.10287 -0.0034373 0.0062499 0.0045483 0.0062499 0.067823 0.045034 0.087463 0.078237 -0.013412 0.019924 0.305 0.37849 -0.04567 -0.028028 0.42119 0.55109 -0.044124 -0.00030496 0.079434 0.098857 0.036209 0.035251 0.12692 0.12685 -0.047816 0.0010236 0.1962 0.19078 0.015135 -0.012128 0.14301 0.18212 -0.032073 0.065688 0.15794 0.10938
102.84 170.73 4.0488 5.0438 0 0 0 0 0 0 0 0 0 0 0 0 0 0 0 0 0.035386 0.054757 0.043317 0.062881 0.044716 0.17006 0.13193 0.2341 -0.049463 0.15817 0.11067 0.26626 -0.032616 0.063862 0.06447 0.086612 0.016608 0.034381 0.20677 0.15199 -0.013884 -0.10237 0.22895 0.38577 -0.027027 -0.055405 0.25933 0.37609 -0.012682 -0.0286 0.20675 0.18978 0.0036163 -0.019949 0.090483 0.08796 -0.0064099 -0.0017947 0.099238 0.18033 -0.0066133 0.002517 0.12214 0.31276 -0.013166 -0.0057208 0.064992 0.10934
86.837 180.98 3.482 5.2682 0 0 0 0 0 0 0 0 0 0 0 0 0 0 0 0 0 0 0 0 0 0 0 0 0 0 0 0 0 0 0 0 0.064326 0.10042 0.096471 0.12811 0.018597 0.1881 0.20974 0.32262 -0.047124 0.28846 0.2389 0.38864 -0.049103 0.13269 0.083464 0.16487 0.0036142 0.018866 0.20027 0.17691 0.010607 -0.10205 0.23831 0.22223 0.050136 -0.12974 0.25204 0.32568 -0.02821 -0.0018431 0.13822 0.17669
118.21 178.32 4.2053 4.6817 0 -0 0 0 0 -0 0 0 0 -0 0 0 0 -0 0 0 0.01933 0.042851 0.021257 0.042934 0.032913 0.16331 0.073583 0.21912 -0.010632 0.11849 0.15579 0.1947 -0.010921 0.091001 0.082285 0.12205 0.066808 0.019956 0.16939 0.16938 0.0002041 -0.093451 0.30034 0.39247 -0.071135 -0.019985 0.29834 0.34807 0.010369 -0.039106 0.1423 0.20424 -0.026672 -0.024751 0.16801 0.13988 0.016082 -0.028692 0.11603 0.22086 -0.0093904 0.024201 0.14543 0.25946 -0.017118 0.00090307 0.048971 0.095916
107.05 184.29 3.4166 4.911 0 0 0 0 0 0 0 0 0 0 0 0 0 0 0 0 0.0022891 0.0087853 0.0023331 0.0087853 0.0010489 0.079662 0.016198 0.079662 0.002255 0.074148 0.025321 0.095519 -0.0060108 0.015891 0.0090843 0.020413 0.065704 0.10865 0.14693 0.17585 0.021525 0.18901 0.31002 0.39436 -0.098851 0.14485 0.19588 0.41274 -0.023886 0.084069 0.2107 0.19917 -0.019389 -0.050074 0.13 0.11052 -0.022754 -0.075401 0.20375 0.26244 -0.021468 -0.040242 0.17636 0.25881 -0.014176 -0.035357 0.13483 0.12168
143.27 121.08 5.5787 1.6531 -0 0 0 0 -0 0 0 0 -0 0 0 0 -0 0 0 0 -0 0 0 0 0.08568 0.059158 0.11106 0.20947 0.015714 0.11151 0.15793 0.51988 -0.051146 0.045293 0.10634 0.21894 0.017817 0.01865 0.078903 0.042564 0.041613 -0.030629 0.22702 0.24851 -0.016294 -0.099264 0.20616 0.47801 -0.016035 -0.021847 0.13694 0.17747 0.021127 -0.0096158 0.041662 0.024281 -0.0077467 -0.0084026 0.12342 0.15371 0.020209 0.0041777 0.10848 0.18857 -0.014264 -0.0053671 0.070505 0.097864
81.999 181.46 5.2595 5.2848 0 0 0 0 0 0 0 0 0 0 0 0 0 0 0 0 0 0 0 0 0.0002625 0.00016913 0.0002625 0.00016913 0.0014655 0.00094423 0.0014655 0.00094423 0 0 0 0 0.044782 0.034263 0.052868 0.057567 0.092681 0.099723 0.22133 0.38992 -0.068604 0.17666 0.23498 0.4913 -0.072474 0.095188 0.10593 0.14311 0.041476 -0.0084994 0.066324 0.066671 0.005967 -0.070037 0.22728 0.27586 0.032462 -0.1119 0.24713 0.32045 -0.0030544 -0.031769 0.18846 0.18819
131.41 185.64 5.3125 4.6201 0 -0 0 0 0 -0 0 0 0 -0 0 0 0 -0 0 0 0.0022572 0.0058279 0.0022572 0.0058873 0.0030786 0.07994 0.035825 0.080074 -0.0065773 0.099729 0.043684 0.099729 -0.0041767 0.019512 0.0089406 0.019512 0.061511 0.070333 0.16763 0.20198 -0.053484 0.034236 0.29665 0.4007 -0.0078056 0.011988 0.28566 0.41486 -0.048629 0.050488 0.22408 0.20461 -0.02755 -0.031601 0.16378 0.15258 0.011494 -0.035393 0.17266 0.28197 -0.034064 0.013683 0.12807 0.25796 -0.0085975 -0.027764 0.14739 0.11218
136.84 124.28 6.7899 4.6388 0.022475 0.022848 0.052179 0.07672 -0.026787 0.019358 0.093148 0.16281 -0.014983 0.021401 0.13737 0.14097 -0.011183 0.0066603 0.021313 0.012792 0.01233 0.0012874 0.12188 0.14318 0.037113 0.16266 0.22041 0.3897 -0.047312 0.028249 0.25541 0.24939 -0.011401 -0.0083788 0.033966 0.019838 0.053165 -0.029249 0.067298 0.13952 0.0079123 -0.12316 0.19696 0.61221 -0.054314 -0.059056 0.10256 0.21059 -0.00047779 3.5218e-05 0.00047779 3.5218e-05 0.00022023 -0.0018372 0.00022023 0.0018372 -0.00012664 -0.0053913 0.00058528 0.0053913 0 -0 0 0 0 -0 0 0
83.067 150.33 6.6473 1.8815 0.019252 0.0328 0.10472 0.22359 -0.059046 0.058085 0.22967 0.49155 -0.036913 0.007554 0.048274 0.063442 -0 0 0 0 -0.001061 0.012951 0.16586 0.24914 -0.021535 -0.0067794 0.3292 0.47025 -0.06613 0.0074397 0.13763 0.12453 -0 0 0 0 0.030686 -0.045204 0.08396 0.16294 -0.041878 -0.071976 0.16212 0.29596 -0.048608 -0.026181 0.070749 0.064218 -0 0 0 0 0.0012076 -0.0055308 0.0021249 0.0055308 -0.001538 -0.011974 0.003749 0.011974 -0.00044895 -0.0010247 0.00044895 0.0010247 -0 0 0 0
111.1 169.68 9.89 4.9523 0 0 0 0 6.5445e-19 1.6011e-19 3.2901e-18 8.049e-19 -1.3069e-18 -3.1973e-19 3.8211e-18 9.348e-19 0 0 0 0 0.0084849 0.0039941 0.0084849 0.0039941 0.033713 0.070554 0.1047 0.20865 -0.037781 0.071827 0.09163 0.19573 -0.0065867 0.0077734 0.012624 0.0155 0.019168 0.00014221 0.019168 0.0097209 0.084244 0.035854 0.30345 0.56778 -0.048723 0.0012391 0.29092 0.51023 -0.020471 -0.0060601 0.070932 0.039202 0 0 0 0 0.035096 -0.058862 0.083971 0.23258 -0.024143 -0.04962 0.067888 0.18394 -0.0024318 -0.002518 0.0056445 0.0035784
