41 64
124.58 109.56 2.2219 1.7393 -0 0 0 0 -0 0 0 0 -0 0 0 0 -0 0 0 0 0.004562 0.10934 0.015194 0.10934 -0.016608 0.13051 0.025455 0.13051 0.012208 0.15841 0.047593 0.15841 -0.012071 0.058024 0.015585 0.058024 0.0081857 0.015229 0.097279 0.35598 -0.036834 0.010231 0.17051 0.47006 0.059195 0.011554 0.17636 0.49381 -0.049656 0.073692 0.1578 0.33256 -0.014673 -0.028659 0.054863 0.06681 0.015734 -0.076799 0.12513 0.09528 0.011725 -0.053651 0.090305 0.0866 0.018255 -0.049641 0.066019 0.077159
97.72 116.28 1.9438 0.89129 0 0 0 0 0 0 0 0 0 0 0 0 0.0076197 0.0068136 0.01188 0.012677 0.02642 0.062907 0.02642 0.062907 0.047883 0.25552 0.10628 0.28044 -0.049343 0.11398 0.085263 0.13601 0.0043917 0.042934 0.061938 0.064519 0.084699 0.099802 0.24184 0.32842 -0.10476 -0.011488 0.27834 0.41353 -0.13191 0.056194 0.27401 0.22405 0.0016869 0.035875 0.21816 0.15165 -0.031322 -0.044895 0.12946 0.11251 -0.036742 -0.04103 0.093158 0.097599 -0.041718 -0.0019936 0.15797 0.12884 0.018451 -0.014205 0.12005 0.094916
123.68 121.96 1.8465 4.8055 0.0063095 -0.012332 0.052298 0.073706 -0.019943 -0.048438 0.15622 0.13883 0.034526 -0.056479 0.11001 0.14009 -0.0091787 -0.0094521 0.045166 0.072702 -0.023404 0.036644 0.07106 0.075976 -0.016585 0.053802 0.13006 0.089265 0.0086391 0.062582 0.14856 0.11905 0.0034986 0.037418 0.067229 0.11345 0.014231 -0.0053914 0.11749 0.30323 -0.04829 -0.0044713 0.16383 0.45441 0.032564 -0.031496 0.14209 0.4629 -0.026901 -0.01429 0.10686 0.36218 0.017759 -0.074369 0.024169 0.095094 -0.022623 -0.10449 0.041725 0.14499 0.0057846 -0.089829 0.019651 0.11526 -0.0094538 -0.058025 0.015853 0.070328
144.38 125.72 1.9386 4.7408 0.009012 -0.016102 0.090712 0.11225 -0.040741 0.018154 0.080851 0.13754 0.02426 0.023926 0.15265 0.099052 -0.026481 0.015376 0.16369 0.076277 0.01616 -0.0029811 0.11264 0.086826 0.0037255 -0.033045 0.11466 0.14692 -0.030268 0.038229 0.26061 0.19265 -0.040563 -0.043668 0.15541 0.087653 0.019118 0.084769 0.10541 0.23658 -0.028021 0.088693 0.18058 0.51679 -0.1635 -0.067156 0.25492 0.31304 -0.024046 -0.010381 0.027967 0.017912 0.0014044 -0.090853 0.02995 0.15535 -0.031251 -0.14385 0.052192 0.20313 -0.029466 -0.043552 0.030476 0.053087 -0.00052286 -0.00058684 0.00052693 0.00058684
152.18 130.16 1.782 3.4015 0.012657 0.048202 0.037998 0.096337 -0.015789 0.042804 0.12149 0.17707 -0.033642 -0.025187 0.053503 0.063265 -0.0019819 -0.00082583 0.0019819 0.0010398 0.028961 -0.0083307 0.081019 0.19127 -0.042817 -0.032009 0.22886 0.43561 -0.06006 0.10424 0.10271 0.17601 -0.0064622 0.0064882 0.0066243 0.0064882 0.022192 0.073411 0.12976 0.1063 0.0016867 0.060725 0.1992 0.20411 -0.023524 0.12947 0.37633 0.28257 -0.079286 0.044038 0.11161 0.048724 -0.00878 -0.010317 0.104 0.060889 -0.021824 -0.027968 0.092757 0.090272 0.06931 0.021196 0.35025 0.12527 -0.094474 0.0042612 0.13313 0.028941
173.52 131.76 2.2991 3.7339 -0.00011504 0.00019984 0.00017479 0.00028862 0 -0 0 0 0 -0 0 0 0 -0 0 0 0.034089 0.031497 0.06543 0.075762 0.088862 0.14375 0.15964 0.3043 -0.10795 0.045902 0.13692 0.13594 0 -0 0 0 -0.00842 0.15034 0.30321 0.46568 -0.059589 -0.076225 0.26426 0.36425 -0.08598 -0.08825 0.11188 0.12954 0 -0 0 0 0.020738 -0.0067726 0.2004 0.32387 -0.076799 0.057432 0.12602 0.17817 -0.0031654 0.0019866 0.0031654 0.0021361 0 -0 0 0
157.6 136.31 2.083 2.3285 0.042353 0.014229 0.059282 0.031348 -0.058717 0.016508 0.11451 0.061586 -0.0010499 0.0040934 0.0020354 0.0040934 -0.0010467 0.012703 0.0028675 0.012703 0.026106 -0.031619 0.08623 0.053562 0.043897 0.099808 0.301 0.25016 0.04874 0.11878 0.2599 0.19753 0.065777 0.075441 0.16522 0.26804 0.031331 0.013861 0.051886 0.039285 0.063983 0.0058138 0.36699 0.31584 0.017956 0.013975 0.34756 0.25655 0.01211 -0.0096068 0.13626 0.14421 0.015922 0.0015993 0.044825 0.033734 0.010983 -0.021926 0.12018 0.10317 0.078106 0.015107 0.14747 0.13978 -0.028057 0.028195 0.08973 0.078712
109.87 138.19 2.347 5.7084 0.005952 -0.0097201 0.067613 0.13216 -0.038862 -0.023528 0.12532 0.13682 -0.028877 -0.0017772 0.071393 0.069536 0.0082972 -0.0059576 0.025396 0.024041 -0.0097321 0.041238 0.088936 0.15685 0.0041452 0.046385 0.15968 0.16821 -0.023446 0.094322 0.27257 0.21638 -0.047863 0.046192 0.16569 0.15159 -0.064826 0.015782 0.098734 0.098483 0.0206 -0.013202 0.12771 0.111 0.091501 -0.038523 0.33651 0.29042 -0.069314 -0.094443 0.35287 0.41442 -0.049037 0.013897 0.1162 0.094523 -0.037378 0.020097 0.075448 0.082294 0.037607 -0.020051 0.12059 0.10544 -0.013586 -0.0028776 0.077639 0.10006
145.71 146.2 1.896 3.2894 0.0056329 0.0046767 0.014005 0.016189 0.018825 0.023758 0.056331 0.15574 0.047748 0.055792 0.13809 0.30021 -0.046799 0.018004 0.081331 0.14032 0.0068314 -0.0045987 0.018862 0.022197 0.047167 -0.012222 0.11327 0.16578 0.060786 -0.042694 0.2033 0.37755 0.011634 0.035249 0.14408 0.26746 -0.00045721 0.006418 0.01851 0.011485 0.12653 0.039808 0.19428 0.10298 0.033169 0.11892 0.31461 0.18929 0.0099381 0.013288 0.15326 0.11732 0.03236 0.018288 0.10744 0.066557 0.081169 0.078773 0.29822 0.24119 -0.038664 -0.040447 0.19066 0.12761 0.017227 -0.016694 0.071796 0.090977
109.58 147.75 2.0136 5.3894 -0.0019955 0.028181 0.059809 0.070787 -0.018394 -0.0084841 0.04795 0.077752 0.012783 -0.011475 0.035141 0.039497 0.0035294 0.013094 0.025651 0.025253 -0.041836 -0.011753 0.11129 0.11581 -0.014281 0.029759 0.10638 0.12793 0.026774 0.086848 0.11434 0.14359 0.0042035 -0.0033534 0.054132 0.072598 0.016528 0.010563 0.085118 0.10458 -0.012565 0.056587 0.1955 0.19011 0.02619 0.098219 0.54182 0.5262 -0.066916 0.028248 0.16573 0.24047 -0.013842 0.0089605 0.043641 0.045668 -0.0032946 -0.025176 0.082595 0.091624 0.027086 -0.051564 0.16423 0.1919 -0.025445 0.0093255 0.067986 0.10165
130.73 150 1.9799 4.7606 0.0053685 -0.017895 0.03416 0.039649 -0.020534 -0.018779 0.046263 0.070081 -0.01075 -0.0039001 0.01629 0.02366 0.00041898 0.00046791 0.0047773 0.0032325 0.040614 0.10457 0.1755 0.25182 -0.063893 0.1161 0.23028 0.30889 -0.024699 0.041543 0.049347 0.090521 0.00092516 0.016274 0.016984 0.024909 0.040894 -0.020427 0.2529 0.34635 -0.05259 -0.0054189 0.37151 0.49003 -0.03322 0.096845 0.10333 0.18487 -0.043152 0.017438 0.06509 0.079184 -0.015217 -0.01317 0.079684 0.064052 0.021276 -0.036592 0.11951 0.11307 0.0084739 -0.027851 0.066632 0.097613 -0.030588 0.012467 0.068815 0.076423
155.36 151.88 2.0837 3.4131 -0.00080929 0.0010878 0.0034413 0.0041152 0.0001649 -0.00056387 0.0012409 0.0027684 0.0035679 0.0017221 0.014528 0.015059 0.036626 0.013975 0.052063 0.075897 -0.00060228 0.0052653 0.023209 0.044693 0.040531 0.024624 0.090665 0.13917 0.05941 0.082577 0.20014 0.42435 -0.021876 0.095957 0.19817 0.31064 0.0031079 -0.0025053 0.012407 0.019347 0.061575 -0.003485 0.1038 0.10922 0.05237 -0.018983 0.22197 0.38939 -0.0096393 -0.049319 0.21409 0.40529 -0.00058436 0.010882 0.026122 0.018447 0.09163 0.029632 0.12752 0.064844 0.028337 0.10611 0.21447 0.1508 -0.012762 0.031127 0.11872 0.1029
90.32 159.84 1.8842 2.6018 -0.025625 -0.012221 0.055426 0.058072 0.01346 -0.010055 0.097899 0.099123 0.096305 0.028974 0.19625 0.19942 0.018837 0.018537 0.16846 0.22508 0.027324 0.019624 0.071791 0.10865 -0.010227 0.054247 0.16417 0.24849 0.10957 -0.10434 0.28055 0.4006 -0.040858 -0.16092 0.16503 0.33152 0.043942 -0.012451 0.08605 0.17435 -0.042642 -0.042115 0.17898 0.30124 -0.057843 -0.0011135 0.16274 0.18615 -0.0082424 -0.024399 0.072853 0.074936 0.0039538 -0.028038 0.013034 0.032122 0.0082424 -0.041851 0.041725 0.081669 -0.0058609 -0.035104 0.061157 0.0797 -0.013852 -0.0089768 0.031296 0.033523
121 159.31 2.1127 5.0003 -0.0039817 -0.0012657 0.02796 0.023027 0.0073723 0.022446 0.041536 0.037161 -0.021113 0.020614 0.038348 0.039472 -0.0019996 0.0048815 0.013619 0.013544 0.006085 -0.0059898 0.033424 0.044249 0.020681 -0.030993 0.08786 0.10458 -0.029243 -0.030282 0.072591 0.10623 -0.012658 -0.0065235 0.02723 0.032021 0.052126 0.040777 0.11692 0.16375 -0.015836 0.1593 0.44626 0.48424 -0.09603 0.056222 0.20553 0.25418 -0.007287 -0.00099967 0.013624 0.024165 0.019646 0.0037395 0.08408 0.10669 -0.0029349 -0.071966 0.30244 0.37052 -0.043289 0.033881 0.14244 0.20247 -0.018266 0.037345 0.035481 0.054352
73.867 166.06 2.0836 5.6553 0 0 0 0 0 0 0 0 0 0 0 0 0 0 0 0 0.017261 0.020153 0.017261 0.032722 -0.0013061 0.1078 0.046029 0.12256 -0.01219 0.11885 0.050281 0.11885 -0.0088381 0.03357 0.011549 0.03357 0.019132 -0.014405 0.092263 0.10297 0.070585 -0.026003 0.24826 0.25763 -0.023608 0.068297 0.23076 0.34907 -0.01544 0.11255 0.15389 0.29818 0.017754 0.048322 0.094272 0.093266 0.023234 0.14165 0.20094 0.31824 0.067568 -0.0086277 0.29442 0.37195 -0.025237 -0.024616 0.1261 0.21745
129.82 168.83 1.9284 3.9006 5.8181e-05 0.00039911 0.00015824 0.00039911 0.00058027 0.0038361 0.0036274 0.0050192 0.0012628 0.0021111 0.0048744 0.0079361 0.0012249 -0.0064687 0.019649 0.023517 -0.022782 0.018868 0.062902 0.044247 0.01012 0.047942 0.083419 0.087274 -0.020869 0.021658 0.044267 0.059324 -0.006864 -0.004788 0.011504 0.014102 0.023485 0.025865 0.092871 0.075277 -0.0021076 0.063804 0.21698 0.17292 -0.026761 0.056557 0.16384 0.15898 0.050809 0.072229 0.085487 0.090804 0.021343 -0.014249 0.05608 0.045189 -0.01435 -0.046073 0.14353 0.12182 0.16182 0.26777 0.52669 0.41781 0.055269 0.13677 0.35647 0.22377
88.4 173.39 2.3525 5.6997 -0.0012407 0.021931 0.006469 0.021931 -0.0016207 0.016565 0.0033364 0.016565 1.4007e-05 2.1217e-05 1.4007e-05 2.1217e-05 3.1211e-18 4.7275e-18 3.4498e-17 5.2254e-17 0.001096 0.049381 0.10153 0.14908 0.0093313 0.10642 0.14385 0.2183 -0.049882 0.1605 0.11466 0.23595 -0.021171 0.014646 0.025879 0.031178 0.039299 -0.015164 0.15538 0.23515 0.050737 0.0025654 0.30715 0.43469 -0.10879 0.020574 0.21304 0.33711 -0.036729 0.010243 0.045176 0.052153 -0.083498 0.018447 0.18385 0.24915 -0.013687 -0.084218 0.18285 0.23658 -0.0099286 -0.029168 0.10092 0.142 -0.015917 0.033492 0.048494 0.069585
100.44 178.05 2.1973 3.6697 0 -0 0 0 0.046919 -0.0045155 0.047853 0.026509 0.0155 0.010652 0.17631 0.12817 0.049791 0.061209 0.11639 0.12169 0.0022864 0.00032512 0.005034 0.0025941 0.025532 0.035266 0.07699 0.075953 0.088402 0.027341 0.16922 0.14978 0.034243 -0.082647 0.16924 0.17555 0.025596 -0.002075 0.027309 0.0080267 0.069991 0.11869 0.35152 0.26237 -0.038421 0.09574 0.29064 0.31275 -0.065407 -0.012316 0.15776 0.13875 0.0054404 -0.0012819 0.0054404 0.0020642 0.078417 -0.028723 0.16215 0.16148 -0.020576 -0.039877 0.21847 0.33749 0.027421 0.040681 0.25153 0.16894
88.526 184.49 1.8216 5.2862 0 0 0 0 0 0 0 0 5.3166e-17 3.4366e-17 2.3634e-16 1.5277e-16 -1.5777e-17 -1.0198e-17 1.4011e-16 9.0568e-17 0 0 0 0 0.0061583 0.022922 0.0073741 0.022922 0.0019141 0.014098 0.0079961 0.014835 -0.00051251 0.00070587 0.00080473 0.001004 0.032478 0.08175 0.15354 0.16816 0.010553 0.19473 0.35867 0.45042 -0.16397 0.061246 0.24557 0.26844 -0.0037702 0.025464 0.020881 0.027793 0.055818 -0.0053408 0.22408 0.17701 0.0026277 -0.029186 0.37689 0.30347 -0.076234 0.05149 0.17458 0.16569 -0.0039601 0.044802 0.082939 0.096828
118.21 184.38 1.8322 4.939 -0.00061434 0.00054261 0.00073475 0.00072768 0 0 0 0 0 0 0 0 0 0 0 0 -0.0074727 0.021273 0.054422 0.045967 0.058703 0.088762 0.1448 0.26685 -0.068667 0.032947 0.1138 0.27633 -0.0020913 0.00043754 0.0020913 0.0030621 0.0089073 0.089716 0.16317 0.14775 -0.0091029 0.070343 0.30393 0.36185 -0.090397 -0.0051509 0.16225 0.26981 -0.0094469 0.018563 0.017966 0.023086 0.043222 -0.039358 0.14111 0.13085 -0.0021822 0.031584 0.28406 0.3303 -0.1259 0.051222 0.2554 0.27709 -0.027535 0.0031079 0.074584 0.064786
141.28 116.45 2.9161 1.8443 -0 0 0 0 -0 0 0 0 -0 0 0 0 -0 0 0 0 0.0047052 0.0094776 0.0060552 0.0094776 0.071165 0.15613 0.083085 0.24398 -0.035756 0.22656 0.078052 0.31867 -0.01359 0.14738 0.043638 0.15045 0.032746 0.042283 0.16688 0.095613 0.096216 -0.028661 0.22684 0.35421 -0.0046149 -0.076133 0.17727 0.42981 0.032786 -0.019911 0.12576 0.29293 0.009337 -0.019916 0.14149 0.064227 0.042141 -0.0341 0.1242 0.14262 -0.012801 0.058993 0.16617 0.19806 0.0067336 0.0027222 0.074448 0.076548
133.99 140.3 2.7691 4.5766 0.0049084 0.00086354 0.036997 0.05335 -0.023681 0.016235 0.046381 0.070382 0.0059079 0.0061038 0.018592 0.017072 -0.0022389 0.0065759 0.023491 0.012732 0.07033 0.053831 0.19046 0.26318 -0.057023 0.084923 0.3505 0.39138 -0.048305 0.092523 0.13278 0.16929 -0.013119 0.031479 0.18715 0.095937 0.0029796 -0.0091964 0.11945 0.13443 0.0027219 -0.014202 0.21638 0.21336 -0.013174 0.071992 0.15591 0.22221 -0.050111 -0.0048613 0.14739 0.10919 0.013376 0.01461 0.065638 0.16267 -0.014782 -0.011906 0.11659 0.28129 -0.048129 -0.07261 0.13677 0.29797 -0.031604 -0.018192 0.038169 0.039941
89.479 144.83 2.8062 5.7696 0 0 0 0 0.01476 0.0049054 0.031033 0.029407 0.0064966 0.018696 0.044557 0.063998 -0.0038413 0.024177 0.02141 0.042963 0.0071467 0.017071 0.023885 0.032723 0.060727 0.13795 0.14244 0.18845 0.0026294 0.041913 0.18763 0.22481 -0.011462 -0.013236 0.075305 0.1112 0.058709 0.032649 0.085599 0.11575 0.027672 0.057756 0.28986 0.42174 -0.084989 0.041005 0.25514 0.26458 0.020229 0.012449 0.082441 0.096545 0.080792 0.049505 0.18259 0.10471 -0.028357 0.039933 0.16536 0.15454 0.044058 0.038243 0.30314 0.25469 -0.042968 0.034106 0.19824 0.20229
102.49 146.25 2.8106 5.3614 0.0085341 -0.00062268 0.023429 0.022352 0.017328 0.0041929 0.080558 0.081946 -0.0063407 -0.0073692 0.084701 0.073593 -0.0078131 0.011895 0.026312 0.027037 0.060014 0.037367 0.097298 0.090886 -0.063664 0.049988 0.24362 0.26868 0.0037177 0.038289 0.12651 0.15526 0.0082108 0.0066054 0.075533 0.090065 0.067668 0.019786 0.15141 0.13738 0.012656 0.034612 0.22057 0.24506 0.033573 0.043151 0.40894 0.39351 -0.072964 0.0035651 0.22564 0.24529 0.087891 0.00025565 0.14547 0.099239 -0.039367 0.067347 0.16161 0.15035 0.00088693 -0.019267 0.15604 0.13201 -0.021003 -0.0025722 0.095978 0.10508
77.461 159.84 2.9417 5.6436 0 0 0 0 0 0 0 0 0 0 0 0 0 0 0 0 0.0051087 0.0036116 0.0085156 0.0061001 0.036243 0.046537 0.073791 0.1339 0.009227 0.10306 0.084965 0.18281 -0.023772 0.061364 0.048381 0.10266 0.013376 0.0063828 0.03676 0.02286 0.050612 0.11844 0.22999 0.28309 0.025099 0.0012107 0.27809 0.35244 -0.060932 0.0044162 0.11828 0.1595 0.052419 0.027153 0.12704 0.19214 -0.042249 0.023636 0.35814 0.45188 -0.086166 0.014897 0.20067 0.22561 0.031093 0.0050149 0.087721 0.092385
115.51 165.38 2.9484 1.3944 0.011475 -0.019127 0.11723 0.14671 -0.018671 0.022988 0.36467 0.42161 -0.029972 -0.063612 0.17412 0.19312 -0.022474 -0.034153 0.14085 0.1095 0.036761 -0.08569 0.089975 0.13356 -0.0030733 -0.085994 0.34836 0.47293 -0.019675 0.018081 0.13411 0.17725 0.0079908 0.013251 0.15466 0.089827 0.010672 -0.0046551 0.019287 0.027601 0.040035 -0.042146 0.10582 0.13787 -0.019044 -0.031727 0.09896 0.1007 -0.0015339 -0.040448 0.11225 0.058824 1.9999e-05 -0.0010046 0.0022683 0.0026072 0.0078128 -0.011395 0.017413 0.031852 -0.0080384 -0.013908 0.022089 0.030757 -0.00032761 -0.0056231 0.0056911 0.0059742
120.86 176.35 2.726 4.2127 0 -0 0 0 0.00065695 0.0012036 0.00065695 0.0012036 0.00017459 0.00031986 0.00017459 0.00031986 0.0039846 0.00096902 0.0094582 0.0037219 0.0076153 0.0025622 0.0092016 0.0044486 -0.0070673 0.031798 0.10986 0.12674 -0.021654 0.046429 0.055884 0.078381 -0.00069627 0.0039995 0.016217 0.016917 0.0065391 0.057404 0.10412 0.069698 0.043897 0.021184 0.13991 0.15962 -0.061127 0.056257 0.22423 0.27963 0.0016142 0.061291 0.077635 0.099044 -0.0062699 -0.0063683 0.1074 0.078575 -0.01113 -0.01171 0.12297 0.12316 0.092412 0.10357 0.49049 0.55182 -0.024888 0.043951 0.25055 0.24207
83.524 182.42 2.6411 5.5589 0 0 0 0 0 0 0 0 0 0 0 0 0 0 0 0 0.0072901 0.033254 0.0095332 0.033254 -0.00041246 0.053054 0.014235 0.053054 0.00065371 0.0089335 0.0014562 0.0089335 -6.9408e-06 0.00011345 6.9408e-06 0.00011345 0.062306 -0.01342 0.15766 0.18092 0.022354 0.13075 0.33177 0.48937 -0.12373 0.055849 0.17725 0.22041 -0.0046476 0.0082248 0.0067354 0.010382 0.0034808 0.12746 0.28193 0.33158 -0.0041549 -0.10703 0.25609 0.31585 -0.043715 0.04999 0.16204 0.17531 -0.031205 0.006449 0.090364 0.10534
124.65 107.1 3.79 1.6676 -0 0 0 0 -0 0 0 0 -0 0 0 0 -0 0 0 0 0.0041379 0.012175 0.0041379 0.012175 0.010686 0.11994 0.022689 0.11994 -0.010248 0.15062 0.03044 0.15062 -0.0039347 0.013136 0.0039347 0.013136 0.092317 0.049701 0.14626 0.16808 0.025961 0.014508 0.17879 0.48988 0.012102 0.028429 0.20159 0.55767 -0.093215 0.039801 0.13809 0.14201 0.032227 -0.031048 0.13005 0.085027 0.027683 -0.030474 0.17714 0.19627 -0.020945 -0.042307 0.17335 0.17189 -0.038481 -0.0072776 0.13864 0.087218
139.27 117.33 3.8798 1.8079 -0 0 0 0 -0 0 0 0 -0 0 0 0 -0 0 0 0 0.0036109 0.010547 0.011706 0.010547 0.076448 0.11499 0.089649 0.21043 -0.014242 0.18844 0.077144 0.35035 -0.047132 0.13607 0.066765 0.17926 0.038893 0.016561 0.18008 0.11054 0.085472 0.0092765 0.27193 0.28767 0.011874 -0.024568 0.17232 0.40485 -0.055435 0.002509 0.18429 0.26526 0.010786 -0.01367 0.044496 0.025264 0.049042 -0.058988 0.11011 0.13075 0.00029698 -0.044161 0.21664 0.28245 0.0019459 -0.036601 0.12485 0.10303
136.88 139.99 3.5385 4.4129 -0.0037828 0.016546 0.031648 0.039773 -0.012982 0.0067822 0.020167 0.029069 -0.00063379 0.0051921 0.020337 0.014378 -0.0010604 0.00088059 0.0022052 0.0013601 0.055578 0.035865 0.14505 0.17483 -0.0043055 0.13516 0.25794 0.31285 -0.021364 0.082718 0.24741 0.18755 -0.019989 0.017294 0.11053 0.091875 0.031087 0.01314 0.154 0.13758 0.028851 0.043416 0.21476 0.26895 -0.10122 0.037854 0.31102 0.34764 -0.041178 -0.015309 0.071667 0.056789 0.043984 -0.033937 0.089409 0.1518 -0.044093 -0.078485 0.13703 0.33083 -0.058401 -0.093936 0.10344 0.18226 -0.0069692 -0.0050068 0.0074339 0.0068327
124.1 176.66 3.5196 4.1651 -1.0106e-18 6.1591e-19 1.5546e-18 9.4742e-19 0 -0 0 0 0.00067025 -0.00028454 0.00067025 0.00028454 0.001064 -0.00021347 0.001812 0.00066926 0.002891 0.00050229 0.0031324 0.00054775 0.010522 0.041981 0.044483 0.060391 -0.0024319 0.027057 0.019348 0.050258 0.0029124 0.008897 0.02181 0.019992 0.017938 0.050845 0.084469 0.064746 0.025641 0.0321 0.16858 0.19381 -0.0045817 0.20471 0.29529 0.37771 0.041992 0.16062 0.18244 0.20668 0.028844 -0.011591 0.11169 0.067959 0.033891 0.046125 0.21878 0.19362 0.083535 0.0389 0.44143 0.37214 0.037126 0.057917 0.17778 0.21389
156.39 124.54 4.9933 2.7409 -0 0 0 0 0.0011164 0.0026355 0.0011164 0.0026355 3.4207e-06 8.0752e-06 3.4207e-06 8.0752e-06 -0 0 0 0 0.015495 0.0010017 0.015495 0.011085 0.0061432 0.065678 0.15705 0.17872 -0.022489 0.06433 0.040434 0.06883 -0.00056756 0.00091238 0.00056756 0.00091238 0.017103 -0.00046468 0.020039 0.027478 0.11217 0.014122 0.28752 0.29812 -0.08998 0.12022 0.53731 0.35532 -0.057604 0.035753 0.081259 0.04678 0.012951 0.011147 0.030816 0.019887 0.065108 -0.027386 0.245 0.21015 0.022409 -0.041548 0.31672 0.21781 -0.07089 -0.00083897 0.14301 0.066849
104.59 153.38 5.157 5.2285 0.0036712 0.0039961 0.0036712 0.0055026 0.0053828 0.029348 0.028667 0.0396 -0.0089531 0.018747 0.023335 0.026172 -0.00046789 0.0010423 0.0019615 0.0031604 0.03224 0.015327 0.039214 0.035313 0.0034853 0.038816 0.1932 0.20741 -0.019489 0.024128 0.13878 0.17038 -0.014545 0.0015376 0.025013 0.027374 0.079331 0.01613 0.11954 0.073282 0.05733 0.081855 0.32725 0.26665 -0.042038 0.099952 0.33449 0.37952 -0.033693 0.024869 0.068809 0.059721 0.037978 -0.011444 0.04466 0.031366 0.052591 -0.10605 0.21853 0.31769 -0.047978 -0.048041 0.21333 0.34189 -0.049386 -0.0099146 0.13554 0.10449
133.97 156.44 5.2589 4.2785 0.00030165 0.0029832 0.0027159 0.0032782 -0.00051916 0.0030342 0.0022907 0.0036412 -0.0016165 0.00096875 0.0028729 0.001621 -0.00018217 8.4398e-05 0.00018217 8.4398e-05 0.012583 0.032178 0.056294 0.056999 -0.021196 0.057921 0.089169 0.13069 0.0092277 0.064605 0.097664 0.086233 -0.0021131 0.039111 0.06642 0.062502 0.014867 0.023165 0.13214 0.12004 0.062361 0.11693 0.33649 0.37123 -0.036309 0.13937 0.31348 0.35205 -0.053106 0.015638 0.14274 0.12159 0.044079 -0.019571 0.11496 0.0674 0.043198 -0.0095473 0.22681 0.28568 -0.076404 -0.072492 0.24702 0.34315 -0.031201 -0.016871 0.044879 0.041936
91.377 169.14 5.0759 5.5858 0 0 0 0 -4.9978e-18 -5.9657e-18 4.9978e-18 5.9657e-18 6.0422e-18 7.2124e-18 1.4371e-17 1.7154e-17 -2.6719e-18 -3.1894e-18 1.5218e-17 1.8165e-17 0.013473 0.0016886 0.015773 0.017859 0.038401 0.067511 0.088083 0.15744 -0.04291 0.051852 0.071342 0.083014 -0.0019437 0.0034438 0.002187 0.0036345 0.084576 0.0596 0.11966 0.15978 -0.043386 0.12824 0.30959 0.41528 -0.0579 0.04324 0.22369 0.23011 -0.025446 0.0054192 0.034826 0.029443 0.098461 0.03742 0.24641 0.16862 -0.049174 0.092154 0.31752 0.32964 -0.14747 0.057716 0.28138 0.26549 -0.010531 -0.0013598 0.017986 0.012841
102.62 183.75 5.1727 4.1744 -7.4242e-18 4.4296e-18 2.9108e-17 1.7367e-17 -5.2702e-18 3.1444e-18 8.0681e-18 4.8137e-18 0 -0 0 0 -0.00024898 0.00019951 0.00026563 0.00020944 7.633e-18 -4.5541e-18 3.399e-17 2.028e-17 0.0068512 0.013359 0.012968 0.013359 0.0073907 0.069762 0.088725 0.10023 -0.015966 0.015328 0.023836 0.038796 3.2307e-18 -1.9275e-18 2.4373e-17 1.4542e-17 0.063851 0.042827 0.19166 0.12357 0.076206 0.052796 0.32158 0.34591 0.039058 0.13377 0.29559 0.39798 1.9772e-18 -1.1797e-18 1.9772e-18 1.1797e-18 0.052206 -0.041169 0.14128 0.080888 0.10951 0.031257 0.36761 0.29539 0.029966 0.070322 0.23366 0.3042
103.99 157.66 6.2901 4.4141 9.1944e-19 -2.8266e-19 1.5594e-17 4.7941e-18 0.0011462 0.0042902 0.0057501 0.0042902 -0.00027666 0.0060995 0.0059461 0.0062929 -8.7801e-05 0.00015704 0.00091244 0.0003976 0.014606 0.0064489 0.016714 0.007992 0.020165 0.02975 0.12004 0.11327 0.0033356 0.14246 0.19022 0.25588 -0.010925 0.078076 0.11501 0.10761 0.0067918 -0.0027596 0.013998 0.011939 0.10854 0.0082461 0.29795 0.19794 0.095915 0.15535 0.34531 0.44396 -0.088197 0.033252 0.25148 0.31427 9.823e-06 -2.3821e-05 0.000132 5.8187e-05 0.054689 -0.038437 0.073049 0.05383 0.011502 -0.11996 0.1292 0.30622 -0.03558 -0.051081 0.056663 0.1103
76.291 91.32 12.989 0.58445 0 0 0 0 0 0 0 0 0 0 0 0 0 0 0 0 0 0 0 0 0 0 0 0 0 0 0 0 0 0 0 0 0 0 0 0 0.23711 0.11404 0.41037 0.34214 -0.15516 0.1074 0.48327 0.47561 -0.023104 0.0034739 0.032173 0.026921 0 0 0 0 0.079709 -0.073652 0.18075 0.14116 -0.063687 -0.11318 0.17985 0.18388 -0.0067586 -0.0041322 0.0094521 0.0091326
163.76 91.094 12.441 2.0607 -0 0 0 0 -0 0 0 0 -0 0 0 0 -0 0 0 0 -0 0 0 0 -0 0 0 0 -0 0 0 0 -0 0 0 0 -0 0 0 0 0.19155 0.055521 0.24633 0.27734 -0.10158 0.21574 0.47138 0.58982 -0.031406 0.011501 0.033058 0.021616 -0 0 0 0 0.071742 -0.049334 0.1065 0.10001 -0.050301 -0.10785 0.28496 0.26016 -0.018348 -0.0050282 0.023015 0.011749
122.08 128.26 14.168 1.6121 -0 0 0 0 -0 0 0 0 -0 0 0 0 -0 0 0 0 -0 0 0 0 0.16134 0.1904 0.22017 0.47606 -0.14164 0.15776 0.22364 0.32335 -0.0020758 0.00062141 0.0020758 0.00064261 -0 0 0 0 0.15244 -0.1568 0.22882 0.38364 -0.13656 -0.12213 0.29475 0.3079 -0.0087683 -0.00043359 0.0088177 0.0038373 -0 0 0 0 0.0022684 -0.0027467 0.0031552 0.0034095 -0.0016126 -0.0090961 0.008491 0.010212 -0.00037236 -0.00026085 0.00037678 0.00026085
