39 64
125.94 109.56 2.1974 1.7454 -0 0 0 0 -0 0 0 0 -0 0 0 0 -0 0 0 0 0.0080027 0.09018 0.01603 0.09018 -0.013842 0.13414 0.026153 0.13414 0.014075 0.15692 0.048898 0.15692 -0.015242 0.062368 0.022208 0.062368 0.032781 0.021379 0.096846 0.2959 -0.0063527 0.0029025 0.17249 0.51405 0.032753 0.012058 0.19193 0.54404 -0.039398 0.054432 0.13899 0.28676 -0.0028777 -0.029812 0.046365 0.057466 0.026193 -0.052886 0.10487 0.097678 -0.0059807 -0.043141 0.085671 0.077418 0.016412 -0.037064 0.056552 0.056125
97.654 116.22 1.9294 0.87316 0 0 0 0 0 0 0 0 0 0 0 0 0.0018241 0.0027773 0.0058396 0.0068095 0.027563 0.064775 0.027563 0.064775 0.039132 0.22889 0.099975 0.24897 -0.05522 0.10485 0.080283 0.12444 0.00010086 0.013974 0.032488 0.027639 0.10875 0.14754 0.3 0.36543 -0.084237 0.0052351 0.28139 0.38684 -0.13805 0.050022 0.24375 0.18418 0.022856 0.02819 0.20885 0.14146 -0.049686 -0.054643 0.18022 0.15073 -0.039703 -0.037416 0.11445 0.098436 -0.027657 0.027734 0.13651 0.12422 0.014773 -0.00096006 0.14594 0.0982
105.22 120.88 1.7761 4.645 -0.0047581 -0.025897 0.13689 0.089121 0.02878 0.0042893 0.10649 0.16074 0.013616 -0.045764 0.12045 0.13949 -0.0078679 -0.037272 0.077646 0.084866 0.030915 -0.019317 0.15495 0.078165 0.035515 0.062789 0.19001 0.14789 -0.0048377 0.057694 0.14991 0.11872 0.017541 0.040445 0.12389 0.087758 0.06277 -0.018618 0.072258 0.035511 0.13369 -0.095274 0.22182 0.32992 0.039394 0.0059612 0.18234 0.47641 -0.034971 -0.049735 0.19864 0.4057 0.002785 -0.0019859 0.002785 0.0021807 0.018477 -0.048019 0.020513 0.051544 0.020332 -0.12426 0.034891 0.15603 -0.018296 -0.062258 0.029969 0.080867
131.52 121.75 1.6247 4.8601 0.0093171 -0.025067 0.067891 0.069371 -0.008337 -0.071345 0.10075 0.12908 -0.013254 -0.032923 0.082178 0.10551 -0.030555 0.0080216 0.05204 0.053388 0.0048636 0.038044 0.081559 0.067476 -0.020118 0.045459 0.15672 0.11191 -0.0048035 0.061178 0.11985 0.13687 -0.023291 0.032966 0.099809 0.096756 -0.022651 -0.028143 0.12931 0.33799 0.013872 -0.093451 0.1663 0.54589 -0.039081 -0.065787 0.14945 0.49846 -0.070275 -0.059763 0.10388 0.15594 -0.0056445 -0.046879 0.019922 0.060544 0.0057386 -0.079642 0.020592 0.092898 -0.0074384 -0.070516 0.017036 0.084831 -0.0075796 -0.017623 0.0078468 0.018962
143.12 125.75 2.1042 4.854 -0.016666 -0.080564 0.11598 0.14564 -0.035179 -0.011204 0.10064 0.12904 -0.050762 0.01369 0.090173 0.10362 0.00063834 0.018703 0.15477 0.063142 -0.018579 0.017722 0.12534 0.078822 -0.0023118 -0.00042499 0.11979 0.11666 -0.06552 0.039152 0.19244 0.15971 -0.018362 -0.045345 0.16186 0.10448 -0.0029573 0.026462 0.14377 0.37232 -0.070279 0.032124 0.17465 0.52747 -0.13759 -0.07434 0.23931 0.28414 -0.025658 -0.010102 0.033137 0.01912 0.0057944 -0.082009 0.024558 0.12817 -0.027175 -0.12994 0.045672 0.18431 -0.024729 -0.040014 0.025326 0.048688 -0.00078423 -0.00096606 0.00078846 0.00096606
94.388 130.68 2.081 2.703 -0.061236 0.0054962 0.14755 0.12799 0.00068011 0.015063 0.11439 0.10853 0.080313 -0.029275 0.20583 0.14337 -0.11613 -0.0089059 0.17789 0.056934 0.023731 -0.067264 0.17841 0.15521 -0.01704 -0.092126 0.26319 0.24568 -0.017115 -0.13387 0.18372 0.29212 -0.050621 -0.050962 0.077925 0.06859 0.059783 0.036896 0.1782 0.17013 -0.062053 -0.016083 0.24571 0.43707 -0.073981 -0.0082129 0.18399 0.2375 -0.0057135 0.0038324 0.014291 0.016628 0.006004 -0.045496 0.059743 0.090126 -0.030196 -0.04366 0.08014 0.13684 -0.013307 -0.018475 0.024733 0.028608 -0.00013089 -0.0048947 0.015542 0.013776
152.1 131.12 1.8875 3.5953 0.00076546 0.034947 0.063081 0.13215 0.0060949 0.072201 0.13598 0.22105 -0.031915 -0.042199 0.095706 0.16493 -0.013778 -0.0078168 0.016157 0.016946 0.0031743 0.019158 0.11973 0.1446 -0.040464 -0.05354 0.25612 0.43447 -0.063779 0.028781 0.081127 0.15244 -0.0011897 0.0014552 0.0012232 0.0016771 0.019136 0.069653 0.16754 0.14349 0.018126 0.054814 0.18351 0.22785 -0.062026 0.11413 0.28724 0.24804 -0.049693 0.018898 0.053234 0.022679 -0.074157 -0.01462 0.12196 0.10138 0.020351 0.013993 0.11388 0.11542 0.0017136 0.069342 0.35495 0.15535 -0.071566 0.0051991 0.085919 0.021206
109.95 137.86 2.1552 5.7231 0.01445 -0.015706 0.055798 0.094924 -0.0075118 -0.028321 0.097988 0.12015 -0.030348 -0.017695 0.053549 0.067524 0.0031236 -0.0061586 0.014765 0.015777 -0.0035621 0.037122 0.071427 0.11123 0.031578 0.040112 0.15244 0.13256 -0.00086089 0.13561 0.21671 0.22606 -0.032418 0.078992 0.10761 0.10706 -0.046985 0.019887 0.074484 0.06972 0.026611 -0.0052312 0.12025 0.12264 0.22173 -0.021114 0.353 0.24386 -0.18784 0.051113 0.50566 0.33241 -0.038214 0.029819 0.096128 0.080627 -0.014239 0.022561 0.055133 0.077994 0.037574 -0.037716 0.091558 0.075187 -0.034176 -0.031312 0.09889 0.080856
109.91 141.91 2.0148 5.6352 0.015068 0.0088241 0.059062 0.10483 -0.023537 -0.014145 0.073298 0.10292 -0.013106 -0.0053274 0.038557 0.048585 0.0043757 -0.0081673 0.016082 0.020694 0.0089361 0.0056454 0.085342 0.11003 0.0033154 0.045042 0.11843 0.13093 0.00099975 0.11095 0.18601 0.14273 -0.0039666 0.023104 0.056098 0.045187 -0.027057 0.0051024 0.055947 0.062622 0.038905 -0.020643 0.12425 0.12549 0.15894 0.10325 0.58218 0.37692 -0.11916 0.092916 0.3454 0.26205 -0.031701 0.024417 0.049108 0.046427 -0.0076906 0.0091893 0.052498 0.059148 0.061526 -0.049305 0.13286 0.1112 -0.042003 -0.029375 0.10434 0.083487
160.62 144.53 2.0622 3.4801 -0.00052961 -0.00015863 0.0052755 0.010565 0.00082435 0.0016433 0.0026077 0.0045274 0.0073692 0.016364 0.0099248 0.016364 0.0025912 0.036957 0.022313 0.036957 0.010892 0.017555 0.019998 0.028556 -0.0032655 0.10857 0.066726 0.14536 0.085674 0.092626 0.18005 0.23791 -0.043481 -0.035801 0.12109 0.17617 0.035234 -0.00055488 0.087558 0.074473 0.03001 -0.0091909 0.21157 0.41819 -0.063541 -0.065396 0.2983 0.55575 -0.050072 -0.021934 0.061485 0.095816 0.020918 0.00085197 0.052102 0.026262 -0.0001706 0.052655 0.15899 0.13614 0.0042046 0.031424 0.13197 0.20617 -0.016166 0.059818 0.10826 0.13773
105.87 146.44 2.05 5.5557 0.024223 0.034439 0.0496 0.067166 -0.035922 0.027344 0.077302 0.11683 -0.00040315 -0.01678 0.040981 0.065835 -0.00046337 -0.0077381 0.018593 0.030455 -0.0017627 -0.031212 0.11562 0.15871 -0.071515 -0.0038725 0.14896 0.17111 -0.026257 0.029753 0.052472 0.08373 0.020082 -0.0066663 0.029333 0.031812 0.0031297 0.030518 0.095074 0.11716 0.029249 0.054417 0.15706 0.17919 -0.033278 0.22612 0.44506 0.41173 -0.061792 0.14469 0.20539 0.19044 -0.021403 0.015827 0.044079 0.051856 0.030488 -0.0074198 0.088767 0.097038 0.089938 -0.048552 0.26867 0.25448 -0.081904 -0.022016 0.18391 0.18113
144.66 147.37 2.0292 5.0827 -0.054779 0.076751 0.12191 0.16252 -0.015632 -0.003482 0.02645 0.025929 -0.00077825 0.0010443 0.015877 0.018673 -0.00048711 -0.0040843 0.019398 0.013869 -0.18774 0.027821 0.3151 0.36331 -0.057954 0.10995 0.1427 0.20617 0.031052 0.061885 0.1375 0.14923 -0.011585 0.025822 0.069653 0.042897 0.0058285 -0.05849 0.13125 0.14843 -0.10618 0.015441 0.21071 0.25183 0.048677 0.048827 0.3562 0.20499 -0.057471 0.0059748 0.1689 0.07879 -0.013014 0.033579 0.065299 0.075647 -0.049004 0.02746 0.14439 0.12539 0.0093115 -0.041289 0.27328 0.14303 -0.021091 0.015542 0.13136 0.090988
75.639 152.93 1.9266 1.2191 -0.080323 0.045622 0.23896 0.12404 -0.006356 0.037942 0.07237 0.071674 -0.014786 0.022938 0.018923 0.034681 -0.0004881 0.00051104 0.00056894 0.00079503 -0.13768 0.065368 0.50031 0.2398 -0.030997 0.0047648 0.20423 0.18567 -0.04206 0.023435 0.15836 0.13019 -0.013979 0.003619 0.015462 0.0073503 -0.087526 -0.10455 0.2841 0.25054 0.018374 0.06019 0.23232 0.18805 -0.10262 0.004696 0.20114 0.14499 -0.018406 -0.0023769 0.020706 0.0083096 0.011259 0.018882 0.16917 0.098641 -0.0032359 0.0095115 0.23051 0.11148 -0.064806 -0.030332 0.1063 0.050799 -0.0017044 -0.00055573 0.0017044 0.00070725
155.25 151.58 2.0685 3.3782 -0.0020673 -0.00042199 0.007836 0.017035 -0.0010971 0.0010046 0.0054615 0.014407 0.0032038 0.0067574 0.022459 0.028374 0.044916 0.030075 0.067194 0.07055 -0.0098501 0.0076595 0.020942 0.038503 0.062696 0.026376 0.10404 0.14377 0.044021 0.07846 0.16508 0.42559 -0.029701 0.040276 0.22375 0.33191 -0.0034025 -0.0031947 0.028633 0.036798 0.06754 -0.032461 0.1907 0.14553 0.030141 -0.051396 0.2389 0.42422 -0.029079 -0.015188 0.17801 0.33041 -0.0029087 0.0043379 0.01609 0.011152 0.051166 0.013481 0.10209 0.056335 0.03663 0.085953 0.21451 0.16196 -0.0088273 0.025662 0.10601 0.10292
65.604 154 2.0244 5.7833 0 0 0 0 0 0 0 0 0 0 0 0 0 0 0 0 0.00026974 0.00025613 0.00035409 0.00059686 0.0059497 0.035466 0.011435 0.035788 0.015284 0.10764 0.040371 0.13719 -0.013063 0.056036 0.015924 0.057382 0.0012569 -2.5561e-06 0.0017841 0.0016199 0.059041 0.056297 0.26445 0.25014 0.12039 -0.013554 0.31333 0.33837 -0.035395 0.046906 0.15882 0.27452 -4.4476e-05 0.0023473 0.0038205 0.0029614 0.017987 0.069291 0.26636 0.23209 0.047295 0.14446 0.28517 0.3212 0.077945 -0.00089201 0.22956 0.30213
89.958 175.77 2.2789 5.4398 0 0 0 0 0 0 0 0 0 0 0 0 0 0 0 0 -0.0017878 0.080141 0.054586 0.12477 0.03155 0.15501 0.11654 0.20603 -0.063291 0.10127 0.095063 0.16609 -0.0079676 0.0051895 0.0092785 0.0086607 0.0085878 -0.011985 0.20198 0.18479 0.030309 -0.021854 0.42524 0.40706 -0.10515 0.019911 0.21399 0.28952 -0.011959 0.062882 0.06713 0.10343 -0.008786 0.094828 0.1676 0.21552 0.0095423 -0.066716 0.20543 0.24506 0.0088016 -0.043444 0.12142 0.17889 0.021307 0.028024 0.08795 0.10626
125.35 179.9 2.1578 3.7851 4.7483e-05 -6.3315e-05 4.7483e-05 6.3315e-05 0.00012965 -0.00017288 0.00012965 0.00017288 0.0038852 0.0006117 0.003892 0.0019643 0.012431 -0.0011019 0.031955 0.035891 0.043919 0.031969 0.045289 0.032151 -0.082449 0.17717 0.26895 0.18201 -0.00039372 0.10096 0.1455 0.16034 -0.0051783 0.026125 0.070387 0.09086 0.092971 0.0030187 0.11003 0.0959 0.03407 0.025018 0.40208 0.35257 -0.040895 0.16645 0.32371 0.34096 -0.087319 0.056216 0.1387 0.10123 0.034171 0.0086278 0.056676 0.048406 0.035404 -0.040895 0.16803 0.13332 0.0048396 -0.094541 0.1787 0.16974 0.023933 0.020938 0.1695 0.11504
119.39 184.26 1.8939 4.8753 0 0 0 0 0 0 0 0 0 0 0 0 0 0 0 0 0.013132 0.041414 0.045292 0.053916 0.092335 0.15735 0.13885 0.27862 -0.098313 0.096513 0.16937 0.24949 -0.0079338 0.0017187 0.0098649 0.0074345 0.022505 0.054838 0.1349 0.15581 0.077092 0.030053 0.23614 0.45091 -0.18903 0.031255 0.27421 0.37148 -0.011488 0.018487 0.029415 0.029463 -0.0075757 -0.040675 0.090181 0.1057 0.068243 -0.039781 0.15887 0.20261 -0.12085 -0.011607 0.19712 0.18458 -0.016189 -0.0039551 0.065697 0.054813
115.23 120.16 2.7363 4.7299 -0.00037741 0.0001362 0.095958 0.070283 0.063049 0.016389 0.1313 0.15143 -0.021499 -0.035762 0.20502 0.3168 -0.03853 0.014146 0.05996 0.086849 0.055173 0.0040448 0.13273 0.090315 0.024821 0.07859 0.15722 0.1638 0.0041121 0.090931 0.15594 0.18878 -0.0058064 0.078254 0.088659 0.14937 0.053733 -0.036217 0.064405 0.065938 0.067781 -0.13796 0.1521 0.41409 -0.033635 -0.15179 0.12225 0.49583 -0.034385 -0.098893 0.064097 0.24246 0.00061061 -0.0020021 0.00061061 0.0020021 0.0042855 -0.029365 0.0066808 0.029365 -0.003481 -0.023612 0.006034 0.023612 -0.00024726 -0.0030962 0.00046867 0.0030962
129.13 133.35 2.716 1.8476 0.024801 0.01822 0.033524 0.032983 0.02972 0.092257 0.073289 0.22263 -0.0034826 0.10541 0.064505 0.27024 -0.025049 0.077668 0.047461 0.12397 0.029057 0.012953 0.14328 0.093848 0.030752 -0.03675 0.13597 0.17591 0.026716 -0.069138 0.14219 0.23795 -0.0030871 -0.0404 0.11033 0.17655 0.012989 -0.028636 0.11731 0.077273 0.14958 -0.023666 0.24803 0.29785 -0.055537 0.039624 0.32221 0.40632 -0.030719 -0.024904 0.1122 0.12983 -0.00024299 -0.0052827 0.010191 0.01096 0.059575 -0.050811 0.087846 0.12035 -0.035815 -0.11097 0.126 0.21245 0.020701 -0.019238 0.054209 0.071588
148.63 139.58 2.6376 3.5338 4.8106e-05 0.001804 0.0089208 0.0097693 -0.0043258 0.034684 0.015147 0.039622 0.019681 0.033932 0.068297 0.10612 -0.018421 0.0054744 0.028603 0.033394 0.01518 -0.00032613 0.030995 0.014725 0.039471 0.020048 0.15633 0.25764 -0.043136 0.034208 0.1845 0.33987 -0.021019 0.0057832 0.024872 0.033133 0.04749 0.06925 0.08627 0.093007 0.040633 0.13993 0.21425 0.2637 0.067517 0.10777 0.23347 0.26267 -0.081178 0.051057 0.14919 0.07283 0.10146 -0.0065143 0.27086 0.21274 -0.087019 -0.0093324 0.25297 0.24422 0.060048 0.032709 0.24972 0.14696 -0.090278 -0.014644 0.17816 0.053193
90.778 145.38 2.8592 3.2379 -0.014369 -0.0087868 0.041603 0.038081 0.13326 -0.069403 0.27534 0.16613 -0.036863 -0.091392 0.32771 0.25225 0.093858 0.0062322 0.13314 0.084899 -0.021141 0.0019618 0.058633 0.13018 0.075727 0.034466 0.22826 0.21225 0.0039951 -0.017403 0.30691 0.35184 0.047685 -0.087102 0.20199 0.21644 0.005705 -0.022156 0.058977 0.10006 0.014384 -0.051655 0.14762 0.18932 -0.030913 -0.10738 0.16457 0.29056 -0.01608 -0.04538 0.048 0.090491 0.0044719 -0.011031 0.011607 0.012942 -0.0054245 -0.014662 0.035273 0.040945 -0.0032253 -0.0063743 0.012036 0.011759 -0.00042989 -0.0011334 0.004361 0.0048719
78.452 161.25 2.94 5.6522 0 0 0 0 0 0 0 0 0 0 0 0 0 0 0 0 0.0063438 0.010416 0.016686 0.018754 0.035731 0.064252 0.089486 0.14997 -0.0017196 0.10699 0.077637 0.16593 -0.025432 0.05583 0.044309 0.077856 0.014983 0.0062717 0.065864 0.051267 0.04244 0.11896 0.25521 0.33935 0.019613 -0.015698 0.29423 0.38834 -0.049078 0.011664 0.11497 0.16475 0.079513 0.026943 0.10499 0.14771 0.017923 0.0066716 0.30364 0.44327 -0.070616 0.00062384 0.17393 0.2139 0.037133 -0.006082 0.071793 0.074994
121.91 163.98 2.5285 1.5515 0.019959 -0.029838 0.092691 0.09368 0.10537 -0.0064559 0.28567 0.44652 -0.11852 -0.025923 0.27336 0.41307 0.0024436 -0.020524 0.12794 0.10039 -0.0043614 -0.028616 0.04124 0.045329 0.086082 -0.14108 0.22255 0.31103 -0.079598 -0.094318 0.17281 0.29345 0.017049 -0.01421 0.11187 0.094125 0.00033732 -0.00068378 0.019529 0.015242 0.065494 -0.0045723 0.099009 0.11108 -0.023848 0.015589 0.094923 0.10622 0.010735 -0.013267 0.10181 0.047369 -0.00029553 -0.0010245 0.0024852 0.0016088 0.02402 -0.016263 0.033108 0.036463 -0.014591 -0.032059 0.042545 0.055028 -0.0007133 -0.013634 0.013453 0.014885
114.66 113.13 3.2167 1.5765 -0 0 0 0 -0 0 0 0 -0 0 0 0 -0 0 0 0 0.020252 0.119 0.030689 0.15141 0.041629 0.21277 0.087926 0.38509 -0.066957 0.20295 0.10627 0.3279 -0.023661 0.030318 0.024146 0.03601 0.019874 -0.026346 0.11628 0.2548 0.0046704 -0.072897 0.16726 0.36032 -0.04548 -0.07889 0.19622 0.30895 -0.071205 0.0095634 0.11122 0.083609 0.028559 0.00097321 0.060678 0.08812 0.0026182 0.13722 0.17961 0.23079 -0.053798 0.0021529 0.13299 0.15223 -0.021179 0.012391 0.11861 0.07871
137.8 116.73 2.9836 1.8297 -0 0 0 0 -0 0 0 0 -0 0 0 0 -0 0 0 0 0.016072 0.017389 0.021424 0.017389 0.070028 0.14883 0.1044 0.30013 -0.023534 0.20045 0.088462 0.40344 -0.025915 0.14575 0.058595 0.21091 0.040154 0.025518 0.15003 0.099001 0.060461 -0.045237 0.18645 0.26056 0.019878 -0.059331 0.18506 0.37566 0.0031652 -0.042535 0.11669 0.23849 0.0048449 -0.016709 0.11639 0.063187 0.062358 -0.021592 0.12008 0.1275 0.0061213 0.12715 0.19664 0.27047 -0.021803 0.0098481 0.075498 0.088278
131.48 128.42 3.3814 4.6879 0.051376 0.050682 0.075309 0.12026 -0.045543 0.10617 0.22765 0.35956 -0.041329 0.054121 0.074061 0.078113 -0.0043193 0.019955 0.08686 0.038382 0.046989 -0.0090242 0.12164 0.14225 -0.026996 -0.084787 0.1934 0.28065 -0.044795 0.0035575 0.12605 0.15939 -0.029512 -0.0041746 0.15725 0.10085 0.026687 0.035741 0.11194 0.20681 -0.0075227 0.02081 0.14454 0.40547 -0.055712 -0.029316 0.17511 0.39848 -0.055168 -0.024281 0.07744 0.070095 0.012679 -0.062869 0.028666 0.11153 -0.019175 -0.088975 0.033579 0.15358 -0.017307 -0.063271 0.023616 0.087578 -0.0040012 -0.0056026 0.0041175 0.0062379
91.337 144.12 3.6593 5.4175 0.0012565 0.0003501 0.0012565 0.0007368 0.015615 0.013962 0.024166 0.036648 0.0060398 0.032691 0.051711 0.071271 -0.010928 0.017392 0.019046 0.025499 0.0033308 -4.6341e-05 0.0044518 0.0035539 0.068319 0.063339 0.14882 0.1591 -0.022049 0.0044276 0.18165 0.18551 0.011447 0.0034435 0.061689 0.058216 0.0053764 0.00034467 0.011045 0.0084402 0.095528 0.06537 0.23898 0.24335 0.099598 0.11286 0.3043 0.39804 -0.069858 0.080794 0.25024 0.25975 0.0082277 -0.00063813 0.0082277 0.0026788 0.11426 -0.024725 0.29556 0.25327 -0.0049187 0.029082 0.20895 0.23367 -0.050903 -0.015867 0.15624 0.138
84.196 155.68 3.5429 5.4536 0 0 0 0 -0.00013972 0.00015265 0.00013972 0.00015265 0.00051315 0.0085885 0.0012046 0.0085885 9.0588e-07 0.0021878 0.00026786 0.0021878 0.0084697 0.0025513 0.0084951 0.0059843 0.035993 0.0027787 0.098446 0.10679 0.010055 0.03221 0.15226 0.18777 -0.018245 0.039756 0.049857 0.066478 0.019322 0.0031331 0.024895 0.010846 0.09096 0.057608 0.307 0.32647 -0.066602 0.038612 0.22776 0.30253 0.014873 -0.010752 0.093021 0.10993 0.044197 0.006549 0.046406 0.025142 0.05719 0.072934 0.24018 0.23969 0.049514 0.063773 0.36719 0.38243 -0.11242 0.048475 0.23743 0.1935
87.527 121.15 4.8723 0.42203 0 0 0 0 0 0 0 0 0 0 0 0 0 0 0 0 0 0 0 0 0.0050274 0.051738 0.023192 0.058954 0.001902 0.057184 0.039243 0.078122 -0.0052163 0.016444 0.024632 0.026729 0.072487 0.024188 0.072487 0.03048 0.036626 0.14637 0.42111 0.33946 -0.080268 0.069869 0.28612 0.31922 -0.023875 0.017853 0.11478 0.1139 0.071145 0.00053215 0.12763 0.044816 0.042743 -0.026031 0.32881 0.20254 -0.13604 -0.0072086 0.39863 0.26737 -0.017626 0.00069318 0.067204 0.049847
107.78 155.87 5.4394 5.2536 0.0042825 0.0057408 0.0052283 0.0063844 0.002447 0.028826 0.029663 0.036417 -0.0074405 0.023319 0.016749 0.025419 -0.0018303 0.003976 0.0026767 0.0041002 0.036035 0.019689 0.057526 0.054877 -0.0070381 0.021538 0.17114 0.17214 -0.015286 -0.0089717 0.11026 0.11191 -0.018992 -0.00015803 0.02724 0.028669 0.071522 0.030846 0.1122 0.089795 0.12863 0.11232 0.29933 0.33852 -0.13094 0.09067 0.36907 0.37967 -0.0261 0.013044 0.048565 0.038415 0.058342 -0.025506 0.074096 0.06911 0.071308 -0.075437 0.22899 0.3577 -0.068999 -0.044332 0.20113 0.24262 -0.032775 -0.0014325 0.1102 0.075259
135.91 155.57 5.6406 4.2328 0.00020767 0.0014846 0.00096031 0.0014846 0.0006915 0.0031295 0.0025513 0.0031317 3.6802e-05 0.0013795 0.0027817 0.0013822 0 -0 0 0 0.022711 0.023208 0.043695 0.038684 -0.029283 0.042434 0.096108 0.10155 0.0094428 0.056369 0.085074 0.10154 -0.0064242 0.01305 0.028639 0.048389 0.025825 0.012232 0.1138 0.09087 0.07178 0.10709 0.40317 0.48559 -0.10163 0.11989 0.32283 0.39418 -0.039424 -0.0047524 0.067068 0.074171 0.022823 -0.0163 0.053612 0.036186 0.057724 -0.084867 0.18894 0.25892 -0.082015 -0.089622 0.16273 0.23737 -0.010684 -0.0055453 0.012497 0.010476
92.729 169.53 5.2684 5.5963 0 0 0 0 0 0 0 0 0 0 0 0 0 0 0 0 0.012092 0.0016518 0.025924 0.025625 0.025475 0.053958 0.098571 0.15131 -0.032865 0.051933 0.059752 0.072069 -0.0021131 0.0059564 0.0027324 0.0060468 0.07894 0.044565 0.11958 0.13731 -0.02255 0.11874 0.27676 0.3951 -0.014494 0.020181 0.16144 0.20484 -0.032354 -0.00026697 0.043511 0.042195 0.082878 0.039905 0.21805 0.17087 0.010403 0.096596 0.39911 0.40402 -0.1506 0.045469 0.2958 0.24054 -0.0060977 -0.0020988 0.01428 0.013142
119.38 172.59 5.2565 3.6043 0 -0 0 0 0.00021179 8.8297e-05 0.00021179 0.00011609 0.0016642 0.00058034 0.0091642 0.0091996 0.012904 0.021893 0.034115 0.052683 0.00011851 -0.00023756 0.00011851 0.00023756 0.027503 0.034947 0.068869 0.081682 0.038735 0.12067 0.13931 0.17154 0.043311 0.11618 0.18665 0.27907 0.0083042 0.0014435 0.0083042 0.0039612 0.034252 0.0099185 0.11786 0.11116 0.1659 -0.017595 0.48631 0.36457 0.048818 0.026368 0.36091 0.2737 0.0032389 -0.00093001 0.0032389 0.0017021 0.022623 -0.013847 0.094747 0.075265 0.034045 -0.043986 0.17548 0.20059 0.011334 -0.072651 0.18607 0.16179
72.506 175.56 5.0161 5.6138 0 0 0 0 0 0 0 0 0 0 0 0 0 0 0 0 0 0 0 0 -9.8147e-05 0.010701 0.0028039 0.010701 0.00055125 0.0033 0.0012221 0.0033 0 0 0 0 0.016295 0.0053268 0.036464 0.018916 0.067064 0.098724 0.24761 0.33017 -0.056979 0.087506 0.17623 0.22633 -0.022368 0.045211 0.032491 0.046744 0.069952 0.055463 0.10255 0.11557 0.030066 0.17594 0.40768 0.5 -0.049872 0.12418 0.30998 0.32735 -0.042224 -0.0086921 0.073203 0.07712
104.7 159.17 6.6335 5.1788 0 0 0 0 0.0012604 0.0050612 0.0023984 0.005193 0.00021646 0.0020594 0.0012123 0.0022704 1.99e-05 1.0019e-05 1.99e-05 1.0019e-05 0.0094501 0.0003448 0.011862 0.011007 0.017276 0.035379 0.13371 0.15916 -0.033495 0.020921 0.11204 0.10848 -0.0080634 0.0011967 0.011298 0.0070133 0.039223 -0.0046186 0.04062 0.014187 0.1583 0.11176 0.34874 0.40064 -0.16649 0.10427 0.38167 0.42395 -0.023975 0.010032 0.044208 0.022099 0.0093651 -0.0023958 0.0093651 0.0033695 0.1001 -0.11823 0.14698 0.26863 -0.047408 -0.11671 0.16948 0.26972 -0.014272 -0.013511 0.040273 0.034413
154.28 101.58 9.6743 2.132 -0 0 0 0 -0 0 0 0 -0 0 0 0 -0 0 0 0 -0 0 0 0 0.0031811 0.0039044 0.0031811 0.0039044 0.0021707 0.0026454 0.0021707 0.0026454 -0 0 0 0 0.00044338 -0.00070526 0.00044338 0.00070526 0.17444 0.032723 0.29642 0.34695 -0.15336 0.12009 0.47546 0.57692 -0.029249 0.0057945 0.033972 0.024461 -1.1992e-17 1.9075e-17 1.1992e-17 1.9075e-17 0.073351 -0.048219 0.12897 0.14873 -0.069866 -0.098832 0.22018 0.22452 -0.01664 -0.0038033 0.018152 0.0094067
161.49 90.976 12.35 2.1949 -0 0 0 0 -0 0 0 0 -0 0 0 0 -0 0 0 0 -0 0 0 0 -0 0 0 0 -0 0 0 0 -0 0 0 0 -0 0 0 0 0.23669 0.06848 0.34787 0.4073 -0.14742 0.15302 0.40449 0.46484 -0.012656 0.0014307 0.012656 0.0079051 3.6613e-17 -5.9589e-18 3.6613e-17 5.9589e-18 0.11002 -0.0758 0.19999 0.20875 -0.082274 -0.089535 0.24623 0.22399 -0.0083041 -0.00083043 0.0083525 0.0032483
120.99 128.59 14.188 0.49318 0 0 0 0 0 0 0 0 0 0 0 0 0 0 0 0 0 0 0 0 0.15768 0.15791 0.33975 0.29785 -0.13338 0.17427 0.35935 0.37751 -0.011594 0.0048196 0.016915 0.010037 0 0 0 0 0.11666 -0.155 0.30005 0.2782 -0.10575 -0.1344 0.30751 0.31067 -0.0078532 -0.003648 0.011564 0.0091472 0 0 0 0 -0.00064976 -0.0025157 0.00128 0.0025157 -0.00042629 -0.0017087 0.0008699 0.0017087 2.3969e-05 -4.4596e-05 2.3969e-05 4.4596e-05
