35 64
105.81 114.93 1.8509 1.2744 0 0 0 0 0 0 0 0 0 0 0 0 0 0 0 0 0.031769 0.050684 0.031769 0.050684 0.065026 0.27977 0.11681 0.35421 -0.05318 0.15084 0.10948 0.24912 -0.012405 0.046865 0.061005 0.077249 0.069951 0.062547 0.13646 0.18566 -0.038239 -0.10868 0.19432 0.48164 0.012065 -0.036031 0.25668 0.34041 0.0038507 0.011792 0.23033 0.17232 -0.015342 -0.041382 0.055501 0.069931 -0.022008 -0.03871 0.057332 0.073482 0.034371 -0.0030854 0.095205 0.061338 -0.019841 -0.016918 0.096284 0.0633
143.56 119.84 2.1611 1.7957 -0 0 0 0 -0 0 0 0 -0 0 0 0 -0 0 0 0 0.008515 0.0068662 0.01055 0.01037 0.11725 0.15447 0.15423 0.24529 -0.051915 0.24055 0.12857 0.47483 -0.027505 0.091189 0.044002 0.13233 0.024798 0.055579 0.13473 0.11861 0.032804 -0.046393 0.25662 0.33397 0.011561 -0.15509 0.13817 0.45783 0.0019984 -0.010376 0.084049 0.15624 0.0090381 -0.02684 0.12368 0.07081 -0.035452 -0.012558 0.090241 0.082605 -0.0032227 -0.0078157 0.044629 0.051158 0.0067253 -0.025513 0.04187 0.037178
103.64 122.33 1.9235 4.88 -0.00036538 0.019108 0.12143 0.077823 0.017222 0.028045 0.12788 0.080475 -0.032787 0.0084837 0.079852 0.055892 -0.0092064 0.00069989 0.032703 0.031154 0.038321 -0.02539 0.27305 0.12035 -0.01733 -0.0045764 0.27143 0.2022 -0.020231 0.00058325 0.10825 0.13293 0.0040235 0.053464 0.05746 0.074358 0.034189 -0.033631 0.058209 0.054994 0.11995 -0.085226 0.20664 0.3258 0.0078748 0.021758 0.19894 0.61942 -0.028245 -0.01543 0.10239 0.19435 0.00041008 -0.0011805 0.00041008 0.0011805 0.02206 -0.042049 0.022521 0.044784 0.0083398 -0.10196 0.032313 0.13515 -0.013507 -0.052847 0.019883 0.066287
139.11 126.25 1.9711 4.8729 -0.0031108 0.0038009 0.033977 0.0316 0.0071416 0.010451 0.041846 0.042562 0.00073802 0.032 0.049804 0.048821 -0.0043339 0.029651 0.0787 0.042539 -0.0058968 0.050388 0.050246 0.066833 -0.028748 0.027011 0.080269 0.11163 0.061987 0.013793 0.13474 0.15138 -0.014775 -0.0092274 0.20807 0.12018 0.0026478 -0.046036 0.087375 0.14663 0.074776 -0.032976 0.1406 0.61174 -0.11766 -0.011125 0.26462 0.53109 -0.041939 -0.031274 0.090976 0.086758 0.00074202 -0.021858 0.0078687 0.022766 0.015658 -0.077961 0.018648 0.090778 -0.018607 -0.073158 0.030568 0.082652 -0.0060589 -0.0070969 0.0063967 0.0073165
143.96 128.51 2.1025 4.7422 -9.2819e-05 0.003503 0.021007 0.024961 0.0093651 0.029824 0.03413 0.036911 -0.0027004 0.052273 0.090766 0.058392 0.0018585 0.024521 0.093493 0.047677 0.00019325 0.026782 0.049346 0.060476 0.015775 -0.016891 0.08129 0.087412 0.017169 -0.016234 0.24989 0.17736 -0.029389 -0.0309 0.22302 0.13244 0.0080485 0.05323 0.095562 0.17838 0.033297 0.16658 0.19852 0.59085 -0.12757 -0.0012836 0.2874 0.3469 -0.021813 -0.025072 0.041161 0.042557 0.0060217 -0.055526 0.033066 0.090186 0.0056362 -0.13276 0.051105 0.2275 -0.042776 -0.059981 0.050907 0.082576 -0.0014734 -0.0014352 0.0017073 0.0017337
110.2 129.31 1.7379 4.8848 0.0096461 0.034266 0.083558 0.055983 -0.010196 0.053123 0.08555 0.073424 -0.0080076 0.0087204 0.05063 0.057931 -0.0077954 0.0010081 0.037055 0.043652 0.018189 0.035628 0.21701 0.11433 -0.067962 -0.0093884 0.15327 0.13172 -0.020921 0.021556 0.084625 0.10092 -0.0079968 0.024373 0.10229 0.081438 0.039166 -0.020679 0.22119 0.19168 -0.027992 0.21173 0.1976 0.37912 0.03424 0.16922 0.1088 0.21486 -0.029531 0.098063 0.089702 0.14116 0.044699 -0.042123 0.051829 0.070935 0.067865 -0.12404 0.14586 0.42878 -0.039374 -0.10941 0.10075 0.29442 0.021038 -0.061464 0.068979 0.14846
104.1 134.24 2.1222 2.675 0.0058185 0.00076402 0.043805 0.054749 0.0486 -0.032392 0.084739 0.076327 0.11661 -0.067609 0.21684 0.14567 -0.13037 0.052494 0.32447 0.148 0.0072276 -0.0027024 0.068375 0.062923 0.047991 0.072325 0.12431 0.13876 0.061578 0.074193 0.17089 0.20758 -0.085402 0.0035284 0.3198 0.20178 0.012907 -0.01329 0.067497 0.05697 0.078535 -0.075292 0.12863 0.19229 0.018038 -0.05023 0.19822 0.28762 -0.067712 0.02306 0.26235 0.25085 0.0013039 -0.0054401 0.020884 0.027483 0.024027 -0.017503 0.069382 0.11488 0.051466 -0.025629 0.11599 0.18239 -0.049536 -0.023858 0.1432 0.18321
87.609 138.4 2.2379 5.4266 0 0 0 0 0.002896 0.00038002 0.0043993 0.0036279 0.0033971 0.02398 0.027679 0.046964 -0.0031996 0.0020967 0.015375 0.014052 0.061996 0.026174 0.07774 0.070211 -0.045043 0.084208 0.18204 0.20327 0.0074528 0.021203 0.14279 0.17676 -0.0068189 0.0090137 0.050288 0.044274 0.13069 0.028054 0.19494 0.13929 -0.013204 0.043666 0.45757 0.41223 0.013375 0.11794 0.24231 0.24618 -0.029383 0.047025 0.094395 0.093474 0.043181 -0.024929 0.088044 0.066508 0.056255 0.002224 0.31787 0.2461 -0.02285 -0.033818 0.12166 0.16085 -0.033235 -0.017834 0.056096 0.054601
143.48 137.77 1.9263 5.6795 -0.016547 0.019622 0.043146 0.058344 -0.0034164 0.0029898 0.05059 0.061371 -0.0060532 -0.0022062 0.027558 0.026823 -0.0021885 -0.0026513 0.010747 0.0078602 -0.053222 0.015568 0.091082 0.10169 0.0048752 0.036958 0.10242 0.10642 -0.053462 0.03234 0.08096 0.054507 0.00044572 0.0021222 0.024969 0.014625 -0.1025 0.10491 0.39885 0.38216 0.036352 0.083258 0.26374 0.23468 -0.096126 0.056891 0.22348 0.27392 -0.013503 0.031197 0.075826 0.096031 0.010918 -0.10789 0.13476 0.18102 -0.016743 -0.087386 0.15413 0.19095 0.016971 -0.046257 0.24937 0.2998 0.0034338 -0.0037294 0.12058 0.11769
166.27 139.43 1.9269 3.3223 -0.014473 0.039511 0.047436 0.057676 -0.034191 0.073266 0.07481 0.074716 -0.01935 0.0092793 0.01935 0.0093371 0 -0 0 0 0.00291 -0.046779 0.083453 0.17483 -0.089684 -0.021953 0.16581 0.28346 -0.042753 0.03155 0.052282 0.067767 -0.00056106 0.0010069 0.00056106 0.0010069 0.01003 -0.038538 0.055968 0.10918 0.090791 0.01811 0.19184 0.42356 -0.10359 0.037946 0.28829 0.49312 -0.017039 0.0049448 0.02068 0.016268 0.0064168 -0.0024447 0.015092 0.021109 0.086179 -0.0075651 0.14032 0.20411 -0.027988 -0.012357 0.22389 0.28538 -0.035795 0.071728 0.092034 0.099743
157.56 141.82 1.9719 5.725 0.0026753 0.02125 0.044877 0.043465 -0.032339 0.017825 0.047656 0.038688 0.0048539 0.0063501 0.025 0.018436 0.020792 0.014725 0.027952 0.020347 0.027148 0.040597 0.20336 0.16193 -0.10002 0.060672 0.21908 0.28133 -0.014084 0.046512 0.11734 0.13322 0.050203 0.047738 0.099173 0.093544 -0.0007467 -0.085921 0.14738 0.17032 0.015223 -0.089925 0.41278 0.53522 0.046181 0.01286 0.28257 0.24748 -0.014052 -0.0025416 0.12728 0.082011 0.0025956 -0.0065112 0.0073902 0.0085493 0.0041826 -0.056637 0.060313 0.080568 0.047455 -0.037398 0.06649 0.058158 -0.018329 -0.032301 0.043554 0.039033
168.15 152.17 1.9428 0.32594 0.040288 -0.030559 0.17229 0.29501 -0.088823 0.012782 0.12766 0.24854 -0.010244 0.016467 0.038221 0.056944 -0.0022886 -0.00032324 0.0069812 0.0067223 0.047474 -0.04591 0.097661 0.1801 -0.012321 0.11299 0.15576 0.44005 -0.013834 0.14157 0.10354 0.2664 0.059702 0.13324 0.066886 0.16504 0.090572 -0.020267 0.097439 0.056254 0.024797 -0.08842 0.15407 0.24326 0.11152 -0.0040891 0.18797 0.24459 0.058485 0.015258 0.15846 0.19874 0.0067365 -0.0066588 0.0072338 0.0066588 0.007867 -0.040852 0.026734 0.043112 0.073265 -0.090909 0.083318 0.11848 -0.023773 -0.10533 0.06166 0.11944
107.88 168.38 2.1216 4.0706 0.0043218 0.0044322 0.01127 0.0050492 0.027569 0.019828 0.065081 0.046549 -0.0035981 0.016607 0.13906 0.16827 -0.01004 -0.0048565 0.051996 0.046818 -0.0015757 0.022419 0.10709 0.046287 0.009055 0.0424 0.19513 0.13476 -0.012031 -0.018197 0.15877 0.16681 0.01733 0.012538 0.056377 0.056907 0.008008 -0.025391 0.16654 0.087512 0.082641 -0.0085687 0.2885 0.23855 -0.081106 0.052605 0.31656 0.28746 0.026778 0.089964 0.21409 0.27075 0.0061254 -0.0038414 0.045249 0.028505 0.057601 -0.054507 0.12567 0.11568 0.092557 -0.0092994 0.26639 0.25641 0.024803 0.049777 0.2385 0.24429
161.4 170.09 2.0391 0.83471 -0.030018 0.022042 0.067213 0.098585 -0.011193 0.0093525 0.029172 0.049686 -0.0011661 -0.0018163 0.0073796 0.0095309 -0.00030534 -0.0024822 0.0039117 0.0051711 -0.0017159 0.034493 0.081386 0.1334 -0.01918 0.1866 0.12618 0.21978 0.0015579 0.27855 0.077263 0.27942 -0.039177 0.13546 0.04946 0.13596 0.095776 -0.023963 0.10364 0.15307 0.042937 -0.054153 0.14583 0.35937 0.041356 -0.074735 0.17625 0.45582 -0.12163 -0.069048 0.15142 0.30904 0.017158 -0.045947 0.019992 0.047705 0.0061706 -0.11471 0.030566 0.12751 -0.011699 -0.10723 0.035358 0.13051 -0.010371 -0.042919 0.014825 0.048796
117.47 173.78 1.8059 1.8418 0.011172 -0.0083466 0.10521 0.10394 -0.0050439 -0.036771 0.087847 0.11816 0.10634 -0.070051 0.20348 0.27916 -0.011014 0.0087275 0.20437 0.19036 0.035819 0.008399 0.069177 0.072359 -0.012214 0.10545 0.21 0.29675 0.040011 -0.021221 0.25712 0.30456 0.04832 -0.065671 0.26049 0.23417 0.018682 -0.026507 0.034352 0.053331 0.025462 -0.096937 0.1699 0.25362 0.0074344 -0.058319 0.18722 0.28276 0.022895 -0.079362 0.15468 0.15346 0.00022018 -0.0007925 0.00022018 0.0007925 0.0045115 -0.0037404 0.0047088 0.005539 0.00091063 -0.020287 0.012335 0.028978 0.044164 -0.0069895 0.066526 0.084186
110.01 179.95 1.6181 5.1328 -0.047899 0.040343 0.11493 0.17107 -0.027368 0.0048649 0.031212 0.041534 -1.3452e-17 -6.0138e-18 7.2837e-17 3.2561e-17 0 0 0 0 -0.03601 -0.011127 0.18098 0.22098 -0.026517 0.085146 0.088702 0.16362 -0.032252 0.023566 0.050704 0.070046 -0.00040007 0.0010206 0.00049369 0.0010206 0.037434 0.11388 0.29039 0.21066 -0.06186 0.038392 0.23234 0.27907 0.0047381 0.04107 0.32372 0.42447 -0.049936 0.048279 0.10828 0.13743 0.031633 -0.0081553 0.2044 0.1684 -0.094021 0.01637 0.19921 0.20976 0.012843 -0.06867 0.11046 0.14673 -0.019132 -0.0055924 0.062645 0.078582
147.43 191.98 1.8304 4.9287 0 0 0 0 0 0 0 0 0 0 0 0 0 0 0 0 0 0 0 0 0.0044791 0.029878 0.040633 0.039367 -0.0079291 0.042814 0.020651 0.044479 -0.00068435 0.00095608 0.00074204 0.00098499 -0.0025213 0.0015547 0.0034305 0.0028203 0.20043 0.047524 0.22869 0.13149 -0.10857 0.38038 0.42499 0.41367 -0.060055 0.061743 0.071636 0.080878 -0.0020775 0.0011127 0.0036035 0.0040102 0.15607 -0.051482 0.15771 0.069586 0.12354 -0.056151 0.3485 0.27216 -0.13097 0.093408 0.15565 0.17728
107.24 124.39 2.8634 4.8976 0.013777 0.022715 0.052746 0.05168 0.011339 0.052281 0.088384 0.080168 -0.0095887 0.020216 0.05255 0.049073 -0.0075677 0.0037642 0.020537 0.021912 0.060242 -0.010698 0.25454 0.12681 -0.015772 0.029025 0.30272 0.19428 -0.030076 0.057303 0.10768 0.13482 -0.017692 0.04435 0.053625 0.07655 0.027638 -0.02371 0.059276 0.037797 0.1078 -0.08329 0.23393 0.43116 -0.025312 -0.067402 0.174 0.47038 0.026577 -0.016206 0.11031 0.40223 4.1401e-05 -0.00022094 4.1401e-05 0.00022094 0.011172 -0.025999 0.011634 0.028328 -0.0018927 -0.048177 0.015149 0.059216 0.009677 -0.036663 0.012679 0.059547
126.15 138.76 2.8653 4.7531 0.0018467 0.0017946 0.026171 0.01869 -0.0097106 0.011166 0.021175 0.026722 -0.0023526 0.0029584 0.018091 0.022976 0.014733 -0.011218 0.02117 0.020331 -0.0038588 0.052946 0.088531 0.077876 -0.029406 0.026119 0.07568 0.097454 0.010124 0.04529 0.05917 0.086513 0.018888 0.060787 0.102 0.075949 -0.02463 0.030954 0.15945 0.12908 -0.0019994 0.12112 0.10607 0.1724 0.0095642 0.25341 0.14338 0.34869 0.0029493 0.06128 0.27929 0.23681 0.037373 -0.049906 0.089201 0.25975 -0.038145 -0.085074 0.10185 0.31373 0.029467 -0.11733 0.10645 0.46817 -0.057415 -0.051991 0.094575 0.16778
173.91 145.52 2.7532 3.3197 0.00094039 0.0098704 0.0019422 0.0098704 -0.00021284 0.0058449 0.00095063 0.0058449 0 -0 0 0 0 -0 0 0 -0.00075131 0.13215 0.15479 0.19309 -0.050283 0.15622 0.1536 0.20131 -0.060563 0.046044 0.083714 0.073074 0 -0 0 0 -0.10198 -0.12762 0.16355 0.22325 -0.0054246 -0.097612 0.17889 0.36434 -0.086994 0.035473 0.22674 0.43195 -0.015589 0.0031356 0.017597 0.027227 -0.013471 -0.026946 0.021942 0.035655 0.065719 -0.0077572 0.080532 0.099269 0.015129 0.018713 0.28311 0.38565 -0.052626 0.061952 0.12383 0.10663
130.83 150.18 3.0043 4.5786 -0.00077923 0.0047113 0.019311 0.022196 -0.0036114 -0.0016641 0.019372 0.024596 0.043973 -0.036526 0.053204 0.050979 0.075918 -0.10744 0.12264 0.1552 -0.010869 0.014779 0.039552 0.044925 -0.0062533 0.0297 0.041947 0.067559 -0.0034307 0.012058 0.026932 0.048665 0.059982 -0.0098405 0.1167 0.076439 -0.0053655 0.059686 0.09366 0.088527 -0.025648 0.037131 0.11683 0.12295 0.041613 0.058114 0.12415 0.16419 0.019502 0.055124 0.37394 0.23353 -0.015677 0.036659 0.11344 0.12108 0.02489 0.1289 0.11628 0.19507 0.049991 0.10386 0.23852 0.55801 -0.078683 -0.023398 0.20838 0.26365
101.41 162.65 2.783 0.37345 -0.09974 0.011503 0.32581 0.41233 -0.068387 -0.002098 0.18498 0.15991 0.020296 0.0066352 0.057194 0.065891 -0.0066356 0.015867 0.024868 0.028945 -0.13679 -0.073773 0.31155 0.36236 -0.067188 0.044465 0.22084 0.26497 0.015874 0.031681 0.097131 0.1211 -0.014207 -0.0080624 0.13147 0.080839 -0.043134 -0.070178 0.19587 0.17387 -0.030867 -0.077346 0.17119 0.18077 -0.036806 -0.03205 0.11638 0.12147 -0.0077684 -0.023463 0.047612 0.032627 -0.021614 -0.026228 0.10193 0.067435 0.0093998 -0.0059749 0.076434 0.05094 -0.015548 -0.0075397 0.076644 0.047437 -0.001774 -0.00090164 0.0024224 0.0020073
122.15 176.54 2.7474 4.6119 0 -0 0 0 0 -0 0 0 0.0097688 0.0011172 0.0097688 0.0035417 0.03454 0.13502 0.11161 0.14112 -0.015668 0.018726 0.040339 0.048617 0.0083079 0.040218 0.042732 0.072969 -0.0046625 0.016667 0.032566 0.044033 0.4226 -0.088567 0.5315 0.47994 0.0091887 0.025499 0.11746 0.086064 -0.032206 0.018176 0.123 0.14325 -0.0073851 0.0056048 0.069092 0.10876 0.079278 -0.083552 0.10473 0.12191 0.026734 0.0091451 0.10608 0.065932 -0.016628 0.063078 0.11659 0.19075 -0.026869 0.049864 0.086345 0.1504 0.01306 0.052816 0.060954 0.08168
125.81 175.53 2.7335 4.6689 -0.00021134 0.0010627 0.00094429 0.0010627 0 -0 0 0 0.013845 0.0079285 0.023119 0.011781 0.0070762 0.10283 0.08387 0.10479 -0.0082858 0.013843 0.033196 0.034189 -0.00089645 0.023818 0.06019 0.081217 0.030306 -0.00027342 0.064646 0.043259 0.34602 -0.016317 0.5696 0.52411 -0.0094332 0.024703 0.094031 0.073721 -0.022764 -0.0042804 0.080312 0.093703 -0.0062263 0.0075339 0.052819 0.062044 0.16473 -0.15678 0.18767 0.17432 0.011769 0.020361 0.09094 0.074572 -0.026184 0.056507 0.095585 0.14307 -0.014868 0.039065 0.06893 0.10465 0.0091409 0.039318 0.075294 0.059883
154.68 180.09 3.0152 0.6269 -0.026115 -0.0079692 0.048464 0.049091 -0.00089528 -0.0022245 0.014342 0.015143 0.00037598 -0.0044393 0.013262 0.013594 -0.0025246 -0.0020378 0.0058499 0.0044243 -0.010026 0.12103 0.088452 0.18251 0.049864 0.29993 0.11713 0.36195 -0.14442 0.16143 0.17345 0.27878 -0.016218 0.0039118 0.016226 0.015262 0.067807 -0.090377 0.12054 0.22422 -0.056815 -0.2499 0.21135 0.47332 -0.13753 -0.14246 0.15431 0.25722 -0.0096313 -0.0029385 0.0097237 0.006871 0.0013224 -0.02688 0.0084763 0.026903 -0.0082873 -0.030794 0.01029 0.031556 -0.0013172 -0.0030047 0.001963 0.0044175 0 0 0 0
126.58 111.15 3.6879 1.6092 -0 0 0 0 -0 0 0 0 -0 0 0 0 -0 0 0 0 0.0082274 0.022587 0.0083839 0.022587 0.0027715 0.12374 0.019643 0.12374 0.010573 0.19484 0.050119 0.19484 -0.014048 0.050065 0.016701 0.050065 0.074697 0.053073 0.1897 0.20273 0.0032245 -0.0076979 0.24213 0.56526 0.0072604 -0.039911 0.15641 0.48731 -0.055038 0.041991 0.21055 0.20311 -0.0080478 -0.028774 0.12134 0.089645 -0.0031575 -0.058961 0.069917 0.10097 0.021443 -0.040122 0.063468 0.074211 -0.0094267 -0.037417 0.077097 0.069825
99.637 135.25 3.7755 5.043 0.00099822 9.8613e-05 0.0012169 0.00073343 0.0042616 0.0070105 0.02376 0.021653 0.00096971 0.0085995 0.042399 0.027979 -0.0055176 0.00056263 0.012905 0.018595 0.033241 0.01196 0.053458 0.041378 0.019263 0.11534 0.26598 0.2195 -0.036584 0.065079 0.13067 0.11808 -0.015035 0.010806 0.028503 0.03711 0.037793 -0.018491 0.042763 0.034606 0.13427 -0.030819 0.43108 0.36269 -0.059291 0.13365 0.20725 0.3712 -0.021431 0.1328 0.1006 0.19662 4.3792e-05 -0.00041457 4.3792e-05 0.00041457 0.049378 -0.055182 0.063882 0.10223 0.01824 -0.1252 0.09095 0.2594 0.0052455 -0.067469 0.13163 0.273
172.87 135.7 3.4541 2.8708 -0 0 0 0 -0 0 0 0 -0 0 0 0 -0 0 0 0 0.016416 0.066453 0.045588 0.066497 -0.031793 0.080751 0.090842 0.090051 -0.0082722 0.0035552 0.0082722 0.0058666 -0 0 0 0 -0.060269 0.025646 0.18681 0.15849 -0.0013823 -0.0015612 0.307 0.40485 -0.05089 0.14895 0.25822 0.39692 -0.021388 0.042861 0.030345 0.049611 -0.070969 -0.046158 0.086525 0.066424 0.052466 -0.036161 0.09733 0.13819 0.018555 -0.033907 0.23692 0.26657 -0.046837 0.066174 0.38271 0.23275
84.857 178.57 3.4835 2.5287 0.012017 -0.019445 0.047758 0.054133 0.093445 -0.011484 0.19512 0.19897 -0.051579 -0.1011 0.24043 0.22543 0.075804 -0.15412 0.29162 0.38232 0.015745 -0.0092203 0.018631 0.021637 0.099387 0.024603 0.24801 0.36698 -0.070041 0.042885 0.19207 0.31677 -0.016299 -0.02697 0.074243 0.15049 0.0062513 -0.0048632 0.006774 0.0062708 0.053986 -0.12082 0.13721 0.19561 -0.027782 -0.070553 0.11193 0.21313 -0.013262 -0.0081955 0.037091 0.066327 -0 0 0 0 -0 0 0 0 0.0020995 -0.00098997 0.0022662 0.0071652 -0.00081723 -0.0015416 0.0031291 0.0052648
155.11 179.51 3.4879 0.6269 -0.026115 -0.0079692 0.048464 0.049091 -0.00089528 -0.0022245 0.014342 0.015143 0.00037598 -0.0044393 0.013262 0.013594 -0.0025246 -0.0020378 0.0058499 0.0044243 -0.010026 0.12103 0.088452 0.18251 0.049864 0.29993 0.11713 0.36195 -0.14442 0.16143 0.17345 0.27878 -0.016218 0.0039118 0.016226 0.015262 0.067807 -0.090377 0.12054 0.22422 -0.056815 -0.2499 0.21135 0.47332 -0.13753 -0.14246 0.15431 0.25722 -0.0096313 -0.0029385 0.0097237 0.006871 0.0013224 -0.02688 0.0084763 0.026903 -0.0082873 -0.030794 0.01029 0.031556 -0.0013172 -0.0030047 0.001963 0.0044175 0 0 0 0
117.29 160.2 5.0721 4.208 -3.0348e-18 1.6751e-18 8.4431e-18 4.6603e-18 0.0015637 0.0015679 0.0017417 0.0026922 0.10474 -0.014424 0.13098 0.26833 -0.026206 0.025008 0.10094 0.2376 0.0081225 0.0059892 0.030478 0.020525 -0.00057097 0.01959 0.04526 0.050256 0.02327 -0.031306 0.053569 0.091881 0.045297 -0.031629 0.19212 0.18871 0.010826 -0.0051645 0.029122 0.01695 0.048945 0.061864 0.11246 0.12152 0.04012 0.13342 0.14348 0.1576 -0.022893 0.060719 0.34849 0.40685 0.013011 0.00012815 0.013428 0.011653 0.065597 -0.020087 0.19824 0.19075 -0.016789 -0.050463 0.30068 0.35732 -0.042783 -0.054378 0.11222 0.16361
168.01 169.37 5.026 0.75456 0.058515 -0.0064752 0.071635 0.039382 -0.044748 -0.07794 0.2947 0.26218 -0.027675 -0.028277 0.048261 0.043703 -0.002236 -0.0072697 0.019575 0.021474 0.047888 -0.0053019 0.050629 0.048905 0.091303 0.055952 0.28001 0.3862 -0.078189 0.16049 0.18812 0.48778 -0.040214 0.012859 0.046367 0.066672 0.0049971 -0.0049768 0.0050146 0.0049768 0.079855 -0.12103 0.094051 0.19972 -0.054612 -0.19089 0.12214 0.36367 -0.024312 -0.017817 0.025534 0.03991 0 0 0 0 -3.0627e-17 -8.8389e-17 3.0627e-17 1.4586e-16 1.4888e-05 -0.00014369 3.823e-05 0.00014369 -1.9927e-07 -2.2874e-05 4.0155e-06 2.2874e-05
136.18 153.62 10.019 4.5964 6.1762e-19 -7.1932e-20 4.2806e-18 4.9855e-19 0.0035555 0.0044196 0.0035555 0.0044196 -0.0052256 0.018331 0.012838 0.018331 -0.0001505 1.6077e-05 0.0001505 1.6077e-05 0.0070493 0.0013505 0.014634 0.0074762 0.059941 0.038388 0.10603 0.090251 -0.031058 0.04679 0.4355 0.39937 -0.026894 0.0033679 0.03482 0.018983 0.045563 -0.0027558 0.046488 0.044702 0.079299 0.015564 0.24719 0.53567 -0.10675 -0.065264 0.28028 0.39177 -0.0096088 -0.0052696 0.013537 0.0065307 0.0036301 -0.0034037 0.0036301 0.0039987 0.0087874 -0.047683 0.028952 0.075829 -0.010577 -0.018404 0.014103 0.034274 0 -0 0 0
111.46 126.79 12.635 1.3705 0 0 0 0 0 0 0 0 0 0 0 0 0 0 0 0 0.0049934 0.0031267 0.0049934 0.0031267 0.06145 0.15811 0.18457 0.40526 -0.077688 0.063242 0.10983 0.21209 -0.00016446 3.3392e-05 0.00016446 3.3392e-05 0.074733 8.586e-06 0.082792 0.035984 -0.013699 -0.073697 0.47696 0.62723 -0.078011 -0.051568 0.1157 0.16275 -0.00043937 0.00016426 0.00052663 0.00031784 0.011674 -0.0054302 0.012372 0.0065159 -0.011323 -0.037288 0.079896 0.092126 -0.0050234 -0.0021779 0.0077021 0.0064421 -7.2152e-05 -4.4708e-07 7.7391e-05 2.9017e-05
127.55 160.14 13.451 4.5776 9.2215e-19 -1.2506e-19 9.2215e-19 1.2506e-19 -6.1008e-19 8.2738e-20 5.0298e-18 6.8213e-19 2.5341e-17 -3.4366e-18 2.5341e-17 3.4366e-18 0 -0 0 0 0.0022514 -0.00019929 0.0024183 0.00035913 0.049952 0.039607 0.090533 0.068964 -0.026317 0.090346 0.44119 0.39558 -0.025612 0.0047068 0.031914 0.014358 0.00086634 -0.00011584 0.00092214 0.00016653 0.1483 -0.0047433 0.27068 0.44253 -0.10441 -0.072107 0.37167 0.41297 -0.013805 -0.0037669 0.017975 0.0064031 0 -0 0 0 0.0091432 -0.034029 0.020128 0.041718 -0.0051721 -0.020885 0.013509 0.02408 0 -0 0 0
