66 64
100.27 123.91 2.032 1.9985 -0.00019871 0.00042533 0.00019871 0.00042533 -0.00021437 0.00038836 0.00021437 0.00038836 -0 0 0 0 -0 0 0 0 0.018044 0.046867 0.13194 0.10391 -0.020786 0.11765 0.077534 0.1388 0.017792 0.14085 0.025773 0.1419 -0.013029 0.090106 0.018374 0.090106 0.056547 -0.043195 0.21371 0.16341 0.077393 0.069405 0.30357 0.51785 -0.033222 0.035781 0.15312 0.4483 -0.033982 0.046036 0.09348 0.17387 0.023828 0.0044988 0.072908 0.068854 0.047354 -0.049757 0.18156 0.15852 -0.0007274 -0.068951 0.1547 0.19858 0.012466 -0.041329 0.06575 0.081511
81.943 125.92 1.8034 4.8229 -0.017694 0.011592 0.083823 0.025633 0.057204 -0.0054118 0.11779 0.1201 -0.019024 -0.037438 0.147 0.17534 -0.0073469 -0.004196 0.10347 0.13376 0.051524 0.014938 0.1426 0.083722 0.0060421 0.10479 0.13451 0.19126 0.101 0.13521 0.17273 0.3647 0.0027934 0.089883 0.17654 0.36369 0.060892 -0.046551 0.069816 0.078072 0.040028 -0.13615 0.13759 0.35353 -0.0083482 -0.18728 0.15353 0.31938 -0.047319 -0.15349 0.086668 0.1953 0.0019117 -0.0040796 0.0020518 0.0043756 0.0052303 -0.035568 0.0077678 0.040598 -0.0065724 -0.034423 0.0085116 0.035934 -0.00091447 -0.002348 0.00091447 0.002348
180.4 128.13 2.0186 2.5354 -0 0 0 0 -0 0 0 0 -0 0 0 0 -0 0 0 0 0.011571 0.018139 0.024203 0.069098 0.033302 0.12754 0.051787 0.19808 -0.050749 0.1967 0.1245 0.28153 -0.020601 0.034665 0.026437 0.038657 0.024412 -0.0065866 0.064031 0.11345 0.088334 0.016479 0.15615 0.24478 0.14098 0.081113 0.38665 0.35179 -0.17124 0.090962 0.33781 0.16035 -0.0033681 0.0028182 0.049338 0.039819 0.049318 -0.072324 0.099736 0.10585 0.18702 4.0238e-05 0.2102 0.12436 -0.13303 0.021906 0.24275 0.057812
98.358 130.3 2.2767 2.0006 0.0018166 0.015899 0.023316 0.02483 -0.0042481 0.0079784 0.0092443 0.012577 -0.00033743 0.00076414 0.00033743 0.00076414 -0 0 0 0 0.037007 -0.0015902 0.20675 0.15297 0.063187 0.14193 0.25354 0.40519 -0.013792 0.21965 0.10443 0.32959 -0.026725 0.080572 0.064593 0.16524 0.032456 -0.0084878 0.10289 0.090379 0.10349 -0.12197 0.26617 0.28716 -0.05852 -0.093453 0.20201 0.31752 -0.0071008 -0.047492 0.090804 0.10824 0.037738 -0.010507 0.062141 0.057562 -0.0031225 0.011838 0.16213 0.11903 0.010672 0.035023 0.15205 0.11118 -0.031937 0.0030879 0.073233 0.06427
85.504 133.77 2.044 4.8776 0.022551 0.00073697 0.061683 0.014852 0.040364 0.016563 0.16532 0.073395 -0.013648 -0.017248 0.15128 0.11891 -0.020295 0.011468 0.10114 0.10655 -0.0036629 0.039939 0.094269 0.061257 0.052811 -0.024858 0.177 0.24744 -0.027245 0.034226 0.21104 0.27714 -0.020237 0.0060431 0.15287 0.19565 0.040766 0.041402 0.12712 0.12311 0.040506 0.11255 0.15356 0.19601 0.070782 0.035695 0.19898 0.43424 -0.082858 -0.012018 0.20496 0.34102 0.027643 -0.04949 0.04345 0.081692 0.015755 -0.093884 0.053022 0.16549 -0.031722 -0.11862 0.057256 0.13152 -0.014045 -0.057094 0.028024 0.062916
104.02 136.96 2.0688 4.2939 -0.0089742 0.039685 0.060437 0.067851 -0.024636 0.057689 0.044479 0.088801 -0.0049979 0.0060919 0.0085549 0.0096985 0 -0 0 0 -0.0092382 0.000416 0.080399 0.20147 -0.038169 -0.014399 0.12236 0.26307 -0.0053868 0.070097 0.18591 0.1638 -0.01453 0.022068 0.021799 0.023938 0.014153 0.013863 0.071917 0.20879 0.054959 0.1546 0.25083 0.44261 -0.10037 -0.028998 0.33071 0.43995 -0.039994 -0.023982 0.076922 0.121 0.047223 0.022039 0.07092 0.082739 -0.068553 -0.092795 0.17916 0.17853 -0.048543 -0.047248 0.057327 0.060817 -0.0016187 -0.0039517 0.004249 0.0056808
172.13 136.21 1.9345 4.7325 -0.040526 -0.016207 0.10552 0.11096 0.011511 -0.020424 0.069224 0.038966 -0.023407 -0.00064032 0.07714 0.037397 -0.0012226 0.0024927 0.04079 0.02719 -0.050513 0.11529 0.11755 0.20653 0.039378 0.14831 0.12747 0.18394 -0.044643 0.090952 0.16636 0.16119 -0.025956 0.01924 0.10547 0.066116 0.022427 0.0030621 0.20962 0.35356 -0.10212 0.16778 0.19769 0.27338 -0.077138 0.059451 0.21966 0.21643 -0.068158 -0.020116 0.091119 0.056985 0.046926 -0.08975 0.064663 0.11864 0.0083577 -0.1656 0.14441 0.37792 -0.078941 -0.10104 0.10569 0.20056 -0.011653 -0.0096651 0.012831 0.011098
152.25 138.21 1.9712 4.8898 0.00060007 0.0002685 0.00060007 0.0002685 0.048571 0.041377 0.071565 0.091605 -3.7455e-05 0.0099148 0.08953 0.14938 -0.010553 -0.0031447 0.041996 0.025925 0.044033 0.011515 0.058937 0.051345 0.02655 0.026421 0.30969 0.4236 -0.061041 -0.0085845 0.12357 0.18865 0.0050778 0.015425 0.031903 0.039444 0.025991 -0.010078 0.090598 0.10896 0.13525 -0.048148 0.3479 0.40913 -0.072915 0.14274 0.18707 0.27708 -0.015125 0.059461 0.071921 0.086999 0.00071352 -0.0059214 0.0091371 0.0092667 0.042489 -0.053512 0.058695 0.065585 0.068713 -0.11382 0.14907 0.2056 -0.023587 -0.018855 0.067834 0.15116
97.505 139.51 1.9054 4.2619 0.0020316 0.019268 0.071044 0.052091 -0.029926 0.053366 0.073918 0.11464 -0.022208 0.030263 0.033478 0.052573 -0.0020029 0.0011256 0.0026725 0.0024356 -0.023676 0.032799 0.093859 0.10371 -0.015925 -0.0076178 0.097388 0.31308 -0.033347 0.014374 0.14174 0.23645 -0.025195 0.066918 0.082928 0.087863 -0.0080077 -0.042162 0.069653 0.17199 0.070024 0.055539 0.14627 0.31004 -0.063196 0.069961 0.32204 0.46546 -0.084309 -0.062402 0.18783 0.25798 0.022084 0.018461 0.043435 0.072101 0.072621 0.0089969 0.12778 0.13151 -0.11761 -0.10933 0.18588 0.15914 -0.01816 -0.020374 0.020989 0.023802
181.54 139.69 2.0576 3.3735 0.0061063 0.0070356 0.023968 0.053964 -0.012483 0.029795 0.044796 0.054169 -0.0043847 0.011564 0.0093934 0.012543 0 -0 0 0 0.01462 0.013888 0.033454 0.080305 0.038877 0.023363 0.16473 0.1717 -0.014718 0.12732 0.21067 0.23155 -0.023913 0.034698 0.0277 0.035287 -0.0040904 -0.016187 0.058849 0.13127 0.091799 0.033196 0.20385 0.20193 0.094293 0.11115 0.29202 0.26391 -0.1329 0.092351 0.29453 0.13849 -0.030433 0.033775 0.06886 0.075152 0.14456 0.015689 0.16866 0.12475 0.12426 0.13404 0.23145 0.20516 -0.12551 0.014776 0.37214 0.15141
90.178 144.48 1.9902 3.9908 0.019402 0.014152 0.065973 0.036818 0.00521 0.059172 0.1055 0.10519 -0.0032421 0.079578 0.076178 0.11698 -0.0069146 0.023231 0.03046 0.041408 0.041072 0.040983 0.10481 0.067421 -0.017529 0.02147 0.16444 0.2473 -0.015105 0.0037391 0.13909 0.37513 0.0053523 0.10354 0.1579 0.22081 0.081709 -0.048364 0.10927 0.12237 -0.045371 -0.056045 0.13492 0.30712 0.10428 0.053772 0.23318 0.33375 -0.056756 0.010667 0.3132 0.22315 -0.00097154 0.010778 0.040034 0.055127 0.041085 -0.016507 0.082457 0.12352 0.093571 0.016496 0.14238 0.11943 -0.067254 -0.042317 0.13971 0.061141
107.98 144.49 2.1812 4.0539 -0.0062286 0.011241 0.012787 0.015075 -0.00086393 0.00070031 0.0021041 0.0022576 0 -0 0 0 0 -0 0 0 -0.0098319 0.074398 0.099459 0.12168 -0.026021 0.131 0.092712 0.1757 -0.0092156 0.02437 0.022865 0.037008 -9.3074e-05 0.000617 0.00054617 0.000617 -0.0073531 -0.0092377 0.097774 0.23459 -0.02536 0.056266 0.14769 0.39695 -0.0070392 0.12652 0.29539 0.37112 -0.074198 0.022862 0.11935 0.17253 -0.024604 -0.020023 0.058853 0.15611 0.11967 0.08369 0.22027 0.27965 -0.14104 -0.0092069 0.29726 0.27421 -0.036689 -0.020115 0.057162 0.069187
103.64 149.89 2.0055 4.0688 -0.0050807 0.011903 0.020916 0.014501 -0.0032293 0.001948 0.0048618 0.0036209 -0.00028888 0.00015021 0.00037434 0.00033089 0 -0 0 0 -0.014866 0.038744 0.16991 0.09978 -0.026159 0.081691 0.11686 0.14312 -0.013372 0.037662 0.053824 0.053087 -0.0023176 0.0010049 0.0033001 0.0019748 0.01343 0.012865 0.14993 0.12748 -0.0045553 -0.047065 0.16588 0.45263 -0.060875 -0.033577 0.21695 0.30508 0.016824 0.057584 0.14237 0.15549 -0.012836 0.0071015 0.078834 0.12737 -0.010404 0.023521 0.10094 0.27613 0.075992 0.16686 0.24763 0.38361 -0.070666 0.012005 0.19427 0.21979
84.794 156.65 2.0231 5.0306 -0.010786 -0.020547 0.052394 0.049838 -0.015831 -0.010072 0.10958 0.099624 -0.011608 0.0047645 0.033421 0.041479 -0.0031149 0.011423 0.0070872 0.016607 0.025185 0.0074945 0.1114 0.064225 0.0034003 0.12149 0.21299 0.19599 0.0020513 0.08665 0.21087 0.2235 -0.047842 -0.0034231 0.086375 0.097444 0.14964 0.029211 0.20913 0.062789 -0.05943 0.050245 0.31629 0.16629 -0.042079 0.013528 0.33372 0.25835 -0.061197 0.0058792 0.11845 0.12506 0.039375 0.01434 0.10507 0.10479 -0.014189 -0.052604 0.23956 0.20966 0.016025 -0.02693 0.28511 0.25905 -0.048716 -0.012211 0.11527 0.14165
67.637 162.18 1.999 2.7007 0.019522 -0.016385 0.031605 0.085363 0.094151 -0.058431 0.12345 0.25857 0.016867 -0.15784 0.24034 0.3101 -0.09439 -0.10706 0.19687 0.15585 -0.0030651 0.077213 0.051902 0.21017 0.0012539 -0.011891 0.11383 0.40062 -0.061002 -0.10559 0.15817 0.31593 0.044371 -0.0039693 0.13993 0.18055 -0.0017792 -0.026043 0.066387 0.15859 -0.019959 -0.0044348 0.080871 0.28644 -0.080252 -0.030867 0.10489 0.19493 -0.025047 -0.067492 0.067042 0.10236 0.0099513 -0.037675 0.012333 0.040069 -0.0022304 -0.070733 0.0168 0.079203 -0.016439 -0.034835 0.016581 0.037948 -0.0019212 -0.0026858 0.0019212 0.0026858
69.732 166.3 2.053 2.6432 0.019789 -0.032254 0.026002 0.056318 0.083716 -0.084493 0.11723 0.2259 0.10917 -0.10529 0.18178 0.27543 -0.11625 -0.11048 0.20385 0.16855 -0.011134 0.11635 0.043228 0.18754 0.014716 0.025164 0.076183 0.3726 -0.022538 -0.1293 0.14832 0.41677 0.0072667 -0.00069592 0.083138 0.11505 0.0015357 -0.046245 0.052199 0.16735 0.0060909 0.019403 0.075808 0.28963 -0.068037 -0.025437 0.099168 0.28005 -0.042637 -0.031837 0.065295 0.079648 0.0062732 -0.032981 0.0077173 0.032981 0.0064934 -0.080052 0.016401 0.090233 -0.019857 -0.07035 0.022524 0.076611 -0.0051855 -0.006987 0.0051855 0.0072115
142.67 169.38 1.8439 0.58764 -0.027615 0.013437 0.031207 0.015924 -0.00071643 0.0010288 0.0016242 0.0010288 0 0 0 0 0 0 0 0 -0.065463 0.067413 0.22874 0.1056 -0.026418 0.15064 0.11857 0.15722 -0.030238 0.036686 0.047706 0.053437 -0.0092434 0.014659 0.016774 0.014659 0.081731 -0.029454 0.18498 0.16021 -0.087623 0.030918 0.35559 0.3828 0.003119 0.047567 0.31488 0.24387 -0.017425 0.046792 0.26127 0.2077 0.012408 -0.019404 0.040698 0.072312 0.028905 -0.018764 0.15574 0.20377 -0.0041286 0.026423 0.26018 0.25754 -0.025956 -0.030999 0.11301 0.088294
178.56 174.34 2.007 0.86198 0.021048 -0.033349 0.063466 0.08102 0.0017568 -0.063393 0.12707 0.17815 0.010897 -0.019636 0.17358 0.19565 0.030193 -0.051042 0.17545 0.2886 -0.015381 0.014126 0.076919 0.071772 0.031638 0.025186 0.074954 0.12429 0.068077 0.019095 0.2094 0.36781 0.10746 0.02169 0.2105 0.52948 0.035212 -0.018637 0.044454 0.047242 0.021194 -0.055044 0.09955 0.16534 0.099831 0.0056196 0.13888 0.21688 -0.0005811 -0.041974 0.1168 0.22304 0.0010383 -0.0015762 0.0010383 0.0015762 0.0018287 -0.013567 0.0053129 0.013567 0.014962 -0.032866 0.018096 0.03493 0.00026362 -0.037141 0.016082 0.039188
59.61 175.7 2.07 5.7731 0 0 0 0 0 0 0 0 0 0 0 0 0 0 0 0 0.0030873 0.011856 0.0030873 0.011856 0.0082788 0.11139 0.014453 0.11139 -0.0098556 0.077586 0.013574 0.077586 -0.0015569 0.010194 0.0024684 0.010194 0.09474 0.10649 0.10159 0.17298 0.033879 0.14831 0.11608 0.41541 -0.010934 0.23483 0.13599 0.33922 -0.04926 0.19491 0.083211 0.2256 0.030023 -0.01727 0.07129 0.13179 -0.0044519 -0.090811 0.11895 0.42133 0.0040148 -0.1316 0.086374 0.33937 0.011077 -0.089341 0.06576 0.17111
158.13 180.19 2.1407 1.197 -0.0021713 -0.0074146 0.051771 0.036988 0.1247 -0.051722 0.17914 0.16455 -0.099646 0.013058 0.15691 0.23033 -0.025455 0.00021019 0.027694 0.0374 0.0019748 -0.0064727 0.10259 0.080624 0.05884 0.015639 0.19349 0.30068 -0.021893 -0.0016342 0.16553 0.39727 -0.0066158 0.04716 0.18113 0.34148 0.0057502 0.042494 0.060757 0.0923 0.038198 -0.030541 0.1553 0.34364 -0.033681 -0.090041 0.11756 0.29562 -0.013511 -0.050392 0.09792 0.20402 0.015732 -0.026388 0.021696 0.041039 -0.021215 -0.033226 0.051636 0.089369 -0.016216 -0.012239 0.027185 0.048108 -0.0029032 -0.0014457 0.0051509 0.0065418
86.045 183.84 1.9135 2.2631 -0 0 0 0 0.036854 -0.022422 0.036854 0.040826 0.033906 -0.14179 0.11824 0.24838 0.052328 -0.098827 0.13335 0.21178 0.021072 0.05232 0.03108 0.065471 -0.025011 0.14789 0.085428 0.20126 0.024273 0.14263 0.069073 0.27448 0.035205 0.10043 0.15874 0.30612 0.089012 -0.055288 0.10486 0.16985 0.07582 0.0054047 0.15249 0.33733 0.029206 0.052114 0.14894 0.42047 -0.024206 -0.030339 0.11577 0.22833 0.0097574 -0.019827 0.011027 0.022813 0.026257 -0.067471 0.033148 0.073879 -0.0047001 -0.11727 0.032263 0.12442 -0.011628 -0.055411 0.014328 0.056231
140.19 184.03 2.1142 1.5353 0.036002 -0.073057 0.12133 0.17213 -0.13402 -0.033299 0.14025 0.23401 -0.018759 0.00034514 0.01878 0.023738 0 0 0 0 -0.027168 0.0083564 0.13451 0.36681 -0.0088992 0.073195 0.15039 0.5513 -0.074206 0.050566 0.087249 0.17626 -0.0001661 5.8947e-06 0.0001661 5.8947e-06 -0.019984 -0.064629 0.082537 0.21276 0.013784 -0.13684 0.13147 0.44348 -0.060611 -0.044149 0.0751 0.14205 -1.5068e-05 5.3476e-07 1.5068e-05 5.3476e-07 -0.0072681 -0.0069928 0.016054 0.021996 -0.0020764 -0.0082794 0.0034796 0.012438 -0.00010329 -0.0029105 0.00011187 0.0031521 6.0729e-18 1.076e-16 6.0131e-17 1.0968e-16
73.509 194.2 1.9644 5.3255 0 0 0 0 0 0 0 0 0 0 0 0 0 0 0 0 3.7879e-17 -5.3837e-17 3.7879e-17 5.3837e-17 0.0038203 0.018304 0.0039693 0.018304 0.0004376 0.020684 0.010424 0.021061 -0.00043393 0.0005602 0.00060381 0.00071274 0.055252 0.18185 0.081796 0.19273 0.048863 0.2977 0.13717 0.41587 -0.10193 0.23985 0.15573 0.37248 -0.081517 0.10682 0.11092 0.16991 -0.013763 -0.055783 0.11242 0.17085 -0.053329 -0.18472 0.11832 0.34241 -0.016198 -0.15625 0.076302 0.28593 -0.029003 -0.052188 0.054933 0.11518
95.7 195.78 2.191 4.8248 0 0 0 0 0 0 0 0 0 0 0 0 0 0 0 0 0.053303 0.16977 0.062593 0.17683 -0.018025 0.26061 0.21441 0.29985 -0.072489 0.044832 0.11082 0.066562 0 0 0 0 -0.093567 -0.018205 0.25252 0.35744 -0.18388 -0.15633 0.31697 0.46965 -0.076575 -0.038768 0.09174 0.072701 0 0 0 0 -0.1016 -0.11239 0.16414 0.20306 -0.022149 -0.040492 0.044345 0.093839 -0.0014767 -0.0016822 0.0020495 0.0055482 -9.5614e-06 8.4733e-05 4.8443e-05 0.0004293
156.24 195.8 1.9955 4.8133 0 0 0 0 5.4442e-06 3.6888e-05 0.00024574 0.00018315 -1.5147e-05 9.0367e-06 4.5306e-05 4.3004e-05 0 0 0 0 -1.3182e-05 0.00013017 8.7946e-05 0.00086846 0.016902 0.0068466 0.027332 0.035122 -0.0034412 0.038685 0.028712 0.059873 -0.0044296 0.01506 0.0063532 0.01592 -0.015048 0.10967 0.13728 0.43945 -0.013932 0.16254 0.14992 0.36252 0.073467 0.064928 0.15165 0.23636 -0.044092 0.072923 0.085026 0.10576 0.0064458 -0.029596 0.075665 0.28895 0.060036 -0.030926 0.17605 0.41866 -0.03048 -0.025456 0.27151 0.28972 0.0018937 -0.031695 0.073968 0.07532
83.392 198.74 1.8317 5.0231 0 0 0 0 0 0 0 0 0 0 0 0 0 0 0 0 0.00032295 0.00062838 0.00032295 0.00062838 0.001021 0.017964 0.0068294 0.01831 0.0045759 0.023755 0.011791 0.024105 -0.0018527 0.010713 0.0066103 0.011663 0.11589 0.21082 0.1236 0.23209 -0.014316 0.29693 0.17234 0.4112 -0.09832 0.054404 0.2503 0.38181 -0.097488 -0.0092868 0.12282 0.096199 -0.029317 -0.064205 0.14564 0.18692 -0.1059 -0.19305 0.16733 0.32222 -0.052534 -0.13633 0.091294 0.2356 -0.018466 -0.018087 0.021374 0.027964
162.41 198.47 1.6997 4.8058 0 0 0 0 0 0 0 0 0 0 0 0 0 0 0 0 0.0045739 0.0018572 0.0079361 0.019004 0.00027243 0.035282 0.029408 0.06496 -0.0072773 0.02455 0.010588 0.027297 -0.0005451 0.00073631 0.0005451 0.00073631 -0.028487 0.12872 0.090976 0.28324 0.067406 0.051519 0.14247 0.23309 -0.020347 0.14537 0.17311 0.21627 -0.053676 0.062749 0.057252 0.063447 0.0072003 -0.055045 0.11363 0.34904 -0.058187 0.041923 0.37703 0.53567 -0.0036508 -0.036976 0.22339 0.23723 -0.046615 2.7358e-05 0.073944 0.06583
91.543 201.68 1.7321 4.8798 0 0 0 0 0 0 0 0 0 0 0 0 0 0 0 0 0.00056946 0.0011268 0.001146 0.0013038 0.0056185 0.010803 0.0099062 0.010981 -0.0016721 0.033407 0.0209 0.033407 -0.00074763 0.0006643 0.00074763 0.0006643 0.062991 0.26367 0.13887 0.27508 -0.049412 0.22106 0.30889 0.46663 -0.18582 0.0045114 0.26151 0.20838 -0.0084833 0.00030902 0.0084833 0.0021191 -0.095156 -0.087298 0.19107 0.23862 -0.11442 -0.1844 0.17414 0.33852 -0.046024 -0.049699 0.053798 0.088935 -0.0010712 -0.00029034 0.0010712 0.00037128
105.54 123.66 2.8211 1.9498 -5.888e-06 0.00019695 0.00043758 0.00019695 -0 0 0 0 -0 0 0 0 -0 0 0 0 -0.0036185 -0.0006522 0.014535 0.0099794 -0.0051763 0.071179 0.071389 0.075304 0.0033091 0.095111 0.018094 0.095111 -0.010553 0.059003 0.012961 0.059003 0.0022176 -7.1804e-05 0.0041873 0.0021075 0.15921 -0.0066756 0.36131 0.35748 0.02007 0.024864 0.24642 0.59874 -0.03917 0.021429 0.12636 0.22405 0.0013369 -0.0003128 0.0013855 0.0018377 0.059815 -0.0066926 0.15416 0.14758 0.030068 -0.01589 0.23865 0.23286 -0.014039 -0.023723 0.11849 0.098393
145.95 125.36 2.6173 1.1139 0 0 0 0 0 0 0 0 0 0 0 0 0.0037179 0.010218 0.0082034 0.01055 -0.0043115 0.011748 0.0043115 0.011748 -0.0042792 0.02406 0.0065813 0.02406 -0.0023539 0.019992 0.053782 0.026102 0.012533 -0.0040431 0.02456 0.040842 0.087877 0.082363 0.15456 0.2821 -0.037375 0.098548 0.26514 0.58335 -0.10515 0.074807 0.45558 0.29646 -0.015389 0.0027315 0.015575 0.0055648 0.00025173 -0.051514 0.093425 0.082031 0.012382 -0.074329 0.14395 0.13672 -0.042386 -0.0086805 0.23645 0.13386 -0.013456 0.0042651 0.017165 0.0073282
155.53 131.28 2.9178 1.0064 0 0 0 0 2.4067e-05 -1.5237e-05 2.4067e-05 1.5237e-05 -0.0016979 0.002818 0.006295 0.0040107 0.0075178 -0.00054714 0.0091499 0.0076869 0.059832 0.065186 0.075439 0.11289 0.04264 0.20623 0.10598 0.37821 -0.090535 0.16041 0.29998 0.33742 -0.021267 0.021278 0.054015 0.034118 0.087216 -0.01337 0.14554 0.11543 -0.031185 -0.13928 0.177 0.31686 -0.043922 -0.050176 0.42813 0.27938 -0.046908 0.007635 0.11772 0.0477 0.014819 -0.022578 0.0558 0.029731 -0.014991 -0.018129 0.065587 0.071724 0.02801 -0.020281 0.11392 0.082074 -0.02108 0.013143 0.091627 0.094169
72.031 138 3.0519 0.42935 0 0 0 0 -0.0020663 0.014487 0.0031275 0.014487 -0.0028376 0.0090117 0.0029544 0.0090117 0 0 0 0 0.070421 0.065076 0.11715 0.10013 -0.06252 0.068353 0.15983 0.25881 -0.031583 -0.0050757 0.079201 0.22528 -0.0030018 0.030273 0.035185 0.063338 0.10137 0.041664 0.26809 0.11529 -0.060389 0.049527 0.36849 0.34471 -0.065995 0.076607 0.16103 0.31265 0.015778 -0.0058967 0.099148 0.10825 0.050868 -0.028843 0.22927 0.11893 -0.034777 -0.058009 0.26768 0.27045 -0.039591 -0.043204 0.16173 0.18156 -0.012683 -0.012706 0.054785 0.045842
79.508 145.43 2.6548 0.53718 0.03923 0.051145 0.07001 0.074353 -0.023856 0.055879 0.065814 0.15769 -0.01889 0.024965 0.036547 0.0967 -0.004832 0.0091731 0.0061625 0.011593 0.062001 0.042754 0.25973 0.13393 -0.076492 0.072427 0.25318 0.31063 -0.053694 0.066331 0.12602 0.23299 0.003285 0.019505 0.080967 0.08135 0.0055877 -0.045657 0.35299 0.20162 -0.030693 -0.037711 0.27764 0.39318 -0.09604 -0.023457 0.19153 0.21145 0.024885 -0.022437 0.10875 0.083098 0.00045293 -0.053805 0.088695 0.10667 -0.004915 -0.057436 0.098743 0.1307 -0.03293 -0.038518 0.10316 0.083091 0.013426 -0.0080468 0.038099 0.016599
157.64 152.11 2.4841 2.5464 0.019638 0.010406 0.030396 0.030609 -0.0068727 -0.015293 0.070832 0.054449 0.078663 -0.065428 0.10032 0.085401 0.046154 0.004192 0.18189 0.08682 0.0014945 -0.012126 0.063301 0.06374 0.014695 0.04797 0.10429 0.13662 0.011564 0.13831 0.12504 0.20439 0.084753 -0.01314 0.25841 0.29275 0.045096 0.065986 0.1092 0.09957 0.0040101 0.083868 0.20717 0.24675 0.022341 -0.027313 0.20425 0.40432 -0.035627 -0.083253 0.14043 0.42249 0.050048 -0.012258 0.12924 0.090513 -0.091744 -0.050178 0.16042 0.13773 -0.02705 -0.021017 0.036055 0.061865 -0.0014071 -0.016232 0.0026163 0.01741
161.48 158.82 2.9207 3.3154 -0.0016099 0.017754 0.034705 0.04451 -0.010752 0.011166 0.034484 0.058199 0.0043022 0.022632 0.029754 0.063162 0.012091 0.030705 0.050676 0.063863 -0.0078822 0.00065551 0.18031 0.1533 -0.007427 0.063392 0.09707 0.20453 -0.0063662 0.026644 0.074212 0.14907 0.09881 0.050478 0.14023 0.13123 0.047144 -0.0048387 0.27549 0.12411 -0.024601 -0.028317 0.28437 0.30204 -0.019814 0.048625 0.36553 0.29702 0.071644 -0.0038368 0.37884 0.23656 -0.0038195 -0.021399 0.053643 0.031998 -0.0043456 -0.039389 0.035677 0.041924 0.025579 -0.060766 0.12234 0.12304 -0.017953 -0.058306 0.15361 0.14984
71.783 159.08 3.0368 5.7843 0.00012876 0.00023635 0.00012876 0.00023635 0.016871 0.029688 0.016871 0.030982 0.0034042 0.053232 0.017668 0.061756 -0.0066122 0.029693 0.0073058 0.030246 0.011748 0.02955 0.078867 0.079824 0.032244 0.0067752 0.1064 0.18562 0.011815 -0.035918 0.074681 0.25195 0.0028724 -0.023459 0.050555 0.14094 0.0086753 0.062463 0.21968 0.17722 0.062018 0.14183 0.3249 0.35136 -0.11303 0.075853 0.155 0.28447 -0.016936 -0.0075903 0.039111 0.072158 0.012304 0.066719 0.19346 0.15016 -0.014312 0.008851 0.41593 0.18549 -0.083237 -0.032199 0.25493 0.1432 -0.018469 -0.0072893 0.023181 0.030861
63.572 167.2 2.8316 2.6237 0.019056 -0.0028635 0.026809 0.045827 0.1064 -0.064629 0.18101 0.23486 -0.058566 -0.13654 0.3548 0.32731 0.02148 -0.046596 0.20986 0.17291 -0.0059422 0.059751 0.073188 0.19257 0.0105 0.092995 0.14355 0.39658 -0.062857 -0.049649 0.19187 0.34285 -0.019332 -0.061332 0.13863 0.17502 0.020078 -0.076275 0.031783 0.10234 0.0019818 -0.13026 0.044519 0.21495 -0.051943 -0.080201 0.060069 0.13574 -0.0058778 -0.0086896 0.0062905 0.010219 -0 0 0 0 -3.6e-05 -6.3184e-05 3.6e-05 6.3184e-05 -0 0 0 0 -0 0 0 0
151.32 167.59 3.011 0.66268 -0.05253 0.034157 0.28355 0.17098 -0.050287 0.030912 0.10508 0.053469 -0.00064663 0.00047999 0.0006705 0.00047999 0 0 0 0 -0.0024671 -0.076136 0.24783 0.14502 -0.0051147 0.088504 0.33964 0.27266 -0.063928 0.085735 0.18812 0.18513 -0.014555 0.031125 0.070006 0.044827 -0.0016782 -0.016675 0.074801 0.10977 0.053094 -0.10324 0.21716 0.29393 -0.042315 -0.035409 0.32495 0.3785 -0.044303 -0.02115 0.10572 0.093247 0.0048525 -0.0029522 0.02208 0.036731 0.032393 0.010396 0.059383 0.11772 -0.024396 -0.0054693 0.096471 0.15498 -0.010625 -0.0012017 0.013721 0.015992
183.31 172.43 2.931 0.87108 0.013924 -0.053844 0.14867 0.090653 -0.012019 -0.023372 0.15873 0.19722 0.10001 -0.080485 0.24773 0.25154 -0.050302 -0.018887 0.23057 0.30257 0.019169 -0.018422 0.072525 0.062591 0.024836 -0.0017569 0.11317 0.15965 0.061431 0.021164 0.19257 0.33381 0.013847 -0.061842 0.23666 0.48054 0.0027695 -0.0031382 0.0043932 0.003577 0.034105 -0.036225 0.050212 0.090918 0.05951 -0.082196 0.09382 0.19748 -0.037965 -0.074836 0.089289 0.18423 0 0 0 0 -4.342e-17 1.0491e-17 1.0933e-16 3.3169e-16 0.0014046 -0.0081103 0.0029226 0.0081103 -0.0013416 -0.0069237 0.0026479 0.0069237
70.4 178.02 2.5869 5.6825 0 0 0 0 0 0 0 0 0 0 0 0 0 0 0 0 0.045333 0.056887 0.046308 0.080456 0.029048 0.1753 0.07481 0.25591 -0.033801 0.18279 0.063342 0.21224 -0.032761 0.053225 0.034076 0.058057 0.025391 0.013118 0.13476 0.2098 -0.02503 -0.087272 0.16398 0.46244 0.010086 -0.14632 0.08789 0.29919 -0.038695 -0.022924 0.10333 0.15245 0.053729 0.076744 0.27337 0.20937 -0.11197 0.080064 0.21902 0.31584 -0.053447 0.014102 0.076508 0.14579 0.00097218 -0.012872 0.010166 0.016166
152.75 178.23 2.7519 1.3952 0.005625 -0.0057822 0.079551 0.046121 0.025651 0.024467 0.2476 0.20792 -0.067303 0.039101 0.10149 0.083037 -0.00067618 0.00062399 0.00067618 0.00062399 0.011323 0.0013797 0.098197 0.060758 0.088321 -0.010784 0.29107 0.36811 -0.10473 0.051055 0.20083 0.36027 -0.013181 0.010264 0.01557 0.022016 0.022297 0.0072841 0.081969 0.10347 -0.020995 -0.029557 0.19322 0.40605 -0.039163 -0.085076 0.13539 0.42182 -0.023997 -0.012759 0.028933 0.046751 0.010106 -0.017898 0.014688 0.02228 -0.012067 -0.02894 0.028402 0.051307 -0.0037568 -0.0073964 0.0052758 0.012991 -0.0001526 -0.00086647 0.00015472 0.00086647
183.88 181.84 2.8434 3.6316 0 -0 0 0 1.562e-16 3.4352e-17 1.562e-16 8.4327e-17 5.179e-17 3.4509e-17 1.0256e-16 7.6779e-17 0 -0 0 0 0.0025947 0.0079678 0.0037885 0.0079678 0.011801 0.085323 0.035702 0.085323 -0.005781 0.063918 0.03654 0.078504 -0.0070537 0.013074 0.0083432 0.016423 0.071778 0.01616 0.11 0.11469 -0.023864 0.048077 0.21974 0.3893 -0.044536 0.027426 0.097501 0.22552 0.00082782 0.012842 0.05689 0.11315 0.086009 0.039921 0.21506 0.16919 0.00092729 0.10614 0.42459 0.48998 -0.0099232 0.10721 0.14192 0.28575 0.017736 0.019824 0.081294 0.15104
77.617 186.06 2.5869 5.3742 0 0 0 0 0 0 0 0 0 0 0 0 0 0 0 0 0.045918 0.11019 0.054594 0.11604 0.0393 0.21454 0.080924 0.27168 -0.059068 0.16302 0.094555 0.23016 -0.029546 0.039984 0.031522 0.049326 0.040173 0.0032278 0.19151 0.28587 -0.046316 -0.13418 0.20161 0.42251 -0.027239 -0.13727 0.073809 0.24583 -0.029478 -0.024169 0.034461 0.068341 0.042814 0.11551 0.20994 0.1949 -0.068791 0.12714 0.20299 0.33473 -0.04455 0.018395 0.066199 0.11534 2.6545e-05 -3.4074e-05 0.00011591 0.00014878
65.724 188.35 2.912 5.5664 0 0 0 0 0 0 0 0 0 0 0 0 0 0 0 0 0.0004404 0.00050543 0.0004404 0.00050543 0.0040659 0.030374 0.0054663 0.030374 0.0010404 0.021079 0.003434 0.021079 -4.3465e-05 0.0011407 0.00039745 0.0011407 0.086164 0.092082 0.12736 0.25317 0.021599 0.058555 0.12524 0.48727 -0.063266 0.03408 0.15813 0.48873 -0.08537 0.068171 0.10438 0.154 0.031759 0.069841 0.17776 0.25833 -0.071019 0.035931 0.18171 0.38057 -0.0044776 -0.065981 0.050789 0.16599 -0.016295 -0.022893 0.037829 0.057163
91.774 193.69 2.8677 4.8626 0 0 0 0 0 0 0 0 0 0 0 0 6.41e-17 9.7041e-18 6.41e-17 9.7041e-18 0.036936 0.072873 0.042911 0.072873 0.024356 0.23892 0.11721 0.27221 -0.070386 0.056746 0.11048 0.11156 -0.0013498 8.0943e-05 0.0013498 0.00025979 0.036121 0.051044 0.27783 0.30359 -0.16602 -0.16114 0.26207 0.40325 -0.052221 -0.046378 0.064326 0.084799 -0.00057131 1.8727e-05 0.00057131 0.00011058 -0.055772 -0.0061481 0.29037 0.18567 -0.053583 0.12664 0.29485 0.29098 -0.053811 0.03135 0.09382 0.091662 0 0 0 0
75.426 123.97 4.0341 1.4075 0 0 0 0 0 0 0 0 0 0 0 0 0 0 0 0 0.030107 0.038929 0.030636 0.038929 0.021376 0.19288 0.13534 0.26662 -0.057579 0.067996 0.073855 0.10957 -0.00086361 0.00053114 0.00086361 0.00053114 0.10431 0.0065519 0.21082 0.30907 -0.067951 0.0079661 0.32105 0.56804 -0.10443 0.012068 0.25791 0.22012 -0.013981 0.0033214 0.02337 0.010018 0.031302 -0.032774 0.058946 0.087458 0.012685 -0.059698 0.17499 0.2163 -0.044617 -0.0053734 0.17368 0.083015 -0.014975 0.004769 0.027466 0.0090573
95.805 130.4 3.6604 1.9073 -0.0023908 0.0022013 0.0042047 0.0023029 4.0622e-05 1.421e-05 4.0622e-05 1.421e-05 -0 0 0 0 -0 0 0 0 0.013371 0.0035023 0.04885 0.031466 0.089047 0.09766 0.19568 0.37241 -0.036534 0.15813 0.11499 0.34634 -0.043629 0.034658 0.051742 0.052239 0.018686 -0.0020655 0.020989 0.015282 0.13406 -0.042665 0.31054 0.40425 -0.047505 -0.050787 0.32797 0.38818 -0.059853 -0.016059 0.12738 0.063822 0.005767 -0.0005922 0.005767 0.0027839 0.046562 -0.040386 0.092895 0.10543 -0.021225 -0.034653 0.15907 0.10896 -0.019597 -0.004431 0.05229 0.021314
71.252 138.24 3.5064 0.31192 0 0 0 0 0 0 0 0 0 0 0 0 0 0 0 0 0.037142 0.03056 0.047807 0.037892 -0.026996 0.10984 0.14121 0.23838 -0.020366 0.024497 0.059229 0.17565 -0.0085803 0.03214 0.037267 0.054544 0.14565 0.021876 0.16658 0.056609 -0.024248 0.076431 0.51551 0.35628 -0.076107 0.070184 0.23728 0.33121 -0.0007036 -0.0033144 0.1131 0.11041 0.067238 -0.019785 0.087704 0.045681 -0.021246 -0.097433 0.30909 0.21428 -0.031237 -0.058711 0.13152 0.13866 0.0074484 -0.014803 0.043662 0.029392
162.16 141.16 3.8686 4.5401 0.03653 -0.0075414 0.050581 0.090018 -0.020669 0.002524 0.16375 0.19513 -0.012886 -0.0029592 0.067057 0.055562 -0.0048172 0.00096738 0.013389 0.0065234 0.062297 -0.0042012 0.064861 0.043818 -0.023438 0.023314 0.32413 0.2754 -0.0044343 0.071902 0.17055 0.14473 -0.019696 0.013477 0.050983 0.021959 0.026223 -0.0057569 0.081965 0.038549 0.096504 -0.045627 0.38016 0.48103 -0.092518 -0.042096 0.26061 0.40831 -0.048077 -0.010564 0.062898 0.041729 -0.0014906 -0.0019186 0.0073847 0.0045737 0.012925 -0.041269 0.022521 0.04368 -0.010862 -0.056602 0.032155 0.074801 -0.0042885 -0.0043956 0.0044485 0.0056161
71.036 159.41 3.038 2.7935 0.020576 0.001311 0.022714 0.038611 0.065444 0.023011 0.20667 0.19875 0.033438 0.031601 0.42052 0.18181 0.029445 -0.057398 0.21746 0.15793 -0.011286 0.051394 0.047628 0.08996 0.095759 -0.043164 0.15557 0.25559 -0.06623 -0.17357 0.28978 0.3704 0.026528 -0.055722 0.2177 0.21853 0.013038 -0.036647 0.056273 0.13051 -0.011823 -0.010097 0.083246 0.2617 -0.028642 -0.04547 0.087982 0.16854 -0.014374 -0.040082 0.06154 0.094288 0.0038932 -0.011446 0.0041606 0.011719 0.0014054 -0.030662 0.0073967 0.035162 -0.0055162 -0.012038 0.0057076 0.013172 -0.00018478 -0.00030155 0.00019055 0.00030155
62.709 167.73 3.0845 2.6458 0.011497 -0.0012881 0.028863 0.0445 0.095279 -0.079587 0.13985 0.25961 -0.043126 -0.14653 0.33656 0.3373 0.025189 -0.052408 0.22443 0.18333 0.0031744 0.021636 0.081435 0.21534 0.0091634 0.078613 0.11273 0.44166 -0.067155 -0.048501 0.17671 0.34723 -0.019806 -0.053619 0.13906 0.15297 0.016279 -0.060239 0.021199 0.07072 -0.0024967 -0.11803 0.040676 0.18468 -0.051063 -0.07756 0.054796 0.1179 -0.0063379 -0.0073494 0.0063379 0.0080491 -0 0 0 0 -0 0 0 0 -0 0 0 0 -0 0 0 0
150.49 166.04 3.3218 0.58876 -0.03105 0.065302 0.21182 0.14428 -0.023227 0.021568 0.058372 0.032085 9.5195e-06 6.3567e-06 9.5195e-06 6.3567e-06 0 0 0 0 -0.019789 -0.080166 0.31401 0.1689 -0.027759 0.11828 0.311 0.22833 -0.052428 0.10212 0.14297 0.1767 -0.01482 0.033365 0.055758 0.051188 -0.0017628 -0.015042 0.080793 0.1134 0.060008 -0.10462 0.23318 0.28982 -0.060537 -0.042286 0.37354 0.38536 -0.036292 -0.018003 0.11031 0.097144 0.0025875 -0.003427 0.022361 0.041403 0.024876 0.01007 0.059957 0.1126 -0.014972 0.0019932 0.1082 0.1796 -0.014986 -0.0034687 0.023336 0.026774
76.785 186.37 3.4079 5.4224 0 0 0 0 0 0 0 0 0 0 0 0 0 0 0 0 0.038788 0.092172 0.049439 0.098413 0.038386 0.20173 0.069121 0.23944 -0.06285 0.18528 0.094285 0.22429 -0.023685 0.036493 0.031233 0.039514 0.035973 -0.017207 0.19332 0.29114 -0.033203 -0.1268 0.18401 0.42042 -0.023947 -0.13471 0.083231 0.27025 -0.034752 -0.026432 0.054018 0.07181 0.042743 0.11837 0.23543 0.21573 -0.11294 0.11462 0.20272 0.33169 -0.040836 0.014448 0.05569 0.10819 0.00012938 -0.0014038 0.00071478 0.0014324
83.677 204.61 3.1978 5.032 0 0 0 0 0 0 0 0 0 0 0 0 0 0 0 0 0 0 0 0 9.6225e-05 0.00019142 9.6225e-05 0.00019142 2.5365e-05 5.0457e-05 2.5365e-05 5.0457e-05 0 0 0 0 0.1027 0.17422 0.10377 0.17887 -0.00086491 0.30723 0.21332 0.50277 -0.14847 0.087173 0.219 0.31967 -0.012482 0.00066162 0.014702 0.0090958 -0.015168 -0.028731 0.247 0.30378 -0.10709 -0.15748 0.17681 0.3167 -0.047437 -0.060685 0.059952 0.10814 -0.0032962 -0.0012929 0.0036749 0.0023868
97.073 111.5 5.0053 1.8058 -0 0 0 0 -0 0 0 0 -0 0 0 0 -0 0 0 0 -0.0070227 0.010312 0.010477 0.010573 0.00027257 6.527e-05 0.00059177 0.00014171 0.00050109 0.00011999 0.00050109 0.00011999 2.7719e-06 6.6375e-07 2.7719e-06 6.6375e-07 -0.015368 -8.1391e-07 0.094925 0.063504 0.12152 0.10363 0.23088 0.60633 -0.11639 0.10483 0.22441 0.47729 -0.035373 0.0088994 0.042014 0.028745 -0.0059416 -0.0019507 0.018585 0.0071899 0.10264 -0.053091 0.19432 0.24304 -0.074259 -0.061443 0.26301 0.20241 -0.021493 -0.0055684 0.04987 0.015589
157.41 110.6 4.7513 1.1913 0 0 0 0 0 0 0 0 0 0 0 0 0 0 0 0 0 0 0 0 0 0 0 0 0 0 0 0 0.045187 0.015277 0.056874 0.050012 0.0078225 -0.00095491 0.0078225 0.00097735 0.15186 0.12119 0.23687 0.38797 -0.083605 0.10584 0.41223 0.55265 0.001702 -0.0051261 0.10207 0.058574 0.010889 -0.0030937 0.010889 0.0031041 0.034389 -0.080677 0.14765 0.1457 0.014726 -0.049318 0.30158 0.28911 -0.041059 0.008006 0.076261 0.065872
149.03 132.23 5.6133 1.1603 0 0 0 0 0 0 0 0 0.0033992 0.0033356 0.0037082 0.0033843 0.031384 0.074456 0.092759 0.11027 0.032568 0.021974 0.032594 0.030024 -0.022985 0.17906 0.13902 0.33357 -0.015328 0.040528 0.093192 0.10802 0.083225 -0.053258 0.23257 0.30864 0.053801 -0.018605 0.059621 0.048613 0.03429 -0.12329 0.35724 0.45953 -0.084274 0.022554 0.26074 0.27522 0.016632 -0.032955 0.042997 0.04822 0.0038629 -0.003672 0.0074423 0.0046796 0.041715 -0.010511 0.10055 0.10547 -0.02808 -0.0095709 0.15585 0.23328 -0.007135 -0.00088796 0.012068 0.021142
83.903 171.63 4.8764 2.5279 -0.010747 -0.026711 0.084189 0.061018 0.0048399 0.0041572 0.019097 0.016991 0.12334 0.059581 0.36837 0.25585 -0.057544 0.064877 0.1796 0.19178 0.0038943 0.0051038 0.0082143 0.010427 0.04661 0.023994 0.066469 0.10972 0.080906 -0.086705 0.45273 0.36164 -0.058767 -0.099075 0.28538 0.24081 0.016151 -0.0045781 0.019077 0.021696 0.031823 -0.026226 0.07184 0.22258 -0.0367 -0.064106 0.12433 0.28157 -0.021789 -0.031207 0.060775 0.072155 0.00021472 -0.00032339 0.00021472 0.00032339 0.0030181 -0.015392 0.0036103 0.015392 -0.0038655 -0.017672 0.0055144 0.018389 -0.00074789 -0.0011764 0.00074789 0.0011764
165.62 185.1 5.5881 4.7666 -2.0303e-05 2.8119e-06 6.0046e-05 7.1703e-06 1.0635e-19 -1.9606e-18 1.0635e-19 1.9606e-18 0 0 0 0 0 0 0 0 0.0047007 0.0035638 0.013866 0.016731 0.02727 0.049521 0.099325 0.19267 -0.031067 0.032727 0.076128 0.09019 -0.0010479 0.00030382 0.0010479 0.00036996 0.011845 0.0035223 0.048438 0.041079 0.0087256 0.014061 0.44221 0.47481 -0.065765 -0.011144 0.20558 0.1335 -0.0048595 -0.00019094 0.0089679 0.0026766 -0.0047431 -0.0011922 0.083672 0.079941 0.061132 0.019211 0.34359 0.48622 -0.10525 0.027639 0.1832 0.16065 -0.0031076 -6.8166e-05 0.0047179 0.0011633
63.629 195.43 5.1046 5.5027 0 0 0 0 0 0 0 0 -1.2578e-17 -1.2702e-17 1.2578e-17 1.2702e-17 -3.0602e-17 -3.0902e-17 3.0602e-17 3.0902e-17 0 0 0 0 0.00019593 0.00069953 0.00019593 0.00069953 0.00011999 0.0010964 0.0001264 0.0010964 -1.9552e-08 4.0052e-06 1.9552e-08 4.0052e-06 0.04861 0.030151 0.070169 0.086113 0.036327 0.050876 0.16061 0.4933 -0.080327 0.015921 0.11682 0.35058 -0.014952 -0.00029426 0.016113 0.021798 0.083455 0.11062 0.3174 0.23349 -0.092255 0.092091 0.395 0.44085 -0.058634 -0.022525 0.07075 0.12765 -0.0024161 -0.0029422 0.0028859 0.0051366
186.49 109.58 6.3703 2.0308 -0 0 0 0 -0 0 0 0 -0 0 0 0 -0 0 0 0 -0 0 0 0 -0 0 0 0 -0 0 0 0 -0 0 0 0 0.0014903 0.00073831 0.0014903 0.00073831 0.17099 0.060197 0.18778 0.20168 -0.11921 0.14378 0.44842 0.4955 -0.030137 0.0086795 0.032761 0.025652 0.0061951 0.0057444 0.019923 0.008406 0.0929 0.006874 0.22463 0.13963 -0.040632 -0.067344 0.38838 0.3826 0.020556 0.01026 0.10151 0.11654
153.86 130.5 6.7165 1.2713 0 0 0 0 0 0 0 0 0 0 0 0 0.011362 0.044067 0.026437 0.047986 0.011776 0.0036933 0.011776 0.0036933 0.036142 0.15562 0.14171 0.31097 -0.037861 0.062249 0.13004 0.15271 0.06135 -0.0014239 0.29141 0.36142 0.022232 -0.00037719 0.022463 0.0066594 0.1156 -0.15097 0.3349 0.38012 -0.10674 -0.025382 0.34018 0.29157 0.032304 -0.06246 0.093367 0.091599 0.0012783 -0.00043216 0.0012994 0.00043216 0.040502 -0.0088582 0.087695 0.091033 -0.022982 -0.023515 0.11667 0.16181 0.0004555 -0.0020077 0.0096569 0.011429
165.85 128.87 7.1758 1.244 0 0 0 0 0 0 0 0 0 0 0 0 0.021742 0.037326 0.026212 0.040353 0 0 0 0 0.11891 0.10424 0.14474 0.25388 -0.072195 0.12085 0.16039 0.32301 0.12535 -0.020507 0.21603 0.30944 0 0 0 0 0.085064 -0.075987 0.1883 0.22351 -0.042782 -0.015383 0.41007 0.48625 0.00036652 -0.015748 0.070708 0.10303 0 0 0 0 0.015049 -0.00208 0.029622 0.024085 -0.012241 -0.031988 0.12562 0.18682 -0.012708 -0.0066722 0.021491 0.042587
54.232 193.93 6.4652 5.5689 0 0 0 0 0 0 0 0 0 0 0 0 -3.011e-18 -3.4726e-18 3.011e-18 3.4726e-18 0 0 0 0 0 0 0 0 -3.3892e-18 -3.9087e-18 1.1707e-17 1.3502e-17 2.9349e-19 3.3848e-19 3.2974e-18 3.8029e-18 0.019784 0.017222 0.026711 0.023821 0.073476 0.094178 0.15904 0.35709 -0.061396 0.058865 0.12552 0.33592 -0.016098 0.0034512 0.019365 0.02296 0.095114 0.088075 0.24838 0.18223 -0.040464 0.15095 0.4789 0.52592 -0.093765 -0.016457 0.12447 0.16501 -0.0030376 -0.00113 0.0065967 0.0073302
89.703 134.04 10.157 3.4094 0.0099203 -0.0008074 0.0099203 0.004437 0.042932 -0.012366 0.17896 0.20987 -0.041849 0.0052161 0.2641 0.28659 -0.014044 -0.00020098 0.014044 0.010348 0.011046 0.018603 0.060144 0.042389 0.075451 0.12387 0.41253 0.37174 -0.10548 0.029441 0.30217 0.2289 -0.0024199 -0.001699 0.0024199 0.001699 0.015352 -0.011639 0.038908 0.035999 0.048671 -0.13056 0.30304 0.30591 -0.077714 -0.062258 0.19783 0.13949 0 -0 0 0 0 -0 0 0 0.0004878 -0.00389 0.0010359 0.00389 9.9079e-05 -0.0016061 0.00027101 0.0016061 0 -0 0 0
160.46 177.54 10.387 3.5882 0 -0 0 0 0 -0 0 0 0 -0 0 0 0 -0 0 0 5.3016e-18 -1.107e-17 1.1634e-17 2.4293e-17 0.03466 0.044606 0.11933 0.070459 -0.00051779 0.15149 0.19713 0.18495 -0.017168 0.031734 0.036209 0.032925 0.0021043 0.0079914 0.013773 0.0080802 0.021162 0.014735 0.12476 0.1353 0.029758 -0.077404 0.48054 0.54485 -0.051415 -0.023251 0.11167 0.097591 0.017775 -0.0029524 0.03379 0.016842 0.12772 0.014685 0.24259 0.23206 -0.079507 -0.032259 0.30451 0.22821 -0.0022828 -0.0024492 0.0034864 0.0040529
