49 64
90.656 116.11 2.0738 0.93152 0 0 0 0 0 0 0 0 0 0 0 0 0.0040019 0.010757 0.0066895 0.012956 0.0014657 0.0067957 0.0025671 0.0067957 -0.0019978 0.054738 0.02342 0.054738 -0.0020117 0.080577 0.026837 0.080975 0.013693 0.026717 0.061158 0.069554 0.071552 0.17967 0.18726 0.33442 -0.10819 0.095305 0.28733 0.41992 -0.020906 -0.013869 0.32674 0.43144 -0.006802 0.0088652 0.24825 0.14003 -0.038929 -0.073359 0.13214 0.16631 -0.02853 -0.08377 0.10996 0.13424 -0.017746 -0.018782 0.11909 0.10252 -0.011387 -0.021214 0.10748 0.058586
71.32 119.56 1.9852 1.0158 0 0 0 0 0 0 0 0 0 0 0 0 0 0 0 0 0 0 0 0 0.034682 0.048421 0.047214 0.084047 -0.029984 0.052085 0.051239 0.096772 -0.0030585 0.0012526 0.0030585 0.0017561 -0.027981 0.17062 0.10752 0.23034 0.054951 0.14731 0.35256 0.26372 -0.073076 0.0091996 0.12381 0.14023 -0.0036749 -0.0010444 0.0046138 0.0029621 -0.0057534 -0.059338 0.28231 0.31076 -0.053211 -0.028297 0.56414 0.28354 -0.076122 1.8949e-05 0.15647 0.074486 -0.0027044 0.00017139 0.0063171 0.0023147
102.93 122.21 1.782 4.7407 -0.00075081 0.01778 0.084282 0.042219 0.011128 0.0047408 0.068797 0.04736 -0.023602 -0.01731 0.061979 0.049022 -0.0046457 -0.013519 0.025739 0.040193 0.0030247 0.01417 0.26319 0.14942 -0.03576 0.067235 0.17461 0.13435 -0.021251 0.077731 0.097983 0.122 0.01256 0.077628 0.046853 0.088869 0.039578 -0.051499 0.083993 0.088984 0.1333 -0.07184 0.23686 0.38913 0.0020227 0.012893 0.16587 0.62206 -0.046178 -0.034812 0.11597 0.24219 0.0013614 -0.00097444 0.0013614 0.0009852 0.022307 -0.045942 0.023068 0.052685 0.0095895 -0.10613 0.02742 0.13445 -0.01282 -0.044428 0.015613 0.049576
144.32 126.04 1.6338 4.6894 -0.0029033 -0.016062 0.022711 0.038697 0.0307 -0.013199 0.063119 0.0698 0.012216 0.0077016 0.12735 0.081646 -0.0017267 0.035451 0.13351 0.10354 0.0042421 0.05164 0.027327 0.062848 0.033864 0.060839 0.094005 0.13348 0.013986 0.010135 0.24825 0.20403 -0.012137 -0.055551 0.31034 0.15928 0.0079107 0.010852 0.070582 0.20188 0.0083448 0.021651 0.19674 0.5846 -0.14708 -0.068237 0.22077 0.3416 -0.023771 -0.039369 0.074661 0.064279 -0.0048607 -0.051832 0.017849 0.057712 -0.0065496 -0.098487 0.03198 0.1241 -0.021921 -0.03856 0.023617 0.044537 -0.00077219 -0.0013922 0.0011545 0.0013922
71.665 127.22 1.8494 5.8929 0 0 0 0 0 0 0 0 0 0 0 0 0.00077881 0.00078487 0.00077881 0.00078487 0.018685 0.0067401 0.018685 0.0075155 -0.024767 0.047659 0.10954 0.073059 -0.0059515 0.078451 0.050923 0.10073 0.0089023 0.013637 0.07183 0.062416 0.021021 -0.0053598 0.02189 0.010961 0.064556 -0.030064 0.18588 0.16046 0.048915 0.1629 0.24426 0.50392 -0.070689 0.039661 0.15324 0.22248 5.4773e-05 -0.00059136 0.00020661 0.00059136 0.14022 0.0075342 0.14487 0.067943 0.012855 0.041957 0.38711 0.47746 -0.0045578 0.038636 0.08386 0.16908
77.963 128.64 2.0378 5.8587 0.0023814 0.0046508 0.00389 0.0046508 -0.0032197 0.0080573 0.0084708 0.0099789 -0.001018 0.0085015 0.0037071 0.0097895 0.0046856 0.01249 0.019864 0.021774 0.024802 0.0056886 0.065716 0.035098 0.041425 0.092338 0.13766 0.14618 -0.0076567 0.11178 0.12682 0.22801 -0.0051937 0.0060169 0.10046 0.10539 0.0051373 -0.011411 0.014846 0.013879 0.1439 0.043944 0.22599 0.30562 -0.096881 -0.0087451 0.27831 0.5687 -0.02383 0.035838 0.071628 0.12396 0.0010703 9.6015e-05 0.0010703 0.00012576 0.11302 0.039323 0.27417 0.19786 -0.058238 0.020843 0.18811 0.25166 0.0028018 0.018214 0.05121 0.07273
151.48 128.11 1.9533 2.8035 0.017238 0.041045 0.054089 0.076575 -0.033753 0.073199 0.081144 0.13406 -0.012903 0.0041311 0.016193 0.019788 -0.00016783 3.462e-05 0.00016783 5.9315e-05 0.035343 -0.0033145 0.17714 0.18872 -0.066036 0.055245 0.26542 0.40446 -0.044318 0.1465 0.18108 0.21543 -0.030195 0.053757 0.040672 0.054142 0.027101 -0.033318 0.10128 0.12973 -0.041639 -0.063581 0.17367 0.20288 0.18671 -0.058573 0.35695 0.23746 -0.13619 0.060755 0.30545 0.16172 0.020225 -0.013887 0.038201 0.038438 -0.025714 -0.021361 0.058627 0.038696 0.093757 -0.040848 0.10834 0.061272 -0.042759 -0.0051172 0.15567 0.071981
118.51 129.54 2.1178 4.8561 0.0039999 0.017419 0.052488 0.053949 -0.003184 -0.014325 0.081278 0.11724 -0.0096907 -0.010448 0.073798 0.18035 -0.0048845 0.0014706 0.056674 0.053242 -0.037628 -0.013346 0.075931 0.046685 -0.017587 -0.014017 0.098273 0.11705 -0.015275 -0.035723 0.043517 0.090908 0.013766 -0.014345 0.034501 0.046273 -0.044257 0.1952 0.12769 0.24633 0.0018717 0.24685 0.15873 0.26803 -0.023753 0.22063 0.11281 0.22704 -0.015711 0.15881 0.065435 0.16711 0.041147 -0.10466 0.10341 0.30681 -0.057956 -0.10116 0.12884 0.37215 -0.01044 -0.12006 0.079229 0.22231 0.030272 -0.085715 0.068315 0.25472
155.48 134.7 1.9604 3.0489 0.007289 0.0027401 0.020388 0.016885 0.016142 0.071655 0.072498 0.13637 -0.032679 0.094187 0.060879 0.10404 -0.0031469 0.0047297 0.0032378 0.0047297 0.031524 0.020138 0.10787 0.06314 0.076591 0.023126 0.28582 0.38888 -0.088541 0.04957 0.24617 0.45674 -0.031071 0.031994 0.057451 0.062374 0.051831 -0.014955 0.088327 0.085061 0.021243 -0.040656 0.15758 0.22139 0.0068778 -0.061697 0.2036 0.23858 -0.037184 0.10021 0.26848 0.16069 0.018812 -0.0002383 0.034867 0.03088 -0.016249 -0.033548 0.075304 0.064776 0.025564 -0.029556 0.092732 0.065052 0.027384 -0.012001 0.24325 0.082224
151.72 141.73 2.0652 4.4118 -0.0042076 -0.00097399 0.011938 0.014263 0.022639 0.0033006 0.047762 0.045725 -0.017471 0.0058779 0.056429 0.072555 -0.0012854 -0.014573 0.017942 0.025316 0.0054324 0.03331 0.052842 0.069469 0.062481 0.095509 0.18943 0.16709 -0.021379 0.12878 0.26219 0.32893 -0.050034 0.052962 0.1539 0.11955 0.025262 -0.027492 0.055138 0.083364 0.07922 -0.028959 0.18279 0.16378 0.089539 -0.012551 0.44396 0.30965 -0.10885 -0.016409 0.2965 0.18532 0.014228 0.023647 0.027957 0.046057 0.069713 0.071559 0.11705 0.15751 -0.044581 -0.011835 0.21808 0.18859 -0.028124 -0.03002 0.07967 0.047045
93.668 152.4 2.2327 1.7708 0.0082868 0.048244 0.11951 0.15797 0.021537 -0.027836 0.19109 0.1906 -0.021821 -0.068951 0.33211 0.17004 0.0021903 -0.056822 0.25844 0.23115 -0.022788 -0.055596 0.22364 0.17871 -0.044249 -0.12006 0.22966 0.2473 -0.016009 0.0025286 0.20002 0.19657 -0.011837 -0.0069315 0.16093 0.24997 0.0048061 -0.0014638 0.10598 0.14017 -0.015644 0.0052116 0.17163 0.14712 0.0044643 -0.035167 0.2258 0.1662 -0.015646 -0.01043 0.12584 0.082179 0.027247 0.020285 0.061048 0.075375 -0.080858 0.005369 0.11535 0.077591 0.011309 -0.0083889 0.07526 0.049724 -0.0074923 -0.0078721 0.046954 0.029762
156.78 153.53 2.0338 4.1143 0.016912 -0.047025 0.036147 0.078729 0.035408 -0.14266 0.083431 0.23787 -0.011251 -0.10202 0.0916 0.2016 -0.041746 -0.0010751 0.05407 0.054863 -0.0075952 -0.0056377 0.023256 0.023575 0.043064 0.02056 0.10945 0.12927 -0.026082 -0.027704 0.12014 0.12933 -0.0040494 0.0049891 0.017501 0.04335 -0.0038129 0.0050569 0.030104 0.033062 0.097334 0.032281 0.17643 0.16949 0.029151 0.13884 0.24299 0.40184 -0.018369 0.11036 0.20056 0.23881 0.0042729 0.021324 0.054552 0.068411 0.087715 0.029413 0.14922 0.1483 0.013268 0.005733 0.26723 0.25193 -0.049262 -0.0060949 0.3042 0.23825
78.317 155.43 1.9941 5.8636 0 0 0 0 0.0010415 0.0016809 0.0022393 0.0028013 0.0032362 0.012449 0.015349 0.028259 0.0032471 0.0032378 0.019337 0.038907 0.010285 0.012269 0.011109 0.014428 0.002916 0.034026 0.12356 0.14831 0.026265 0.022093 0.1034 0.18916 -0.011407 -0.00051021 0.03844 0.088044 -0.021988 0.13931 0.26346 0.28494 -0.0090005 0.017897 0.36696 0.36603 -0.018894 0.021793 0.14793 0.30146 0.0014551 0.027617 0.053225 0.099052 -0.086567 -0.027267 0.21178 0.37858 0.0028403 0.04336 0.14563 0.21181 -0.0052993 0.001472 0.12124 0.19199 0.046414 -0.0041529 0.092143 0.087714
106.29 156.55 2.0609 5.6785 -0.0096567 0.011244 0.075474 0.12418 0.0025667 0.0059689 0.06985 0.10217 0.060186 0.073926 0.10403 0.11001 -0.044161 0.035212 0.05097 0.045599 -0.01115 0.045023 0.11158 0.17805 -0.0046348 0.035585 0.12987 0.18677 0.057165 -0.073243 0.18888 0.25293 -0.034878 -0.068836 0.084532 0.10609 -0.057142 0.036196 0.17824 0.24882 -0.060039 0.087319 0.30059 0.36577 -0.096161 0.010254 0.1739 0.16416 0.0048884 -0.017818 0.03477 0.033483 0.016331 -0.054065 0.097743 0.14116 -0.022303 0.0038887 0.31707 0.26433 -0.086587 0.065122 0.20716 0.16557 -0.019024 0.020582 0.029911 0.035658
174.13 156.63 1.7202 0.82585 0.041687 -0.032149 0.046782 0.04628 -0.0007441 -0.18659 0.20908 0.3197 0.010653 -0.075304 0.18255 0.251 -0.033625 -0.0099772 0.083125 0.085494 0.00051843 -0.00099338 0.00051843 0.00099338 0.050181 0.034632 0.073617 0.11574 -0.0068236 0.18478 0.11986 0.28471 -0.022087 0.14153 0.072584 0.21308 0 0 0 0 0.1077 -0.060384 0.11533 0.11421 0.1768 -0.10578 0.22519 0.38821 -0.0027605 -0.023922 0.09216 0.397 0 0 0 0 0.00374 -0.0039719 0.00374 0.0039719 0.025494 -0.067163 0.036733 0.067163 -0.001204 -0.062712 0.013383 0.062712
72.105 157.2 1.9849 0.28265 -8.381e-05 0.00028858 8.381e-05 0.00028858 0 0 0 0 2.4885e-05 7.227e-06 2.4885e-05 7.227e-06 8.7566e-06 2.5431e-06 8.7566e-06 2.5431e-06 -0.028685 0.073068 0.17733 0.10847 -0.011828 0.081385 0.059738 0.13547 -0.0082041 0.042408 0.032932 0.066693 -0.0032587 0.0065981 0.013274 0.019498 -0.048101 -0.020204 0.45434 0.34317 -0.06277 0.034957 0.31503 0.40745 -0.046938 0.049731 0.16773 0.25093 -0.0056167 0.018424 0.087525 0.089819 -0.025356 0.032849 0.16599 0.18173 -0.056438 0.0085624 0.19603 0.26595 -0.021322 -0.025112 0.096031 0.13057 0.0023158 -0.013079 0.035497 0.034965
88.96 157.99 2.036 5.8598 0.0070076 0.015262 0.026365 0.031976 -0.0020314 -0.0048357 0.065013 0.11418 -0.0090184 0.0086729 0.048982 0.10773 -0.0069008 -0.0070514 0.01544 0.028562 0.0088206 0.011622 0.23486 0.22313 -0.042885 0.028944 0.19712 0.30612 -0.01929 0.0038323 0.067362 0.20568 0.0068554 0.08178 0.035881 0.091308 -0.029303 0.030304 0.15309 0.25361 0.015668 0.0039088 0.23424 0.32128 0.066555 -0.009855 0.18656 0.23736 0.050776 0.043244 0.14283 0.15518 0.002072 0.074236 0.13545 0.20248 -0.0537 0.12186 0.19532 0.24793 -0.015129 0.045989 0.15976 0.1951 0.0051701 -0.062337 0.076183 0.10519
139.39 157.69 2.022 4.6442 -0.0016541 0.00015738 0.017322 0.036477 0.042858 -0.0055337 0.065574 0.080865 -0.018544 -0.014123 0.10072 0.076004 0.095327 -0.088839 0.13052 0.13039 0.0024249 0.0048271 0.026158 0.035666 0.011854 0.012893 0.10051 0.11684 -0.015794 -0.016272 0.073522 0.062722 0.025899 0.042584 0.11494 0.086271 -0.0042903 0.098286 0.14817 0.24085 -0.037228 0.092848 0.25019 0.23757 0.048453 0.11611 0.16277 0.18393 0.0038463 0.062555 0.22115 0.26506 -0.034915 -0.040439 0.10699 0.23222 0.021893 -0.053256 0.1537 0.2041 0.11874 0.045043 0.25061 0.22187 0.016174 0.050806 0.3263 0.25868
110.12 165.69 2.1458 2.2639 -0.002156 -0.0084066 0.030579 0.048238 0.04449 -0.054632 0.10723 0.12646 0.069011 -0.063274 0.28657 0.31387 -0.0041303 -0.047552 0.19363 0.24236 -0.0083305 0.015025 0.064366 0.062456 0.021872 0.043412 0.068477 0.13411 0.076709 -0.052111 0.27079 0.3261 0.008422 -0.056561 0.16165 0.18581 0.025008 -0.0097153 0.037463 0.030117 0.1405 0.098042 0.17106 0.21497 -0.10949 0.11456 0.2479 0.29084 -0.030216 -0.024581 0.13212 0.15314 0.0088101 -0.0025591 0.0088101 0.0034917 0.063367 -0.074315 0.0757 0.082216 -0.068618 -0.10444 0.10766 0.12178 -0.0021444 -0.012076 0.043586 0.054719
81.744 167.51 1.8617 3.2837 0.0125 -0.0073095 0.019658 0.014724 0.10589 -0.1496 0.13887 0.1808 -0.078376 -0.11772 0.21959 0.25308 -0.0036238 -0.011229 0.11673 0.16195 0.00027256 0.012545 0.027863 0.033285 0.028422 0.0044952 0.062804 0.099155 0.032894 0.016995 0.1839 0.31936 -0.016007 0.018512 0.28603 0.36726 0.028974 -0.0096375 0.062006 0.066361 -0.002173 -0.012979 0.14245 0.17158 0.00076259 -0.037006 0.16748 0.34976 0.0071295 -0.029868 0.2497 0.28988 0.0045295 -0.0050809 0.0049653 0.0064551 -0.0029531 -0.013039 0.033614 0.040976 0.0066845 -0.022408 0.02709 0.068831 0.00036906 -0.021663 0.020746 0.045306
72.975 174.12 1.968 2.5992 0.011273 -0.10202 0.049437 0.10535 0.031686 -0.040982 0.11989 0.21066 0.050177 -0.020966 0.21155 0.46696 0.027173 -0.046552 0.29888 0.33109 0.014721 0.011901 0.026941 0.051706 0.055201 0.080808 0.15695 0.32875 -0.013904 -0.039959 0.21473 0.39515 -0.032021 -0.056082 0.098569 0.15703 0.0057167 -0.0089255 0.0085731 0.01784 0.022123 -0.081947 0.067132 0.16417 -0.032037 -0.037462 0.060644 0.11229 -0.0055795 -0.0017815 0.0090696 0.015243 -0 0 0 0 -0 0 0 0 4.1022e-05 -0.00016549 4.1022e-05 0.00016549 8.4119e-06 -3.3935e-05 8.4119e-06 3.3935e-05
80.934 120.34 2.9674 0.70519 0 0 0 0 8.7904e-05 0.00029278 8.7904e-05 0.00029278 0.0004411 0.0053427 0.00072617 0.0053427 -1.0971e-05 0.00032992 3.6361e-05 0.00032992 0 0 0 0 0.013114 0.00673 0.01709 0.014127 -0.023226 0.055325 0.091515 0.11995 -0.0085825 0.0040038 0.0087314 0.011274 0.07633 0.17156 0.2235 0.28594 -0.067184 0.079589 0.34141 0.52286 -0.086151 -0.0063158 0.32556 0.31189 -0.017667 0.0084844 0.054477 0.032799 -0.018107 -0.034012 0.24137 0.2065 -0.023671 -0.065621 0.15284 0.16611 -0.037073 -0.013753 0.11609 0.11638 -0.0069986 -0.001811 0.040012 0.034806
90.247 136.15 2.4696 3.5741 0.0016006 -0.0012595 0.032222 0.036723 0.063594 0.0038103 0.10557 0.089243 -0.02371 0.022637 0.08891 0.084002 0.030364 0.016678 0.061092 0.056846 -0.011627 -0.0069913 0.081469 0.058237 0.051172 -0.045646 0.10838 0.12758 0.029489 -0.049149 0.12499 0.19691 0.11362 0.064488 0.18678 0.18714 -0.0011286 -0.0024338 0.09342 0.066312 0.062723 0.050656 0.21464 0.20994 0.068117 0.053137 0.31806 0.57109 -0.024435 -0.053385 0.19469 0.32935 0.0019392 -0.0054083 0.012425 0.010293 0.058915 -0.048407 0.084436 0.075121 -0.02195 -0.054265 0.13252 0.16222 -0.015331 -0.017157 0.022515 0.032427
122.07 146.03 3.0921 1.7902 -0.0085129 -0.01842 0.17976 0.18592 0.0036301 -0.1507 0.11738 0.34756 0.05433 -0.14249 0.12561 0.38898 -0.024987 -0.048436 0.19723 0.36194 -0.040341 -0.069316 0.17795 0.15712 0.0037776 0.025005 0.14284 0.22586 0.032404 0.030226 0.15334 0.23989 0.0016765 -0.035527 0.1697 0.12746 0.0052315 -0.016073 0.057226 0.05014 0.028231 -0.064377 0.11123 0.16133 -0.0051704 -0.068157 0.15518 0.17654 -0.019438 -0.035635 0.090216 0.099183 -0.0065728 -0.0044785 0.028658 0.029353 0.0023629 -0.0031195 0.020754 0.032953 0.022351 0.017056 0.066498 0.081529 -0.015745 0.0010442 0.048949 0.035922
161.46 145.89 2.637 4.4702 0.0076144 -0.0092944 0.031464 0.030019 0.047419 -0.054783 0.10909 0.16138 -0.059716 -0.006794 0.13774 0.12919 -0.01193 0.002003 0.013145 0.0060515 0.0061143 0.016538 0.042086 0.042085 0.0011358 0.081952 0.14165 0.19627 -0.023435 -0.0058914 0.11027 0.12462 -0.0070738 -0.0020952 0.0089875 0.0053523 0.030423 -0.0064354 0.084211 0.10974 0.056976 0.084141 0.40045 0.32727 -0.16167 0.035203 0.43211 0.24379 -0.012273 -0.00086686 0.012273 0.0058902 0.042885 0.09611 0.062341 0.15372 -0.041913 0.015749 0.26915 0.30754 -0.066376 -0.048734 0.15417 0.087322 -0.0011449 -0.00036057 0.0011449 0.00046989
120.1 154.94 2.7681 4.6312 0.01485 0.035338 0.043576 0.044754 -0.034843 0.020287 0.045174 0.053411 0.016854 0.0021097 0.028554 0.038861 0.021258 -0.010814 0.062229 0.053475 0.025204 -0.024295 0.11294 0.1113 -0.040734 0.047856 0.10973 0.15007 0.010808 0.059543 0.074425 0.1104 0.0063624 0.001372 0.062626 0.048434 0.062065 0.055797 0.15295 0.14652 0.0035998 0.052174 0.28711 0.36056 -0.022989 -0.028126 0.22557 0.35426 0.086484 0.0434 0.16627 0.17425 0.0030546 0.053574 0.22164 0.11542 -0.036567 0.037856 0.18362 0.18613 0.026045 0.1859 0.087885 0.26413 0.075185 0.16322 0.1488 0.26443
159.96 163.45 2.5334 0.81951 0.07171 -0.0043628 0.27935 0.24064 -0.094766 -0.036968 0.22649 0.25349 -0.029002 -0.023092 0.084954 0.0884 -0.0070998 -0.007742 0.023642 0.027692 0.023643 -0.088986 0.12964 0.16227 -0.036621 -0.063987 0.17962 0.24466 0.0059647 0.0015973 0.083555 0.08872 -0.010486 -0.0032215 0.047005 0.044498 0.047806 -0.0028933 0.05065 0.05502 0.088899 -0.0046227 0.16581 0.41175 -0.062379 -0.031966 0.13405 0.51417 -0.055739 -0.0079921 0.070628 0.12577 0.0035771 -0.0035259 0.0035771 0.0035259 0.015953 -0.062446 0.02632 0.064298 -0.0086241 -0.071752 0.018012 0.086589 -0.0064595 -0.012213 0.009058 0.018936
140.6 172.35 2.9649 0.62611 -0.01947 0.026352 0.11518 0.14539 -0.052938 -0.056813 0.15397 0.16656 0.015041 -0.027039 0.080149 0.066961 -0.01199 -0.04323 0.05302 0.056428 -0.13551 -0.043962 0.2496 0.272 -0.0069119 -0.0078353 0.1054 0.11815 -0.034465 0.0074679 0.094433 0.066143 -0.0041556 -0.0068689 0.0070565 0.009341 0.0062363 0.11525 0.13414 0.27507 -0.0074369 0.25101 0.15244 0.3856 -0.090773 0.022933 0.11155 0.14659 -0.0010116 0.00011338 0.0015401 0.0017782 0.044023 -0.074867 0.086439 0.26164 -0.083133 -0.13588 0.14421 0.39728 -0.051349 -0.034763 0.066245 0.10152 -0.0006235 -0.00015628 0.00072557 0.00084514
129.07 110.82 3.6154 1.6798 -0 0 0 0 -0 0 0 0 -0 0 0 0 -0 0 0 0 0.008322 0.021599 0.0083369 0.021599 -0.0089005 0.15358 0.031337 0.15358 0.0057912 0.18757 0.039068 0.18757 -0.015791 0.059185 0.019425 0.059185 0.042411 0.063106 0.23593 0.15554 -0.0063822 -0.036091 0.16828 0.51162 0.042592 -0.080313 0.13123 0.53117 -0.064689 0.015642 0.20775 0.26402 0.0019645 -0.037363 0.11267 0.087104 -0.0077698 -0.023558 0.072024 0.10649 0.017072 -0.012401 0.068615 0.11172 -0.0057955 -0.026545 0.089531 0.062775
78.483 118.06 3.1456 1.0016 0 0 0 0 0 0 0 0 0 0 0 0 0 0 0 0 0 0 0 0 0.012685 0.0016454 0.012685 0.0068933 -0.0055787 0.023972 0.049426 0.077546 -0.0065642 0.00163 0.006639 0.0063849 -0.034182 0.14573 0.23267 0.46388 -0.02431 0.075725 0.3952 0.50135 -0.071285 0.038218 0.29023 0.19345 -0.0098751 0.00046747 0.011381 0.0053505 -0.034622 -0.086446 0.12738 0.16759 -0.027382 -0.036789 0.19713 0.17001 -0.023699 -0.019921 0.1416 0.10662 -0.0094254 0.0038116 0.0243 0.021837
157.11 119.26 3.6057 2.0789 -0 0 0 0 -0 0 0 0 -0 0 0 0 -0 0 0 0 -0 0 0 0 0.0061283 0.038249 0.018553 0.038249 -0.016131 0.11136 0.038588 0.11136 -0.004127 0.010173 0.004127 0.010173 0.041238 0.0059425 0.053861 0.038432 0.043409 0.062677 0.39201 0.31058 0.0083766 -0.0053736 0.3726 0.54881 -0.001866 0.083345 0.1528 0.36667 -0.01801 0.019342 0.11792 0.049977 0.010249 -0.062769 0.10994 0.12428 0.0012896 -0.032105 0.095869 0.12545 0.040501 -0.031541 0.072689 0.14288
88.29 141.02 3.7599 5.3948 0 0 0 0 0.0031203 0.0022517 0.0082912 0.0078058 0.00061456 0.0050179 0.023027 0.024139 -0.001291 0.016626 0.013089 0.018391 0.011303 0.01593 0.024458 0.017298 -0.0041779 0.036639 0.10228 0.10461 0.0013337 0.034333 0.10189 0.12133 -0.0073614 -0.0038727 0.063585 0.075129 0.023712 -0.0086779 0.051454 0.035937 0.029294 0.053171 0.48087 0.33152 -0.038218 0.020306 0.2058 0.2204 -0.026289 0.011769 0.091242 0.10244 0.0010149 -0.00026974 0.0014751 0.00036225 0.12241 -0.061482 0.35311 0.30512 -0.092254 0.05986 0.27578 0.36622 -0.0060562 0.039042 0.085112 0.091495
165.03 149.57 3.109 4.3508 0.034912 -0.0083515 0.055015 0.10211 -0.013945 0.041011 0.12979 0.26791 -0.064419 0.03853 0.078966 0.074398 -0.001057 0.00041964 0.001057 0.00041964 0.0094622 -0.0085014 0.045876 0.043486 0.030199 -0.071542 0.13704 0.21354 -0.050649 -0.036878 0.097271 0.096506 -0.0035798 0.00010147 0.0035798 0.0014716 0.039089 0.051605 0.096758 0.10206 0.064025 0.14865 0.35056 0.3764 -0.10833 0.10878 0.31809 0.19463 -0.0076067 0.00096097 0.0076067 0.002598 0.032242 0.009298 0.059479 0.086219 0.047711 0.0093883 0.35956 0.27358 -0.079502 -0.044042 0.24672 0.12182 -0.0012021 -8.6139e-05 0.0012021 0.00051446
144.08 152.13 3.7632 4.9048 -0.01344 0.0038403 0.032315 0.043418 0.0040739 0.0054667 0.01955 0.028745 0.032347 0.034661 0.10302 0.091772 -0.018522 0.027628 0.047011 0.041396 -0.014885 0.034726 0.096318 0.11015 -0.020658 0.041885 0.08116 0.095973 0.085096 -0.033319 0.19237 0.15246 -0.032061 -0.031904 0.19516 0.11261 -0.030851 0.051405 0.088342 0.17734 0.078509 0.066886 0.18613 0.21768 -0.074847 0.1266 0.38424 0.30913 -0.035303 -0.0087946 0.074886 0.052243 -0.01619 -0.056947 0.070721 0.30977 -0.023597 -0.043204 0.18867 0.40456 -0.074348 -0.083371 0.23007 0.15701 -0.013353 -0.0065742 0.022253 0.011775
171.6 165.37 3.6402 0.90673 0.041482 -0.0013226 0.041482 0.014004 0.081419 -0.08907 0.403 0.35269 -0.080904 -0.051301 0.17692 0.22057 -0.013691 -0.014189 0.043901 0.048281 0.0055835 -0.0016661 0.0055835 0.0016661 0.090303 -0.038742 0.18319 0.26195 -0.020393 0.12324 0.16302 0.47189 -0.039879 0.021414 0.083337 0.11787 -6.2341e-17 -7.9654e-17 6.2341e-17 7.9654e-17 0.060136 -0.048994 0.070716 0.098545 0.0019166 -0.15039 0.092804 0.37334 -0.032483 -0.023717 0.04367 0.081912 -5.329e-18 -6.809e-18 5.329e-18 6.809e-18 5.4897e-17 3.3331e-17 2.6681e-16 3.7662e-16 1.4646e-05 -8.7068e-05 0.00016629 0.00035093 -4.3161e-05 -6.223e-05 0.00013244 0.0002487
102.54 171.99 3.972 5.7693 0.0045554 0.0066353 0.014934 0.015046 -0.0022206 0.0028018 0.026634 0.040151 -0.002045 -0.00053772 0.0036532 0.0059382 -3.6863e-05 -1.079e-05 4.7314e-05 4.5211e-05 0.011605 0.052426 0.13151 0.14319 0.030778 0.087447 0.1779 0.22177 -0.067756 0.059801 0.10479 0.091188 -0.0013008 -5.1668e-05 0.0018772 0.0010329 -0.061761 0.097048 0.28032 0.3827 -0.058359 0.027272 0.31481 0.33376 -0.067458 -0.034438 0.13843 0.10412 -0.0032459 0.0013561 0.0045473 0.0021839 -0.14086 0.033049 0.31793 0.28157 -0.050921 -0.020579 0.24864 0.20767 -0.0075029 0.010635 0.1126 0.085024 -0.0059346 0.054265 0.11019 0.079843
139.66 172.33 3.2019 0.60045 -0.0005876 0.023822 0.12787 0.14473 -0.031474 -0.05409 0.18095 0.15587 0.026782 -0.032751 0.088174 0.062583 -0.020402 -0.038855 0.05481 0.05083 -0.13606 -0.017284 0.23241 0.256 -0.0033416 0.011065 0.1013 0.12273 -0.033134 0.01334 0.085837 0.057667 -0.0041635 -0.0069638 0.0075856 0.0082092 0.00063426 0.1156 0.14331 0.27236 0.0090037 0.25045 0.15202 0.37006 -0.073173 0.040038 0.10007 0.13132 -0.00068521 0.00043194 0.0012766 0.0018524 0.049286 -0.03421 0.094176 0.28331 -0.09782 -0.11002 0.15604 0.42631 -0.049606 -0.033748 0.06176 0.10553 -0.00083389 -0.00024959 0.00098106 0.0011948
87.389 107.94 5.2395 1.0605 0 0 0 0 0 0 0 0 0 0 0 0 0 0 0 0 0 0 0 0 0 0 0 0 0.0050962 0.0068108 0.015745 0.024158 -0.0011411 0.0014475 0.0031656 0.0060957 0.094608 0.10185 0.12596 0.17172 -0.01929 0.09044 0.35034 0.64783 -0.081159 0.019186 0.29474 0.29917 -0.011966 -0.00076685 0.02395 0.014936 -0.0061812 -0.0038758 0.18471 0.22533 -0.013894 -0.074412 0.1762 0.21639 -0.038907 -0.029806 0.12056 0.11422 -0.0049647 -0.00037718 0.018813 0.014935
79.849 112.48 5.207 1.0328 0 0 0 0 0 0 0 0 0 0 0 0 0 0 0 0 0 0 0 0 0.0026228 -0.00086856 0.0026228 0.00086856 -0.00092436 0.012325 0.023311 0.032012 -0.0017148 0.00058897 0.0017148 0.0020057 0.12344 0.12698 0.20552 0.31295 -0.084264 0.095867 0.37982 0.61187 -0.071957 0.026186 0.17938 0.20088 -0.0073102 0.0011607 0.0080694 0.0039063 -0.012476 -0.028491 0.19831 0.26127 -0.026545 -0.068674 0.19985 0.19706 -0.035665 -0.0055823 0.10287 0.091207 -0.0049198 0.0012067 0.01356 0.0089733
155.84 111.55 5.0708 1.9089 -0 0 0 0 -0 0 0 0 -0 0 0 0 -0 0 0 0 -0 0 0 0 0.00067145 0.0059909 0.00067145 0.0059909 0.00059616 0.025375 0.0055746 0.025375 -0.00021121 0.00051445 0.00021121 0.00051445 0.015402 0.0010495 0.015402 0.0075396 0.066901 0.069922 0.3386 0.26914 -0.015272 0.01714 0.24921 0.62087 -0.027416 0.058786 0.16895 0.44548 0.011968 0.026466 0.092724 0.04695 0.0086703 -0.046407 0.16322 0.1307 0.0059306 -0.058112 0.090929 0.14754 0.010969 -0.04719 0.095792 0.1405
92.686 129.03 5.2172 4.8287 0.00078011 -9.8872e-06 0.00078011 0.0003775 0.0077979 0.0050163 0.032169 0.024611 -0.00030871 0.0080359 0.069344 0.070043 -0.005654 0.0088037 0.022098 0.027578 0.0068057 0.00515 0.0098953 0.0064827 0.056254 0.076039 0.1767 0.17478 -0.010786 0.061103 0.18338 0.21197 0.013678 0.0302 0.079112 0.12988 0.0066298 -0.0035736 0.013975 0.010918 0.10849 -0.062667 0.19825 0.1958 0.019123 -0.078473 0.25566 0.67846 -0.011518 -0.032028 0.12943 0.39371 0 0 0 0 0.0046648 -0.0049403 0.0046648 0.0049403 0.0040997 -0.054372 0.020351 0.065734 -0.0028814 -0.034742 0.012367 0.039696
134.55 134.46 5.1057 4.8115 0.0063293 0.0029193 0.037842 0.038755 -0.0095138 0.013555 0.033994 0.043343 0.031828 -0.0010019 0.067308 0.063205 -0.016382 0.0071411 0.08756 0.069327 0.0074681 0.042088 0.14552 0.11139 -0.021461 0.025677 0.093627 0.18359 0.028384 0.093851 0.2139 0.21864 -0.04007 0.0042459 0.10856 0.080568 0.050804 -0.042555 0.19055 0.33603 -0.021162 -0.039307 0.14388 0.59035 -0.056768 -0.077875 0.27654 0.37587 -0.032 -0.020905 0.068369 0.041739 0.0066966 -0.024321 0.010725 0.033482 -0.0014698 -0.047017 0.014085 0.059796 -0.0075773 -0.02453 0.012828 0.029547 -0.00027495 -0.00035342 0.000282 0.00035342
156.56 136.28 5.5624 4.8854 -0.0042941 0.012264 0.046719 0.050467 0.02197 0.0067825 0.059493 0.053219 -0.026644 0.033836 0.14908 0.10996 -0.0074838 0.0028646 0.0083619 0.0043793 -0.020953 0.096854 0.12727 0.22834 0.026514 0.13956 0.22443 0.28171 -0.078408 0.0038254 0.27712 0.1771 -0.0097399 -0.0016141 0.015208 0.0063096 0.0060776 -0.092428 0.14432 0.4131 -0.053802 -0.13112 0.27841 0.53179 -0.066842 -0.044121 0.11595 0.083884 0 0 0 0 0.00131 -0.016333 0.0037031 0.016333 -0.00016677 -0.024167 0.006595 0.024167 -0.00043003 -0.0010361 0.00043003 0.0010361 0 0 0 0
111.22 147.12 5.1475 4.6626 -4.2921e-05 0.00066394 0.0046082 0.0035875 0.00019489 0.015086 0.031175 0.036004 -0.0022919 0.0052221 0.01417 0.024957 0.020224 0.0083941 0.057735 0.067058 0.0071372 0.0015125 0.032728 0.02235 0.020015 0.032888 0.13123 0.13218 -0.013844 0.038811 0.081386 0.13451 0.019116 0.040237 0.084538 0.12551 0.030341 0.011395 0.1325 0.083763 0.038751 0.16161 0.33639 0.31988 0.0057857 0.17037 0.12907 0.47127 -0.016559 0.0083956 0.22774 0.26649 0.0075658 -0.013177 0.033883 0.025625 0.048161 -0.081549 0.12624 0.29951 -0.023025 -0.090384 0.067786 0.31235 -0.021098 -0.041064 0.040623 0.090281
91.579 150.17 4.851 5.5333 0 0 0 0 0.0024816 0.0040393 0.0034681 0.0071892 -0.0016042 0.0024578 0.0049729 0.01229 -0.00020213 -1.4488e-05 0.00029096 0.00061794 0.011542 0.022846 0.027579 0.034696 -0.0046949 0.034041 0.085173 0.10033 0.011406 0.021953 0.10624 0.12177 -0.017431 0.0047688 0.032369 0.030707 0.085666 0.0010041 0.13801 0.079777 -0.022086 0.12884 0.41033 0.35768 -0.047402 0.0065467 0.17707 0.21195 -0.01824 0.0059804 0.051034 0.051097 0.047655 -0.012338 0.049948 0.019534 0.06549 -0.071143 0.41928 0.39954 -0.04864 0.093522 0.25752 0.27164 -0.027515 0.045461 0.094158 0.07929
85.675 103.11 6.6054 0.98624 0 0 0 0 0 0 0 0 0 0 0 0 0 0 0 0 0 0 0 0 0 0 0 0 -0.0012117 0.010845 0.011598 0.018327 -0.0009326 0.0012472 0.001462 0.0023666 0.033409 0.049621 0.052441 0.062263 0.022661 0.11891 0.44394 0.6326 -0.1156 0.04187 0.20555 0.3029 -0.0084742 0.0010689 0.011597 0.010416 0.050912 -0.0091634 0.14553 0.13227 -0.057855 -0.088832 0.24784 0.28831 -0.039353 -0.030177 0.11903 0.11749 -0.0051573 0.00022854 0.013289 0.0089194
128.24 135.83 5.2476 4.7761 0.0094759 0.0054931 0.028827 0.023873 -0.013061 0.010301 0.038426 0.050052 0.019848 0.0013091 0.040117 0.041306 -0.0033483 0.0056909 0.09053 0.077898 0.020698 0.033624 0.09066 0.084518 -0.017281 0.014966 0.11294 0.15207 0.03937 0.063184 0.13278 0.17304 -0.029607 0.016466 0.1333 0.11157 0.067541 -0.023286 0.15875 0.2436 -0.023109 0.0063581 0.14726 0.56439 -0.0093113 -0.042303 0.25356 0.54214 -0.052596 -0.035874 0.1291 0.0933 0.011912 -0.020569 0.012694 0.031567 -0.0045609 -0.055437 0.021611 0.085709 -0.0082618 -0.036435 0.018627 0.063461 -0.0027571 -0.0032221 0.0030335 0.0046073
77.832 152.37 10.16 5.6133 0 0 0 0 0 0 0 0 2.9595e-19 3.7364e-19 2.9595e-19 3.7364e-19 9.7854e-19 1.2354e-18 1.9787e-18 2.4982e-18 0.00089016 0.00010329 0.00089016 0.00010329 -0.00027958 0.026708 0.016307 0.03477 -0.0096835 0.021926 0.031302 0.048121 -0.0024207 0.0013953 0.0029627 0.0030787 0.0014908 0.00017298 0.0014908 0.00017298 0.12888 0.064757 0.45171 0.39918 -0.091909 0.12663 0.37974 0.37931 -0.02243 0.02493 0.077026 0.066445 0 0 0 0 0.087338 -0.08055 0.18099 0.16331 0.013952 -0.072947 0.31267 0.31851 -0.016151 -0.0199 0.059376 0.056816
129.34 154.22 10.416 4.9065 5.2225e-05 0.00025982 0.00029049 0.00030667 -0.00014322 0.0002023 0.00045626 0.00032018 -3.4435e-06 -6.7711e-07 3.4435e-06 6.7711e-07 0 0 0 0 0.0085996 0.013623 0.01128 0.016571 0.0010398 0.059054 0.086186 0.13395 -0.0092739 0.057015 0.17746 0.18586 -0.011717 0.0035351 0.027864 0.018962 0.051902 -0.0033024 0.060013 0.058479 0.054182 -0.018667 0.27591 0.73368 -0.1001 -0.035839 0.25656 0.42738 -0.012241 -0.0029154 0.01887 0.012713 0.0032681 -0.0023267 0.0038183 0.0023267 0.0089068 -0.042075 0.024526 0.084716 -0.0085597 -0.022767 0.014662 0.038369 -0.00030435 -0.00027669 0.00030435 0.00027669
