51 64
126.8 117.49 2.0755 1.5441 0 0 0 0 0 0 0 0 0 0 0 0 0 0 0 0 4.9629e-05 0.0018612 4.9629e-05 0.0018612 0.0032192 0.077298 0.0093394 0.077298 7.3469e-05 0.068642 0.0077791 0.068642 -0.00022815 0.0023089 0.00028055 0.0023089 0.094333 0.17365 0.1518 0.23706 -0.032581 0.14778 0.31464 0.4568 0.00050567 0.13507 0.21693 0.41695 -0.03162 0.16088 0.12288 0.21754 -0.030778 -0.049317 0.10785 0.16131 -0.087597 -0.10443 0.18587 0.14269 0.032962 -0.11574 0.14027 0.15372 0.028104 -0.063486 0.081921 0.1315
99.571 124.24 2.1589 2.064 -0.041596 0.050794 0.059312 0.059968 -0.011884 0.0080853 0.012366 0.0086892 -0 0 0 0 -0 0 0 0 -0.034576 0.0079227 0.14157 0.11513 0.00029528 0.2398 0.19669 0.34232 -0.032429 0.28957 0.10184 0.44057 -0.054174 0.16143 0.070274 0.19836 0.038971 -0.059104 0.084716 0.11065 0.046891 -0.10598 0.17471 0.32205 -0.0022593 -0.061711 0.13451 0.3043 0.011561 0.0065226 0.11943 0.1878 -0.028402 -0.0084932 0.058279 0.037903 0.036298 -0.032104 0.061502 0.072243 0.04867 -0.011063 0.081187 0.06704 0.0057526 -0.035117 0.0813 0.052223
155.88 125.61 1.8939 1.1519 0 0 0 0 0 0 0 0 0.0054948 0.0076674 0.0054948 0.0076674 0.063621 0.072589 0.073128 0.08361 0.0436 0.069972 0.058082 0.087641 0.047876 0.20733 0.15945 0.40227 0.00080229 0.25717 0.16744 0.37797 0.023322 0.028279 0.15338 0.13893 0.038113 0.00034617 0.17585 0.11199 0.037218 -0.117 0.18397 0.28244 -0.040027 -0.15338 0.19347 0.3611 -0.047035 -0.086959 0.1061 0.13701 0.010059 -0.025532 0.10489 0.041226 0.0068929 -0.00083769 0.080919 0.075645 -0.052945 -0.011864 0.072911 0.058243 0.0145 -0.018041 0.03756 0.02911
90.58 128.32 2.0932 5.221 0.023796 0.025196 0.13298 0.035442 0.037088 0.055914 0.12494 0.08097 -0.054005 -0.0052515 0.1083 0.088637 0.0162 -0.0061564 0.053312 0.025951 0.072521 0.060308 0.22779 0.090201 -0.046711 0.032285 0.17224 0.15638 -0.063761 0.080491 0.12854 0.14452 0.013757 0.089894 0.083624 0.10984 0.084052 -0.092752 0.17759 0.19153 0.018375 -0.079857 0.17467 0.38661 -0.0028132 -0.0072358 0.22097 0.52089 -0.054935 0.03106 0.13695 0.17272 0.007675 -0.019404 0.0088356 0.021197 0.019106 -0.094569 0.027522 0.11024 0.0082189 -0.11029 0.046149 0.14723 0.054435 -0.059274 0.094169 0.085799
164.24 128.24 1.8664 4.2497 0.03638 0.0039341 0.047429 0.035147 0.00083028 -0.0131 0.090982 0.0833 -0.025485 0.045998 0.14011 0.084695 -0.024118 0.0090806 0.042957 0.018149 0.025539 0.12476 0.097263 0.14309 -0.014716 0.11871 0.11301 0.16847 -0.033229 0.060616 0.31354 0.13449 -0.074762 -0.0045658 0.1086 0.025513 0.010161 -0.044158 0.17269 0.32009 -0.069817 -0.12932 0.21402 0.55273 -0.11852 -0.11903 0.21958 0.31043 -0.02425 -0.014991 0.027817 0.018367 -0.051265 -0.063234 0.065963 0.07569 -0.0047647 -0.050365 0.017404 0.059204 -0.0091358 -0.022006 0.011655 0.028101 -0.00043998 -0.00077742 0.00043998 0.00077742
126.2 129.5 2.0626 3.9618 0.022332 0.0083272 0.074986 0.064468 0.006975 -0.0044597 0.11214 0.11476 0.11106 0.046901 0.1447 0.11082 -0.022057 -0.056901 0.13777 0.19698 -0.014966 0.010266 0.10718 0.084188 0.028551 0.033894 0.19187 0.21622 0.18181 0.031185 0.31654 0.22871 -0.1391 -0.051373 0.18405 0.093038 0.032684 0.099648 0.1005 0.14508 0.018841 0.09436 0.17164 0.2857 -0.06209 -0.1415 0.31015 0.34084 -0.047226 -0.039826 0.056801 0.043891 -0.0351 0.01467 0.16664 0.11782 -0.060827 -0.1015 0.096354 0.13808 -0.029616 -0.042568 0.033679 0.045977 -0.0005898 -0.00056093 0.0005898 0.00056323
168.16 129.15 1.8656 4.4465 0.036779 0.009892 0.048945 0.035956 -0.0038881 0.0070723 0.11425 0.076726 -0.045262 0.045953 0.1208 0.081888 -0.012922 0.0086188 0.024539 0.016922 0.022469 0.11341 0.093625 0.13493 -0.027881 0.053491 0.1228 0.13366 -0.05182 0.037047 0.33267 0.14797 -0.057175 -0.0054524 0.076928 0.028221 0.022307 -0.12113 0.1748 0.40114 -0.065448 -0.09644 0.22982 0.51993 -0.12598 -0.097697 0.24752 0.23878 -0.018682 -0.0078531 0.019707 0.0085451 0.0062813 -0.053486 0.021813 0.056833 -0.0088891 -0.098593 0.038341 0.1342 -0.012645 -0.026336 0.013897 0.029015 -0.00025157 -0.00022447 0.00025157 0.00022447
75.93 133.12 1.9873 3.7438 0.042877 -0.0068725 0.052781 0.041548 0.016929 0.039608 0.10707 0.13643 0.0078431 0.084242 0.089611 0.11585 0.10354 0.017059 0.17302 0.08834 0.0023911 0.03448 0.060966 0.08518 0.11052 -0.034285 0.17205 0.24278 0.058158 -0.0028471 0.21602 0.23894 0.019722 0.0048456 0.27739 0.14913 0.023976 -0.020628 0.048442 0.096808 0.059251 -0.029358 0.11847 0.35271 0.10243 -0.088526 0.15692 0.40282 -0.12308 -0.16092 0.24886 0.29298 0.0010914 -0.002636 0.0010914 0.002636 0.011179 -0.033763 0.012646 0.034147 0.0076006 -0.055905 0.012266 0.061347 -0.015722 -0.040786 0.019708 0.043614
177.14 141.56 2.0854 3.0998 -0.0032249 0.021194 0.0076025 0.021557 -0.0030414 0.016424 0.0048981 0.016424 -0.00032444 0.00086487 0.0014967 0.00086487 -0 0 0 0 -0.015275 -0.013207 0.036495 0.1009 -0.0043643 0.035734 0.087893 0.16232 0.065187 0.15384 0.23701 0.27569 -0.065251 0.14206 0.10092 0.17491 0.053717 0.032289 0.059697 0.092432 0.046346 0.12178 0.17184 0.30506 0.045343 0.033588 0.24371 0.30862 -0.019329 0.054262 0.30727 0.27562 0.026006 -0.02886 0.037887 0.063773 0.058943 -0.090912 0.13056 0.1643 0.041631 -0.01871 0.13542 0.11396 0.010593 0.054812 0.33341 0.16803
82.043 144 1.8649 5.9022 0.040281 0.056069 0.080913 0.09382 -0.035135 -0.011065 0.11948 0.14596 -0.0068978 -0.035042 0.034111 0.084875 0.0090965 -0.034209 0.02105 0.049657 -0.025013 0.059571 0.24525 0.2405 0.0048158 0.16922 0.19239 0.29519 -0.075151 0.13473 0.15063 0.19362 -0.037803 0.030133 0.045507 0.049381 -0.051 0.0698 0.21855 0.21695 -0.058327 -0.026137 0.23744 0.25896 -0.11087 -0.11254 0.208 0.24946 -0.041297 0.0059444 0.078092 0.086772 -0.056048 0.068345 0.18633 0.1674 -0.13685 0.072869 0.17646 0.16938 -0.035541 0.0028755 0.095396 0.088404 0.016257 0.046068 0.081794 0.077636
89.823 153.76 2.016 4.5748 -0.055658 -0.052313 0.07206 0.055123 -0.011831 -0.0078 0.012966 0.0099689 0.026153 0.035005 0.04037 0.050694 0.044933 0.05748 0.085449 0.11323 -0.024263 0.0014735 0.067153 0.039196 0.01982 0.1078 0.092969 0.12969 0.049015 0.036112 0.19972 0.17702 0.06336 0.011273 0.20603 0.2091 0.059352 0.024608 0.141 0.049547 0.025651 0.17687 0.33608 0.27135 -0.13342 0.041092 0.24485 0.1551 0.1152 -0.064529 0.1735 0.19279 0.03625 0.039202 0.19044 0.091997 0.029707 0.04229 0.24533 0.18118 -0.06802 0.13064 0.16899 0.18073 0.067671 0.14955 0.1202 0.20925
65.387 158.78 2.1047 2.8295 -0.018288 0.039652 0.022717 0.042138 0.066451 -0.058508 0.08144 0.088143 0.045106 -0.16135 0.13223 0.24614 0.075364 -0.042859 0.19742 0.2913 -0.11084 0.071529 0.12591 0.24512 -0.026127 0.10104 0.14036 0.32203 0.011905 0.053836 0.13277 0.32589 -0.02275 -0.1276 0.24417 0.35184 -0.011626 -0.14429 0.041612 0.16254 -0.02073 -0.17914 0.071227 0.22758 -0.036977 -0.11843 0.056054 0.14848 -0.012561 -0.029305 0.015495 0.032141 -0 0 0 0 -0 0 0 0 -0 0 0 0 -0 0 0 0
186.66 168.12 2.1005 3.2799 0 -0 0 0 0 -0 0 0 0 -0 0 0 0 -0 0 0 0.016428 0.041745 0.018101 0.041745 -0.0030218 0.16887 0.050628 0.16887 0.0019441 0.15817 0.059452 0.16006 -0.017516 0.04132 0.020247 0.042256 0.094528 0.17281 0.14502 0.21802 -0.10064 0.033537 0.21298 0.40306 -0.03334 -0.078661 0.17054 0.38942 -0.033303 -0.0018927 0.097579 0.25135 -0.06578 -0.076591 0.12768 0.14528 -0.077271 -0.10806 0.12699 0.1552 0.090807 0.056041 0.11322 0.21944 0.062331 0.15858 0.11713 0.26281
64.099 171.8 1.8521 6.0122 0 0 0 0 0 0 0 0 0 0 0 0 0 0 0 0 0.0068179 0.047785 0.013939 0.047785 0.0025554 0.088355 0.014682 0.088355 -0.0071035 0.077774 0.015249 0.077774 -0.0018387 0.007046 0.0018387 0.007046 0.012546 -0.0021045 0.08476 0.22816 0.085196 -0.0028077 0.14948 0.41018 0.062678 0.2508 0.17515 0.44674 -0.12898 0.24905 0.16476 0.27368 -0.022396 0.052941 0.046148 0.13177 0.026491 -0.082408 0.0626 0.12078 0.12175 -0.19651 0.13055 0.21851 0.036038 -0.096231 0.13054 0.19284
158.33 184.08 1.8476 1.189 -0.027419 -0.043731 0.0583 0.05558 0.012031 -0.00092074 0.049965 0.06275 0.0059696 -0.079744 0.038018 0.09938 -0.0087275 -0.021498 0.011136 0.022592 -0.064203 0.18873 0.1031 0.23479 -0.030089 0.23944 0.12609 0.31401 -0.041511 0.20241 0.12429 0.21376 -0.0055478 0.067691 0.054778 0.076599 0.043213 -0.091323 0.15835 0.30789 -0.11405 -0.024263 0.20583 0.36638 -0.097529 -0.051901 0.23104 0.32071 -0.012664 -0.035938 0.098807 0.14773 0.019791 -0.060292 0.026641 0.065151 -0.010775 -0.10741 0.044626 0.11522 -0.0072901 -0.0659 0.030841 0.076879 -0.005275 -0.017588 0.012068 0.020946
151.6 186.1 1.891 1.1929 -0.013229 -0.0037201 0.052251 0.046626 0.0109 -0.030293 0.043254 0.097246 -0.01584 -0.095786 0.037273 0.10578 -0.0033212 -0.005735 0.0074603 0.015854 -0.042906 0.18291 0.089542 0.23733 -0.035279 0.24505 0.12695 0.29276 -0.01834 0.13285 0.11654 0.14198 -0.016362 0.064262 0.058484 0.073797 -0.042613 -0.020406 0.15505 0.32447 -0.10546 -0.020831 0.259 0.37589 -0.079206 -0.026098 0.25479 0.33566 -0.051176 -0.023182 0.12385 0.14914 0.0065903 -0.095309 0.039796 0.10201 -0.020624 -0.094113 0.053382 0.10645 -0.017369 -0.054194 0.036681 0.076293 -0.0044052 -0.014962 0.00919 0.01936
177.89 185.99 2.0636 3.837 0 -0 0 0 0 -0 0 0 0 -0 0 0 0 -0 0 0 0.012889 0.024347 0.012889 0.024347 0.013776 0.14851 0.021307 0.14851 0.0033261 0.19866 0.024379 0.19866 -0.021437 0.057275 0.023186 0.057275 0.12238 0.10497 0.13077 0.15332 0.071289 0.14379 0.16747 0.44122 -0.052287 0.032614 0.13003 0.47641 -0.080667 0.082531 0.13447 0.24862 -0.0028439 -0.055125 0.10828 0.14012 -0.055818 -0.16519 0.10701 0.21549 -0.020499 -0.14486 0.056165 0.19062 0.025377 -0.027688 0.061073 0.14812
89.939 113.83 2.653 1.7902 -0 0 0 0 -0 0 0 0 -0 0 0 0 -0 0 0 0 -0.021116 0.05774 0.03006 0.059431 0.013423 0.11545 0.014165 0.11545 -0.018538 0.11587 0.024797 0.11587 -0.0019943 0.0037005 0.0019943 0.0037005 0.032682 0.061009 0.16677 0.28035 0.019898 0.10218 0.18485 0.55508 -0.16171 0.088721 0.32329 0.40844 -0.070575 0.019526 0.08602 0.039705 -0.0052555 -0.043114 0.076222 0.096249 0.0602 -0.075446 0.12482 0.12514 -0.064658 -0.066499 0.25946 0.10492 -0.041993 -0.0036696 0.08053 0.01316
118.91 124.14 2.8053 1.3918 0 0 0 0 0 0 0 0 0 0 0 0 0.014595 0.031894 0.014595 0.037281 0.031475 0.066738 0.037778 0.071919 0.026101 0.18212 0.08699 0.28684 0.07529 0.21366 0.15402 0.29257 0.039813 0.084166 0.19008 0.26936 -0.0061789 0.035503 0.18325 0.2823 -0.064455 -0.081165 0.2815 0.31837 0.036332 -0.087632 0.19192 0.34381 -0.01314 -0.10344 0.13084 0.1539 -0.0078599 -0.047715 0.079798 0.082681 -0.02453 -0.019574 0.1166 0.092594 0.01582 -0.0082335 0.092869 0.090292 -0.013343 0.000712 0.06069 0.046406
109.23 132.31 3.0874 4.6591 -0.0070018 0.03062 0.041781 0.038734 0.037232 0.0016826 0.090304 0.066923 -0.026757 0.01983 0.091308 0.065135 0.02164 0.0048808 0.072384 0.044908 -0.025435 0.047722 0.12629 0.09085 0.040604 0.15119 0.16884 0.23421 -0.052133 0.096001 0.17284 0.23356 0.056047 0.069238 0.13272 0.13266 0.010477 -0.0035804 0.14906 0.24999 -0.091777 -0.13772 0.29767 0.44684 -0.026389 -0.098355 0.16144 0.36356 -0.0020783 -0.080445 0.14798 0.25403 -0.0089462 -0.065689 0.032493 0.094848 -0.020745 -0.045758 0.027403 0.053776 0.0021529 -0.032207 0.0098832 0.032207 -0.0024215 -0.021824 0.0070785 0.021824
176.39 131.89 2.7389 2.9194 -0 0 0 0 -0 0 0 0 -0 0 0 0 -0 0 0 0 -0.0076557 0.019787 0.025753 0.073846 0.047829 0.098002 0.1023 0.19384 -0.053662 0.1281 0.092704 0.19588 -0.0069206 0.0064056 0.0069369 0.0064056 0.061996 0.01487 0.082878 0.12799 0.052333 0.059638 0.19271 0.2663 -0.073052 0.12857 0.50893 0.32925 -0.080256 0.018391 0.10578 0.037489 0.01943 -0.014156 0.025039 0.04533 0.10219 -0.037788 0.13863 0.1364 -0.037084 0.0099954 0.45141 0.22387 -0.056693 0.0098583 0.063681 0.032712
75.782 138.11 2.8064 5.9077 0 0 0 0 0.0097228 0.015262 0.011893 0.015964 0.011622 0.027528 0.025407 0.061207 0.01065 0.019184 0.01688 0.056738 0.028843 0.031254 0.033262 0.034725 -0.0032488 0.088455 0.24835 0.29599 -0.032818 0.07259 0.1176 0.23227 -0.0050106 -0.016272 0.036644 0.0688 0.13351 0.041276 0.23219 0.10852 -0.064992 0.1049 0.36253 0.30734 -0.094713 -0.023882 0.19223 0.25044 -0.039121 0.0081387 0.072303 0.087503 0.067053 -0.04167 0.087359 0.053691 0.030385 -0.041833 0.29533 0.31127 -0.11534 0.064576 0.18922 0.17489 0.006239 0.020391 0.075558 0.068479
167.98 144.7 2.7582 5.5874 -0.025831 0.051149 0.084644 0.10593 -0.046867 -0.043232 0.099865 0.11348 -0.019217 0.0064647 0.031461 0.031813 0.04201 0.0019373 0.050889 0.015678 -0.089434 0.050865 0.38436 0.22795 -0.072157 0.13298 0.20421 0.21161 -0.077293 0.06091 0.14178 0.13782 0.024795 -0.0018346 0.092207 0.056393 0.082671 -0.11816 0.36922 0.23227 -0.13542 -0.070367 0.25187 0.38351 -0.093632 -0.063404 0.16622 0.18956 -0.012281 -0.027865 0.049297 0.056825 0.023996 -0.037943 0.035665 0.050443 -0.027105 -0.0853 0.050155 0.13272 -0.016437 -0.015733 0.021067 0.030255 -0.00080527 -0.0017189 0.0010379 0.0019
125.74 153.83 2.6861 3.4611 -0.0041481 -0.0064713 0.0083716 0.0091178 0.038057 0.041685 0.107 0.10995 -0.0081706 0.048269 0.079235 0.12794 0.10984 0.035578 0.1539 0.14431 0.0013 0.0028574 0.0017219 0.0034878 0.087811 -0.062922 0.16566 0.17142 0.022911 -0.021812 0.19834 0.2608 0.10359 0.0056017 0.31161 0.18424 0.043065 0.018688 0.057296 0.043665 0.046847 0.10499 0.15674 0.20686 0.021861 0.081623 0.23489 0.25246 0.078993 0.024887 0.32162 0.27308 0.021699 -0.0070714 0.027202 0.02356 0.019571 -0.049973 0.069588 0.13202 0.12268 0.026757 0.20108 0.15957 -0.068488 0.0051085 0.19421 0.14677
175.91 154.62 2.7468 3.627 0.0037391 0.042465 0.012296 0.044348 -0.016912 0.050257 0.023948 0.054934 -0.0052438 0.011628 0.0061587 0.011628 0 -0 0 0 -0.026384 -0.038601 0.058107 0.12776 -0.0073201 -0.0078962 0.095129 0.22481 -0.037965 0.036503 0.10207 0.14385 -0.0051915 0.010977 0.010709 0.014023 -0.0044616 -0.018238 0.023605 0.028469 0.15079 0.0046962 0.16267 0.16427 0.022906 0.14368 0.31571 0.32261 -0.092844 0.12777 0.2886 0.20176 0.004978 0.047643 0.089292 0.09513 0.035872 0.031659 0.11119 0.13634 0.13527 0.1161 0.27289 0.2887 -0.14899 -0.014088 0.33032 0.21893
184.14 158.8 2.6483 3.2982 0 -0 0 0 0 -0 0 0 0 -0 0 0 0 -0 0 0 0.02442 0.071642 0.036717 0.07691 -0.016385 0.096405 0.074882 0.19026 -0.032152 0.052398 0.048706 0.12279 -0.0032409 0.0051449 0.00451 0.0065263 -0.039775 -0.022943 0.1274 0.15792 0.001908 -0.035092 0.1451 0.2448 0.023907 0.19767 0.20425 0.43008 -0.015938 0.18078 0.28487 0.34033 -0.032393 -0.030129 0.048601 0.03666 0.045977 -0.029894 0.058978 0.065139 0.10145 -0.083744 0.18564 0.26536 0.089225 0.081675 0.27424 0.2533
113.67 162.01 3.0072 3.6516 -0.0022651 0.0010581 0.0058739 0.0061668 7.1914e-05 -0.0016693 0.0022464 0.0026551 0.095089 0.0075691 0.2045 0.20371 -0.017885 0.022121 0.10383 0.12306 -0.025456 0.0042656 0.02935 0.023589 0.053684 0.040215 0.08741 0.083304 0.03254 0.049564 0.17619 0.25174 0.033994 -0.029847 0.18557 0.19882 -0.048664 0.0091448 0.048944 0.023885 0.1274 -0.047237 0.18439 0.1617 0.011922 -0.026075 0.21612 0.35048 0.063489 0.11996 0.24743 0.27601 -0.052087 0.011292 0.065446 0.022982 0.052811 0.044391 0.11441 0.11538 0.075158 0.073621 0.17001 0.20618 0.0034451 0.061948 0.3368 0.19196
138.95 161.91 2.8643 3.7708 0.00873 -0.0099365 0.032834 0.038872 -0.015706 -0.041937 0.041396 0.052138 0.017625 -0.021757 0.038305 0.042819 0.037519 0.033787 0.073809 0.093228 -0.0011313 -0.008054 0.0073895 0.0092807 0.10563 0.061318 0.15823 0.16218 -0.051225 0.14265 0.19631 0.22613 0.11111 -0.033591 0.16653 0.14128 0.011301 0.023608 0.021193 0.029963 0.11668 -0.0075487 0.19277 0.18244 0.02895 -0.0054382 0.2802 0.2746 0.16241 0.10229 0.3052 0.30081 0.050541 0.017144 0.078983 0.063697 -0.020225 0.073797 0.13501 0.14356 0.017197 0.00096074 0.20651 0.20856 0.041314 -0.011642 0.30208 0.176
175.87 165.58 2.8396 0.59335 0.0025404 -0.10418 0.29676 0.23474 -0.1725 0.01798 0.26406 0.23397 -0.0030239 -0.060276 0.11055 0.1242 -0.023887 -0.036324 0.053513 0.058863 0.057303 -0.11091 0.21458 0.19745 -0.080258 -0.08368 0.23416 0.36388 -0.019666 0.10085 0.096282 0.1677 0.023375 0.090728 0.091723 0.12009 0.030912 -0.02128 0.039205 0.034598 0.069115 -0.061897 0.14834 0.24179 0.054719 -0.044831 0.12046 0.3325 -0.054237 -0.075047 0.091822 0.16503 9.8467e-05 -0.000146 9.8467e-05 0.000146 0.0076467 -0.01221 0.007841 0.012231 0.0024134 -0.034749 0.010579 0.035095 -0.0038765 -0.016003 0.0045288 0.016003
179.97 174.16 2.9161 3.4902 0 -0 0 0 0 -0 0 0 0 -0 0 0 0 -0 0 0 0.027742 0.050134 0.030586 0.050134 0.036345 0.19446 0.092717 0.22376 -0.040351 0.13618 0.09735 0.25274 -0.02604 0.050736 0.032808 0.063585 0.097139 0.028907 0.1601 0.12662 -0.11028 -0.17214 0.2254 0.36712 0.04327 0.0097916 0.17644 0.3432 -0.0068447 0.1618 0.19086 0.31142 -0.0087999 -0.039432 0.077098 0.069254 -0.021014 -0.033535 0.045396 0.049007 0.15921 -0.064658 0.16814 0.15916 0.05008 0.0023152 0.20971 0.23604
69.582 188.09 2.8693 5.5501 0 0 0 0 0 0 0 0 0 0 0 0 0 0 0 0 0 0 0 0 0.00048067 0.019515 0.0042776 0.019515 0.0005006 0.018947 0.0020172 0.018947 0 0 0 0 0.069555 0.080471 0.096985 0.18426 0.11613 0.056058 0.14464 0.55438 -0.098401 0.087074 0.14945 0.60313 -0.092621 0.089366 0.10078 0.15272 -0.012819 0.016083 0.096142 0.1636 -0.0040511 -0.10062 0.043045 0.16956 0.011118 -0.14269 0.044383 0.16752 -0.010984 -0.045672 0.071519 0.10259
139.92 192.61 2.7854 0.61705 -0.17997 0.027415 0.33486 0.36124 -0.049949 -0.025241 0.070185 0.051282 0.040899 -0.010533 0.050564 0.02541 -0.013875 -0.05564 0.098099 0.070941 -0.088117 -0.16727 0.18677 0.25815 0.030772 0.07773 0.10961 0.12607 -0.02795 0.041692 0.067965 0.078035 -0.0026008 -0.0062973 0.009523 0.007297 0.058562 0.19479 0.17164 0.23581 -0.10452 0.051288 0.34979 0.33187 -0.064206 -0.032589 0.088998 0.096073 -0.00049251 -5.5116e-05 0.00049251 5.5116e-05 -0.061124 -0.11535 0.10814 0.22372 -0.082337 -0.078998 0.094241 0.097103 -0.0056524 -0.0035363 0.0056524 0.0047142 0 0 0 0
146.08 199.81 2.7247 4.6525 0 -0 0 0 0 -0 0 0 0 -0 0 0 0 -0 0 0 -0.0011937 0.0047462 0.0022868 0.0047462 0.0085985 0.066018 0.051485 0.067905 -0.0040758 0.1121 0.03191 0.11358 -0.0040347 0.020931 0.0045707 0.020931 -0.017037 -0.0018092 0.018776 0.015346 0.087129 -0.03763 0.20755 0.21856 0.14471 0.011799 0.35569 0.51418 -0.053801 0.21862 0.23839 0.37502 -0.00074471 0.01165 0.0037529 0.013235 0.003437 0.13275 0.040016 0.16767 0.04281 -0.076013 0.080069 0.17772 0.096595 -0.14162 0.1761 0.21515
108.55 119.09 3.5925 1.659 -0 0 0 0 -0 0 0 0 -0 0 0 0 -0 0 0 0 0.0020286 0.1102 0.054255 0.13221 -0.031076 0.14503 0.0695 0.17691 0.035415 0.18241 0.060791 0.20936 -0.031086 0.086139 0.057658 0.10765 -0.036145 -0.027325 0.19126 0.30177 0.031715 -0.027548 0.26877 0.40921 0.043348 -0.037965 0.2349 0.45753 -0.090746 -0.0075601 0.22382 0.177 -0.0092374 -0.022938 0.087324 0.0622 0.0077858 -0.023746 0.12025 0.093696 0.01255 -0.052666 0.11292 0.096781 -0.018325 -0.030118 0.10322 0.04823
145.76 119.9 3.6624 1.6377 -0 0 0 0 -0 0 0 0 -0 0 0 0 -0 0 0 0 0.028572 0.060039 0.039397 0.087935 -0.031427 0.17219 0.078334 0.19771 0.0088599 0.1471 0.065381 0.1477 -0.010217 0.077785 0.026748 0.078067 0.083711 0.007267 0.15447 0.15817 0.014432 -0.053077 0.28033 0.51637 -0.042973 -0.031108 0.28891 0.43383 0.025778 0.00051831 0.16404 0.26712 0.015655 -0.026691 0.078251 0.048187 0.021959 -0.057217 0.11369 0.090461 -0.014001 -0.030802 0.13143 0.091975 -0.00024537 -0.01759 0.078208 0.067008
124.51 134.98 3.4282 4.1625 -0.0027326 0.024038 0.044107 0.036257 0.033829 -0.00022113 0.092807 0.075561 -0.024916 0.02981 0.10156 0.08185 0.039047 0.065434 0.063271 0.09414 0.0041694 -0.002811 0.087378 0.095793 -0.0084548 0.0044973 0.16969 0.16244 0.15429 0.068143 0.28034 0.19596 0.004645 -0.031728 0.16517 0.31868 0.05728 0.077715 0.12932 0.13819 -0.0050616 0.077775 0.20105 0.34407 -0.019362 -0.088108 0.3107 0.34086 -0.057863 -0.066039 0.084126 0.077139 -0.0086531 0.008113 0.17948 0.1384 -0.11352 -0.1002 0.17917 0.17657 -0.022828 -0.047136 0.029732 0.055641 -0.0017267 -0.0025096 0.0018848 0.0025096
98.386 141.73 4.0505 4.8149 0.015047 -0.0037898 0.050493 0.030351 -0.019179 -0.01996 0.049227 0.058516 -0.0022251 0.026758 0.028684 0.045008 0.0017239 0.016344 0.016979 0.01902 0.035075 0.023781 0.14189 0.044719 -0.026361 0.078509 0.18163 0.12441 0.0066253 0.022149 0.18192 0.12208 0.014912 0.017166 0.11561 0.080283 0.11039 0.0041392 0.21444 0.11783 -0.010632 0.030855 0.27282 0.44815 -0.066111 0.015361 0.27057 0.45563 0.024887 0.032653 0.17599 0.27343 0.023225 -0.031738 0.034679 0.047912 -0.01182 -0.1242 0.058987 0.1857 -0.0018068 -0.080957 0.053876 0.11344 0.0028349 -0.056166 0.038121 0.10152
151.49 143.14 3.9215 4.6151 0.0065102 0.011813 0.015867 0.014169 -0.0040998 0.022071 0.043081 0.048507 0.018965 -0.014424 0.043078 0.054336 -0.013737 -0.0011223 0.045521 0.027416 0.0027215 0.024167 0.10244 0.076672 -0.029375 0.031839 0.19938 0.11534 0.015887 0.083872 0.19283 0.12088 -0.042265 0.018391 0.095299 0.052228 -0.002377 0.043619 0.17646 0.26059 0.04608 0.023289 0.32365 0.48704 -0.038921 -0.018705 0.27924 0.46607 -0.080875 -0.018286 0.1238 0.097311 -0.0031286 -0.054785 0.045095 0.11177 -0.015 -0.087779 0.066846 0.12581 -0.0048952 -0.081091 0.04314 0.11001 -0.0096974 -0.013086 0.011987 0.017681
139.42 160.12 3.709 3.4371 0.023242 0.0021808 0.039407 0.027264 -0.019031 -0.031628 0.06247 0.073386 0.055396 0.0084906 0.084955 0.12489 0.0042799 0.066116 0.10621 0.11815 -0.0011281 -0.015244 0.026671 0.027302 0.055415 0.036754 0.12155 0.11886 0.085214 0.043513 0.16796 0.23717 0.036052 0.013397 0.36297 0.31818 -0.001339 0.0045337 0.012604 0.0081837 0.071306 0.033527 0.11206 0.13743 0.089714 -0.013182 0.23805 0.25226 -0.060805 -0.05284 0.42643 0.21431 -0.0092928 0.0105 0.031076 0.015715 0.0435 -0.01087 0.076221 0.10444 0.072825 0.045951 0.2094 0.1849 -0.069369 -0.027732 0.20234 0.12265
173.86 164.37 3.1793 0.52253 -0.033093 -0.075615 0.2782 0.23605 -0.16183 0.030262 0.221 0.2168 0.011975 -0.095813 0.11681 0.15811 -0.027751 -0.032218 0.044102 0.055919 0.030634 -0.15177 0.26818 0.26124 -0.10763 -0.13037 0.22595 0.34476 -0.033962 0.048022 0.082752 0.11382 0.030154 0.083566 0.07263 0.10249 0.028918 -0.0249 0.04718 0.049995 0.044063 -0.057066 0.14111 0.27143 0.046232 0.0031585 0.12372 0.31564 -0.05206 -0.051396 0.10398 0.16324 0.00087354 -0.0012312 0.00087354 0.0012312 0.0093413 -0.021464 0.010692 0.022896 -0.0022553 -0.051803 0.016044 0.054472 -0.0063044 -0.018001 0.0076328 0.018028
178.17 175.88 3.627 0.85162 0.13113 -0.098644 0.25458 0.15053 -0.1183 -0.151 0.35061 0.30361 -0.012738 -0.097795 0.21845 0.19963 -0.035477 -0.024997 0.060853 0.066877 0.047499 -0.038315 0.077844 0.067955 0.033826 -0.050963 0.2621 0.3966 -0.0065073 0.14372 0.11982 0.30751 -0.039613 0.022634 0.085385 0.12696 0.0045768 -0.0045693 0.0045768 0.0049368 0.056429 -0.071231 0.067767 0.13405 -0.0090435 -0.14011 0.079139 0.2526 -0.029935 -0.038874 0.034261 0.053234 0 0 0 0 0 0 0 0 9.2772e-08 -1.3989e-06 9.2772e-08 1.3989e-06 3.9084e-08 -5.8935e-07 3.9084e-08 5.8935e-07
78.642 180.86 3.9067 2.3446 0.010608 0.00037068 0.015224 0.01304 0.031174 -0.098401 0.11681 0.13727 0.090434 -0.099854 0.247 0.23382 -0.00082339 -0.14768 0.29701 0.24827 0.045509 0.01006 0.084181 0.10098 0.033411 0.15341 0.10909 0.36865 -0.030703 0.042009 0.1665 0.3954 -0.046654 -0.065553 0.17603 0.18811 0.026475 -0.024859 0.029413 0.034391 0.040798 -0.1447 0.065552 0.28662 -0.070356 -0.13139 0.082884 0.23754 -0.014425 -0.016731 0.016631 0.025176 2.3809e-18 2.3262e-18 2.3809e-18 2.3262e-18 1.2224e-17 1.1943e-17 1.2224e-17 1.1943e-17 3.1252e-19 3.0534e-19 3.1252e-19 3.0534e-19 -0 0 0 0
169 184.13 3.8106 0.93246 0.043209 -0.13465 0.28111 0.2248 -0.10577 -0.11029 0.28888 0.19189 -0.031152 -0.088605 0.21579 0.2001 -0.015691 -0.011584 0.02097 0.022751 0.069461 -0.065567 0.19792 0.22052 -0.008546 0.079249 0.21707 0.43027 -0.045037 0.10575 0.1569 0.27706 -0.028357 -0.0004423 0.059558 0.073394 0.028522 -0.028754 0.032403 0.037467 0.050034 -0.13854 0.091854 0.24826 -0.056207 -0.11014 0.088042 0.17424 -0.011682 -0.015707 0.014396 0.018616 0 0 0 0 1.1152e-05 -7.5284e-05 1.1152e-05 7.5284e-05 7.1822e-06 -4.8486e-05 7.1822e-06 4.8486e-05 -5.8848e-18 -7.9314e-18 5.8848e-18 7.9314e-18
103.65 192.33 3.5754 2.1345 -0.015356 0.0031986 0.077936 0.063726 0.032894 -0.065946 0.11834 0.096783 0.035041 -0.12114 0.27231 0.23748 0.084404 -0.090126 0.25822 0.21402 -0.0049021 -0.01779 0.042168 0.036954 0.044044 0.057856 0.063363 0.096403 0.019229 0.16198 0.10053 0.25768 0.037786 0.13882 0.14528 0.30369 0.00027612 0.00017456 0.00027612 0.00017456 0.062069 -0.041615 0.071446 0.11023 0.10201 -0.12009 0.14587 0.42782 -0.06459 -0.12998 0.13224 0.36919 -0 0 0 0 -2.1722e-06 -0.00021426 2.1722e-06 0.00021426 0.0016146 -0.014657 0.0022364 0.014657 -0.0011271 -0.00815 0.0016172 0.00815
96.564 106.72 4.816 1.7884 -0 0 0 0 -0 0 0 0 -0 0 0 0 -0 0 0 0 -0.012118 0.06959 0.020635 0.06959 -0.0024311 0.0086762 0.0024311 0.0086762 -0 0 0 0 -0 0 0 0 -0.020801 0.019329 0.22329 0.36853 0.034953 0.099722 0.24865 0.56604 -0.13482 0.1438 0.24225 0.38823 -0.027728 0.0077243 0.029201 0.017324 0.018351 -0.040331 0.09852 0.082946 0.024487 -0.091714 0.16703 0.17651 -0.048341 -0.08108 0.21637 0.1258 -0.015957 -0.0035635 0.031285 0.0072615
110.52 156.69 5.3275 4.9129 0.019354 0.012915 0.047244 0.053667 -0.022886 -0.0027624 0.055837 0.10859 -0.0075994 -0.0013344 0.01051 0.018846 0.004999 0.0079245 0.014632 0.016891 0.0042704 0.012031 0.11031 0.087264 -0.0053429 0.037052 0.11187 0.12515 -0.00078093 0.061532 0.096971 0.087996 0.0041692 0.01229 0.055839 0.057163 0.047594 0.1083 0.21432 0.14283 -0.058819 0.20925 0.28931 0.34568 0.017726 0.15395 0.25275 0.28266 -0.0069623 0.10252 0.14818 0.15415 0.035563 -0.067989 0.060757 0.13941 -0.014471 -0.10596 0.11449 0.26827 0.03726 -0.08633 0.14295 0.34373 0.0055439 -0.045934 0.12645 0.23422
54.628 175.31 4.9996 5.7411 0 0 0 0 0 0 0 0 0 0 0 0 6.5802e-19 1.0927e-18 6.5802e-19 1.0927e-18 0 0 0 0 0 0 0 0 6.5221e-19 1.083e-18 5.0606e-18 8.4034e-18 -1.1818e-18 -1.9624e-18 1.7418e-17 2.8923e-17 0.020158 0.031801 0.035039 0.043416 0.058082 0.073837 0.14498 0.32729 0.049633 0.031859 0.16167 0.51569 -0.064978 0.040864 0.090045 0.13608 0.1025 0.13149 0.26814 0.20685 -0.1198 0.11833 0.34708 0.41658 -0.030617 0.025989 0.12565 0.20149 -0.014581 -0.025072 0.050296 0.065057
163.37 129.7 5.9073 1.6584 -0 0 0 0 -0 0 0 0 -0 0 0 0 -0 0 0 0 -0 0 0 0 0.10088 0.10064 0.13734 0.20763 -0.029113 0.19135 0.1774 0.45664 0.002077 0.10581 0.091433 0.25185 0.01151 0.0030345 0.01151 0.0043835 0.081848 -0.066573 0.25124 0.20918 -0.019039 -0.13699 0.32614 0.4262 0.0033762 -0.058373 0.19529 0.24121 0.010169 -0.00087068 0.010169 0.0026503 0.00092456 -0.0079006 0.10063 0.087103 -0.011296 -0.022458 0.070909 0.070774 0.0036919 -0.016315 0.038729 0.04079
62.077 102.15 9.9291 0.79218 0 0 0 0 0 0 0 0 0 0 0 0 0 0 0 0 0 0 0 0 0 0 0 0 0 0 0 0 0 0 0 0 0.0056175 0.0046972 0.0056175 0.0046972 0.13918 0.15427 0.37452 0.41511 -0.11253 0.085196 0.29404 0.28399 -0.0058247 0.0078665 0.014381 0.010804 0.085595 0.01791 0.13134 0.12746 -0.028793 -0.069791 0.41936 0.39821 -0.044282 -0.052554 0.2191 0.14634 -0.009441 -0.0019726 0.03213 0.012359
55.303 153.58 10.215 5.5988 0 0 0 0 0 0 0 0 0 0 0 0 -1.3595e-19 -1.6664e-19 6.4497e-19 7.9054e-19 0 0 0 0 0.0054031 0.0083377 0.0098667 0.013143 0.0043391 0.036586 0.06763 0.12294 -0.011987 0.0076 0.016798 0.024095 0 0 0 0 0.16495 0.04338 0.28441 0.27063 -0.077002 0.10574 0.39141 0.46815 -0.024653 0.022484 0.067671 0.067255 0 0 0 0 0.06263 -0.048547 0.088466 0.079931 0.04382 -0.041998 0.41854 0.38711 -0.056257 0.0046585 0.15874 0.13045
191.78 155.46 10.21 3.4961 0 -0 0 0 0 -0 0 0 0 -0 0 0 0 -0 0 0 0.0065108 0.0059707 0.0065108 0.0059707 -0.001584 0.037421 0.039672 0.075363 -0.0039384 0.0074363 0.0067832 0.013048 0 -0 0 0 0.014646 -0.0020178 0.03318 0.023735 0.1742 0.073893 0.35732 0.35207 -0.14012 0.079072 0.40065 0.28446 -0.0029878 0.0015259 0.0029878 0.0018047 0.018498 0.010168 0.088789 0.044428 0.076603 0.033912 0.46911 0.28363 -0.11749 -0.048366 0.28651 0.13483 -0.00038474 0.00011885 0.00038474 0.00017087
