47 64
105.68 113.71 2.143 1.303 0 0 0 0 0 0 0 0 0 0 0 0 0 0 0 0 0.048564 0.071596 0.049928 0.077201 0.058201 0.29352 0.085452 0.4015 -0.0865 0.20869 0.13328 0.29898 -0.027333 0.033871 0.037192 0.036158 0.028252 0.020313 0.14715 0.19268 0.00078675 -0.15945 0.19473 0.37762 -0.063312 -0.060242 0.2449 0.29639 -0.022002 0.045659 0.19836 0.12192 -0.028126 -0.051949 0.055609 0.064404 0.028602 -0.043509 0.095819 0.09477 -0.0055953 -0.0027035 0.12468 0.13577 0.016654 -0.017734 0.11351 0.077248
144.76 125.95 1.9586 4.7238 0.028693 -0.021209 0.04687 0.075926 -0.019329 -0.0342 0.08897 0.12957 -0.00034905 0.020349 0.099497 0.06118 -0.0005539 0.027871 0.10243 0.070519 0.0064982 0.025889 0.052218 0.069249 0.023278 0.018771 0.091564 0.15344 0.067755 0.035085 0.2459 0.17774 -0.044298 -0.03601 0.22092 0.11834 0.026642 0.059736 0.085772 0.17724 0.016193 0.085065 0.19707 0.57403 -0.15683 -0.058582 0.26931 0.37522 -0.022899 -0.027547 0.043256 0.033885 0.0061798 -0.065419 0.026672 0.082915 -0.016962 -0.12544 0.049698 0.16822 -0.026916 -0.042729 0.029163 0.0508 -0.00043898 -0.00042236 0.00043898 0.00042236
88.163 128.92 2.0313 3.4047 0.024304 -0.0011664 0.083263 0.056327 0.031297 -0.075615 0.17764 0.12116 0.022347 0.019111 0.15958 0.1276 0.046587 0.0038638 0.2175 0.12783 0.024685 0.0047701 0.1491 0.17304 0.032161 0.060932 0.22888 0.43442 -0.0053098 -0.062727 0.24776 0.3609 -0.04506 -0.14567 0.16672 0.20628 0.021533 -0.047847 0.067874 0.070784 0.042169 -0.12488 0.18933 0.27749 -0.084841 -0.043468 0.18003 0.19955 -0.0055176 -0.0095952 0.0091199 0.017747 -0.00017131 -0.00073175 0.0029418 0.0021351 0.026008 -0.016842 0.030204 0.030474 -0.017311 -0.015325 0.076365 0.079193 -0.0080067 0.0002622 0.0084022 0.0070444
95.381 131.47 2.011 3.3131 0.047239 -0.0041901 0.068656 0.042794 -0.018768 -0.002473 0.16223 0.1072 0.0026921 0.057488 0.11409 0.11093 0.079589 0.040619 0.1665 0.095313 0.030274 -0.0028166 0.11485 0.090319 0.035576 -0.082762 0.23456 0.19058 0.08524 -0.031014 0.23346 0.22634 -0.012496 -0.096216 0.31265 0.20657 0.018404 -0.010895 0.1222 0.15102 0.053771 0.010603 0.21768 0.40989 -0.057069 -0.068692 0.23601 0.33444 -0.02869 -0.0786 0.065455 0.10056 0.00366 -0.018716 0.024586 0.028321 0.032442 -0.068947 0.074631 0.11001 -0.027305 -0.00065013 0.083978 0.084999 -0.0081542 0.0051477 0.0099744 0.010395
132.48 135.61 1.8969 1.3512 0.055794 0.0074288 0.20538 0.35168 -0.069853 -0.1017 0.17195 0.32189 -0.058475 -0.12231 0.12668 0.15984 0.012303 -0.067957 0.079735 0.081432 -0.029579 -0.081912 0.16717 0.22389 -0.045454 -0.072726 0.14236 0.17335 -0.010138 -0.021969 0.1225 0.14701 0.093719 0.03694 0.11733 0.10363 0.054928 -0.022972 0.15018 0.14434 8.3956e-05 0.097968 0.18271 0.2975 -0.10623 0.024091 0.17216 0.22814 0.044854 -0.026789 0.075417 0.12109 0.014739 -0.022476 0.04327 0.050666 -0.0077929 -0.098871 0.096401 0.14376 -0.013258 -0.015507 0.12304 0.1337 -0.005388 -0.0013658 0.060498 0.11184
153.19 135.63 2.0297 5.8544 -0.033938 0.026302 0.052587 0.049611 0.072607 -0.01751 0.14081 0.098489 -0.075344 -0.026193 0.13034 0.087813 -0.011954 -0.00065006 0.017117 0.0068294 -0.14686 0.093104 0.30085 0.21069 -0.040099 -0.010857 0.21478 0.17899 -0.044684 0.016163 0.13077 0.15339 -0.0094977 0.010212 0.052123 0.051028 -0.030191 -0.11034 0.19989 0.20483 -0.015116 -0.054277 0.28564 0.43721 -0.064289 0.05957 0.27411 0.32209 -0.029651 0.002244 0.066485 0.042667 0.001122 -0.0059958 0.0021187 0.0059958 0.01342 -0.050621 0.043607 0.065986 0.024113 0.0011601 0.16601 0.15979 -0.016196 0.0077877 0.05987 0.039958
157.93 140.31 1.9768 3.6674 -0.0027416 0.0034503 0.0068684 0.011189 0.0048474 0.0037021 0.011053 0.012543 0.022038 0.027957 0.053746 0.094743 -0.013302 -0.00086812 0.041667 0.07615 0.00092343 -0.010453 0.02715 0.069107 0.079795 0.052479 0.14187 0.23703 -0.031293 0.10519 0.24833 0.39308 -0.041208 -0.012275 0.059253 0.078313 0.019317 0.068123 0.054478 0.088384 0.040756 0.056646 0.12436 0.20881 -0.0031308 0.024983 0.37288 0.44338 -0.087848 0.018657 0.11436 0.096252 0.018482 0.0003218 0.097231 0.086294 -0.031877 -0.021567 0.1274 0.11284 0.1045 0.051659 0.23683 0.20674 -0.056317 0.054588 0.16567 0.088187
88.291 147.33 1.6704 5.5691 0.0022891 -0.00044122 0.0042856 0.007483 0.022642 -0.008778 0.048972 0.046435 -0.0033521 -0.0031227 0.088453 0.076451 0.0042289 0.0093071 0.065589 0.07609 0.011616 0.012337 0.020933 0.02888 0.044596 0.11718 0.12679 0.20105 -0.027335 0.034631 0.18527 0.22224 -0.015458 -0.02974 0.098547 0.13093 0.075868 0.10433 0.20817 0.22649 -0.053809 0.030354 0.34127 0.38178 -0.069319 0.016577 0.2224 0.26462 -0.0019989 -0.0019719 0.040509 0.059337 0.042838 -0.023636 0.17721 0.19366 -0.017832 0.043057 0.21533 0.26928 -0.0032091 0.10871 0.14133 0.18829 -0.038854 0.035264 0.098834 0.06558
85.319 152.56 1.9668 5.4444 0.015325 0.0039693 0.018011 0.022859 0.024245 0.023175 0.071056 0.070368 0.00094038 0.028586 0.076109 0.072198 -0.0062799 0.017889 0.055049 0.06114 0.014048 -0.011008 0.031492 0.030764 0.044261 -0.031801 0.15025 0.090678 0.041245 0.019798 0.25623 0.20416 -0.029009 -0.0097155 0.14555 0.14808 0.054577 0.044424 0.083291 0.084082 0.014264 0.10015 0.27697 0.39836 -0.041795 0.0096426 0.20041 0.3453 0.0030981 -0.042667 0.062849 0.088957 0.040052 0.061089 0.20039 0.206 -0.079229 -0.042688 0.29882 0.25392 -0.035286 0.08882 0.15199 0.2188 -0.0081329 0.041549 0.059563 0.067541
130.18 154.56 2.0277 2.0534 0.034683 -0.0075497 0.065179 0.043015 0.085544 0.0032466 0.21774 0.20692 -0.10874 0.0096825 0.16147 0.24914 0.005131 0.020728 0.075212 0.087278 0.009252 -0.0014879 0.020043 0.025631 0.064073 -0.16246 0.20078 0.33219 -0.069201 -0.033397 0.14875 0.33207 0.0855 0.0016872 0.14825 0.14554 0.01422 0.017456 0.041228 0.057562 0.039525 -0.034714 0.12598 0.26772 0.06803 -0.12712 0.17736 0.41103 -0.01809 -0.049053 0.13056 0.16816 0.0061768 -0.012784 0.047958 0.035259 -0.0065272 -0.01768 0.077974 0.10686 0.008044 -0.0045358 0.054441 0.12204 -0.0124 0.016039 0.036933 0.06179
70.126 156.52 1.9494 5.8844 0 0 0 0 0 0 0 0 0 0 0 0 0 0 0 0 0 0 0 0 0.041927 0.054872 0.05254 0.13558 -0.021712 0.10557 0.07934 0.20618 -0.0089619 0.045759 0.020896 0.050567 0.0083435 0.0044356 0.034526 0.021327 0.099157 -0.0079952 0.2111 0.1817 0.030932 -0.011931 0.2634 0.30068 -0.019611 0.079291 0.11916 0.20353 0.042131 0.0986 0.12883 0.14868 -0.0052282 0.19811 0.29042 0.37898 -0.00066701 0.013958 0.2945 0.34312 0.0097642 0.011288 0.11884 0.24427
127.85 164.28 1.8162 5.098 -0.0053509 0.0064712 0.043996 0.058045 -0.028033 0.0041998 0.069921 0.091471 1.9967e-05 0.018533 0.061165 0.067903 -0.0060757 0.019752 0.025715 0.024139 0.0026054 0.013505 0.063943 0.14844 0.015712 -0.010427 0.13021 0.27152 0.014241 0.0087796 0.19334 0.19715 -0.034162 -0.0029164 0.090564 0.065753 0.04834 -0.031853 0.17483 0.27515 -0.054044 -0.051403 0.16165 0.53453 -0.032197 -0.034068 0.12937 0.20863 -0.012837 -0.017733 0.030375 0.039391 -0.043627 -0.0069853 0.11517 0.12409 0.076366 0.091654 0.13295 0.29804 -0.11794 0.14524 0.18136 0.22082 -0.010179 0.015939 0.031908 0.028098
77.592 165.88 2.0797 5.6332 0 0 0 0 0 0 0 0 0.00070315 0.0006882 0.0020822 0.0011733 -0.00018446 0.00012747 0.00071172 0.00049216 0.034643 0.045761 0.050906 0.10183 0.0085083 0.1234 0.090581 0.20407 -0.022117 0.069406 0.08757 0.11604 -0.010519 0.061177 0.041412 0.071129 0.036368 -0.012536 0.10503 0.079711 0.063604 -0.029626 0.28916 0.23831 0.04905 0.042739 0.31908 0.38427 -0.066602 0.02115 0.12885 0.18803 0.042798 0.11981 0.14622 0.18767 -0.020223 0.049516 0.29748 0.30657 0.0044263 -0.067412 0.20926 0.28442 -0.0092551 0.0099208 0.08285 0.11114
106.79 165.69 1.8248 1.9794 0.029832 -0.025999 0.080432 0.24917 -0.049027 -0.057802 0.19872 0.33685 -0.0034279 -0.11253 0.13768 0.22055 0.021019 -0.04957 0.13799 0.19903 -0.00047924 0.0044071 0.11295 0.18303 -0.0071985 0.018941 0.12012 0.29291 -0.036234 0.065481 0.14855 0.16812 0.035713 0.05141 0.16094 0.2456 0.043188 -0.0056382 0.086379 0.11427 -0.0065725 -0.027923 0.14236 0.18821 -0.012944 -0.036112 0.26557 0.18509 -0.020013 -0.0018658 0.27574 0.16112 0.020246 -0.020584 0.026543 0.032414 -0.011233 -0.046515 0.044751 0.059409 0.060803 -0.022751 0.11082 0.074136 -0.017644 -0.033188 0.10406 0.064318
95.874 173.9 1.9677 3.3442 0.0033662 0.00069148 0.0033662 0.00069148 0.061147 0.0065563 0.10559 0.084996 -0.0096191 0.032844 0.16649 0.10574 0.042676 -0.0056609 0.171 0.069034 0.0015263 0.0027873 0.0016513 0.0027873 0.068803 -0.0059646 0.087012 0.13252 0.037389 -0.019653 0.18656 0.27587 -0.047433 0.0071094 0.12065 0.12303 0.022257 -0.00053465 0.022418 0.010287 0.11013 0.014545 0.18721 0.27651 0.0054024 0.019742 0.19514 0.55009 -0.0020545 0.028272 0.24604 0.23446 0.0027996 -0.0012506 0.0029907 0.0022103 0.056616 -0.047309 0.063182 0.093649 0.019174 -0.015393 0.10847 0.25973 -0.0056934 -0.021894 0.12954 0.17196
88.58 176.22 2.1281 3.2973 0 -0 0 0 0.056438 -0.035916 0.057048 0.056322 0.053881 -0.036282 0.12814 0.15833 -0.035668 -0.0078932 0.094156 0.078366 0.0002344 9.1107e-05 0.00036691 0.00075305 0.081653 0.059234 0.12308 0.14959 0.058056 0.11812 0.20788 0.47154 -0.055568 0.095979 0.17094 0.28244 6.8441e-05 -3.7424e-05 8.2833e-05 0.00012911 0.064146 -0.063793 0.084991 0.11408 0.055895 -0.050014 0.15906 0.43064 -0.041387 -0.010201 0.17726 0.368 0 -0 0 0 0.0042677 -0.0027527 0.0068554 0.010301 0.069812 -0.046543 0.091473 0.13666 -0.018272 -0.012415 0.083326 0.14145
137.89 176.58 2.1185 3.7678 0 -0 0 0 0 -0 0 0 0.0029452 -0.001905 0.003733 0.0028027 0.0020176 0.0037485 0.015402 0.023465 0.0049784 0.0035838 0.0058411 0.0057866 0.053358 0.078302 0.082538 0.12385 -0.035791 0.095567 0.096551 0.14566 0.025047 -0.018881 0.055093 0.076108 0.014999 0.017624 0.067363 0.046008 0.1122 0.022714 0.27887 0.28815 -0.049624 0.05239 0.31179 0.30097 -0.03809 0.024837 0.076721 0.057028 0.00072597 0.042012 0.091853 0.078676 0.049753 0.019579 0.25448 0.19553 0.049236 0.043713 0.4931 0.24205 0.016521 0.035348 0.27093 0.16916
117.85 182.59 1.9587 4.6184 0 -0 0 0 0 -0 0 0 0 -0 0 0 0 -0 0 0 0.013939 0.019654 0.015806 0.019708 -0.0026377 0.095454 0.056763 0.097046 0.00055155 0.060348 0.057234 0.11527 -0.0031944 0.054497 0.053514 0.086526 0.094276 0.055144 0.15938 0.10824 -0.053189 0.096042 0.26928 0.27071 -0.010911 0.085801 0.28026 0.33287 0.044593 0.069115 0.21342 0.21654 0.029658 -0.0014059 0.16711 0.10586 -0.064886 -0.056707 0.16755 0.2548 -0.0061717 -0.0027174 0.25645 0.35777 0.0061442 0.026495 0.20172 0.25471
142.1 117.72 2.9279 1.839 -0 0 0 0 -0 0 0 0 -0 0 0 0 -0 0 0 0 0.010654 0.023752 0.01169 0.023752 0.11004 0.16089 0.12772 0.30578 -0.06438 0.21289 0.10126 0.32085 -0.01224 0.12968 0.042383 0.14183 0.035293 0.022997 0.22539 0.15915 0.050196 -0.095136 0.24211 0.37405 -0.0055955 -0.15057 0.13332 0.38761 0.052884 -0.064307 0.12031 0.25589 0.0088579 -0.026932 0.079028 0.044957 0.027358 -0.017601 0.1254 0.13105 -0.031484 -0.005412 0.095908 0.1237 0.032856 0.011774 0.073567 0.092063
125.63 119.94 2.6655 4.8249 0.013814 0.02068 0.077942 0.079097 -0.0381 -0.0076388 0.08997 0.10026 0.042394 -0.011718 0.093222 0.13598 -0.021497 0.017076 0.073955 0.06175 0.0049231 0.074389 0.1535 0.16397 -0.034711 0.16543 0.13232 0.24355 0.030528 0.19883 0.1054 0.29693 -0.00060988 0.062646 0.17026 0.19762 0.060225 -0.10684 0.1052 0.24392 -0.038537 -0.15633 0.1068 0.35431 0.035072 -0.171 0.096653 0.45721 -0.062815 -0.076687 0.092047 0.19769 0.0011857 -0.00513 0.0011857 0.00513 -0.00073451 -0.010543 0.0023176 0.010543 -0.00034053 -0.0080592 0.0017619 0.0080592 -0.00034136 -0.0011971 0.0003719 0.0011971
74.182 121.49 2.7656 5.6695 0 0 0 0 0 0 0 0 2.5649e-05 -1.8067e-05 2.5649e-05 1.8067e-05 0.014004 -0.0013883 0.025785 0.030438 0 0 0 0 0.032965 0.037651 0.053118 0.065949 -0.0028716 0.1037 0.080035 0.14163 0.0082804 0.079655 0.13681 0.24179 0 0 0 0 0.021451 -0.016393 0.045765 0.060641 0.15545 0.0069939 0.335 0.39809 -0.013961 0.043799 0.30431 0.38645 0 0 0 0 0 0 0 0 0.16591 0.10048 0.39517 0.24301 -0.048683 0.024765 0.19096 0.17307
77.424 129.81 2.6007 5.6769 0 0 0 0 0 0 0 0 0.012313 0.004208 0.014528 0.017724 0.0047434 0.013613 0.032985 0.040887 0.0072128 0.00408 0.0072128 0.00408 0.0036527 0.060485 0.038275 0.060485 0.039059 0.096599 0.074139 0.14143 -0.0010809 0.013621 0.12942 0.18691 0.016214 -0.00045515 0.018356 0.0093286 0.070145 -0.017863 0.14969 0.18882 0.0055362 0.046525 0.42873 0.52596 -0.052993 0.069235 0.19461 0.25486 -9.7127e-05 -0.00014008 9.7127e-05 0.00014008 0.13651 0.039503 0.14837 0.090371 -0.027941 0.099787 0.29898 0.25797 -0.024456 -0.026581 0.13587 0.1591
85.991 144.69 2.5031 5.7075 0 0 0 0 0.01248 0.0057538 0.013049 0.019081 0.0034045 0.026153 0.038948 0.054232 -0.0027154 0.020662 0.02167 0.033783 0.00020232 0.032029 0.019501 0.032029 0.03589 0.079129 0.094389 0.12967 0.0095825 0.019623 0.17569 0.2151 -0.018069 -0.001964 0.087277 0.12533 0.054315 0.0032401 0.11668 0.13974 -0.003647 0.053261 0.39677 0.49911 -0.069806 0.045163 0.22084 0.27852 0.0087355 0.00053504 0.0705 0.082004 0.094088 0.038916 0.14597 0.092909 -0.013709 0.053385 0.24827 0.2436 -0.058607 -0.031143 0.18849 0.19922 -0.0058024 -0.011293 0.11264 0.088304
133.95 158.54 2.8831 4.4583 -0.0025882 0.0099838 0.0167 0.020725 0.0050559 0.019165 0.04454 0.048144 -0.012845 0.010238 0.023018 0.021468 -0.0013496 0.00097428 0.0027734 0.0014916 -0.013387 0.0038459 0.080175 0.085118 0.002197 0.031028 0.16024 0.20765 -0.031536 -0.0061893 0.057956 0.065207 -0.0026815 -0.0018696 0.036749 0.020586 0.031598 0.012841 0.087951 0.14914 0.064115 0.021185 0.28692 0.35181 -0.037681 0.16641 0.27381 0.37139 -0.00079708 0.089703 0.22337 0.15195 0.0084393 0.03887 0.1254 0.16216 -0.03164 0.0011894 0.18248 0.19206 0.034661 -0.019974 0.17437 0.26929 -0.0064337 0.051389 0.25624 0.21601
116.39 162.43 2.5035 5.0627 -0.0033293 0.021354 0.074054 0.045392 -0.0064769 0.031645 0.054514 0.051595 -0.017871 0.018755 0.030552 0.0417 -0.0030864 0.0041108 0.0061059 0.0070735 -0.020262 -0.0046946 0.14858 0.11718 0.0051263 -0.013008 0.12503 0.15896 -0.025793 0.0095109 0.13034 0.17193 -0.0072441 0.014122 0.08094 0.069547 -0.029362 0.1197 0.19466 0.25936 -0.0081662 0.11336 0.22955 0.33309 -0.022147 0.055384 0.16714 0.42277 -0.024971 -0.0040237 0.048271 0.086464 -0.0079541 0.01439 0.17929 0.2016 -0.086761 -0.048454 0.19848 0.22104 0.074739 0.026354 0.19478 0.29716 -0.046924 0.032948 0.11102 0.093069
121.33 164.45 2.993 5.0254 -0.0082614 0.021584 0.055842 0.037913 -0.0071657 0.030009 0.044295 0.053865 -0.011543 0.011804 0.018764 0.027228 -0.0015351 0.0030709 0.0032886 0.0040026 -0.0063055 -0.0157 0.12817 0.1078 -0.019189 -0.007305 0.11118 0.19053 0.0011702 0.015979 0.13931 0.16591 -0.023836 0.0063686 0.055067 0.044583 -0.022579 0.10981 0.15098 0.21337 0.0018211 0.041481 0.2096 0.43744 -0.049242 0.04534 0.18549 0.42537 -0.012221 0.0010186 0.039397 0.045508 -0.014493 0.0038403 0.15593 0.19838 -0.017323 -0.031844 0.19627 0.21317 -0.0033323 0.028118 0.25024 0.2866 -0.056364 0.039452 0.10499 0.073913
81.697 173.58 2.5914 5.758 0 0 0 0 0 0 0 0 0 0 0 0 4.1436e-18 7.1508e-18 7.727e-18 1.3335e-17 0.022501 0.038492 0.047905 0.07724 -0.025786 0.096632 0.084546 0.12871 -0.01616 0.053396 0.032597 0.05763 -0.0012918 0.0012008 0.0013833 0.0012757 0.059268 0.087796 0.16905 0.20617 0.027833 0.045745 0.34346 0.47638 -0.11874 0.029864 0.20802 0.31506 -0.012315 0.016916 0.014928 0.025248 -0.076051 0.033924 0.29437 0.35011 -0.013333 -0.018138 0.1863 0.21671 0.00045396 -0.0045385 0.13353 0.18656 -0.038466 0.01027 0.058771 0.059911
124.53 176.59 2.4828 4.8829 0.0026492 0.025207 0.010807 0.025207 -0.0017637 0.010661 0.0062873 0.011262 0.00058762 0.0051488 0.0018923 0.0051488 -7.7485e-05 0.00045004 7.7485e-05 0.00045004 -0.016792 0.061827 0.11066 0.12617 -0.045943 0.051954 0.12697 0.18782 0.016862 0.036562 0.098359 0.14118 -0.016137 0.037469 0.041278 0.043638 -0.031468 -0.038452 0.10786 0.18352 -0.0076022 0.020438 0.22193 0.33771 0.042678 0.039961 0.29247 0.30583 -0.056635 0.0099847 0.11554 0.093517 0.045659 0.05091 0.093899 0.1896 0.0077386 0.16824 0.1511 0.47123 -0.059745 -0.0055931 0.16829 0.30549 -0.02594 -0.020481 0.038961 0.057325
108.42 179.24 2.8232 5.5203 -0.0012913 0.037458 0.02981 0.043081 -0.011263 0.021923 0.022222 0.025372 -9.3937e-06 -9.8273e-06 9.3937e-06 9.8273e-06 -1.9688e-19 -2.0596e-19 1.9688e-19 2.0596e-19 -0.021682 0.019525 0.24089 0.25159 -0.061704 0.085612 0.14897 0.19967 -0.029847 0.046765 0.039146 0.052728 -0.00028975 0.00047953 0.00028975 0.00047953 -0.021442 -0.044723 0.17208 0.22858 0.0075741 -0.024823 0.20105 0.31027 -0.066343 0.023908 0.13918 0.21065 -0.012421 0.010789 0.020997 0.021895 -0.088122 0.074734 0.25561 0.24012 -0.026297 0.013826 0.33217 0.40179 -0.024764 -0.003368 0.18533 0.22505 -0.028205 0.00037893 0.052451 0.039831
107.08 115.11 3.8658 1.5068 0 0 0 0 0 0 0 0 0 0 0 0 0 0 0 0 0.014418 0.12716 0.03645 0.13748 0.03658 0.19884 0.10273 0.415 -0.086779 0.11065 0.10319 0.20302 -0.0035117 0.012982 0.020274 0.017253 -0.019834 -0.035622 0.13908 0.33548 0.050696 -0.08021 0.19404 0.42391 -0.07894 -0.001182 0.32001 0.28327 -0.043447 0.0060378 0.10349 0.072152 -0.0091411 -0.022222 0.079731 0.10809 0.00607 -0.027168 0.11755 0.16785 -0.011895 -0.048101 0.13161 0.12204 -0.017557 -0.0019576 0.056379 0.032164
86.919 120.08 3.4451 0.76017 0 0 0 0 0.00047002 1.3348e-05 0.00047002 1.3348e-05 -0.00018188 0.014957 0.0073755 0.014957 -0.0005054 0.0010027 0.0005054 0.0010027 0.0043024 0.012072 0.0043024 0.012072 0.0075547 0.046375 0.024557 0.055807 0.0025111 0.033557 0.13483 0.10186 -0.012824 0.0011112 0.013597 0.0083934 0.11548 0.1537 0.2751 0.33949 -0.10431 0.094876 0.32845 0.39647 -0.071589 0.050529 0.33455 0.33497 -0.037734 0.026931 0.071055 0.06024 -0.038918 -0.046014 0.18237 0.14857 0.0044824 -0.041426 0.20032 0.15621 -0.05972 -0.02513 0.19428 0.16114 -0.0098883 -0.0071713 0.088568 0.080818
115.5 126.49 3.6396 4.6842 -0.00044254 0.0049409 0.052081 0.046302 0.0034969 0.032534 0.0652 0.1067 0.0075364 0.032154 0.079406 0.13578 -0.014489 0.024782 0.036492 0.036087 0.034864 0.017047 0.1748 0.11395 -0.040025 0.047486 0.22821 0.23941 0.030287 0.066015 0.15536 0.26074 -0.014768 0.071034 0.19775 0.19273 0.046689 -0.03965 0.10061 0.081873 0.030401 -0.090412 0.20221 0.45634 -0.00090377 -0.085693 0.12847 0.46383 -0.059338 -0.072807 0.12369 0.25244 0.0018399 -0.0029321 0.0021819 0.0029326 0.0034943 -0.040857 0.012698 0.043754 -0.005653 -0.033278 0.007987 0.034607 -0.001163 -0.0059846 0.0016489 0.0059846
159.38 135.66 3.8069 2.6619 -0 0 0 0 0.0025704 0.012689 0.022584 0.017584 -0.0016854 0.0021354 0.0043739 0.0035692 -0 0 0 0 -8.3087e-17 -1.0585e-16 1.3781e-16 2.4492e-16 0.080927 0.043574 0.18856 0.20787 -0.016099 0.14802 0.17785 0.309 -0.024433 0.059046 0.043954 0.064674 0.0012059 0.0019872 0.0031966 0.0064764 0.11578 0.0057868 0.16378 0.16321 0.12753 -0.031902 0.41456 0.41733 -0.08506 0.054341 0.32137 0.24364 0.0031667 0.0032023 0.014553 0.016278 0.036912 0.0019357 0.11774 0.10901 0.013044 -0.0074595 0.16967 0.17242 0.054156 0.011042 0.19741 0.1443
108.75 139.64 3.6529 4.8084 0.011467 0.0041298 0.043931 0.024253 -0.0012746 -0.00079736 0.085578 0.047702 -0.0035445 0.024269 0.047087 0.068304 -0.0075732 0.0053514 0.024033 0.026761 0.027193 0.015308 0.11482 0.058649 0.0090828 0.072489 0.20188 0.19809 0.0026053 0.032815 0.17217 0.26931 -0.024565 0.039042 0.097815 0.14356 0.046701 -0.020415 0.15273 0.10283 0.033177 0.11333 0.32206 0.30331 -0.028662 0.18789 0.17965 0.32511 -0.0039514 0.10988 0.15827 0.24401 0.008197 -0.0095663 0.015658 0.012096 0.057185 -0.098542 0.1009 0.22868 -0.0048082 -0.10094 0.072037 0.2929 -0.023119 -0.06535 0.068391 0.19176
136.78 143.7 3.7399 5.5191 -0.016668 0.04066 0.10081 0.11113 -0.01467 0.024406 0.088006 0.10751 -0.011957 0.014789 0.052811 0.063626 -0.004001 0.0033576 0.010188 0.0098819 -0.072861 0.033091 0.19896 0.20172 -0.00099123 0.034611 0.20467 0.2471 -0.052275 0.025877 0.11149 0.12184 -0.0045471 -0.0037594 0.010499 0.011288 0.062879 -0.063617 0.25028 0.31094 -0.053586 0.11886 0.36716 0.40767 -0.098254 0.055824 0.23077 0.21659 -0.0089069 0.0034509 0.013185 0.012683 0.035251 -0.033385 0.044786 0.052686 -0.0031767 -0.08626 0.11868 0.21612 -0.017995 -0.051287 0.13739 0.17047 -0.013319 -0.0025213 0.026452 0.020058
79.479 175.4 3.5571 5.6849 0 0 0 0 0 0 0 0 0 0 0 0 2.4258e-18 3.5589e-18 2.4258e-18 3.5589e-18 0.0068451 0.0086753 0.0097119 0.016401 -0.00056903 0.048751 0.034026 0.058049 -0.003802 0.03051 0.013662 0.031704 -0.00014438 0.00038659 0.0001487 0.00038659 0.046776 0.079152 0.083364 0.13206 0.042034 0.0028325 0.29582 0.38784 -0.07682 0.046154 0.1705 0.24197 -0.011228 0.011329 0.013831 0.014688 0.036169 0.091663 0.2898 0.40477 -0.11138 0.10099 0.33304 0.37493 -0.018641 0.01662 0.18172 0.22378 -0.022765 0.0092551 0.049728 0.056452
153.39 107.4 5.235 1.9512 -0 0 0 0 -0 0 0 0 -0 0 0 0 -0 0 0 0 -0 0 0 0 -0 0 0 0 -0 0 0 0 -0 0 0 0 0.021605 0.0032665 0.061776 0.052689 0.12547 0.086733 0.26665 0.33545 -0.0045427 0.13197 0.25604 0.61114 -0.054603 0.10963 0.13616 0.26591 0.0095615 -0.0048592 0.015284 0.014332 0.052187 -0.039041 0.15768 0.15433 0.018133 -0.036628 0.17977 0.27739 -0.024315 -0.028036 0.16993 0.17503
86.905 112.61 5.1479 0.94339 0 0 0 0 0 0 0 0 0 0 0 0 0 0 0 0 0 0 0 0 -0.00079548 0.028522 0.0052992 0.028522 0.0011499 0.019461 0.049127 0.037963 -0.0034616 0.0013111 0.0034616 0.0029608 0.091195 0.098197 0.16386 0.18296 -0.035258 0.099565 0.41215 0.53748 -0.10005 0.050522 0.31915 0.25229 -0.015726 0.011811 0.029131 0.020822 0.0048978 -0.0059312 0.22963 0.20888 -0.042148 -0.050414 0.24844 0.23125 -0.023401 -0.030772 0.16159 0.13819 -0.015922 0.0011193 0.047021 0.032392
123 131.51 5.2117 4.7924 0.0032948 0.0062911 0.043278 0.035014 0.0013816 0.0031839 0.053437 0.077923 -0.012077 0.0082889 0.039827 0.058295 -0.0024295 0.00018592 0.0047093 0.0022223 0.036607 0.025887 0.13516 0.098333 -0.034984 0.056354 0.20718 0.2865 0.00085728 0.041625 0.19048 0.25259 -0.026916 0.037072 0.10934 0.087181 0.06915 -0.039495 0.1139 0.098787 -0.0018916 -0.069302 0.20942 0.52807 -0.034529 -0.059773 0.1925 0.51577 -0.051525 -0.034274 0.095156 0.1154 0.0043239 -0.0058654 0.004475 0.0059623 0.0019409 -0.041435 0.013937 0.056509 -0.0047612 -0.040186 0.014598 0.045903 -0.0024313 -0.0041835 0.0025639 0.0043049
100.95 153.66 4.9865 4.83 3.4908e-05 0.00034681 0.00018121 0.00044098 0.0031711 0.015307 0.021936 0.01586 -0.0037125 0.014509 0.016044 0.016372 -0.0012083 0.0036471 0.0044697 0.0043054 0.011879 0.0013672 0.020884 0.021867 0.011223 0.01783 0.13594 0.10225 -0.0007137 0.0098959 0.10464 0.17814 -0.018564 0.010864 0.043326 0.056302 0.041629 0.0082405 0.053718 0.031882 0.079872 0.07846 0.32834 0.2543 -0.02418 0.059792 0.27342 0.38444 -0.0067507 0.051838 0.17745 0.20406 0.009269 -0.0065077 0.020702 0.016318 0.10752 -0.069238 0.18468 0.2335 -0.0057911 -0.060128 0.16816 0.45034 -0.033084 -0.034806 0.12681 0.25939
90.44 167.44 4.9415 5.4495 0 0 0 0 6.4679e-06 -3.5003e-05 3.4217e-05 3.5003e-05 -4.1708e-06 -1.5521e-05 1.5851e-05 1.5521e-05 -1.4025e-17 -1.2733e-17 2.153e-17 1.9546e-17 0.0056717 0.00094641 0.0075237 0.0056924 0.022117 0.046681 0.084973 0.10074 -0.030118 0.052342 0.075828 0.086368 -0.0031416 0.0050852 0.0042526 0.0063807 0.05424 0.046299 0.13371 0.15193 -0.03047 0.10147 0.32251 0.37952 -0.022717 0.036969 0.18768 0.23638 -0.021092 0.014719 0.046286 0.049876 0.11155 0.0065468 0.19014 0.14403 -0.085674 0.089568 0.39161 0.40096 -0.017526 0.047087 0.24791 0.30076 -0.025492 0.0002744 0.047498 0.055458
71.532 173.67 5.0799 5.5923 0 0 0 0 0 0 0 0 0 0 0 0 3.4129e-18 4.1274e-18 6.5918e-18 7.9719e-18 0 0 0 0 0.0023933 0.012583 0.0024965 0.012583 0.0019245 0.0086506 0.0023771 0.009192 7.6923e-05 0.0003516 8.1053e-05 0.00035542 0.010519 0.018494 0.017053 0.018494 0.071246 0.078801 0.19741 0.24721 -0.055921 0.069149 0.19233 0.25175 -0.021451 0.016485 0.026126 0.02817 0.087768 0.051944 0.17192 0.19423 -0.051963 0.14468 0.48104 0.48523 -0.051234 0.017277 0.31155 0.30701 -0.033912 0.01313 0.079154 0.08104
97.824 180.99 5.0281 5.4046 0 0 0 0 0 0 0 0 1.2975e-17 1.0756e-17 4.4857e-17 3.7186e-17 -6.2738e-18 -5.201e-18 1.416e-17 1.1738e-17 0.014803 0.021211 0.027149 0.039362 -0.017437 0.070723 0.10139 0.11063 -0.011794 0.01807 0.01666 0.022048 2.0439e-19 1.6943e-19 2.0439e-19 1.6943e-19 0.033704 0.092464 0.20371 0.21883 -0.032271 0.042348 0.26351 0.30995 -0.035346 0.043265 0.14383 0.15136 -0.0064667 0.0078436 0.019549 0.013626 0.056639 0.087833 0.32799 0.30183 -0.056489 0.061502 0.38101 0.40814 -0.065844 0.050849 0.21827 0.26355 -0.013629 -0.0030367 0.020684 0.014797
86.377 103.76 6.5055 0.94857 0 0 0 0 0 0 0 0 0 0 0 0 0 0 0 0 0 0 0 0 0 0 0 0 -0.0035857 0.0076069 0.018771 0.012304 -0.00091663 0.00081303 0.00091663 0.00081303 0.04502 0.055756 0.063117 0.070016 0.02562 0.14323 0.43176 0.51479 -0.13823 0.066824 0.28455 0.26974 -0.014907 0.0068767 0.020792 0.012727 0.063406 -0.011889 0.15737 0.10731 -0.029791 -0.072121 0.327 0.35002 -0.031541 -0.035461 0.16807 0.16441 -0.012617 -0.0041184 0.025072 0.018038
162.83 100.92 9.5634 2.0389 -0 0 0 0 -0 0 0 0 -0 0 0 0 -0 0 0 0 -0 0 0 0 -0 0 0 0 -0 0 0 0 -0 0 0 0 4.3309e-18 1.3188e-17 4.3309e-18 1.3188e-17 0.13094 0.0067006 0.1947 0.24591 -0.050236 0.11273 0.49586 0.69301 -0.053884 0.024554 0.093082 0.075811 3.9507e-17 1.854e-18 3.9507e-17 2.4915e-17 0.038441 -0.026772 0.065239 0.052782 0.0050156 -0.091752 0.23114 0.22027 -0.028692 -0.015504 0.054079 0.039133
69.636 143.88 9.2223 0.33492 0 0 0 0 0 0 0 0 0 0 0 0 0 0 0 0 -0.00013877 0.0020012 0.00013877 0.0020012 -0.004938 0.067177 0.061112 0.080362 -0.0076377 0.016693 0.017934 0.017581 0 0 0 0 0.10738 0.063399 0.23967 0.11072 -0.08056 0.088603 0.61361 0.49401 -0.064895 0.00068351 0.16436 0.1155 -0.001938 4.2161e-05 0.0019516 0.0016495 0.069013 -0.030379 0.167 0.079409 -0.058592 -0.075456 0.34386 0.2166 -0.027523 -0.015926 0.057103 0.033556 -0.00034583 -0.00012828 0.0003484 0.00023853
123.69 126.51 14.536 4.4 1.2973e-17 -4.1891e-18 1.3358e-17 4.3136e-18 1.9271e-17 -1.6486e-17 2.5453e-17 1.6544e-17 -1.7015e-17 8.1005e-18 1.7015e-17 3.8934e-17 -1.4458e-18 7.7717e-19 1.4458e-18 3.2883e-18 0.0094111 9.0328e-05 0.0096911 0.002892 0.13748 0.15736 0.3372 0.5022 -0.14619 0.072608 0.29629 0.34552 -0.0016033 -0.0014273 0.0016033 0.0014273 0.0014391 -0.00041856 0.0016295 0.00073335 0.10563 -0.15088 0.2546 0.38224 -0.092389 -0.10233 0.18722 0.23978 -0.00048393 -0.00043082 0.00048393 0.00043082 0 -0 0 0 0 -0 0 0 0 -0 0 0 0 -0 0 0
