52 64
165.83 117.94 1.8263 1.7038 -0 0 0 0 -0 0 0 0 -0 0 0 0 -0 0 0 0 -0 0 0 0 0.0026571 0.09147 0.014966 0.09147 -0.0055271 0.049408 0.0061116 0.049408 -9.4281e-05 0.00056886 9.4281e-05 0.00056886 0.078967 0.059947 0.10514 0.082047 0.052705 0.094172 0.17335 0.35096 -0.018302 0.21497 0.31253 0.61722 -0.087828 0.14135 0.11573 0.18134 0.039981 -0.01568 0.087845 0.090782 0.0065009 -0.030157 0.095591 0.10611 0.071807 -0.11362 0.15034 0.19649 -0.013905 -0.040754 0.14107 0.21509
176.71 141.39 2.0438 3.0043 -0.00046259 0.010749 0.0033444 0.010749 0.00032932 0.003629 0.00058284 0.003629 -0 0 0 0 -0 0 0 0 -0.013474 0.004714 0.036846 0.097538 0.016367 0.048602 0.11776 0.1583 0.069521 0.16617 0.2359 0.35365 -0.056699 0.13652 0.085349 0.18509 0.054601 0.025062 0.068166 0.092356 0.052233 0.155 0.16267 0.28341 0.033809 0.027596 0.20339 0.27077 -0.00868 0.053053 0.29126 0.25087 0.030809 -0.027352 0.047218 0.062159 0.045334 -0.084651 0.113 0.13673 0.045603 -0.02694 0.12496 0.11162 0.011385 0.054179 0.37343 0.17637
111.94 143.8 1.9095 0.66322 0.11403 0.062001 0.14911 0.12578 -0.13027 -0.057204 0.29874 0.16946 -0.029918 -0.071292 0.11164 0.093601 0.011374 -0.058317 0.075009 0.084786 -0.02629 -0.090749 0.15844 0.21088 -0.084404 -0.11961 0.27322 0.27435 -0.043072 0.12586 0.14735 0.24112 -0.02326 0.021567 0.075139 0.086419 -0.036955 -0.0079101 0.16619 0.1889 -0.00043676 0.012616 0.20939 0.23857 0.026808 0.0049365 0.15832 0.24684 -0.058668 0.019432 0.13665 0.14062 -0.0017653 -0.008225 0.079888 0.089226 -0.040551 -0.017706 0.15443 0.14319 0.021878 -0.045592 0.11372 0.1321 -0.021895 -0.02423 0.078191 0.079599
105.89 151.68 2.1685 0.35171 -0.11741 -0.0098867 0.1475 0.094133 0.00036137 -0.13461 0.13546 0.16022 -0.04854 -0.081027 0.097449 0.14016 -0.021084 -0.007797 0.027595 0.023533 -0.16661 -0.02867 0.24532 0.16833 -0.00051208 0.16422 0.15904 0.26705 -0.056262 0.084376 0.1552 0.19629 -0.011885 0.0072571 0.03498 0.032657 -0.013423 -0.053955 0.19996 0.16373 0.018878 0.012376 0.21593 0.25974 -0.089028 0.09713 0.28069 0.28795 -0.049944 0.012854 0.070766 0.039025 -0.0023908 0.027089 0.14561 0.12094 -2.3352e-06 -0.027535 0.18558 0.17487 -0.013789 -0.05371 0.14779 0.18865 -0.018946 -0.0038001 0.030104 0.02351
65.89 158.69 2.1523 2.7058 0.007789 0.0036318 0.018297 0.016913 0.055247 -0.09144 0.086224 0.13157 0.018087 -0.17674 0.14829 0.26393 0.032805 -0.068307 0.27746 0.31279 -0.086946 0.17191 0.091607 0.20005 -0.017861 0.15367 0.11835 0.27366 0.034659 0.03794 0.17049 0.28429 -0.041087 -0.13899 0.22639 0.26431 -0.047278 -0.15327 0.072037 0.20489 -0.033048 -0.14548 0.081058 0.22846 -0.046118 -0.12468 0.074441 0.16682 -0.010534 -0.021717 0.013777 0.023384 -0.00047462 -0.0059247 0.0025786 0.006086 -0.00046995 -0.0020565 0.00053693 0.0020565 -4.9249e-05 -0.00010577 4.9249e-05 0.00010577 -0 0 0 0
156.07 165.88 1.9869 1.1505 -0.099838 -0.014907 0.17403 0.1469 -0.081293 -0.018334 0.13964 0.11602 0.22084 -0.032197 0.29154 0.16587 -0.093026 0.044855 0.25172 0.16962 -0.067412 -0.11634 0.18603 0.19321 -0.071546 -0.019215 0.18375 0.15837 0.14222 -0.15138 0.24782 0.28866 -0.050548 -0.16506 0.14649 0.2356 -0.029841 -0.0085734 0.098151 0.10546 -0.002009 -0.047693 0.087475 0.095708 -0.0096413 -0.04085 0.071973 0.099642 -0.00031428 0.0031438 0.0062287 0.0079355 -0.0088853 0.071522 0.05931 0.11535 -0.041324 0.14695 0.068867 0.17341 0.0073365 0.087351 0.075976 0.15235 -0.013955 0.030922 0.055599 0.071399
65.858 175.53 1.8118 5.9269 0 0 0 0 0 0 0 0 0 0 0 0 0 0 0 0 0.0015551 0.029992 0.0079405 0.029992 0.012852 0.090478 0.02242 0.091178 -0.0048875 0.07499 0.028724 0.076122 -0.0017941 0.0051349 0.0017941 0.0051349 0.011971 0.020585 0.088203 0.22332 0.1183 0.0833 0.15709 0.41854 -0.018713 0.27897 0.21581 0.45928 -0.12327 0.21344 0.13957 0.24085 -0.0076214 0.00997 0.035773 0.10204 0.037402 -0.092138 0.055701 0.11261 0.10303 -0.2094 0.12523 0.24079 0.012957 -0.081003 0.10367 0.18051
158.06 184.11 1.8694 1.1817 -0.017749 -0.03964 0.06704 0.065944 -0.0048619 -0.01119 0.10477 0.10003 -0.016339 -0.052622 0.054679 0.10321 -0.0046707 -0.017573 0.0086927 0.02208 -0.059251 0.17803 0.093386 0.21424 -0.017603 0.2368 0.1158 0.28716 -0.028426 0.20042 0.11746 0.21102 0.010196 0.069458 0.075626 0.096231 0.044848 -0.092842 0.1456 0.28802 -0.098577 -0.050253 0.20749 0.40017 -0.091743 -0.070762 0.22945 0.31795 -0.033192 -0.031814 0.1101 0.16102 0.023007 -0.065607 0.02794 0.070664 -0.016619 -0.10721 0.045612 0.11647 -0.010387 -0.069979 0.034963 0.079033 -0.0083599 -0.018325 0.013169 0.025692
150.54 186.23 1.905 1.0275 -0.0075521 -0.0095074 0.070071 0.084242 -0.013758 -0.084913 0.078026 0.15349 -0.0054525 -0.019603 0.015383 0.028577 -0.00020226 -0.0019818 0.015258 0.021675 0.0048326 0.077345 0.062579 0.1506 0.026588 0.17582 0.11686 0.22142 0.018825 0.12947 0.1512 0.19997 -0.034275 0.05187 0.097588 0.10422 -0.053176 0.16944 0.15099 0.29443 -0.07946 0.064374 0.27069 0.37523 -0.092401 -0.020551 0.26698 0.36084 -0.051762 -0.030954 0.11188 0.11047 -0.01682 -0.14801 0.063021 0.19253 -0.043587 -0.1152 0.058479 0.13627 -0.024878 -0.060046 0.040742 0.081492 -0.0053875 -0.0075937 0.0065448 0.010066
177.84 185.94 2.0209 3.8586 -2.5973e-15 1.5067e-15 4.3723e-15 5.0078e-15 -5.183e-15 -9.4805e-16 1.3402e-14 8.9752e-15 -2.9256e-16 1.3087e-15 1.134e-15 1.8884e-15 -5.5347e-16 4.4818e-16 5.5347e-16 1.0704e-15 0.01006 0.021349 0.010589 0.021349 0.014545 0.15812 0.029217 0.15812 -0.0085775 0.20203 0.033397 0.20203 -0.017514 0.040198 0.019081 0.040198 0.11337 0.1064 0.12167 0.16044 0.075601 0.13092 0.17299 0.45201 -0.068679 0.057005 0.1479 0.4788 -0.086753 0.075197 0.13868 0.22008 -0.0034374 -0.052545 0.10453 0.13371 -0.044762 -0.16203 0.10655 0.20652 -0.015164 -0.1305 0.05395 0.19763 0.027045 -0.045497 0.072022 0.1352
139 189.73 2.1696 0.38979 -0.052507 0.020676 0.096207 0.060958 0.0030574 0.0083806 0.052773 0.032388 0.0032513 0.0010434 0.017635 0.017274 0.0023205 -0.018775 0.017622 0.020158 -0.055324 -0.011485 0.067444 0.045236 0.054353 0.077908 0.12165 0.13201 -0.063237 0.13353 0.14332 0.18373 -0.0050595 0.0041838 0.0083015 0.0076301 0.04894 0.052489 0.085717 0.081779 0.10936 0.17675 0.35627 0.37175 -0.11494 -0.00090889 0.28916 0.30063 -0.015389 -0.0039586 0.016892 0.015804 0.10513 0.12273 0.19356 0.19606 -0.10749 0.018346 0.30929 0.30162 -0.0847 -0.03408 0.13234 0.094801 -0.0018743 -0.00051198 0.0018743 0.00080578
85.618 198.62 1.8903 5.0316 0 0 0 0 0 0 0 0 0 0 0 0 0 0 0 0 0 0 0 0 0.0004511 0.00089659 0.0004511 0.00089659 0.00015319 0.00030448 0.00015319 0.00030448 0 0 0 0 0.083198 0.19915 0.095605 0.20123 0.032918 0.37004 0.17377 0.44326 -0.070942 0.24975 0.1421 0.33154 -0.044131 0.10346 0.085201 0.14596 0.01342 -0.011837 0.13136 0.22644 -0.11093 -0.14948 0.16662 0.2978 -0.037138 -0.12892 0.10236 0.18718 -0.016999 -0.057455 0.070994 0.090931
94.236 198.25 1.8839 4.8503 0 0 0 0 0 0 0 0 0 0 0 0 0 0 0 0 0.0030941 0.0063592 0.0030941 0.0063592 0.013211 0.11353 0.018633 0.11353 0.00051537 0.13857 0.028472 0.1389 -0.012199 0.052724 0.020341 0.053104 0.104 0.26585 0.2026 0.31459 -0.079649 0.20044 0.20622 0.45278 -0.07209 0.025451 0.18147 0.32755 -0.076898 -0.0023443 0.11987 0.10771 -0.079172 -0.092268 0.17218 0.22456 -0.13417 -0.17584 0.14212 0.20215 -0.013262 -0.093361 0.075847 0.1123 -0.012826 -0.026414 0.028446 0.029086
154.72 198.18 1.9854 4.6411 0 -0 0 0 0 -0 0 0 0 -0 0 0 0 -0 0 0 0.0095317 0.037678 0.033655 0.041177 0.0033127 0.11514 0.062762 0.13439 -0.016575 0.081316 0.037023 0.081316 -0.0025232 0.010795 0.0046436 0.010795 0.018032 0.016735 0.14461 0.15986 0.088522 0.079948 0.28361 0.37229 0.032676 0.2574 0.24128 0.35085 -0.080418 0.23849 0.1679 0.28353 0.0021116 -0.029416 0.027912 0.049192 0.057306 -0.095135 0.094081 0.13143 0.071683 -0.16491 0.15456 0.2712 0.059191 -0.073449 0.15737 0.19596
89.986 113.93 2.7063 1.7801 -0 0 0 0 -0 0 0 0 -0 0 0 0 -0 0 0 0 -0.014269 0.037998 0.016829 0.037998 0.010564 0.10863 0.01375 0.10863 -0.017258 0.11368 0.023324 0.11368 -0.0015295 0.0032151 0.0015295 0.0032151 0.033483 0.057501 0.1689 0.28962 0.021302 0.098846 0.18245 0.54579 -0.13479 0.074461 0.32894 0.41426 -0.056172 0.015395 0.074782 0.036226 -0.013277 -0.047744 0.090012 0.10543 0.0612 -0.066766 0.13691 0.13406 -0.062897 -0.063088 0.28064 0.10307 -0.04107 -0.0043376 0.089758 0.016887
126.2 117.75 2.7834 1.5583 0 0 0 0 0 0 0 0 0 0 0 0 0 0 0 0 -0.0021944 0.019006 0.0075958 0.019006 0.0083681 0.10793 0.027675 0.10793 -0.0087948 0.080419 0.015043 0.080419 0.028963 0.087543 0.034511 0.089178 -0.021009 0.095809 0.20458 0.38687 -0.0384 0.030909 0.32393 0.42055 0.0070668 0.034399 0.19546 0.37945 0.031292 0.026608 0.20278 0.31659 0.0045972 -0.070121 0.085083 0.11322 -0.027963 -0.045732 0.14219 0.14387 0.027108 -0.027946 0.11881 0.17677 -0.010884 -0.044747 0.079948 0.090575
119.99 123.72 2.6982 1.4951 0 0 0 0 0 0 0 0 0 0 0 0 0.0019398 0.0066781 0.0019398 0.0066781 0.031165 0.090222 0.048564 0.096127 0.0082005 0.17955 0.13526 0.27096 0.042389 0.19649 0.11126 0.23423 0.053372 0.12881 0.15783 0.27985 -0.020149 -0.0023392 0.17061 0.30099 -0.052268 -0.053117 0.2748 0.32672 0.045246 -0.075491 0.19726 0.35722 -0.0011509 -0.10417 0.14166 0.18235 0.0072663 -0.035339 0.071565 0.059336 -0.012152 -0.0084649 0.11507 0.13189 -0.0025097 -0.0049655 0.11113 0.1323 6.1376e-05 -0.013424 0.073392 0.047433
165.01 131.79 2.8956 4.2431 0.0023089 0.0087522 0.030059 0.028169 0.014041 0.049895 0.089492 0.07962 -0.031862 0.022721 0.084023 0.052694 -0.0025142 0.0018919 0.0033125 0.0024289 -0.0044634 0.033356 0.094655 0.070212 0.051397 0.045164 0.16768 0.15358 -0.096053 0.083925 0.31385 0.13125 -0.024503 0.0069136 0.034596 0.0093404 0.045318 0.037974 0.17292 0.21872 -0.047578 -0.058978 0.2315 0.61098 -0.15849 -0.11283 0.27378 0.29458 -0.017691 -0.0053077 0.020213 0.0075612 -0.041432 -0.073532 0.11198 0.12051 -0.023829 -0.07283 0.035631 0.079739 -0.013574 -0.029483 0.017504 0.034055 -0.00018361 -0.00022852 0.00018361 0.00022852
176.22 132.21 2.7181 2.8105 -0 0 0 0 -0 0 0 0 -0 0 0 0 -0 0 0 0 -0.0030118 0.022839 0.015575 0.047321 0.043104 0.075851 0.074544 0.16617 -0.05428 0.15004 0.091928 0.21441 -0.0095974 0.010477 0.0095974 0.010477 0.048729 0.01641 0.087486 0.10817 0.051988 0.051885 0.18772 0.26251 -0.048212 0.15436 0.47598 0.38615 -0.078507 0.026709 0.1077 0.054387 0.01506 -0.020064 0.03327 0.035585 0.031406 -0.055799 0.083484 0.1106 0.0021955 -0.012688 0.48637 0.18809 -0.088871 0.019494 0.10876 0.051129
124.74 133.72 3.1394 4.187 0.003481 0.029181 0.044287 0.053965 0.029256 0.0097545 0.1108 0.097059 -0.019545 0.028211 0.096901 0.088082 0.039228 0.066664 0.067507 0.095711 0.010934 -0.016114 0.093796 0.11846 -0.012015 0.01872 0.19394 0.21409 0.12838 0.085816 0.28825 0.21416 -0.00135 -0.057812 0.14 0.3384 0.056903 0.086193 0.15271 0.14719 -0.01665 0.030212 0.21722 0.34132 -0.035699 -0.13079 0.27946 0.33516 -0.046989 -0.066917 0.060273 0.072242 -0.023125 -0.010594 0.18058 0.13152 -0.074299 -0.081016 0.11565 0.11185 -0.012126 -0.033486 0.015187 0.035747 -0.00075763 -0.0015095 0.00075763 0.0015095
76.224 137.23 2.7432 0.13251 0 0 0 0 -6.0074e-05 0.00045068 6.0074e-05 0.00045068 8.422e-05 0.015667 0.0030826 0.015667 -0.00081323 0.0075167 0.0012396 0.0075167 0.072974 0.0979 0.11208 0.1241 -0.036099 0.16336 0.15859 0.43955 -0.044256 0.043825 0.073134 0.27903 0.0074108 0.010068 0.042831 0.085096 0.14254 0.011465 0.3217 0.11938 -0.086579 0.0076076 0.26206 0.2733 -0.11085 -0.000122 0.18033 0.27204 -0.018471 -0.013984 0.050521 0.053452 0.11446 -0.034779 0.18149 0.080576 -0.11067 -0.0090793 0.28181 0.16399 -0.029658 -0.0011399 0.080257 0.13655 -0.016158 0.0081159 0.024593 0.026476
136.52 142.72 2.7399 5.1956 0.021732 0.0095963 0.075495 0.04939 -0.043831 0.0098154 0.095268 0.062401 -0.0058562 0.052673 0.088465 0.080743 -0.0076086 0.006334 0.024433 0.02259 -0.04532 0.021432 0.139 0.13891 0.012529 0.008339 0.20022 0.18226 -0.040828 -0.029611 0.18643 0.14359 -0.016207 0.0040089 0.058252 0.049276 0.040345 -0.044978 0.20039 0.23279 0.034748 0.081659 0.22364 0.38917 -0.10765 0.16661 0.26162 0.27783 0.014944 0.056714 0.09945 0.10771 0.026105 -0.04159 0.031914 0.053799 0.035521 -0.11283 0.078414 0.15688 0.024292 -0.067168 0.30613 0.28482 -0.039924 0.0040045 0.10137 0.13822
167.45 144.96 2.9624 5.6745 -0.035063 0.044578 0.089423 0.10302 -0.033286 -0.042993 0.10253 0.12041 -0.017442 -0.0012038 0.056254 0.049045 0.03555 0.0019309 0.046096 0.016176 -0.016957 0.040705 0.43842 0.20512 -0.069141 0.13629 0.19272 0.20513 -0.078818 0.075503 0.15302 0.14072 0.032506 0.0091699 0.086744 0.046902 0.066751 -0.09722 0.36733 0.20059 -0.1087 -0.049915 0.2429 0.37992 -0.079754 -0.064326 0.15981 0.2211 -0.011767 -0.020438 0.060849 0.063158 0.018964 -0.035704 0.029041 0.04743 -0.014565 -0.085179 0.041827 0.14159 -0.012826 -0.018631 0.018095 0.033555 -0.00099947 -0.0030208 0.0017812 0.0035347
72.273 146.23 2.7416 5.8341 0 0 0 0 0.0022413 0.0040709 0.0022413 0.0040709 0.0087384 0.032708 0.012401 0.032749 0.0072281 0.044424 0.015606 0.046384 0.017383 0.017359 0.017383 0.017359 0.017126 0.060382 0.15743 0.18574 -0.0025463 -0.012724 0.064514 0.16592 0.038927 -0.04815 0.050978 0.13159 0.092338 0.1106 0.25124 0.1741 -0.0088052 0.14745 0.35479 0.40957 -0.11484 0.085859 0.20446 0.29024 -0.026202 -0.0026849 0.037699 0.045889 0.10725 -0.036925 0.23488 0.14315 -0.088534 0.076324 0.23975 0.24666 -0.070627 0.011427 0.1617 0.16248 0.0050211 0.04308 0.079452 0.079336
59.956 153.55 2.8024 0.1246 0 0 0 0 0 0 0 0 0 0 0 0 0 0 0 0 0.001661 0.041368 0.0050261 0.041368 -0.00065271 0.095657 0.014971 0.095657 -0.0068101 0.034314 0.0073127 0.034314 -8.716e-05 0.00034843 8.716e-05 0.00034843 -0.078358 0.16975 0.18668 0.54715 -0.057816 0.074488 0.13562 0.42928 0.040682 0.039528 0.1346 0.24745 -0.046169 0.10152 0.085646 0.11944 -0.072559 -0.017234 0.16927 0.22127 -0.13918 -0.025402 0.2008 0.28275 0.025236 -0.041726 0.092068 0.081729 0.019745 -0.010602 0.15145 0.11744
126.65 153.65 2.6638 3.6202 -0.0044891 -0.0069972 0.0092102 0.010419 0.040541 0.037547 0.081959 0.079548 -0.007039 0.050415 0.085887 0.099896 0.061871 0.009207 0.093555 0.10458 0.0014176 0.010384 0.0050137 0.012205 0.1001 -0.014381 0.15925 0.16404 0.016186 0.021176 0.1865 0.21922 0.12946 0.064276 0.30531 0.22291 0.057959 0.011834 0.067182 0.052628 0.028785 0.08733 0.14929 0.21229 0.0026318 0.025936 0.27609 0.26881 0.054792 -0.019131 0.3423 0.25539 0.019163 0.00099516 0.028574 0.029635 0.026351 -0.041781 0.092048 0.15177 0.07352 0.079722 0.25684 0.20536 -0.065583 -0.038838 0.15951 0.14592
174.8 157.41 2.935 3.5372 0.008569 0.03262 0.012234 0.035456 -0.0085227 0.04694 0.019312 0.049605 -0.0053791 0.012622 0.0071623 0.012622 0 -0 0 0 -0.016188 -0.016704 0.075196 0.14237 -0.024191 -0.018443 0.082489 0.23042 -0.025532 0.042831 0.11617 0.19242 -0.011765 0.029865 0.040889 0.038538 -0.021892 -0.036237 0.050167 0.055463 0.10897 -0.012016 0.14011 0.16593 0.035522 0.11616 0.29148 0.3171 -0.094418 0.1468 0.33183 0.24159 0.01731 0.028954 0.070182 0.073124 0.0048296 0.044459 0.10231 0.1277 0.18527 0.069872 0.25656 0.24462 -0.0739 0.015347 0.31519 0.26756
183.95 158.21 2.6634 3.3191 0 -0 0 0 0 -0 0 0 0 -0 0 0 0 -0 0 0 0.024207 0.077719 0.043987 0.0877 -0.022653 0.087524 0.070674 0.18634 -0.037777 0.054534 0.047115 0.092254 -0.00076705 0.0025068 0.0024791 0.0025068 -0.048319 -0.041858 0.11975 0.15957 0.029565 -0.011558 0.1381 0.25218 0.033365 0.21073 0.22243 0.4109 -0.036251 0.17206 0.28538 0.30186 -0.023221 -0.025999 0.0492 0.044233 0.052816 -0.0302 0.088098 0.10486 0.090676 -0.070325 0.19631 0.2462 0.012891 0.08481 0.34965 0.23629
113.45 161.81 2.8711 5.0788 -0.023534 -0.058304 0.039789 0.082131 -0.010788 -0.045999 0.022249 0.051014 -0.0097329 -0.020671 0.017174 0.026372 0.0064393 0.0010804 0.010052 0.0064278 -0.029341 0.044551 0.08316 0.066137 0.045052 0.12021 0.12963 0.18033 -0.049167 0.056011 0.078605 0.075528 0.0023124 0.0027256 0.0057955 0.0075128 -0.061602 0.038132 0.20882 0.13271 0.049871 0.038048 0.37211 0.23584 -0.087205 0.067326 0.2511 0.20069 -0.045577 0.039699 0.22408 0.17152 -0.042384 0.0801 0.1546 0.30453 -0.10074 0.084843 0.2677 0.29131 0.027536 0.046753 0.23338 0.20271 -0.035636 -0.0043694 0.12013 0.083841
62.134 165.93 3.0063 6.0156 0 0 0 0 0 0 0 0 0 0 0 0 0 0 0 0 0.0026258 0.0079209 0.0026258 0.0079209 0.013654 0.076793 0.022648 0.076793 -0.0015691 0.094349 0.020135 0.095045 -0.0031166 0.01354 0.0045706 0.013755 -0.00048853 0.093353 0.1854 0.31947 0.028448 -0.0051681 0.11494 0.32705 0.14068 -0.018105 0.20639 0.42513 -0.083481 0.12257 0.16801 0.2673 -0.052525 0.10093 0.21075 0.32121 -0.14409 0.055574 0.18982 0.24898 0.011382 -0.061386 0.074704 0.087747 0.039744 -0.087835 0.097639 0.13757
179.84 173.84 2.8981 3.4335 2.2752e-16 4.2301e-16 2.2752e-16 4.2301e-16 0 -0 0 0 0 -0 0 0 0 -0 0 0 0.022874 0.042809 0.022953 0.042809 0.047571 0.21407 0.10725 0.25206 -0.03678 0.12636 0.11563 0.27065 -0.026948 0.0481 0.036487 0.068217 0.11574 0.059742 0.15815 0.14255 -0.080394 -0.097875 0.21979 0.34965 0.045137 -0.031162 0.1822 0.33695 -0.0036008 0.19186 0.20554 0.3371 -0.0074383 -0.03202 0.092546 0.078962 -0.026462 -0.038694 0.080554 0.083915 0.10844 -0.039682 0.14432 0.14943 0.062908 -0.010733 0.19218 0.19682
77.609 179.26 3.1876 2.3017 0.0067352 -0.0082649 0.018377 0.032186 -0.0040041 -0.050384 0.041895 0.061304 0.10026 -0.084663 0.15577 0.16483 0.012701 -0.085242 0.20181 0.18071 0.033601 0.062135 0.098536 0.16414 0.026578 0.31395 0.093473 0.38004 -0.048305 0.17437 0.14049 0.36675 -0.041676 -0.031936 0.12951 0.1694 0.057625 -0.07681 0.063237 0.11791 0.024247 -0.19249 0.080952 0.35985 -0.096004 -0.15031 0.11534 0.2502 -0.022911 -0.028813 0.024167 0.034627 -1.2557e-05 -0.0002303 1.2557e-05 0.0002303 -0.00064306 -0.0036193 0.00064306 0.0036193 2.0046e-05 -0.0014588 0.00073481 0.0014588 -0 0 0 0
71.622 189.95 2.892 5.4356 0 0 0 0 0 0 0 0 0 0 0 0 0 0 0 0 0 0 0 0 0.0014497 0.013567 0.0050028 0.013567 0.0023745 0.016942 0.0023745 0.016942 3.4574e-05 0.0005555 3.4574e-05 0.0005555 0.081164 0.085798 0.088854 0.13105 0.12978 0.10421 0.18656 0.55526 -0.11567 0.088253 0.1816 0.58869 -0.085 0.085551 0.10174 0.16374 -0.0031287 -0.0081167 0.10213 0.13783 -0.0081946 -0.11942 0.060956 0.18909 -0.0059357 -0.12625 0.051062 0.14509 -0.0044614 -0.051425 0.05728 0.088828
108.71 119.08 3.6297 1.7584 -0 0 0 0 -0 0 0 0 -0 0 0 0 -0 0 0 0 -0.018316 0.14318 0.085752 0.18489 -0.037363 0.14121 0.075832 0.17141 0.027575 0.18816 0.038568 0.18944 -0.021414 0.073775 0.034967 0.075147 -0.020251 -0.039213 0.15773 0.26418 0.03774 -0.016129 0.25651 0.42346 0.049948 0.00032654 0.21268 0.47714 -0.097836 0.014266 0.21751 0.15741 0.0029122 -0.021053 0.073336 0.055406 -0.016226 -0.031023 0.12358 0.10478 0.018568 -0.073367 0.14104 0.11324 -0.029418 -0.036375 0.12044 0.051639
145.36 119.98 3.6686 1.6272 -0 0 0 0 -0 0 0 0 -0 0 0 0 -0 0 0 0 0.028208 0.064476 0.031554 0.088745 -0.025796 0.14562 0.065614 0.16208 0.0056622 0.13629 0.052629 0.13629 -0.0047357 0.067791 0.022557 0.067791 0.081607 0.0088075 0.15294 0.15733 -0.0023294 -0.022718 0.28657 0.54641 -0.04664 -0.014333 0.27931 0.44638 0.023335 0.0048486 0.14828 0.27575 0.012315 -0.028412 0.080141 0.049883 0.017683 -0.054823 0.1103 0.088765 -0.0044923 -0.035946 0.11231 0.10345 -0.010825 -0.017499 0.07897 0.07216
124.47 135.3 3.3401 4.2925 0.0032974 0.025165 0.046905 0.056122 0.017275 0.028695 0.097242 0.080361 -0.024709 0.011464 0.12324 0.082697 0.026004 0.024916 0.060398 0.048383 0.033053 -0.01402 0.095615 0.10856 -0.018688 0.019936 0.19018 0.22234 0.099668 0.077741 0.24437 0.20033 0.035069 0.010333 0.15946 0.35337 0.054296 0.10047 0.15794 0.15204 -0.0092473 0.034622 0.19785 0.36759 -0.0079684 -0.093522 0.28575 0.3376 -0.047251 -0.093562 0.088357 0.11287 -0.040862 -0.032841 0.1706 0.15968 -0.065198 -0.087281 0.10262 0.12337 -0.010611 -0.035618 0.017313 0.039993 -0.0010505 -0.0026364 0.0013882 0.0026364
99.451 140.92 3.9036 4.8284 0.01652 -0.0036653 0.051984 0.032805 -0.020154 -0.017504 0.047122 0.057245 2.9093e-05 0.026825 0.035375 0.046659 0.0011055 0.016456 0.020326 0.019348 0.044662 0.029993 0.15539 0.051083 -0.047924 0.093604 0.18732 0.13457 0.016644 0.021969 0.19562 0.14422 0.0091508 0.020746 0.11671 0.094684 0.10888 -0.0067117 0.21731 0.12755 -0.020771 0.020733 0.26132 0.45606 -0.060589 -0.012003 0.26082 0.45395 0.026033 0.026144 0.17956 0.27423 0.023874 -0.031204 0.031186 0.047061 -0.010913 -0.094537 0.044369 0.1508 -0.0024834 -0.074373 0.042292 0.10037 0.0044523 -0.053562 0.038998 0.090152
84.059 143.62 3.4246 5.8407 0.0071293 0.008634 0.0071293 0.008634 0.012642 0.025828 0.04903 0.071262 0.010747 -0.008906 0.032873 0.086398 0.019107 -0.0049047 0.031499 0.081866 0.061143 0.09825 0.20851 0.18034 -0.012147 0.14242 0.24634 0.31208 -0.066187 0.067337 0.10676 0.17298 -0.0027911 -0.022725 0.023416 0.037531 0.087357 0.012889 0.33439 0.20126 -0.12187 0.020909 0.23437 0.22162 -0.074847 -0.027035 0.17121 0.1917 -0.013426 0.052245 0.070468 0.074961 0.086537 -0.079914 0.13392 0.13005 -0.010968 -0.034692 0.26886 0.30565 -0.044982 0.022757 0.19503 0.13326 -0.015684 -0.0097696 0.08691 0.081665
73.495 150.66 3.4235 5.7715 0 0 0 0 0.0059514 0.0091817 0.0059514 0.0091817 0.013737 0.042171 0.015015 0.042589 0.00277 0.05412 0.018956 0.056434 0.028311 0.029961 0.037011 0.037772 0.013362 0.037132 0.147 0.17745 0.018898 -0.028511 0.070128 0.18289 0.037778 -0.054567 0.058709 0.15657 0.085249 0.14234 0.30874 0.24102 -0.017421 0.18689 0.34713 0.3973 -0.11813 0.077735 0.1698 0.21821 -0.0072571 -0.010298 0.024494 0.034497 0.064943 0.0033934 0.26005 0.17203 -0.11605 0.051493 0.20369 0.20504 -0.05188 -0.0056743 0.15633 0.14882 -0.004106 0.042726 0.082482 0.07906
139.06 159.37 3.4463 3.2615 -0.02072 -0.024757 0.052588 0.039588 0.0024239 -0.011638 0.045936 0.044965 0.082246 -0.04869 0.10016 0.12114 0.064765 0.0095549 0.12805 0.1223 -0.017327 -0.013089 0.029636 0.024005 0.076913 0.056609 0.18347 0.16972 -0.013022 0.069939 0.15029 0.22292 0.20293 0.038941 0.41527 0.25279 -0.0016656 -0.0020931 0.005938 0.003959 0.074263 -0.043287 0.13858 0.1558 0.02887 -0.017255 0.22003 0.28493 0.13817 -0.064272 0.28262 0.2145 0.0047351 0.0023576 0.012772 0.0068244 0.063278 0.029517 0.12891 0.15075 -0.024886 0.02401 0.16216 0.17632 0.052625 0.031449 0.18395 0.1399
173.18 163.8 3.2696 0.55141 -0.030143 -0.070987 0.27205 0.22129 -0.14888 0.031629 0.21754 0.19997 0.015861 -0.079418 0.13429 0.19188 -0.026482 -0.024186 0.050133 0.059959 0.0377 -0.13942 0.26795 0.24482 -0.10853 -0.1258 0.2518 0.34724 -0.037114 0.02872 0.094353 0.13757 0.030671 0.064493 0.072695 0.091039 0.026021 -0.017735 0.04522 0.046054 0.038981 -0.045651 0.15439 0.27038 0.050303 0.023241 0.11885 0.31919 -0.050874 -0.045142 0.10443 0.17266 0.00094905 -0.001122 0.00094905 0.001122 0.011096 -0.023461 0.014222 0.025473 0.0046781 -0.049231 0.018963 0.055249 -0.008856 -0.024481 0.009697 0.025112
78.408 180.47 3.7816 2.2987 0.023051 -0.0065812 0.027213 0.018366 0.01565 -0.094298 0.14752 0.14417 0.11612 -0.1034 0.26526 0.23524 -0.038296 -0.12388 0.31778 0.20934 0.045639 0.014522 0.079128 0.11455 0.029413 0.17254 0.09907 0.37514 -0.038791 0.058764 0.17716 0.3943 -0.039207 -0.049449 0.12804 0.11865 0.027663 -0.03 0.030732 0.042896 0.03262 -0.17229 0.069181 0.32139 -0.058632 -0.11097 0.076273 0.2019 -0.0087279 -0.0097394 0.0098908 0.012552 -0 0 0 0 -0 0 0 0 -0 0 0 0 -0 0 0 0
169.31 183.9 3.7035 0.93321 0.041302 -0.11908 0.26011 0.2129 -0.10818 -0.083059 0.27986 0.22017 -0.027651 -0.099366 0.189 0.21223 -0.013939 -0.010848 0.02091 0.025316 0.064405 -0.062051 0.18887 0.20582 -0.0090139 0.071353 0.2243 0.44821 -0.044123 0.10395 0.16388 0.3041 -0.034128 0.0025805 0.05679 0.082517 0.025995 -0.02553 0.029784 0.034074 0.049549 -0.13906 0.091157 0.24504 -0.052919 -0.11019 0.088148 0.17349 -0.011863 -0.015119 0.013358 0.018922 0 0 0 0 3.4113e-16 8.4384e-16 9.7952e-16 9.3889e-16 -1.7796e-16 2.2799e-16 6.0176e-16 3.4409e-16 0 0 0 0
104.96 192.22 3.5454 2.1231 -0.026006 -0.0031964 0.088025 0.063054 0.041518 -0.084303 0.14744 0.11893 0.034623 -0.13819 0.3157 0.26087 0.079816 -0.10106 0.2274 0.20676 -0.014197 -0.028002 0.044735 0.038461 0.039684 0.042008 0.059588 0.085864 0.021771 0.14931 0.096983 0.255 0.034719 0.12111 0.13854 0.27835 -0 0 0 0 0.061629 -0.044017 0.065894 0.10055 0.11016 -0.13801 0.15202 0.43808 -0.066836 -0.11905 0.13336 0.33456 -0 0 0 0 -6.5337e-05 -0.00010433 6.5337e-05 0.00010433 0.0017928 -0.014668 0.0031338 0.014668 -0.00093168 -0.0087868 0.0018274 0.0087868
91.614 205.23 3.1662 4.8044 0 0 0 0 0 0 0 0 0 0 0 0 0 0 0 0 0 0 0 0 0 0 0 0 0 0 0 0 0 0 0 0 0.062159 0.091899 0.067437 0.091899 0.049575 0.34446 0.21661 0.46795 -0.084658 0.13961 0.15273 0.35051 -0.047514 0.013483 0.052551 0.056424 0.10595 0.038117 0.22661 0.21232 -0.15638 -0.14048 0.27784 0.37263 -0.050737 -0.09879 0.073971 0.13635 -0.012732 -0.011641 0.013773 0.015046
111.75 156.7 5.1956 4.8789 0.020204 0.018914 0.048243 0.059285 -0.02657 0.0057778 0.050531 0.1082 -0.0055818 -3.7672e-06 0.013693 0.020225 0.0061353 0.0083551 0.015826 0.023035 0.0045591 0.014763 0.11479 0.094893 -0.0027176 0.039809 0.11717 0.11706 -0.0043427 0.067956 0.10918 0.09776 0.00091351 0.0091174 0.061095 0.058936 0.052343 0.10497 0.22421 0.13075 -0.040018 0.18165 0.29352 0.33476 0.00087821 0.14574 0.2566 0.31338 -0.0018352 0.11257 0.15903 0.15556 0.03049 -0.059515 0.070321 0.13553 -0.019233 -0.10866 0.10058 0.26501 0.029031 -0.10569 0.13211 0.30942 0.0075927 -0.057622 0.13572 0.25164
54.78 173.25 4.9693 5.7598 0 0 0 0 0 0 0 0 0 0 0 0 0 0 0 0 0 0 0 0 0 0 0 0 -0.0022186 0.0034025 0.0022186 0.0034025 -0.00016777 0.0002573 0.00016777 0.0002573 0.022051 0.034744 0.034654 0.044854 0.043707 0.077857 0.15131 0.29923 0.057042 0.054507 0.18014 0.50315 -0.06545 0.045897 0.10288 0.15212 0.096064 0.11905 0.27481 0.21448 -0.13396 0.12828 0.37689 0.40005 -0.030564 0.013836 0.14632 0.17432 -0.013658 -0.023768 0.055775 0.067119
162.09 129.63 6.2797 1.6336 -0 0 0 0 -0 0 0 0 -0 0 0 0 -0 0 0 0 -0 0 0 0 0.098095 0.090329 0.13765 0.20593 -0.028097 0.17296 0.20341 0.46667 0.011399 0.10344 0.09337 0.26162 0.012127 0.0023523 0.012127 0.0034204 0.077547 -0.066414 0.24292 0.19487 -0.0060315 -0.12471 0.31485 0.42317 0.0031082 -0.060585 0.19214 0.26041 0.0099976 -0.001034 0.0099976 0.0023665 0.0021574 -0.0092209 0.10294 0.0938 -0.0099132 -0.01994 0.06536 0.073983 0.0029363 -0.012707 0.03761 0.039598
62.109 102.12 9.9379 0.77238 0 0 0 0 0 0 0 0 0 0 0 0 0 0 0 0 0 0 0 0 0 0 0 0 0 0 0 0 0 0 0 0 0.0024758 0.00097684 0.0024758 0.00097684 0.13481 0.13441 0.36251 0.40299 -0.11564 0.080558 0.30923 0.30319 -0.0074654 0.0093 0.018226 0.012404 0.077454 0.02266 0.11515 0.12239 -0.025771 -0.065534 0.40879 0.40924 -0.041212 -0.051723 0.23883 0.15646 -0.010526 -0.0016339 0.037682 0.012966
55.721 153.88 10.195 5.7564 0 0 0 0 0 0 0 0 0 0 0 0 0 0 0 0 0 0 0 0 0.0054801 0.0070189 0.0086753 0.01398 0.0052978 0.038043 0.057302 0.1287 -0.0083 0.0087101 0.010611 0.016353 0 0 0 0 0.11994 0.045093 0.38483 0.32867 -0.11252 0.071787 0.36878 0.41393 -0.025676 0.0066472 0.046467 0.045668 0 0 0 0 0.088964 -0.064685 0.16366 0.11333 -0.029999 0.036918 0.43659 0.33814 -0.039409 0.015513 0.093765 0.075139
101.62 160.83 10.363 4.811 0 0 0 0 0.0010766 0.0073317 0.0028026 0.0073317 -0.00085327 0.0036209 0.0016036 0.0036633 -2.3569e-17 1.9325e-17 2.3569e-17 1.9325e-17 0.0085876 0.0015112 0.0085876 0.0015112 0.013356 0.04581 0.16659 0.17663 -0.0048649 0.058961 0.10197 0.13529 -0.011249 0.015539 0.063697 0.064936 0.013974 -0.00023568 0.013974 0.0014151 0.082365 -0.034275 0.31096 0.43993 0.020956 -0.017761 0.28862 0.67234 -0.069645 -0.0070715 0.14403 0.14272 0.00030055 -7.4987e-05 0.00030055 7.4987e-05 0.0058398 -0.036174 0.025138 0.054852 0.0062218 -0.049114 0.026444 0.088266 -0.0083021 -0.01507 0.015565 0.021606
145.34 161.27 9.7881 4.7802 0.0015014 0.0078978 0.0029264 0.0078978 -0.0016355 0.011653 0.0044348 0.011653 -0.00016028 0.0024542 0.00090654 0.0024542 -1.0358e-06 9.0408e-07 1.0358e-06 9.0408e-07 0.022397 0.027099 0.1157 0.12183 -0.01172 0.072772 0.14642 0.16735 -0.018443 0.046301 0.15356 0.1548 -0.0090156 0.0012613 0.012167 0.0065519 0.07955 -0.02483 0.18996 0.24587 0.011798 -0.041987 0.32982 0.63974 -0.12219 -0.032258 0.2738 0.37032 -0.013505 -0.0018718 0.014644 0.0042478 0.0044038 -0.020236 0.012923 0.026466 0.0034991 -0.051061 0.023239 0.073697 -0.0099993 -0.028295 0.0197 0.04266 -0.00080954 -0.00027803 0.00080954 0.00027803
