51 64
93.577 118.22 2.2778 1.9493 -0.00013384 0.00033657 0.00013384 0.00033657 -0 0 0 0 -0 0 0 0 -0 0 0 0 -0.040999 0.059233 0.063062 0.065979 0.0054363 0.11385 0.015802 0.11385 -0.012193 0.18034 0.018084 0.18034 -0.0096334 0.038418 0.010089 0.038418 -0.011134 0.045415 0.26712 0.29258 0.011359 0.092546 0.12655 0.45855 -0.035982 0.10303 0.12155 0.44277 -0.069869 0.03562 0.15316 0.22043 -0.021677 -0.049255 0.22905 0.17877 0.0045526 -0.14016 0.082117 0.16715 0.038146 -0.079561 0.10984 0.12631 -0.022946 -0.039151 0.114 0.063425
88.686 122.16 2.0833 1.9164 -0.0031742 0.0033995 0.0031742 0.0033995 -0 0 0 0 -0 0 0 0 -0 0 0 0 -0.0078477 0.14726 0.10221 0.20608 0.029635 0.25943 0.06866 0.37106 -0.029067 0.2342 0.090687 0.38967 -0.067634 0.085644 0.084412 0.12021 -0.0090861 -0.079354 0.20353 0.28836 -0.0063781 -0.16355 0.11282 0.31988 -0.017544 -0.061788 0.15093 0.1746 -0.095162 0.0036471 0.16977 0.12871 -0.058668 -0.020643 0.14228 0.093314 0.035976 -0.047718 0.060142 0.07705 -0.0056349 -0.06535 0.088919 0.095098 -0.0086229 -0.019512 0.10955 0.034055
135.92 127.94 2.0512 5.7642 0.0054134 -0.038817 0.14031 0.053738 -0.061334 -0.037865 0.071001 0.047314 -0.0023883 -0.0017899 0.0023962 0.0026262 0.0032436 0.0020265 0.006334 0.0056707 0.020495 -0.022133 0.060682 0.044363 -0.027798 0.08295 0.10933 0.12384 0.013264 0.080758 0.052083 0.082893 -0.00065371 0.053461 0.054781 0.073935 0.022702 -0.0072047 0.023166 0.014498 0.026398 -0.013528 0.20959 0.28166 0.12164 0.077585 0.36142 0.58799 -0.091427 0.042038 0.19762 0.28217 0 0 0 0 0.0058063 -0.013627 0.0091689 0.014586 0.12281 -0.02146 0.27594 0.14414 -0.07028 0.031432 0.12903 0.08493
170.59 127.66 2.0136 4.4763 0.0096292 0.011115 0.034487 0.029661 0.036859 0.046023 0.090208 0.093235 -0.015183 0.053927 0.10267 0.069811 -0.018201 0.010499 0.045695 0.018199 0.015336 0.12678 0.11624 0.1516 0.0048164 0.062707 0.12938 0.13225 -0.069421 0.033097 0.2635 0.15364 -0.067579 -0.0074446 0.096679 0.034338 0.024919 -0.12008 0.11603 0.34292 -0.014614 -0.12253 0.15461 0.55774 -0.14772 -0.11542 0.25537 0.36897 -0.022842 -0.012856 0.026001 0.015436 0.0053366 -0.030829 0.0073125 0.033862 0.0048811 -0.063788 0.021254 0.080721 -0.014795 -0.032888 0.018799 0.040265 -0.00048434 -0.00032853 0.00048434 0.00033383
181.31 130.14 1.9907 2.7111 -0 0 0 0 -0 0 0 0 -0 0 0 0 -0 0 0 0 0.020472 0.022122 0.027615 0.086128 0.042487 0.12795 0.066375 0.25693 -0.047073 0.21318 0.11666 0.26227 -0.01957 0.034457 0.026719 0.036161 0.036363 0.024382 0.049934 0.085206 0.13269 0.047613 0.17975 0.29163 0.15642 0.051141 0.31382 0.32263 -0.14021 0.069978 0.34888 0.15969 0.0035311 -0.01195 0.072239 0.07212 0.074969 -0.070175 0.12738 0.14425 0.14553 -0.0084652 0.16742 0.10224 -0.13278 -0.007962 0.28109 0.061113
78.4 131.52 1.9074 5.6373 0.011546 0.0081407 0.011972 0.0089639 0.013882 0.026914 0.16751 0.11658 -0.02804 -0.0084426 0.069635 0.05672 -0.0038711 0.0095156 0.016171 0.022832 0.070925 0.029718 0.10511 0.050222 -0.032526 0.080893 0.28032 0.2141 -0.04636 0.087536 0.15842 0.17699 0.0020645 -0.010443 0.062384 0.059177 0.15539 0.0030388 0.28319 0.12457 -0.011678 0.10854 0.24915 0.23086 -0.1599 0.088438 0.21398 0.23467 0.0098993 0.044833 0.076436 0.079963 0.061331 -0.047685 0.08115 0.062789 0.06564 -0.080192 0.17895 0.25814 -0.050572 0.07712 0.15448 0.28494 0.0059247 0.11861 0.20959 0.16925
87.917 131.95 1.869 5.1029 -0.019206 0.0083622 0.065605 0.021949 0.0040318 0.011122 0.06049 0.047667 0.017193 -0.0232 0.050532 0.049291 0.045412 -0.020089 0.06607 0.065944 0.021824 0.049108 0.15006 0.075007 -0.070243 0.080512 0.14677 0.15543 -0.014297 0.070689 0.063256 0.11675 0.0030754 0.047729 0.32928 0.22395 0.063776 0.01023 0.16545 0.17412 0.0011957 0.12749 0.13624 0.23419 -0.0030224 0.14993 0.10324 0.38861 -0.034085 0.053797 0.333 0.29243 0.027674 -0.057542 0.038417 0.086637 0.00055032 -0.15138 0.03993 0.22174 -0.0074135 -0.13016 0.027328 0.17955 0.030429 -0.069711 0.10386 0.10205
71.487 134.46 2.0708 3.6213 0.013163 -0.002406 0.025052 0.024308 -0.0090959 0.015473 0.086547 0.08454 0.08072 0.094447 0.15575 0.12417 0.061938 -0.010826 0.24108 0.070017 -0.0098282 0.049499 0.042763 0.070752 0.054241 0.070311 0.1228 0.19149 0.15264 -0.021161 0.23522 0.30788 0.029046 -0.029828 0.31778 0.17639 0.022984 -0.025596 0.043625 0.10455 0.023774 -0.014394 0.084583 0.32923 0.046828 -0.17152 0.13302 0.41858 -0.037054 -0.15343 0.18889 0.25448 0.0007173 -0.0026775 0.0007173 0.0026775 0.0043631 -0.021334 0.0056469 0.021779 -0.0007077 -0.039849 0.0089498 0.04201 -0.00144 -0.010221 0.0020361 0.010221
171.02 135.74 1.7793 5.1306 -0.042224 -0.0059134 0.076752 0.10507 -0.0057709 0.013852 0.035154 0.056726 0.013081 0.021725 0.1081 0.068013 -0.017084 0.0038818 0.036131 0.014879 -0.10178 0.11503 0.19481 0.20863 -0.021689 0.15019 0.14082 0.20125 -0.09745 0.033842 0.19627 0.1463 -0.025241 0.015265 0.056116 0.049788 0.070306 -0.053076 0.33643 0.27322 -0.083721 0.10528 0.18249 0.23646 -0.10853 0.026271 0.19275 0.26992 -0.05463 0.0049014 0.083359 0.11677 0.052733 -0.064348 0.080605 0.097081 -0.037167 -0.14173 0.14976 0.34226 -0.073756 -0.11606 0.093121 0.17714 -0.010351 -0.0097212 0.010775 0.012616
152.24 137.3 2.1595 4.1715 0.02587 -0.021089 0.067999 0.046995 -0.052775 -0.0074241 0.073277 0.042365 0.026887 0.0032343 0.043536 0.040087 -0.0015608 0.026304 0.055131 0.047316 0.034144 -0.019807 0.07856 0.066717 -0.025477 0.060513 0.20153 0.17199 0.09575 0.11581 0.13449 0.13353 -0.003199 0.038241 0.072415 0.064993 0.037208 -0.013925 0.043087 0.032061 0.1251 0.044529 0.45924 0.29903 0.012747 -0.017189 0.27593 0.46839 -0.024394 -0.027635 0.091886 0.32123 0.018071 0.008303 0.018393 0.015786 0.011705 -0.032493 0.2206 0.12835 -0.029642 -0.059601 0.065389 0.078049 -0.0060487 -0.026861 0.0098638 0.036799
108.16 144.01 1.9945 3.9723 -0.0082337 0.035997 0.023405 0.04196 -0.0087472 0.027428 0.014057 0.034861 -0.0025397 -0.0010649 0.0062015 0.0093517 0.0010926 -0.00069521 0.002403 0.0023145 0.00037123 0.033274 0.079097 0.10418 -0.092306 0.051866 0.1417 0.18798 -0.017592 0.03556 0.069091 0.085731 -0.0080857 0.012442 0.012191 0.013259 0.0083843 -0.077384 0.073632 0.094913 0.08057 -0.055703 0.22078 0.49619 -0.0046981 0.099987 0.26808 0.52043 -0.043368 0.083475 0.08265 0.18821 -0.0031532 0.0083354 0.021873 0.02832 0.095293 0.027025 0.11945 0.12001 -0.021476 0.0073629 0.24228 0.22414 -0.0386 -0.051948 0.052287 0.098798
142.34 146.02 1.8825 5.5099 -0.0018837 -0.0014089 0.0074867 0.0065338 4.5057e-05 0.0022115 0.0031634 0.0031704 0.015044 0.0078748 0.016219 0.011148 0.043182 0.031597 0.10363 0.090628 -0.001114 -0.00044324 0.0012355 0.0010027 0.016083 0.012817 0.038537 0.042636 0.10913 0.062903 0.16919 0.16807 0.028318 0.0014305 0.12899 0.14481 0.055434 0.13314 0.08474 0.13628 0.01944 0.19629 0.21685 0.38725 -0.016349 -0.069885 0.22656 0.34478 -0.015249 -0.092424 0.066136 0.11641 0.062511 -0.058712 0.11231 0.18752 -0.05227 0.032484 0.3624 0.36875 -0.095719 0.080512 0.113 0.13941 -0.0028947 0.029217 0.037736 0.040383
78.653 147.77 1.9023 3.0174 0.077199 -0.071744 0.13668 0.15454 -0.11486 -0.11146 0.21228 0.20427 0.0079341 -0.073985 0.17844 0.15002 0.17467 -0.0863 0.22549 0.15431 0.033528 -0.078199 0.052415 0.10467 -0.0032736 -0.058536 0.14602 0.22803 0.076555 0.016898 0.22489 0.19783 0.15544 -0.040963 0.23077 0.25369 -0.012797 0.031602 0.014605 0.03257 0.025654 -0.015245 0.042807 0.081767 0.045323 0.015058 0.1094 0.21251 0.11221 -0.0077401 0.1875 0.29061 -0.013778 0.017876 0.03517 0.093677 -0.021553 0.033286 0.048677 0.13291 0.021247 -0.026951 0.093007 0.21795 -0.015104 -0.063738 0.070913 0.14874
105.83 150.08 2.0039 3.7144 -0.00058968 0.0068177 0.0059413 0.0076165 -0.0044291 0.001706 0.0064478 0.0051266 0.00031951 0.0031916 0.0048442 0.0058044 2.9137e-05 -7.9254e-05 0.0010086 0.0010979 0.025942 0.052887 0.076191 0.073551 -0.02821 0.12949 0.090705 0.16591 -0.054091 0.035008 0.11458 0.092322 0.010511 0.03473 0.036034 0.044951 0.072943 -0.024471 0.11802 0.094937 -0.0095537 -0.098605 0.18185 0.21216 0.01089 -0.015921 0.37282 0.6043 -0.0024085 0.055399 0.1973 0.32367 0.0095148 -0.018516 0.042061 0.042346 -0.0035887 -0.041151 0.047856 0.055801 0.092767 -0.024481 0.14482 0.15901 -0.017633 -0.010788 0.21632 0.13927
172.11 151.86 1.9552 3.5301 -0.024027 -0.018952 0.026458 0.044067 -0.0014338 -0.012615 0.020909 0.046008 -0.0027891 -0.010254 0.033086 0.052457 0.0018268 0.018409 0.044983 0.038909 -0.0012474 0.022426 0.032752 0.070154 0.073325 0.088785 0.12286 0.21069 -0.028179 0.12714 0.10248 0.25339 0.091009 0.089944 0.23073 0.18295 -0.0081378 0.13344 0.21154 0.26309 0.036513 -0.035702 0.12944 0.17496 0.155 -0.026284 0.27015 0.25238 0.05757 0.094146 0.25099 0.20379 -0.023554 0.048129 0.1721 0.15707 -0.10533 0.071668 0.175 0.10463 0.16566 0.035008 0.20364 0.12405 0.086734 0.071452 0.14115 0.1376
103.79 164.34 1.6602 3.8126 -0.0031775 -0.00064384 0.0033969 0.0016316 0.00041575 0.00039002 0.001846 0.0014792 0.0013651 -0.00041042 0.013969 0.011257 -0.00075161 -0.00026438 0.0017216 0.001503 0.0092169 0.0098742 0.02032 0.015426 -0.0008313 0.080098 0.076833 0.093517 -0.022371 0.082926 0.055909 0.10212 0.00091217 0.028719 0.028769 0.046177 0.011843 -0.011479 0.060605 0.041861 0.17294 0.056505 0.30909 0.2295 -0.036574 0.19618 0.23663 0.34428 -0.10779 0.12054 0.21059 0.25074 0.0047707 -0.0048945 0.013813 0.010634 0.093439 -0.060133 0.17687 0.14206 0.0027903 -0.14193 0.15031 0.18552 0.051784 -0.054064 0.24799 0.45812
188.29 164.25 2.064 3.1496 -2.3541e-16 1.674e-16 8.58e-16 8.5726e-16 0 -0 0 0 0 -0 0 0 0 -0 0 0 0.019807 0.067182 0.022244 0.067182 -0.0043417 0.11931 0.0504 0.17465 0.0096291 0.08074 0.088743 0.18502 0.0025344 0.028039 0.064959 0.086947 -0.0050785 0.13789 0.18268 0.25235 -0.15623 -0.045673 0.18423 0.2782 0.019605 -0.0042178 0.10133 0.21653 0.045313 0.14794 0.10614 0.23556 -0.13921 -0.083468 0.17058 0.14456 -0.028595 0.02238 0.070822 0.1214 0.16061 0.031112 0.22305 0.3612 0.048881 -0.025054 0.2348 0.34172
61.764 176.51 1.7815 5.7453 0 0 0 0 0 0 0 0 0 0 0 0 0 0 0 0 0.0054524 0.018251 0.0054524 0.018251 0.0041956 0.095297 0.010369 0.095297 -0.012194 0.083338 0.013838 0.083338 -0.0024047 0.011245 0.004257 0.011245 0.083131 0.11317 0.1282 0.27619 0.011474 0.13302 0.098146 0.48969 0.047226 0.21081 0.12146 0.36906 -0.058184 0.28104 0.13592 0.33451 -0.013657 -0.076324 0.046865 0.097902 0.0005622 -0.12161 0.028545 0.12255 0.065385 -0.14166 0.071561 0.1618 0.045873 -0.11634 0.10157 0.21544
105.65 121.48 2.7443 1.7269 -0 0 0 0 -0 0 0 0 -0 0 0 0 -0 0 0 0 -0.0035051 0.023478 0.061624 0.096142 -0.012595 0.093458 0.074909 0.12694 0.039478 0.16141 0.052874 0.17014 -0.0057011 0.11048 0.044671 0.14906 0.024913 -0.019227 0.06395 0.049172 0.11726 0.02936 0.3426 0.37901 -0.0010404 -0.013117 0.23936 0.5523 -0.028822 -0.044885 0.14263 0.2115 0.0024334 -0.00085163 0.0041523 0.0033499 0.071856 -0.01829 0.20367 0.18623 -0.059431 -0.023864 0.16067 0.16322 -0.0006674 -0.038393 0.057747 0.05786
148.16 123.32 2.6926 1.4087 0 0 0 0 0 0 0 0 0 0 0 0 0 0 0 0 0.021833 0.1112 0.045288 0.1686 -0.032427 0.14954 0.041493 0.16942 0.017438 0.09842 0.13082 0.19254 0.033965 0.022572 0.082527 0.12888 0.056549 0.01303 0.13791 0.25216 0.0015645 -0.0025467 0.24794 0.52197 -0.15843 -0.0017168 0.40647 0.3436 0.0067686 -0.019318 0.04805 0.040739 0.0063709 -0.042834 0.082102 0.068474 0.01906 -0.045935 0.10492 0.12469 -0.049989 -0.0028981 0.13787 0.13015 -0.0054439 0.000697 0.0068834 0.0063343
97.014 128.03 2.7972 5.035 -0.0066745 0.017728 0.074408 0.025441 0.0082412 0.016258 0.057443 0.057558 0.016212 0.0055937 0.13855 0.11244 -0.037452 0.00015688 0.042099 0.027561 0.046677 0.058609 0.16469 0.097835 -0.025114 0.20872 0.12086 0.25006 -0.017934 0.07215 0.44535 0.414 -0.061486 0.014184 0.093531 0.062804 0.042344 -0.070758 0.075769 0.1424 -0.0080696 -0.18996 0.071582 0.37239 0.0076595 -0.16211 0.20086 0.31011 -0.034903 -0.013064 0.097272 0.080936 -0.00044019 -0.0032733 0.00044019 0.0032733 -0.00070993 -0.0049859 0.00081618 0.0049859 0.0063193 -0.01147 0.0077691 0.012745 0.0075902 -0.016916 0.018191 0.026722
72.228 138.08 2.879 5.3381 0 0 0 0 0.025484 0.012041 0.044679 0.026833 -0.004715 -0.022978 0.063133 0.074379 -0.0037185 -0.0246 0.014473 0.034944 0.0029943 0.0015152 0.0029943 0.0015152 -0.001043 0.030158 0.23394 0.097728 -0.028724 0.0023953 0.12034 0.098544 0.061204 0.053307 0.097011 0.11422 0.04218 0.0039573 0.04218 0.0059301 0.10422 0.12375 0.35527 0.19014 -0.11799 0.15764 0.21649 0.25299 0.067521 0.034099 0.27401 0.17432 0.01311 -0.00062158 0.01311 0.0015969 0.10776 -0.094311 0.18067 0.22537 0.023739 -0.060281 0.15074 0.40453 -0.039132 0.0097388 0.2581 0.22137
149.2 155.39 2.9902 2.5327 0.013484 -0.0017755 0.030715 0.030957 0.046759 -0.044423 0.11063 0.11755 0.16453 -0.09847 0.20173 0.16434 -0.099681 0.067922 0.22112 0.12251 0.0040508 -0.0075336 0.081005 0.052961 0.02885 0.1209 0.15216 0.21886 0.10694 -0.034612 0.30953 0.36418 -0.027383 -0.10794 0.21677 0.36136 0.058495 -0.010096 0.11519 0.057271 0.0098798 -0.10716 0.32625 0.25027 -0.064582 -0.083311 0.10672 0.12721 0.002008 -0.02535 0.018834 0.030911 0.0096022 -0.013794 0.039022 0.031216 -0.0090503 -0.036936 0.07461 0.056458 -0.0051997 -0.0029844 0.0052634 0.0030783 0.019442 0.023432 0.039785 0.029349
139.92 160.26 2.9764 0.48255 -0.030563 0.016714 0.10022 0.075397 0.0012911 -0.02325 0.018768 0.024816 0.0097334 -0.059349 0.027944 0.064027 -0.0087435 -0.026637 0.018749 0.030011 -0.14288 0.037648 0.39787 0.30372 -0.058951 0.11924 0.14266 0.14744 -0.0095936 0.061802 0.026606 0.069435 -0.0018804 0.0030962 0.0044932 0.0058879 -0.049505 -0.054771 0.23453 0.1305 0.084962 -0.019276 0.33841 0.33941 -0.14239 0.017602 0.33987 0.31497 -0.027599 -0.0020395 0.076046 0.035509 -0.027994 -0.01479 0.065401 0.091383 0.0069123 -0.062252 0.11084 0.13453 -0.01475 -0.022987 0.093019 0.10332 -0.011296 0.006194 0.044595 0.035596
64.746 166.17 2.9033 2.6667 0.025321 -0.0096362 0.061919 0.057813 0.0057835 -0.16776 0.14994 0.19273 0.0044975 -0.045666 0.16186 0.1873 0.1112 -0.073014 0.24394 0.27363 -0.047552 0.069212 0.15607 0.29408 -0.054287 0.18737 0.074582 0.28295 -0.0080942 0.095757 0.13538 0.30387 -0.029455 -0.081896 0.22235 0.25795 0.020425 -0.11451 0.050259 0.13951 -0.0024914 -0.15728 0.045244 0.29155 -0.054534 -0.098679 0.073695 0.19348 -0.011082 -0.013955 0.013532 0.019996 -1.4098e-18 7.2477e-19 1.4098e-18 7.2477e-19 -6.7414e-19 3.4657e-19 6.7414e-19 3.4657e-19 -0 0 0 0 -0 0 0 0
146.3 167.86 2.8888 4.3686 0.00066384 0.0018544 0.00066384 0.0018544 0.01618 0.0041278 0.04003 0.080434 0.036265 -0.040692 0.058064 0.11489 -0.010731 -0.018032 0.041465 0.077095 0.0018258 0.0038855 0.011253 0.029597 0.091998 0.058967 0.16845 0.30587 -0.068639 0.15024 0.19829 0.32501 -0.0092939 0.0044031 0.071847 0.078164 -0.0019527 -0.00032979 0.0028714 0.0046468 0.16255 -0.07103 0.17677 0.17322 -0.086921 -0.087741 0.39066 0.28688 0.020549 0.016526 0.15614 0.11489 -0.032948 0.011112 0.03421 0.037566 0.027062 -0.0078254 0.028452 0.023708 0.073293 0.083328 0.3221 0.26543 0.041375 0.14738 0.13122 0.17653
183.71 181.75 2.7277 3.5496 0 -0 0 0 2.6935e-16 -2.2835e-17 3.895e-16 4.71e-16 -2.3661e-16 2.4615e-16 8.2175e-16 8.1446e-16 0 -0 0 0 0.00024199 0.0036309 0.00079011 0.0036309 0.021048 0.12294 0.025965 0.12294 -0.0037857 0.12492 0.028207 0.1344 -0.0096313 0.023026 0.010981 0.025644 0.1322 0.061352 0.1467 0.12537 -0.043335 0.0032466 0.32065 0.5296 -0.12225 -0.056606 0.14959 0.27307 -0.0056696 0.034989 0.072135 0.14984 0.035963 -0.033159 0.12973 0.10594 -0.027207 -0.05086 0.1554 0.20557 0.021936 0.10784 0.25206 0.28085 0.081824 0.010637 0.16943 0.23422
78.227 184.36 2.9818 2.2138 0.0089008 -0.0023608 0.0089894 0.0030289 0.04513 -0.12613 0.14218 0.18428 -0.056626 -0.13301 0.12989 0.18285 0.027063 0.022305 0.078826 0.082919 0.056537 0.037847 0.079877 0.13602 0.04782 0.27548 0.11654 0.41369 -0.013427 0.1605 0.12645 0.35913 -0.049264 -0.021496 0.16559 0.23637 0.040592 -0.049089 0.043102 0.076175 0.044213 -0.20728 0.099184 0.34129 -0.061804 -0.17186 0.084761 0.24938 -0.026011 -0.047752 0.030631 0.055841 -1.1245e-05 -7.2727e-05 1.9943e-05 7.2727e-05 -0.00019157 -0.00096673 0.00019974 0.00096673 -7.6941e-05 -0.00042138 7.6941e-05 0.00042138 -1.6508e-19 2.2034e-19 1.6508e-19 2.2034e-19
77.362 197.96 2.889 5.2396 0 0 0 0 0 0 0 0 0 0 0 0 0 0 0 0 0 0 0 0 0.0017616 0.0055195 0.0017616 0.0055195 0.0028812 0.0098295 0.0029263 0.0098557 6.5858e-06 0.00010712 1.5379e-05 0.00011224 0.078915 0.13665 0.09266 0.17619 0.087375 0.21255 0.21063 0.61801 -0.14934 0.14607 0.18616 0.47089 -0.064131 0.024973 0.071189 0.093582 -0.024641 -0.061785 0.10196 0.16283 -0.016875 -0.13015 0.073627 0.21808 -0.028309 -0.061751 0.052406 0.13156 -0.011303 -0.016125 0.016537 0.024874
157.71 198.4 2.7305 4.8874 0 0 0 0 0 0 0 0 0 0 0 0 0 0 0 0 0.00077613 -0.00041586 0.00077613 0.0013236 0.0079155 0.033695 0.048609 0.068775 -0.010724 0.047592 0.017688 0.04995 -0.0010882 0.0013228 0.0010882 0.0013228 0.014901 0.024054 0.0389 0.21938 0.09139 -0.002804 0.20208 0.32793 0.019332 0.12802 0.30971 0.37071 -0.075537 0.053383 0.087017 0.071131 0.10103 0.076707 0.20036 0.32257 -0.12524 0.15128 0.27024 0.36467 0.099888 -0.099794 0.19578 0.15703 -0.057512 -0.0089192 0.11291 0.064117
104.95 119.4 3.5711 1.8386 -0 0 0 0 -0 0 0 0 -0 0 0 0 -0 0 0 0 -0.033691 0.020644 0.082781 0.14673 -0.0084696 0.082569 0.081195 0.11536 0.0061707 0.13325 0.023128 0.13325 -0.009077 0.041221 0.014691 0.041221 -0.026172 -0.034652 0.089851 0.084785 0.1473 -0.029328 0.44512 0.4047 -0.0065096 -0.037537 0.21597 0.53584 -0.083659 -0.0019753 0.14151 0.13723 -0.005613 -0.0015471 0.013211 0.0072722 0.044335 -0.033026 0.20413 0.16279 -0.040994 -0.050869 0.12856 0.12458 -0.011443 -0.022791 0.10549 0.034631
148.57 120.05 3.5662 1.336 0 0 0 0 0 0 0 0 0 0 0 0 0 0 0 0 0.012853 0.037364 0.013167 0.037364 0.0021309 0.11875 0.024168 0.11875 -0.0066122 0.068624 0.086987 0.13326 0.044365 0.060178 0.099019 0.17585 0.098811 0.027752 0.14167 0.14763 0.006827 -0.012423 0.2676 0.555 -0.15283 -0.04088 0.41198 0.37325 0.050476 -0.047786 0.10037 0.10156 0.03244 -0.026645 0.062443 0.040408 0.016682 -0.064729 0.14312 0.1225 -0.028885 0.034154 0.1803 0.13394 -0.0076522 0.0059618 0.015613 0.010578
90.91 137.13 3.7989 4.9062 0.012863 -0.0010648 0.043852 0.015944 -0.00087918 -0.0089452 0.056895 0.048133 -0.0045924 0.051989 0.077619 0.082614 -0.010664 0.0064221 0.011385 0.0075318 0.029177 0.013384 0.13403 0.02875 0.0024062 0.071467 0.16209 0.1429 0.0099444 0.026053 0.33704 0.31452 -0.042263 0.006742 0.050609 0.039983 0.085798 -0.020277 0.12018 0.072685 0.043363 -0.0058713 0.21539 0.41865 -0.046562 -0.064996 0.30794 0.53902 -0.039901 -0.00039108 0.10665 0.10236 0.0094854 -0.009119 0.0096471 0.011371 0.0032197 -0.059805 0.022517 0.076037 -6.2239e-05 -0.051975 0.022169 0.059231 0.0040377 -0.013722 0.023954 0.034044
71.629 140.19 3.4416 3.5472 -0.0057194 -0.0035139 0.03602 0.021061 0.02604 -0.07511 0.11649 0.13253 0.083371 -0.085812 0.23801 0.28006 -0.060582 -0.005133 0.30794 0.16004 -0.035447 0.026127 0.07139 0.067593 -0.0049717 0.0062649 0.072488 0.11041 0.19144 0.039643 0.26203 0.22749 -0.11655 -0.020426 0.41003 0.12567 0.005949 -0.032284 0.038201 0.066247 0.020802 -0.016221 0.067322 0.22627 0.078727 -0.12012 0.13814 0.3535 -0.069254 -0.10761 0.17625 0.15777 0.00034011 -0.0010024 0.00034011 0.0010024 0.0036378 -0.012182 0.0036378 0.012182 0.00093311 -0.020179 0.0049317 0.020179 -0.00093004 -0.005052 0.0011779 0.005052
147.19 164.81 4.1714 0.48281 -0.01108 0.058218 0.17403 0.11341 -0.024991 -0.042002 0.056373 0.088451 0.0019278 -0.065295 0.035031 0.074911 -0.0043678 -0.011821 0.019326 0.018729 -0.1103 -0.01092 0.4404 0.37587 -0.039506 0.095792 0.30151 0.32182 -0.073149 0.067666 0.14004 0.13484 -0.00071712 -0.00044563 0.0061538 0.003156 -0.096341 -0.074106 0.18696 0.16039 0.036243 -0.11758 0.25288 0.25984 -0.065669 -0.022734 0.18523 0.17516 -0.0067029 0.0046452 0.017352 0.018846 -0.0017796 -0.020631 0.024541 0.042538 0.023777 0.00068298 0.045134 0.095681 -0.021727 -0.0066124 0.080599 0.11327 -0.01136 -0.0026845 0.013117 0.010323
66.581 168.36 3.3715 2.6159 0.030872 -0.009644 0.053993 0.050034 0.0097284 -0.17926 0.17551 0.23616 -0.041165 -0.062906 0.15604 0.18961 0.10498 -0.074544 0.22008 0.24106 -0.038625 0.12055 0.13882 0.28773 -0.047951 0.18753 0.082379 0.25581 0.0014387 0.1211 0.11542 0.28348 -0.0052059 -0.042716 0.21887 0.23212 0.02732 -0.12428 0.065183 0.16377 -0.0027373 -0.16006 0.052282 0.27776 -0.062793 -0.12967 0.093537 0.24709 -0.018436 -0.023133 0.02334 0.033702 -5.4815e-05 -9.4484e-05 5.4815e-05 9.4484e-05 -0.00015391 -0.0012276 0.00022931 0.0012276 -9.9819e-05 -0.00029171 9.9819e-05 0.00029171 -0 0 0 0
79.202 185.57 3.9092 2.2501 0.00066093 -0.0015575 0.0038647 0.0052918 0.15261 -0.066037 0.20011 0.15066 -0.08379 -0.14643 0.27767 0.26701 0.023486 -0.074352 0.2122 0.17785 0.033732 0.0060223 0.045202 0.059356 0.067331 0.099396 0.14332 0.41873 -0.01445 0.082361 0.14867 0.41364 -0.054899 -0.025306 0.17583 0.1944 0.015272 -0.012524 0.016158 0.020647 0.051756 -0.13278 0.086331 0.25105 -0.040078 -0.12272 0.065839 0.20972 -0.02071 -0.029015 0.02524 0.04024 -1.4569e-18 -1.1764e-18 1.4569e-18 1.1764e-18 9.8534e-18 7.9568e-18 2.7883e-17 2.2516e-17 -1.2568e-18 -1.0149e-18 5.9778e-18 4.8272e-18 -0 0 0 0
168.9 187.13 4.0779 0.90353 -0.03856 -0.11421 0.21107 0.1643 0.086413 -0.10621 0.36209 0.30308 -0.14099 -0.028724 0.28317 0.3604 -0.0092129 -0.0044476 0.015382 0.017445 0.03074 -0.023057 0.093696 0.114 0.057671 0.03504 0.14647 0.34939 -0.081467 -0.016275 0.2097 0.3188 -0.010993 -0.007869 0.0207 0.02233 0.02048 -0.01758 0.021958 0.033163 0.048058 -0.12153 0.074571 0.2455 -0.049974 -0.068731 0.068657 0.1364 -0.0036344 -0.0029382 0.0046555 0.0052215 2.3357e-17 -1.04e-16 1.0339e-16 1.5969e-16 2.3216e-07 -1.9561e-06 2.3216e-07 1.9561e-06 1.3871e-07 -1.1688e-06 1.3871e-07 1.1688e-06 0 0 0 0
92.818 107.13 4.8786 1.7404 -0 0 0 0 -0 0 0 0 -0 0 0 0 -0 0 0 0 -0.0031274 0.017057 0.0073025 0.017057 -0 0 0 0 -0 0 0 0 -0 0 0 0 0.026149 0.015017 0.1823 0.17688 0.066519 0.13129 0.29232 0.6128 -0.11964 0.089157 0.23318 0.40432 -0.025004 0.0041869 0.028702 0.011935 0.039009 -0.016613 0.078121 0.03991 -0.01246 -0.074152 0.25725 0.263 -0.035369 -0.064999 0.19822 0.11275 -0.014931 -0.0020569 0.036446 0.0068304
101.29 113.05 5.2398 1.8359 -0 0 0 0 -0 0 0 0 -0 0 0 0 -0 0 0 0 -0.032856 0.064418 0.073997 0.10308 -0.0085745 0.037203 0.025784 0.041056 0.0029171 0.045997 0.010525 0.045997 -0.00055751 0.0047676 0.0012267 0.0047676 -0.031351 -0.029798 0.16332 0.15624 0.09525 0.053599 0.36753 0.47412 -0.083527 0.044754 0.29073 0.54674 -0.054726 0.01197 0.078288 0.047785 -0.0053154 -0.0063545 0.032565 0.02532 0.018458 -0.057427 0.22108 0.17557 -0.026561 -0.066535 0.17971 0.12399 -0.019701 -0.0075669 0.056077 0.014583
80.177 123.89 5.5768 1.7388 -0 0 0 0 -0 0 0 0 -0 0 0 0 -0 0 0 0 0.012734 0.060012 0.14528 0.16512 0.022197 0.20436 0.17834 0.47883 -0.08648 0.067231 0.10828 0.13181 -0 0 0 0 0.088856 -0.033155 0.21789 0.15098 -0.035423 -0.13136 0.4119 0.4868 -0.075891 -0.038848 0.16682 0.12052 -0.0033415 -0.00037603 0.0033415 0.00037603 0.020805 -0.010048 0.03206 0.027893 0.0072325 -0.0026006 0.13046 0.14393 -0.026976 -0.0010231 0.080276 0.045492 -0.0012203 -8.299e-05 0.0012203 8.299e-05
168.06 128.58 5.885 1.4142 0 0 0 0 0 0 0 0 0 0 0 0 0 0 0 0 0 0 0 0 0.10847 0.10714 0.15675 0.18735 -0.061933 0.1553 0.23937 0.44489 0.072389 0.032182 0.18753 0.2473 0 0 0 0 0.087896 -0.08335 0.19418 0.16193 -0.03324 -0.08702 0.43377 0.41479 0.03108 -0.041103 0.15471 0.11924 1.6911e-17 -7.3434e-18 1.6911e-17 3.3486e-17 0.020784 0.0033551 0.058754 0.056543 -0.0077763 -0.019148 0.12012 0.14194 -0.0069089 -0.0077258 0.019733 0.020376
98.326 155.66 4.7945 3.577 -0.00039797 0.0022902 0.0026876 0.0031377 0.013378 -0.0015645 0.017585 0.0082676 0.019316 -0.04831 0.096157 0.10714 0.031557 -0.029234 0.19675 0.1708 -0.001054 0.025986 0.08641 0.036338 0.045325 0.056511 0.10059 0.13276 -0.0035272 0.12463 0.18092 0.30235 -0.040608 0.0071976 0.16759 0.16742 0.012731 -0.015106 0.11431 0.056701 0.0039355 -0.023349 0.15158 0.13689 0.12417 -0.012776 0.54062 0.35848 -0.11065 -0.020075 0.24421 0.097888 0.0068586 -0.010085 0.013816 0.014475 0.0053149 -0.021531 0.04462 0.099252 0.042213 -0.078081 0.15171 0.19446 -0.034436 -0.028493 0.064339 0.037114
51.202 176.84 5.0361 5.8132 0 0 0 0 0 0 0 0 0 0 0 0 0 0 0 0 0 0 0 0 0 0 0 0 1.2361e-18 2.4338e-18 5.4966e-18 1.0822e-17 -3.6086e-19 -7.1048e-19 1.679e-17 3.3057e-17 0.027295 0.051084 0.052978 0.088233 0.049465 0.056697 0.13918 0.36652 -4.82e-06 0.076132 0.1724 0.46457 -0.053475 0.042188 0.073844 0.10322 0.021215 0.16518 0.28547 0.28774 -0.028512 0.1326 0.30715 0.34534 -0.041051 0.032902 0.21516 0.27146 -0.021603 -0.022011 0.055314 0.06184
61.47 101.72 7.4802 0.96068 0 0 0 0 0 0 0 0 0 0 0 0 0 0 0 0 0 0 0 0 0 0 0 0 0 0 0 0 0 0 0 0 0.0014665 0.0050606 0.0014665 0.0050606 0.12008 0.17175 0.40095 0.37269 -0.11943 0.052064 0.20211 0.20554 -0.0047201 0.0044822 0.0056916 0.0056249 0.013294 0.073663 0.14811 0.14355 0.017489 -0.068737 0.46833 0.40871 -0.085348 0.0023074 0.27119 0.18275 -0.019214 0.0089984 0.041875 0.014139
97.932 102.88 5.6996 1.8392 -0 0 0 0 -0 0 0 0 -0 0 0 0 -0 0 0 0 -0.021312 0.048697 0.032011 0.0504 -0.0021225 0.0027269 0.0021225 0.0027269 -0 0 0 0 -0 0 0 0 -0.046482 -0.017122 0.22271 0.26076 0.084662 0.11788 0.29454 0.55794 -0.12986 0.093971 0.23825 0.40139 -0.018873 0.0042817 0.020195 0.0085907 0.0026605 -0.0203 0.07697 0.049371 0.014091 -0.079951 0.27034 0.24259 -0.057423 -0.055105 0.18928 0.14172 -0.010515 -0.0014192 0.017485 0.004732
186.19 109.54 6.2984 2.5685 -0 0 0 0 -0 0 0 0 -0 0 0 0 -0 0 0 0 -0 0 0 0 -0 0 0 0 -0 0 0 0 -0 0 0 0 0.02423 0.016324 0.041461 0.037528 0.069856 0.16334 0.44006 0.39711 -0.15363 0.074379 0.22558 0.11606 -0 0 0 0 0.021626 0.018841 0.12419 0.075228 0.056726 -0.072838 0.41753 0.39135 -0.1139 -0.016173 0.29209 0.25062 -0.0065417 0.0053576 0.014127 0.008549
104.95 128.93 7.5552 1.7998 -0 0 0 0 -0 0 0 0 -0 0 0 0 -0 0 0 0 -0.0071601 0.039878 0.21374 0.31141 -0.015008 0.092941 0.22366 0.27484 -0.053825 0.13573 0.14465 0.33426 -0.019138 0.0088433 0.019444 0.018197 0.0032483 -0.04632 0.21722 0.18932 0.048384 -0.069264 0.35964 0.24889 -0.066946 -0.087764 0.34694 0.34546 -0.024593 -0.0065508 0.045237 0.020494 -0.0030784 -0.011035 0.020256 0.02222 0.02311 -0.012783 0.042751 0.060948 -0.012742 -0.01665 0.088836 0.10872 -0.0044122 -0.0015806 0.0084577 0.0042779
147.2 129.05 6.4704 1.3033 0 0 0 0 0 0 0 0 0 0 0 0 0.017482 0.041011 0.030361 0.049222 0.03312 0.020394 0.033375 0.028845 0.0010726 0.16695 0.16166 0.30283 0.026424 0.04415 0.21559 0.25544 0.029631 0.013743 0.29085 0.35136 0.065918 -0.019862 0.071863 0.048046 0.028258 -0.10325 0.36135 0.39675 -0.076116 -0.0045633 0.2725 0.19588 0.0055732 -0.079197 0.17132 0.14555 0.0068305 -0.0028402 0.010794 0.0068511 0.023259 -0.0066294 0.087507 0.10128 -0.024706 -0.025159 0.070069 0.09825 0.0044637 -0.0080803 0.012963 0.017166
167.69 128.91 7.0666 1.406 0 0 0 0 0 0 0 0 0 0 0 0 0.002994 0.0035069 0.002994 0.0035069 0 0 0 0 0.10084 0.083725 0.14757 0.18824 -0.068383 0.13114 0.24673 0.38146 0.06911 0.064375 0.24788 0.3226 0 0 0 0 0.088582 -0.070399 0.18556 0.16881 -0.054462 -0.089433 0.44071 0.38585 0.022411 -0.064083 0.20087 0.15565 0 0 0 0 0.021967 -0.0037904 0.043976 0.042441 -0.01197 -0.025188 0.084184 0.10659 -0.00040886 -0.007675 0.012761 0.014184
126.21 96.888 14.592 2.2546 -0 0 0 0 -0 0 0 0 -0 0 0 0 -0 0 0 0 0.043005 0.01433 0.043005 0.027451 -0.018037 0.089318 0.22769 0.20852 -0.0098202 0.0025565 0.0098202 0.0053399 -0 0 0 0 0.050354 -0.0039324 0.083476 0.07652 0.088905 0.020525 0.57457 0.58765 -0.10601 0.021413 0.25557 0.30145 -0.00039358 4.0112e-05 0.00039358 4.0112e-05 -0.00027533 -0.0031703 0.0028682 0.0034396 0.014517 -0.040479 0.061752 0.11435 -0.018742 -0.026415 0.037864 0.056381 -3.2275e-05 3.2894e-06 3.2275e-05 3.2894e-06
