63 64
92.979 115.94 1.8298 1.8009 -0 0 0 0 -0 0 0 0 -0 0 0 0 -0 0 0 0 0.0039226 0.015898 0.0040939 0.015898 0.001842 0.16201 0.026965 0.16201 -0.0067909 0.16791 0.03484 0.16791 -0.0037178 0.012071 0.0040222 0.012071 0.037987 0.11098 0.16898 0.31637 -0.024326 0.11607 0.19837 0.59548 -0.024402 0.08498 0.18562 0.39604 -0.090754 0.051572 0.12704 0.10974 0.0017006 -0.084545 0.053601 0.098852 0.02504 -0.077278 0.098801 0.12639 -0.01766 -0.050409 0.11316 0.088174 -0.042933 -0.010138 0.13975 0.051098
168.31 124.04 2.1389 1.8946 -0 0 0 0 -0 0 0 0 -0 0 0 0 -0 0 0 0 0.0069868 0.0072112 0.0069868 0.0072112 0.066579 0.17051 0.096822 0.2014 -0.05389 0.17935 0.08943 0.24252 -0.019501 0.028651 0.023394 0.044276 0.066504 0.01275 0.082543 0.09354 0.062597 -0.054481 0.18536 0.28508 0.13932 -0.00050654 0.31318 0.38604 -0.10609 0.21668 0.24007 0.33961 0.038421 0.002338 0.060066 0.049152 -0.018022 0.021089 0.13819 0.13894 0.053555 -0.095874 0.14682 0.15745 0.020993 -0.10519 0.11327 0.20243
106.95 127.96 2.1055 1.9504 -0.026937 0.048823 0.042177 0.05793 -0.0065816 0.010199 0.0069568 0.010199 -0 0 0 0 -0 0 0 0 -0.0018784 -0.0052118 0.1668 0.14044 0.017273 0.17825 0.21634 0.31324 0.012449 0.24489 0.19328 0.43774 -0.022849 0.1224 0.087436 0.24781 0.00385 -0.039872 0.1079 0.086407 0.036059 -0.17857 0.13733 0.25288 0.067485 -0.1989 0.18015 0.33454 -0.011128 -0.081005 0.10217 0.13949 -0.013344 -0.00061033 0.044961 0.045068 -0.010767 -0.014029 0.030035 0.029199 0.072874 0.026776 0.087376 0.067328 -0.012417 0.0034069 0.068131 0.046504
164.48 130.36 1.8749 3.9217 0.034957 0.0048447 0.041794 0.036605 -0.040848 0.036394 0.11911 0.098926 -0.02212 0.050604 0.12185 0.059015 -0.0083746 0.0045372 0.009738 0.0045372 0.013315 -0.011431 0.069837 0.088482 0.032636 0.013898 0.16566 0.19749 -0.029532 0.066705 0.32412 0.10692 -0.048226 0.0060058 0.055701 0.010848 0.10663 0.12118 0.15275 0.16448 -0.014481 0.1493 0.29615 0.45603 -0.14877 -0.098909 0.29766 0.26963 -0.024705 -0.010099 0.026413 0.011697 0.014902 -0.020371 0.1503 0.13684 -0.087189 -0.14936 0.1663 0.2148 -0.023529 -0.028565 0.03678 0.035431 -0.00029794 -0.00030884 0.00029794 0.00030884
173.4 129.33 1.9102 2.7219 -0 0 0 0 -0 0 0 0 -0 0 0 0 -0 0 0 0 0.018512 0.019576 0.037793 0.060188 0.050525 0.1252 0.082072 0.25373 -0.070317 0.21245 0.10331 0.24432 -0.012882 0.013849 0.013291 0.013849 0.041729 0.08722 0.086613 0.15133 0.041124 -0.017907 0.19101 0.27838 -0.025923 0.09517 0.39258 0.32337 -0.099051 0.046746 0.12945 0.05874 0.011362 -0.029464 0.053745 0.070927 0.009169 -0.038567 0.15924 0.11882 0.098647 0.034085 0.42236 0.17812 -0.13171 0.020841 0.18525 0.065422
159.95 138.14 2.0978 4.3707 0.0067721 0.0019348 0.02292 0.023086 0.031595 0.016515 0.050974 0.048594 -0.02939 0.055597 0.084095 0.060538 -0.012236 0.0033805 0.039611 0.020753 0.013644 0.012315 0.047557 0.044907 0.035146 -0.020688 0.11573 0.10941 -0.00091655 -0.046097 0.1871 0.15975 -0.033268 0.042608 0.13005 0.07169 0.040213 0.11247 0.07932 0.12594 0.049194 0.32076 0.18077 0.39098 -0.002179 0.19115 0.18098 0.25252 -0.064396 0.013012 0.18125 0.098964 -0.0072349 -0.033343 0.11853 0.156 -0.024722 -0.20677 0.12885 0.37148 -0.052156 -0.12903 0.10095 0.27342 -0.031416 -0.039925 0.041737 0.055549
166.92 142.57 1.9401 3.1274 -0.0096385 -0.0041422 0.023398 0.055968 -0.016996 0.0066542 0.024314 0.066095 0.015497 0.052265 0.063412 0.089074 -0.013563 0.036536 0.01874 0.039626 0.031455 0.012092 0.042015 0.073698 0.046753 0.12805 0.12307 0.22651 0.02583 0.047223 0.20078 0.25524 -0.03204 0.080708 0.24326 0.21672 0.035892 -0.014214 0.058437 0.067913 0.020164 -0.085436 0.1277 0.19135 0.085274 0.0011814 0.26591 0.21406 -0.0048565 0.079928 0.35589 0.19141 -0.00090814 -0.012491 0.033614 0.029611 0.014952 -0.024709 0.052265 0.090531 0.21657 0.0045894 0.26002 0.11897 -0.090201 -0.025492 0.34942 0.14142
174.93 141.44 1.9592 3.0556 -0.003302 0.020268 0.007556 0.020268 -0.0015042 0.0053073 0.0020121 0.0053073 -0 0 0 0 -0 0 0 0 -0.017841 -0.00086757 0.042084 0.10921 0.0033624 0.050184 0.07566 0.15767 0.06072 0.12779 0.19074 0.27688 -0.048707 0.1145 0.07623 0.13699 0.05082 0.022677 0.061046 0.08375 0.050859 0.10144 0.18418 0.2814 0.031123 0.0047671 0.25914 0.31658 -0.047443 0.068939 0.34209 0.23298 0.024395 -0.017891 0.045456 0.053382 -0.0060286 -0.059863 0.088658 0.14467 0.14013 0.014717 0.24539 0.15261 -0.056943 0.055081 0.34223 0.16521
119.7 145.13 1.834 0.42583 0.114 -0.0079646 0.18128 0.15769 -0.15469 -0.042512 0.19924 0.11976 -0.0093275 0.0036658 0.036912 0.046248 -0.00023926 -0.013069 0.024202 0.041114 -0.028574 -0.038661 0.18006 0.26392 -0.11868 -0.031752 0.19499 0.19294 0.015696 0.037126 0.14613 0.12169 -0.0054833 0.038051 0.12249 0.096028 -0.077094 -0.0066639 0.16105 0.24368 0.0019213 0.042454 0.2463 0.37422 -0.086926 0.064356 0.28087 0.3057 -0.032806 -0.028785 0.12534 0.097486 -0.055941 -0.028929 0.084294 0.04992 -0.0096358 -0.067084 0.093595 0.12555 -0.033858 -0.051938 0.10119 0.13247 0.0018684 -0.00059836 0.052233 0.056172
147.45 147.27 2.0211 4.1878 0.011881 -0.0003217 0.027881 0.024176 0.0019087 -0.011133 0.051359 0.066765 0.028994 0.01345 0.062411 0.072362 0.0075733 0.048872 0.056268 0.058245 -0.0041929 0.019868 0.067232 0.08394 0.017332 0.0052258 0.075138 0.086978 0.041429 0.0013881 0.1251 0.11469 0.049243 -0.082068 0.13421 0.1678 -0.034306 0.080723 0.1783 0.15237 -0.0069689 0.079227 0.11174 0.12624 0.10381 0.17418 0.19191 0.27026 0.02885 0.22116 0.16403 0.2966 0.010848 -0.0214 0.15807 0.11798 0.062269 0.095098 0.14089 0.14349 0.071925 0.021084 0.27749 0.36219 -0.053985 -0.11017 0.1545 0.31959
181.62 150.41 1.8971 2.8626 -0 0 0 0 -0 0 0 0 -0 0 0 0 -0 0 0 0 0.029994 0.065358 0.041549 0.066139 -0.021161 0.13043 0.069842 0.14833 0.015655 0.04624 0.089942 0.12854 0.024511 0.13026 0.096639 0.20166 -0.0073841 -0.0013832 0.11318 0.14851 -0.0066853 0.0047599 0.14312 0.2757 0.095103 0.25453 0.19987 0.44862 0.075058 0.082053 0.21733 0.36398 -0.03032 -0.028788 0.073137 0.067243 0.079878 -0.001469 0.11192 0.13006 0.1005 -0.064693 0.15837 0.22061 0.0011288 -0.047677 0.21199 0.16891
150.31 152.31 1.9543 5.7734 -0.041879 -0.031829 0.163 0.18908 -0.06604 -0.025961 0.16206 0.15104 -0.014041 0.017898 0.077066 0.070031 -0.005567 0.013832 0.025675 0.02694 -0.084453 0.0014864 0.12322 0.11733 -0.027715 0.017799 0.13841 0.11823 0.029565 0.010153 0.13515 0.11577 -0.02814 -0.0040095 0.081231 0.053091 -0.21844 0.15158 0.3328 0.24649 -0.0049058 0.066032 0.16503 0.19541 -0.011245 0.08644 0.1544 0.15401 -0.038825 0.019777 0.077462 0.068679 -0.17784 -0.016099 0.34935 0.18416 0.086669 0.052296 0.26854 0.19473 -0.053809 0.045184 0.16228 0.15895 -0.042721 -0.0097285 0.065905 0.062855
67.782 157.73 2.0471 2.8091 -0.00040195 0.01224 0.021497 0.032225 0.088148 -0.077503 0.099224 0.11738 0.043738 -0.21141 0.12178 0.28013 0.054086 -0.025276 0.22085 0.26809 -0.077779 0.13296 0.091351 0.21996 -0.0067723 0.15043 0.077676 0.27094 0.030776 0.078583 0.13604 0.26242 0.011072 -0.095785 0.243 0.30823 -0.029014 -0.16846 0.073602 0.21799 -0.018416 -0.17891 0.068779 0.26574 -0.04328 -0.13882 0.066912 0.19193 -0.020753 -0.035394 0.027326 0.040113 -0.00040463 -0.0040453 0.0037337 0.0042402 -8.8982e-05 -0.0018248 0.00039458 0.0018248 -9.8816e-06 -2.8616e-05 9.8816e-06 2.8616e-05 -0 0 0 0
174.38 158.05 2.2857 3.5622 -0.0072488 0.067373 0.037395 0.087398 -0.021258 0.092666 0.049743 0.12535 -0.048352 0.06389 0.054626 0.08031 -0.0038316 0.0037142 0.0038316 0.0037142 -0.054122 -0.10124 0.075415 0.14997 0.0015088 -0.060203 0.090222 0.28668 -0.046176 -0.018217 0.14879 0.26934 -0.03518 0.026222 0.069013 0.070488 0.016768 -0.0044535 0.043166 0.061872 0.098933 0.073614 0.12206 0.19987 0.047434 0.24962 0.25257 0.3254 -0.028225 0.18303 0.25695 0.24346 0.00080809 0.016508 0.070416 0.076804 0.064613 -0.01712 0.10114 0.13809 0.067626 -0.094967 0.17987 0.2537 -0.009759 -0.015125 0.1763 0.20651
88.729 159.49 2.0238 4.6285 -0.0074893 -0.036808 0.13299 0.087408 -0.098316 -0.087926 0.10238 0.09221 -0.0082408 0.010092 0.025041 0.037018 -0.0018861 0.0063814 0.0041696 0.0080285 -0.079969 -0.063849 0.16183 0.085226 -0.01965 0.031729 0.072824 0.073301 0.002559 0.037921 0.17238 0.14076 0.076682 0.036046 0.14215 0.12317 -0.025558 -0.0050757 0.13315 0.044663 0.078974 0.19985 0.21235 0.21644 -0.11359 0.17342 0.30182 0.25931 0.039716 -0.032119 0.14018 0.091303 0.010165 0.040314 0.1719 0.071876 0.15505 0.070953 0.31351 0.19419 -0.21611 0.065523 0.32056 0.17844 -0.011384 0.021113 0.068568 0.047407
167.87 163.82 1.8319 4.1375 0.023551 -0.060236 0.048712 0.12545 0.0083348 -0.09144 0.08085 0.22184 -0.078356 0.015095 0.11564 0.13929 -0.040439 0.039271 0.043569 0.042066 -0.0038459 -0.036961 0.03046 0.077285 0.047051 -0.11404 0.081124 0.2056 0.056993 -0.076937 0.18298 0.26544 -0.07146 0.004969 0.17252 0.14113 0.0068636 0.035973 0.096798 0.17003 0.056291 0.063373 0.1747 0.20457 0.01082 0.17058 0.21905 0.24603 -0.044797 0.016084 0.22857 0.14963 0.0085191 -0.023912 0.067018 0.079806 0.075097 -0.0010023 0.12765 0.1347 0.14987 -0.025869 0.24367 0.24379 -0.075871 0.071144 0.24464 0.17111
127.53 169.52 2.1595 1.5975 0.0068248 -0.0034339 0.10361 0.059071 0.10525 -0.11472 0.30473 0.26009 -0.033758 -0.12716 0.35974 0.38348 -0.025138 0.047106 0.18071 0.18486 -0.04105 -0.018078 0.092308 0.094167 0.081324 0.014378 0.20253 0.25098 -0.015386 -0.032876 0.24109 0.27684 -0.0097179 -0.13118 0.11755 0.23192 -0.0089736 -0.010653 0.022421 0.020406 0.050149 -0.049236 0.13352 0.13417 -0.041432 -0.047534 0.10431 0.10455 -0.001508 -0.00037913 0.0015347 0.0010448 -0.013303 0.018496 0.040594 0.061687 -0.014105 0.0099942 0.078334 0.057161 -0.0067256 0.00072281 0.021869 0.01355 0.021017 0.019245 0.029766 0.023189
65.883 171.63 1.9552 6.0207 0 0 0 0 0 0 0 0 0 0 0 0 0 0 0 0 0.00073427 0.062447 0.0075329 0.062447 0.0023896 0.089744 0.013774 0.089748 -0.016026 0.10339 0.070071 0.10339 -0.0057685 0.01251 0.0064707 0.01251 0.0071805 -0.011606 0.073939 0.22193 0.089571 0.013682 0.13976 0.3972 0.0045526 0.23533 0.20093 0.4826 -0.13225 0.2244 0.19647 0.25251 -0.021202 0.049536 0.049267 0.13425 0.013803 -0.077317 0.064442 0.12881 0.10672 -0.19563 0.1209 0.22163 0.028732 -0.074175 0.11855 0.15987
69.784 181.97 2.0341 5.6526 0 0 0 0 0 0 0 0 0 0 0 0 0 0 0 0 0.0027327 0.0025749 0.0032149 0.0035859 -0.0022274 0.071274 0.033923 0.075175 -0.019644 0.088262 0.045963 0.088262 -0.0039439 0.0096851 0.0044571 0.0096851 0.076205 0.12718 0.088199 0.17919 0.10803 0.21253 0.17733 0.44258 -0.037547 0.26074 0.19422 0.45552 -0.097255 0.17061 0.11783 0.22749 -0.010024 -0.061825 0.040253 0.10881 0.016076 -0.15896 0.03262 0.17824 0.043694 -0.19916 0.066068 0.22632 0.0089398 -0.085974 0.074485 0.13784
155.12 184.5 1.9211 1.2597 -0.018068 -0.044826 0.083075 0.078425 0.026766 -0.06663 0.094606 0.16807 -0.042114 -0.042248 0.086182 0.098921 0.027528 -0.030571 0.046014 0.061495 -0.10435 0.18492 0.12169 0.21123 -0.013486 0.20419 0.09629 0.2667 -0.0058082 0.14719 0.11411 0.20425 0.0069702 0.056536 0.072662 0.1244 -0.0062825 -0.064819 0.15943 0.34537 -0.091043 0.0021408 0.18617 0.4376 -0.091229 -0.051129 0.18627 0.30226 -0.03177 -0.043017 0.080891 0.12085 0.013065 -0.06453 0.02343 0.069268 -0.0074468 -0.097762 0.032198 0.11017 -0.015824 -0.055464 0.032364 0.070918 -0.0043664 -0.0098195 0.0084857 0.014851
177.78 184.12 1.6864 3.8379 0 -0 0 0 0 -0 0 0 0 -0 0 0 0 -0 0 0 0.012366 0.035646 0.014392 0.035646 0.028622 0.15911 0.041412 0.15911 0.00048432 0.2052 0.070215 0.2052 -0.011141 0.037889 0.01515 0.037889 0.11825 0.10665 0.13648 0.2022 0.053992 0.094085 0.17064 0.48109 -0.068074 0.039868 0.1705 0.42383 -0.070055 0.13063 0.12124 0.2246 -0.015591 -0.065483 0.085466 0.11675 -0.025886 -0.1692 0.069378 0.1896 -0.0011943 -0.1147 0.077313 0.19981 0.0095832 -0.010725 0.079836 0.1765
130.51 186.11 2.0288 0.49252 -0.026696 0.048999 0.27252 0.31128 -0.094776 0.039512 0.13176 0.12878 0.038822 -0.0033433 0.042056 0.035885 0.034885 -0.076755 0.11483 0.14643 -0.012756 -0.17365 0.22608 0.33683 -0.063686 -0.034963 0.19044 0.2493 -0.036129 0.027884 0.098295 0.12888 0.00067407 -0.032189 0.024791 0.04528 -0.032186 0.018116 0.06128 0.057893 0.096862 0.082434 0.25603 0.24105 -0.089387 0.026306 0.16908 0.20303 -0.0080351 0.00061906 0.010517 0.010862 0.055495 0.076451 0.11649 0.10739 -0.038777 0.083237 0.24106 0.24125 -0.054177 -0.013549 0.090621 0.08415 -0.0021915 -0.0012914 0.00246 0.0021369
139.47 187.68 2.0297 1.3708 -0.0038384 -0.073303 0.13723 0.18306 -0.026298 -0.020513 0.076065 0.063324 0.018845 -0.11732 0.28194 0.29199 -0.038526 -0.023916 0.061913 0.05866 -0.02222 0.17568 0.092028 0.24742 -0.012498 0.15927 0.13638 0.22236 -0.041239 0.049925 0.25301 0.1739 -0.029815 0.0044295 0.061801 0.039143 -0.078709 -0.090406 0.16285 0.34342 -0.092062 -0.09009 0.21239 0.38247 -0.070918 -0.058363 0.17526 0.1557 -0.014877 -0.0064906 0.023539 0.017957 -0.0030223 -0.054773 0.025278 0.064101 -0.012494 -0.03011 0.024537 0.051065 -0.0033321 -0.011193 0.010754 0.014327 -0.00043189 -0.00064148 0.000575 0.00078507
112.38 190.14 1.7891 2.8253 0.0064225 -0.014022 0.0143 0.021762 -0.0038328 -0.049787 0.075244 0.1015 0.011898 -0.023588 0.05795 0.050748 -0.025001 -0.055453 0.11017 0.10049 0.0087978 0.0042546 0.0087978 0.0058094 0.015565 0.075549 0.071812 0.14379 -0.041681 0.03501 0.05515 0.05245 0.00031648 0.0015858 0.0014013 0.003709 0.024393 0.0013573 0.024393 0.014005 0.20965 0.10453 0.28381 0.32802 -0.17916 0.21903 0.29716 0.30424 -0.043746 0.034023 0.049533 0.044537 0.001357 -4.631e-05 0.001357 0.00045495 0.21616 -0.094683 0.22225 0.12979 0.018897 0.12599 0.28935 0.27784 -0.11947 0.17131 0.14063 0.17877
95.69 123.85 2.8698 1.8605 -0.0014189 0.0043399 0.0014189 0.0043399 -0 0 0 0 -0 0 0 0 -0 0 0 0 -0.0082172 0.086509 0.11654 0.18275 0.049244 0.22887 0.13834 0.40988 -0.042787 0.19739 0.14534 0.39135 -0.043511 0.041953 0.055252 0.062454 0.0037336 -0.059648 0.11298 0.13916 0.095679 -0.13658 0.20576 0.35372 0.015633 -0.081535 0.25327 0.26158 -0.084053 -0.0040216 0.18311 0.056412 -0.020395 -0.0039481 0.055487 0.049003 0.063264 -0.015683 0.090948 0.060945 -0.026019 -0.0545 0.14966 0.086758 -0.026064 -0.012805 0.081491 0.01961
133.06 126.06 2.9357 1.5994 -0 0 0 0 -0 0 0 0 -0 0 0 0 -0 0 0 0 -0.025835 0.1828 0.098929 0.25205 -0.024082 0.22269 0.097832 0.27005 -0.024441 0.15055 0.10017 0.23449 0.058522 0.15046 0.082309 0.18517 0.0095249 -0.10128 0.1492 0.30007 -0.037383 -0.10294 0.16896 0.38101 -0.01537 -0.039088 0.21628 0.27881 0.012881 -0.092658 0.13434 0.26839 -0.018585 -0.015672 0.050241 0.0332 0.045631 -0.037518 0.10063 0.068253 -0.015008 -0.02857 0.14864 0.14339 -0.017722 0.00024743 0.052062 0.042929
84.18 127.88 2.8197 5.013 0.018914 0.0036188 0.018914 0.0038212 0.026462 0.025006 0.12939 0.045683 -0.0040266 0.068275 0.088874 0.079968 -0.0031427 0.0076654 0.041628 0.03116 0.051193 -0.0011429 0.051193 0.0049475 0.092128 0.069191 0.38799 0.10728 -0.059887 0.066257 0.22501 0.14886 -0.023913 0.069786 0.077047 0.099002 0.013252 -0.0014691 0.013252 0.0017072 0.1416 -0.095775 0.27962 0.28296 0.028844 -0.12304 0.18896 0.54497 -0.053435 -0.059693 0.14822 0.31221 0 0 0 0 0.0085388 -0.026314 0.011993 0.029513 0.0036683 -0.062103 0.014745 0.066914 0.000517 -0.030979 0.011734 0.031834
139.78 136.99 2.8583 4.7913 0.0078483 0.010755 0.063618 0.065935 -0.02685 0.035312 0.089275 0.081688 0.006236 0.002771 0.048839 0.038353 0.001971 0.020423 0.026615 0.02874 0.041135 0.038843 0.14673 0.11608 -0.045687 0.043586 0.23333 0.14959 -0.015271 0.086962 0.10647 0.12321 0.020441 0.019562 0.1239 0.091923 -0.0044288 -0.058046 0.15301 0.21205 0.031192 -0.05708 0.2325 0.36536 0.031317 -0.028382 0.23515 0.5931 -0.046558 0.0063242 0.16302 0.24405 0.0027341 -0.019837 0.0084209 0.020297 0.0012516 -0.052311 0.019564 0.056139 0.016653 -0.079171 0.030845 0.082725 -0.0069157 -0.053787 0.026244 0.07188
74.19 146.64 2.7689 5.8587 0 0 0 0 0.0035683 0.008573 0.0035683 0.008573 0.012256 0.041846 0.014322 0.041846 0.0049112 0.046451 0.019395 0.048469 0.01615 0.025807 0.021818 0.029962 0.0058655 0.067822 0.16002 0.19397 0.01437 -0.0079064 0.070534 0.19864 0.037315 -0.043297 0.054163 0.14785 0.055506 0.10471 0.27381 0.18235 -0.011706 0.14473 0.36655 0.37827 -0.11604 0.11252 0.18649 0.23015 -0.023369 -0.0051701 0.051343 0.052229 0.11082 -0.031373 0.24994 0.15852 -0.12466 0.064155 0.26894 0.24836 -0.078914 -0.050643 0.11536 0.1388 -0.00012483 0.021053 0.070683 0.078654
136.24 147.84 2.6992 3.8299 -0.0027824 -7.2618e-05 0.0089958 0.013587 0.0070403 -0.00077388 0.037777 0.05488 0.041167 0.0020216 0.060628 0.06903 0.0087109 0.0055756 0.086218 0.098972 0.0010025 0.00441 0.047048 0.046983 0.0016152 0.051187 0.087198 0.13379 0.052146 0.053655 0.10692 0.1511 0.061233 0.076719 0.24885 0.31991 0.028761 0.017495 0.11088 0.10553 0.05448 -0.01393 0.22105 0.3043 0.10324 0.068326 0.3218 0.29225 -0.09096 -0.11638 0.29126 0.25217 -0.0013489 0.0013649 0.042931 0.046487 0.075039 0.058621 0.15315 0.15122 -0.045179 -0.048393 0.22777 0.23723 -0.034831 -0.031003 0.047637 0.036371
111.57 158.23 2.7562 4.9255 -0.026673 -0.044108 0.040566 0.068252 -0.013786 -0.030514 0.019281 0.041493 -0.0036406 -0.0052137 0.0095013 0.015481 0.0037056 0.0020309 0.012736 0.016491 -0.016025 0.052096 0.064612 0.083929 0.037928 0.074362 0.13203 0.15709 -0.010537 0.081608 0.11772 0.16206 -0.010182 0.0099083 0.050308 0.063586 -0.10235 0.035918 0.19292 0.13582 0.019596 -0.0051357 0.18474 0.1493 0.029503 0.058923 0.32244 0.31492 -0.062423 0.039759 0.13773 0.1023 -0.020896 0.10384 0.14194 0.25084 -0.078656 0.1113 0.21924 0.39406 0.014304 0.081949 0.29522 0.22539 -0.03545 0.10878 0.097588 0.14034
121.02 159.7 3.1465 4.8038 -0.020357 -0.034123 0.023284 0.042818 -0.0075927 -0.012934 0.011854 0.017951 0.0030649 0.0089007 0.018334 0.024825 0.0079679 -0.0084096 0.014878 0.027842 0.013355 0.02555 0.060338 0.062457 -0.0046966 0.077502 0.13099 0.16786 -0.025519 0.035105 0.11259 0.15093 0.00665 0.0072363 0.05548 0.055655 -0.048058 0.015568 0.13481 0.073682 0.094608 0.0049251 0.28313 0.24563 -0.09055 0.094528 0.35555 0.27789 -0.010515 0.026822 0.11512 0.07657 -0.022475 0.15712 0.14368 0.23116 -0.036495 0.13008 0.22219 0.26104 -0.0027985 0.11328 0.31252 0.22131 -0.015279 0.16691 0.09983 0.20226
76.009 161.93 3.0513 2.6517 0.011667 -0.0051079 0.028868 0.026767 0.05293 0.00084832 0.12095 0.12076 0.12523 0.03983 0.22456 0.24926 0.049986 -0.086729 0.25056 0.20438 -0.038546 0.10727 0.068295 0.12197 0.038689 0.05602 0.096761 0.16177 0.065834 -0.11919 0.18879 0.32451 -0.02365 -0.1169 0.33494 0.31744 0.033951 -0.083225 0.092672 0.20836 -0.081601 -0.064346 0.11891 0.32605 -0.033168 -0.061616 0.093111 0.21476 -0.023511 -0.036701 0.050128 0.057205 0.0040717 -0.018222 0.005835 0.018222 -0.0054762 -0.035669 0.011981 0.035949 -0.0042633 -0.012522 0.0042633 0.012558 -0.00020732 -0.00049901 0.00020732 0.00049901
63.677 164.49 2.9291 6.0308 0 0 0 0 0 0 0 0 0 0 0 0 0 0 0 0 0.0038764 0.0095181 0.0038764 0.0095181 0.017859 0.10207 0.024558 0.10207 0.0073141 0.11302 0.037139 0.11391 -0.0070274 0.031544 0.012328 0.031694 0.0027764 0.10691 0.21535 0.33024 0.011439 0.016023 0.10936 0.35707 0.11724 -0.057727 0.17034 0.39135 -0.068704 0.079104 0.16941 0.24512 -0.025961 0.1038 0.21846 0.30837 -0.15545 0.088685 0.20154 0.27247 -0.0078764 -0.034308 0.082916 0.096535 0.048487 -0.071743 0.08514 0.097932
185.98 168.18 2.8076 3.3134 0 -0 0 0 0 -0 0 0 0 -0 0 0 0 -0 0 0 0.0060847 0.011143 0.0060847 0.011143 0.00738 0.11735 0.034565 0.11735 -0.016813 0.11286 0.037438 0.11286 -0.0025919 0.0058236 0.0025919 0.0058236 0.10482 0.098261 0.14193 0.1713 -0.068438 -0.0038354 0.21606 0.37943 -0.02692 0.054729 0.17128 0.46824 -0.00062823 0.13739 0.15298 0.251 -0.003717 -0.03368 0.10881 0.083235 -0.013586 -0.031692 0.10178 0.1111 0.14482 0.0061579 0.17146 0.22032 0.031841 0.017193 0.25624 0.33296
74.322 174.55 3.0958 2.3584 0.0031298 -0.0022758 0.022022 0.032392 0.038271 -0.034605 0.094358 0.098626 0.083239 -0.13799 0.18127 0.20923 0.00395 -0.072589 0.29256 0.1884 0.037828 0.063329 0.10455 0.21221 -0.009107 0.22481 0.08609 0.38195 -0.036145 0.071128 0.17751 0.36632 -0.032493 -0.029618 0.096897 0.11156 0.049756 -0.10734 0.055124 0.14299 -0.0044033 -0.24172 0.096728 0.35507 -0.079201 -0.12206 0.090738 0.16088 -0.0079682 -0.010592 0.0086287 0.011056 -5.569e-06 -5.226e-05 5.7779e-06 5.226e-05 -0.00038999 -0.0016357 0.00077637 0.0016357 0.00021775 -0.00026656 0.00033328 0.00026656 -0 0 0 0
177.4 174.64 2.9429 3.5279 0 -0 0 0 0 -0 0 0 0 -0 0 0 0 -0 0 0 0.036463 0.047203 0.037414 0.04879 0.058997 0.23212 0.11823 0.26336 -0.044631 0.13704 0.10486 0.27421 -0.034721 0.050733 0.041589 0.072137 0.086961 0.026876 0.14757 0.12867 -0.074521 -0.15 0.18343 0.31257 0.033784 -0.011504 0.16172 0.37057 -0.023145 0.13598 0.18053 0.30925 -0.0093042 -0.031728 0.069741 0.052974 0.0018704 -0.0058545 0.10655 0.10114 0.09518 -0.0048659 0.15406 0.16581 0.039741 0.0098349 0.21903 0.27555
76.032 192.73 2.7106 5.3542 0 0 0 0 0 0 0 0 0 0 0 0 0 0 0 0 0 0 0 0 0.0061492 0.01593 0.0061492 0.01593 0.0025208 0.011112 0.0025208 0.011112 4.3099e-06 2.9804e-05 4.3099e-06 2.9804e-05 0.10856 0.10309 0.12228 0.14406 0.05785 0.17153 0.19051 0.59949 -0.13126 0.15269 0.17664 0.48901 -0.077325 0.069284 0.081199 0.10934 -0.0012339 -0.027577 0.10877 0.16938 -0.02478 -0.13301 0.078153 0.22559 -0.013564 -0.1263 0.054936 0.16115 -0.031628 -0.042614 0.052531 0.071342
83.376 198.12 2.8859 5.0886 0 0 0 0 0 0 0 0 0 0 0 0 0 0 0 0 0 0 0 0 0.0017452 0.0041931 0.0017452 0.0041931 0.0024253 0.0071032 0.0024253 0.0071032 0 0 0 0 0.10536 0.12972 0.11446 0.14485 0.064203 0.31188 0.20206 0.56677 -0.11311 0.13773 0.15097 0.4165 -0.07205 0.030467 0.081545 0.091208 0.055594 -0.016941 0.16758 0.17524 -0.068128 -0.16698 0.11957 0.26586 -0.033901 -0.12316 0.052511 0.15222 -0.019416 -0.030398 0.0249 0.037961
144.31 119.62 3.7056 1.4414 0 0 0 0 0 0 0 0 0 0 0 0 0 0 0 0 0.0068579 0.027689 0.0068579 0.027689 -0.0023019 0.10091 0.026321 0.10091 0.011937 0.1337 0.04159 0.13862 0.058499 0.11048 0.088252 0.15844 0.073081 0.022465 0.13215 0.13933 0.0062367 -0.0097498 0.21582 0.63434 -0.035488 -0.0042409 0.23995 0.43815 -0.0052769 -0.047059 0.15448 0.23717 0.028685 -0.015506 0.075523 0.048993 -0.027905 -0.05389 0.098763 0.10076 0.01931 -0.053614 0.095765 0.097103 -0.016922 -0.015986 0.073435 0.065423
94.968 124.62 3.8232 1.8119 -0 0 0 0 -0 0 0 0 -0 0 0 0 -0 0 0 0 -0.0098804 0.070059 0.11942 0.20693 0.041651 0.1829 0.10958 0.46477 -0.081944 0.1645 0.16468 0.31074 -0.027756 0.016907 0.033041 0.023956 -0.0092715 -0.045498 0.16676 0.14628 0.10367 -0.10813 0.20654 0.33702 -0.10098 -0.076126 0.38901 0.23934 -0.049122 -0.0033752 0.094023 0.021873 0.0026844 -0.022061 0.05325 0.056807 0.029798 -0.031877 0.0669 0.065095 -0.021702 -0.045352 0.13977 0.085578 -0.014896 -0.004255 0.035177 0.0099556
153.22 128.53 2.9791 1.4309 0 0 0 0 0 0 0 0 0.00010539 0.00074861 0.00010539 0.00074861 0.0008985 0.0063822 0.0008985 0.0063822 0.057459 0.054715 0.081893 0.09092 0.051879 0.18425 0.15633 0.39612 -0.0078252 0.1829 0.16903 0.43328 -0.017296 0.062135 0.12672 0.19889 0.070097 -0.015907 0.14359 0.10035 0.01504 -0.10813 0.22244 0.34456 -0.031388 -0.16696 0.15651 0.32618 -0.010365 -0.028203 0.15614 0.13059 0.028668 -0.0079041 0.061276 0.030812 -0.020193 -0.028019 0.091871 0.064431 -0.012461 -0.0065202 0.057695 0.048644 0.013936 -0.026032 0.055012 0.062005
100.12 137.21 3.549 4.7697 0.010334 -0.0059045 0.058863 0.029263 -0.019831 0.0036964 0.047247 0.056764 0.0026618 0.022905 0.046976 0.054938 -0.0071424 0.013972 0.024197 0.036818 0.056961 0.025834 0.17257 0.063085 -0.061064 0.0862 0.21916 0.15236 0.028298 0.073188 0.16745 0.16963 -0.02129 0.043932 0.13538 0.09845 0.093877 -0.025322 0.1689 0.1185 0.0082618 -0.05144 0.26482 0.50502 -0.07215 -0.070675 0.19426 0.49102 0.019357 -0.056383 0.12174 0.24257 0.010238 -0.014494 0.011351 0.019414 -0.0061707 -0.077497 0.030873 0.097751 -0.007595 -0.040658 0.012517 0.041931 0.001178 -0.022916 0.0075543 0.023263
86.739 143.02 3.6641 3.4521 -0.010943 0.0068854 0.022516 0.010221 0.019218 -0.0081874 0.090159 0.079058 0.066221 0.010704 0.17426 0.13925 -0.053309 -0.015863 0.13863 0.07282 -0.037143 0.020594 0.094424 0.047799 0.068581 0.05667 0.13651 0.1545 0.1228 0.090661 0.4855 0.24113 -0.12898 0.0054929 0.26881 0.061172 -0.0040708 -0.024202 0.070237 0.080199 0.068347 -0.052577 0.12544 0.28331 0.050644 -0.14332 0.28129 0.40034 -0.092187 -0.045969 0.15859 0.078738 0.0020936 -0.0046727 0.0031117 0.0055806 0.006237 -0.01946 0.0093289 0.044981 -0.0033157 -0.04323 0.016312 0.066878 -0.004832 -0.0082363 0.0063019 0.0093298
75.188 149.48 3.0755 5.8224 0 0 0 0 0.0074673 0.016303 0.0074673 0.016303 0.014995 0.048012 0.018533 0.048093 0.0031018 0.053867 0.018237 0.05719 0.025002 0.031221 0.034296 0.038369 0.015879 0.056749 0.16259 0.20347 0.016708 -0.019567 0.064036 0.19729 0.037567 -0.057029 0.053112 0.15148 0.072965 0.11328 0.30792 0.20078 0.0054267 0.16633 0.34477 0.37439 -0.12079 0.092534 0.17454 0.21096 -0.019431 -0.0035313 0.045565 0.057143 0.081326 0.00724 0.2411 0.15986 -0.13416 0.071147 0.25322 0.25784 -0.071015 -0.054713 0.11034 0.14111 -0.010318 0.016947 0.060395 0.077033
170.83 163.12 3.4503 0.42484 -0.084712 -0.069147 0.32407 0.30837 -0.09979 0.04137 0.16988 0.19831 -0.02729 0.013172 0.09652 0.10818 -0.0014752 -0.0016925 0.031599 0.030995 0.019448 -0.13196 0.28648 0.30353 -0.11512 -0.093804 0.22832 0.31133 -0.038429 -0.0031894 0.093477 0.15183 0.036349 0.060397 0.082852 0.090837 0.028753 -0.035373 0.051485 0.06661 0.035269 -0.039212 0.13716 0.30153 0.053223 0.024281 0.11552 0.28666 -0.050459 -0.043012 0.099547 0.15021 0.0011838 -0.0012038 0.0011838 0.0012038 0.013069 -0.032308 0.017953 0.038064 0.0066247 -0.052476 0.020218 0.056658 -0.006877 -0.018584 0.0084799 0.018711
76.025 176.75 3.6369 2.3516 0.0099851 -0.001301 0.034627 0.033695 0.035157 -0.027713 0.11763 0.14543 0.095973 -0.11003 0.27922 0.2808 -0.074489 -0.11927 0.33806 0.19888 0.046871 0.021824 0.090015 0.13143 0.010662 0.1518 0.10047 0.38502 -0.056433 -0.028366 0.20078 0.4134 -0.059119 -0.062321 0.13638 0.12188 0.03008 -0.03703 0.031684 0.050161 0.01377 -0.14246 0.069538 0.25914 -0.064267 -0.097035 0.08062 0.15692 -0.0073777 -0.009367 0.0079299 0.01054 -0 0 0 0 -0 0 0 0 -2.3009e-07 -4.9912e-05 2.3009e-07 4.9912e-05 -0 0 0 0
171.59 180.71 3.7035 0.82298 0.068032 -0.14327 0.31994 0.2897 -0.10522 -0.077352 0.24 0.29018 -0.013112 -0.032791 0.098029 0.12211 -0.0069096 0.00031245 0.043807 0.040461 0.065742 -0.052417 0.16124 0.1595 0.0040573 0.019977 0.21445 0.44946 -0.040417 0.089958 0.16395 0.33636 -0.040771 -0.010282 0.073193 0.071326 0.01459 -0.015286 0.017404 0.019452 0.06404 -0.12545 0.077684 0.21679 -0.041309 -0.11144 0.075117 0.1923 -0.012045 -0.012858 0.013074 0.014779 0 0 0 0 0 0 0 0 0 0 0 0 0 0 0 0
106.31 192.71 3.4963 4.5243 0 -0 0 0 0 -0 0 0 0 -0 0 0 0.00028693 0.0015074 0.00028693 0.0015074 0.026799 0.052405 0.028971 0.052405 0.033404 0.22629 0.11131 0.23398 -0.04691 0.058991 0.076174 0.081305 0.022047 0.015488 0.052584 0.050449 0.082888 0.16636 0.31484 0.31344 -0.22667 -0.10366 0.32442 0.37306 -0.07548 -0.054689 0.083683 0.086436 0.017437 0.042889 0.090576 0.090773 -0.08998 -0.095503 0.24763 0.15677 -0.053951 -0.042276 0.11594 0.12347 0.03295 0.10036 0.14237 0.15896 -0.013302 0.060752 0.15705 0.21778
114.02 118.19 4.7987 1.7792 -0 0 0 0 -0 0 0 0 -0 0 0 0 -0 0 0 0 -0.028232 0.1311 0.091398 0.20655 -0.032342 0.13055 0.046369 0.13268 0.0059884 0.1638 0.030574 0.1638 -0.012135 0.040408 0.01569 0.040408 0.010003 -0.065281 0.14764 0.26746 -0.023577 -0.023046 0.23239 0.39236 0.038976 -0.015167 0.24439 0.57209 -0.10437 0.017383 0.18666 0.1455 0.0099073 -0.015022 0.04001 0.038875 -0.011201 -0.047614 0.10565 0.10548 0.017875 -0.068754 0.12537 0.10888 -0.027941 -0.019202 0.09356 0.039045
180.16 142 5.3979 3.2762 0 -0 0 0 0 -0 0 0 0 -0 0 0 0 -0 0 0 0.0059291 0.036001 0.044083 0.087856 -0.018981 0.06137 0.047615 0.14207 -0.0095041 0.047613 0.016396 0.051577 -0.00044822 0.00079968 0.00044822 0.00079968 -0.0029969 -0.025044 0.10179 0.096096 0.1225 0.01605 0.24765 0.29674 -0.11318 0.13226 0.50721 0.33151 -0.03101 0.0017009 0.03101 0.012998 0.010912 -0.0015387 0.045763 0.033403 0.16094 0.027391 0.20961 0.17392 -0.12026 -0.048129 0.47183 0.16952 -0.013551 -0.0034721 0.013551 0.0042268
147.26 145.77 5.1891 4.7385 -0.0085038 -0.0026372 0.012945 0.024753 0.0062459 0.0016997 0.0177 0.03249 0.019689 -0.0017806 0.050371 0.073545 -0.014151 0.0059155 0.031267 0.022642 0.017316 0.028311 0.09817 0.074839 -0.02512 0.060168 0.14042 0.11801 0.02599 0.04233 0.14954 0.12733 -0.027736 -0.00086964 0.072311 0.034585 -0.032868 -0.0078216 0.14706 0.35881 0.034546 -0.031837 0.1755 0.53295 -0.066867 -0.016185 0.26833 0.55106 -0.049296 -0.0064059 0.069163 0.052659 -0.010044 -0.036093 0.016972 0.057033 0.0075654 -0.052009 0.018873 0.079442 -0.0065504 -0.055394 0.029097 0.087789 -0.0054735 -0.0053856 0.0063962 0.0084367
83.284 161.96 4.6891 5.3587 0 0 0 0 0.00757 0.01531 0.0087529 0.01531 -0.0015926 0.054626 0.015408 0.054626 -0.0039873 0.0088348 0.004076 0.0088348 0.010396 0.0079357 0.014927 0.01002 0.038698 0.01365 0.12647 0.18841 -0.015049 -0.051934 0.07596 0.27072 -0.024503 -0.008394 0.033948 0.062107 0.063127 0.051911 0.1539 0.060832 -0.048808 0.13189 0.37426 0.2887 -0.059279 0.036092 0.1787 0.16887 -0.014701 0.011956 0.046195 0.048528 0.064009 -0.025308 0.092777 0.070027 0.012996 -0.093084 0.2687 0.48947 -0.040636 0.067384 0.25257 0.28227 -0.037308 0.030334 0.093529 0.068619
56.055 165.27 4.9707 0.24731 0 0 0 0 0 0 0 0 0 0 0 0 0 0 0 0 0.0029427 0.085795 0.0082175 0.085795 -0.010329 0.054936 0.01269 0.054936 -0.0011402 0.0025676 0.0011402 0.0025676 0 0 0 0 -0.083709 0.16035 0.31061 0.47936 -0.047203 0.063436 0.25094 0.42293 -0.070683 0.10339 0.19755 0.18696 -0.0075836 0.0044887 0.0075836 0.0044887 -0.096326 -0.061173 0.33486 0.21577 -0.022315 -0.029924 0.15629 0.14979 -0.024174 -0.031867 0.22132 0.10398 -0.016966 -8.4165e-05 0.017175 0.0060599
163.65 167.35 4.5919 0.83027 0.085171 0.041349 0.12564 0.13466 -0.044193 -0.0078537 0.41965 0.49114 -0.055751 -0.085491 0.21118 0.23419 -0.023816 -0.018208 0.069908 0.066418 0.08665 -0.067062 0.13861 0.11914 -0.074465 -0.13591 0.29692 0.30815 -0.02683 -0.027053 0.10157 0.1223 -0.0053027 0.0010574 0.035421 0.033874 0.015448 -0.0083046 0.019804 0.016079 0.042196 -0.04382 0.12034 0.23075 -0.037294 -0.0104 0.096428 0.22328 -0.018084 -0.0086396 0.025679 0.023643 -2.5252e-05 -2.7626e-05 2.5252e-05 2.7626e-05 0.0065412 -0.013997 0.0068015 0.014987 -0.0034985 -0.018115 0.0090913 0.020462 -0.00081802 -0.00106 0.00085792 0.0010839
67.56 192.64 5.0168 5.4286 0 0 0 0 0 0 0 0 2.777e-18 2.4172e-18 2.777e-18 2.4172e-18 4.2839e-18 3.7287e-18 8.0444e-18 7.002e-18 0 0 0 0 0.00037995 0.0016221 0.00037995 0.0016221 0.00027571 0.00144 0.00027571 0.00144 -1.5388e-18 -1.3394e-18 2.7496e-18 2.3933e-18 0.028381 0.025653 0.038977 0.039785 0.10453 0.050027 0.19976 0.49264 -0.097204 0.06145 0.16272 0.5003 -0.035514 0.014598 0.039436 0.05399 0.089431 0.11508 0.25334 0.1653 -0.074815 0.085067 0.30446 0.36574 -0.036455 -0.022871 0.11447 0.18423 -0.0071481 0.0001392 0.030559 0.038994
88.273 127.32 7.3695 1.5232 0 0 0 0 0 0 0 0 0 0 0 0 0 0 0 0 -0.0072331 0.10491 0.063831 0.22898 0.059017 0.17363 0.17866 0.45272 -0.084957 0.07807 0.13984 0.15836 -0.001404 0.00030805 0.001404 0.00030805 -0.0028732 -0.068868 0.16023 0.31193 0.011873 -0.13709 0.33152 0.45784 -0.10084 -0.042191 0.25562 0.15805 -0.0080053 0.00098369 0.0082874 0.0021333 -0.0088748 -0.011974 0.029795 0.044485 0.025747 -0.014489 0.062586 0.097008 -0.024796 -0.016498 0.10095 0.083582 -0.0037124 -0.00068193 0.0037333 0.0011269
184.35 143.72 6.3236 3.1415 -0 0 0 0 -0 0 0 0 -0 0 0 0 -0 0 0 0 0.0071441 0.022049 0.012226 0.026644 -0.0061726 0.037284 0.026335 0.084694 -0.004104 0.034703 0.011392 0.038045 -0.00021784 0.00066469 0.00021784 0.00066469 0.017252 -0.0041057 0.11299 0.089747 0.066604 0.0029042 0.20398 0.28332 -0.094004 0.12647 0.57938 0.32714 -0.042764 0.0051886 0.044581 0.016951 0.0023903 -0.009879 0.038072 0.016105 0.082958 0.0097738 0.14624 0.13732 -0.081761 -0.033651 0.52544 0.17955 -0.03243 -0.0029899 0.032588 0.0090476
145.23 152.14 6.7284 4.5946 -0.0029898 0.015951 0.013063 0.02797 0.0035708 0.0043626 0.010196 0.02369 -0.0035583 0.019247 0.032217 0.051553 -0.0036818 0.0026785 0.0043885 0.0036756 -0.016811 0.012925 0.094573 0.10531 0.0040306 0.060413 0.10181 0.11498 -0.0040747 0.042347 0.17199 0.15277 -0.019067 0.0031404 0.034602 0.017537 0.0077883 0.038583 0.23662 0.32362 0.012342 -0.014972 0.26238 0.5494 -0.086506 -0.028459 0.25316 0.4989 -0.032544 -0.005272 0.038176 0.026644 -0.0040481 -0.055768 0.048473 0.10096 -0.011419 -0.052676 0.02875 0.085895 -0.0087617 -0.037816 0.017981 0.055869 -0.0023274 -0.002073 0.0023274 0.0027842
194.37 186.13 6.254 3.4782 0 -0 0 0 0 -0 0 0 0 -0 0 0 0 -0 0 0 0 -0 0 0 0 -0 0 0 0 -0 0 0 0 -0 0 0 0.0037252 0.0013143 0.0037252 0.0013143 0.060107 0.039752 0.19333 0.26612 -0.024356 0.13464 0.18229 0.41884 -0.034219 0.098487 0.050119 0.11323 0.012476 0.001062 0.012476 0.0030394 0.012448 -0.038546 0.14423 0.11604 0.2208 0.035319 0.3288 0.35189 -0.087049 0.04952 0.43312 0.34236
62.718 102.52 10.181 0.76436 0 0 0 0 0 0 0 0 0 0 0 0 0 0 0 0 0 0 0 0 0 0 0 0 0 0 0 0 0 0 0 0 0.00021212 -0.00022123 0.00021212 0.00022123 0.15979 0.14412 0.40265 0.41163 -0.12001 0.090176 0.3318 0.32009 -0.0084096 0.0081042 0.017758 0.011339 0.06957 0.019412 0.091033 0.11065 -0.0243 -0.049024 0.35955 0.38802 -0.043829 -0.054648 0.22114 0.15019 -0.011795 -0.0039141 0.034211 0.014272
56.717 153.9 10.015 5.7802 0 0 0 0 0 0 0 0 0 0 0 0 5.9622e-19 1.0837e-18 5.9622e-19 1.0837e-18 0 0 0 0 0.0039099 0.0076937 0.0090488 0.014223 0.00112 0.048243 0.050277 0.12522 -0.0069224 0.0090271 0.0082159 0.013848 0 0 0 0 0.099549 0.060033 0.41559 0.37217 -0.11127 0.070157 0.3507 0.4015 -0.017019 0.0030576 0.0373 0.037344 0 0 0 0 0.074711 -0.070936 0.1767 0.13443 -0.04624 -0.0010722 0.44104 0.28505 -0.033524 0.009461 0.083554 0.058161
104.75 160.99 10.242 4.8045 0 0 0 0 0.00086883 0.0060468 0.002757 0.0060468 -0.00058693 0.0023576 0.00126 0.0023576 0 0 0 0 0.011339 0.0019625 0.011339 0.002426 0.0018422 0.049217 0.16669 0.1767 0.0030711 0.048065 0.066588 0.11897 -0.011148 0.016644 0.054989 0.04926 0.021668 -0.0007975 0.021668 0.0039581 0.060164 -0.032294 0.317 0.49698 0.0015044 -0.010675 0.25004 0.66919 -0.061667 -0.010836 0.10601 0.12668 0.00099316 -0.00038063 0.00099316 0.00038063 0.0049384 -0.034984 0.025244 0.060171 0.003516 -0.047264 0.026423 0.08751 -0.0068135 -0.010686 0.011516 0.017337
