51 64
90.669 116.21 2.0375 0.82333 0 0 0 0 0 0 0 0 0.0080925 0.0021144 0.0080925 0.0029097 0.0024007 0.018197 0.022054 0.032139 0.0002877 0.0020597 0.00090424 0.0020597 0.0055574 0.027216 0.019465 0.031177 0.022984 0.086613 0.056307 0.10224 0.0028799 0.028008 0.10976 0.09996 0.086759 0.17928 0.20629 0.32391 -0.077638 0.091554 0.3399 0.42293 -0.039149 -0.00027125 0.30925 0.40986 -0.05412 0.008613 0.16897 0.16113 -0.03131 -0.057631 0.16056 0.17677 -0.040529 -0.094445 0.13787 0.14209 -0.02802 -0.0081678 0.090749 0.095213 -0.013618 -0.0095213 0.03406 0.045672
113.67 120.24 1.9868 4.7194 0.014046 -0.0082907 0.043713 0.03235 -0.016323 -0.040555 0.058894 0.067037 -0.012477 -0.019717 0.055826 0.055766 0.00089753 0.0083195 0.037373 0.038457 -0.02746 0.062704 0.13812 0.12145 -0.0092618 0.12989 0.090507 0.16375 0.035106 0.1598 0.10631 0.16554 0.0087599 0.10103 0.095203 0.14558 0.085707 -0.072792 0.14687 0.28517 -0.0098313 -0.075121 0.16718 0.63868 -0.075811 -0.11411 0.17084 0.33904 0.0017507 -0.095654 0.053946 0.17642 0.0073404 -0.022504 0.0074901 0.022504 0.0033969 -0.073431 0.015217 0.083749 -0.011951 -0.03915 0.012642 0.041912 -0.00098076 -0.0073841 0.0011466 0.0073841
88.036 122.83 1.7041 0.65481 0 0 0 0 0.0062937 -0.00074338 0.0062937 0.0031702 0.0074101 0.012717 0.066806 0.056847 -0.015154 0.00050711 0.019808 0.017621 0.0059334 0.030213 0.013759 0.030213 0.044477 0.13216 0.1024 0.20203 0.017211 0.083721 0.26602 0.23006 -0.035815 0.016346 0.070327 0.040156 -0.01184 0.082817 0.3261 0.33297 -0.058287 -0.036142 0.33848 0.42703 -0.042759 -0.1014 0.20952 0.33371 -0.042742 -0.014946 0.074207 0.078521 -0.078213 -0.06767 0.1372 0.11972 0.0011755 -0.032786 0.076532 0.079591 -0.026345 0.043784 0.070798 0.080353 -0.013439 0.0055704 0.01989 0.020734
136.55 124.59 1.9603 4.88 -0.0080159 -0.020506 0.039355 0.042411 -0.0031559 -0.020756 0.046118 0.055274 0.040956 -0.014516 0.071277 0.064906 0.0033352 0.0076031 0.065157 0.05434 -0.0028266 0.074934 0.038151 0.08414 -0.015755 0.1127 0.13958 0.21981 0.030379 0.04803 0.11077 0.13983 0.02448 0.0045454 0.15991 0.087121 -0.015025 -0.040918 0.080847 0.19663 0.06585 -0.050748 0.18152 0.45656 -0.066956 0.02668 0.23931 0.60023 -0.061162 -0.040678 0.14009 0.16429 -0.0032595 -0.033146 0.0091384 0.033618 0.019664 -0.077739 0.028893 0.094442 -0.014898 -0.081881 0.03272 0.10421 -0.009694 -0.017241 0.010726 0.018239
72.533 125.77 1.9456 5.7804 0 0 0 0 0 0 0 0 0 0 0 0 0.0096108 0.0028472 0.010695 0.0060435 0.021488 0.0096478 0.021488 0.0097782 -0.019557 0.086273 0.11452 0.10296 -0.0095028 0.062361 0.043446 0.089727 0.016206 0.010209 0.04305 0.044976 0.03317 -0.0065051 0.03326 0.013591 0.02954 -0.027566 0.1916 0.19315 0.065548 0.17862 0.2778 0.52058 -0.080354 0.040699 0.14344 0.19641 0.00054582 -0.00073884 0.00056152 0.00073884 0.043709 -0.011233 0.053538 0.04142 -0.0076578 0.055561 0.42191 0.44228 -0.031841 0.044191 0.10598 0.14706
85.331 133.67 2.0765 3.5449 -0.0098862 -0.0035358 0.035177 0.031571 0.061469 -0.061359 0.089234 0.080442 -0.012643 -0.038579 0.098588 0.11007 0.038585 0.059522 0.095353 0.087977 -0.019072 0.016886 0.069561 0.056033 0.067956 0.043438 0.11277 0.14173 0.12183 0.066928 0.20816 0.42118 0.043208 0.0055563 0.27192 0.3515 -0.0067502 -0.0068706 0.029731 0.027973 0.12497 -0.055696 0.18551 0.11456 0.01856 -0.10744 0.31509 0.42468 -0.060682 -0.084815 0.10817 0.17113 -0.00014724 -0.00068127 0.00016713 0.00068127 0.022465 -0.012916 0.027712 0.028676 0.016731 -0.028133 0.12522 0.10568 -0.018351 0.00060199 0.02722 0.017461
167.94 136.83 1.885 3.3631 -0.00083851 0.00011336 0.00083851 0.00073045 0 -0 0 0 0 -0 0 0 0 -0 0 0 0.0027835 0.0025514 0.0057178 0.0041588 0.043132 0.098209 0.096444 0.15366 -0.051119 0.050228 0.075746 0.10252 0 -0 0 0 0.042598 0.022666 0.076694 0.080912 0.1262 0.021531 0.28043 0.51626 -0.14744 0.030117 0.29176 0.48417 -0.024489 0.010877 0.026002 0.022325 0.050123 0.020155 0.077673 0.06441 0.0011332 0.0030252 0.1211 0.21717 -0.01959 0.02156 0.2069 0.28859 -0.048213 0.034969 0.073858 0.053392
155.46 145.82 2.0687 4.4429 -0.0030487 -0.0026113 0.016347 0.020086 6.8979e-05 0.013057 0.045644 0.044963 -0.0017102 -0.0041707 0.019412 0.025846 -0.000797 -0.0030598 0.0030093 0.003355 -0.0065085 0.040602 0.065252 0.086686 -0.0045396 0.083598 0.10395 0.16398 0.0029899 0.081817 0.096999 0.17913 -0.01589 0.043541 0.027691 0.059746 0.036828 -0.012903 0.11024 0.13885 -0.017142 0.049981 0.21536 0.20137 0.03013 0.10532 0.50015 0.42635 -0.079228 0.030451 0.21739 0.17099 0.010115 0.010454 0.052537 0.074282 0.062095 -0.030946 0.14244 0.12302 -0.0006574 -0.03947 0.34864 0.20529 -0.046701 -0.033021 0.1009 0.057981
141.18 150.39 2.0758 4.762 -0.011576 0.0029805 0.035538 0.061957 0.0034748 -0.0065725 0.048472 0.072427 -0.0044977 -0.012982 0.037961 0.039904 0.0020692 -0.00077326 0.031005 0.018687 0.019109 0.066918 0.076688 0.15251 -0.052007 0.077206 0.2487 0.20723 -0.012288 0.048387 0.14583 0.12176 -0.0086356 0.00045871 0.073548 0.070758 -0.017712 -0.030961 0.14299 0.22922 0.055322 -0.045917 0.25762 0.25962 0.00045227 0.12225 0.2575 0.30019 -0.040895 0.12662 0.25811 0.22993 0.0070904 0.025552 0.079784 0.089402 0.038051 0.0036894 0.14363 0.11664 0.046858 -0.026009 0.18978 0.12478 0.012195 0.014086 0.3665 0.15622
122.01 152.85 2.2201 4.8914 -0.004756 -0.020816 0.042706 0.067304 -0.0092793 0.015433 0.069995 0.084391 -0.017892 0.017169 0.062541 0.073825 0.026691 -0.012364 0.04455 0.055357 0.0085259 0.065498 0.17075 0.1282 -0.021031 0.022678 0.13254 0.18872 -0.0049408 0.042581 0.10446 0.19458 -0.014361 0.024604 0.067124 0.085975 -0.047143 0.051342 0.21493 0.23913 -0.049036 0.037534 0.27571 0.47636 0.039515 0.016381 0.19867 0.34347 -0.046715 0.058901 0.18811 0.16454 -0.011626 -0.074972 0.08847 0.14036 -0.034713 -0.086114 0.16313 0.18597 -0.0037793 -0.049899 0.10886 0.12671 0.056079 -0.017557 0.10305 0.08718
79.027 157.33 2.0025 3.411 0.015165 -0.004648 0.053424 0.060741 0.0088938 -0.011328 0.13059 0.18907 -0.022812 -0.015509 0.21837 0.17941 0.13594 -0.12043 0.20905 0.16207 0.029088 -0.01344 0.073881 0.075009 0.020508 0.013984 0.18696 0.27953 -0.045875 0.043134 0.339 0.37566 0.054576 0.011509 0.15938 0.17971 0.023913 -0.013856 0.029995 0.035423 0.037439 -0.038762 0.1716 0.25459 -0.053015 -0.051163 0.22627 0.30232 0.046402 -0.037643 0.18357 0.14325 0.00042462 -0.00040486 0.00046889 0.00040486 0.0063395 -0.029223 0.017846 0.037157 -0.0061669 -0.022137 0.011018 0.027852 0.00030413 -0.0027135 0.005249 0.0051008
118.27 160.87 2.1151 2.1582 0.04021 -0.019847 0.095093 0.079323 0.018555 -0.079348 0.16021 0.20342 0.019469 0.015974 0.26188 0.33912 -0.00025261 0.070778 0.15892 0.20867 -0.0066579 0.00042967 0.081413 0.082777 0.051418 -0.013985 0.1371 0.2457 0.06621 -0.04241 0.23699 0.2823 0.07608 -0.11871 0.24688 0.35908 -0.010278 -0.010364 0.058708 0.046341 0.041239 -0.03174 0.13766 0.15969 0.020395 0.0042369 0.14324 0.20594 0.0031898 -0.031872 0.1074 0.14316 0.0033065 -0.0023589 0.0098973 0.0075397 0.074089 0.019688 0.094658 0.06313 -0.013302 0.033278 0.088445 0.12388 -0.027096 -0.0067082 0.074877 0.066246
100.53 162.46 1.8546 1.4664 0.050645 -0.061801 0.22003 0.24887 -0.10064 -0.15229 0.32116 0.33201 -0.070472 -0.015308 0.11717 0.12467 0.01629 0.014124 0.082054 0.084494 0.014161 -0.026269 0.14889 0.19132 -0.036895 -0.078271 0.28676 0.23068 -0.02953 -0.024802 0.19099 0.18224 -0.00026841 -0.013383 0.16965 0.084388 0.0055349 -0.035606 0.11869 0.11074 0.068702 0.11111 0.17932 0.22705 -0.10209 0.051278 0.19753 0.16204 -0.0017686 -0.011022 0.092413 0.05345 0.031537 -0.0099274 0.05381 0.036367 0.034311 -0.068582 0.12995 0.10642 -0.071941 -0.050762 0.084495 0.064902 -0.0012324 -0.005624 0.02801 0.017732
111.93 165.52 1.9836 2.2779 0.0016985 0.0030942 0.070458 0.064601 0.0063128 0.0018003 0.10663 0.18026 0.067256 -0.059413 0.25496 0.31379 0.10225 -0.048028 0.20135 0.26964 -0.0058142 -0.0052826 0.078309 0.061484 0.039787 -0.049399 0.17456 0.20908 0.043576 -0.054265 0.24972 0.2457 0.014383 -0.10988 0.16985 0.26215 0.019865 0.002532 0.035959 0.030818 0.10614 0.11228 0.16781 0.20397 -0.066246 0.11485 0.19493 0.2472 -0.029348 -0.022534 0.11628 0.15648 0.017141 -0.0029961 0.018425 0.0071998 0.0558 -0.0769 0.080567 0.10119 -0.055812 -0.09143 0.090591 0.14126 -0.0081745 -0.0036447 0.047316 0.055368
114.2 169.25 1.9174 2.5729 -0.035768 -0.042285 0.088078 0.066333 0.033353 0.00073201 0.14438 0.11352 0.027176 -0.011552 0.17977 0.17489 0.04915 -0.0068785 0.24993 0.21365 0.0016809 -0.017361 0.035683 0.033859 0.059081 -0.015011 0.1517 0.16245 0.0071959 -0.060217 0.21375 0.21783 0.073548 -0.089757 0.28189 0.34132 0.029246 0.0049362 0.031302 0.019058 0.13571 0.11783 0.16876 0.20502 -0.097998 0.14232 0.22256 0.2713 -0.0056503 -0.022738 0.14826 0.17992 0.015568 -0.0040376 0.015568 0.0081972 0.075817 -0.087672 0.081614 0.11113 -0.052833 -0.10653 0.11139 0.16622 -0.001189 -0.012105 0.065648 0.094428
169.53 170.11 2.1825 0.77365 -0.0064762 -0.043373 0.033328 0.070268 0.0019188 -0.058726 0.094044 0.11871 0.0044841 -0.011047 0.081157 0.13591 0.042626 -0.034514 0.07513 0.093168 0.0084968 0.002656 0.0084968 0.010431 0.12766 0.13745 0.1567 0.28251 0.016436 0.19828 0.1937 0.61072 -0.020217 0.016027 0.08948 0.23236 0.004237 -0.0018169 0.004237 0.0038958 0.09192 -0.086997 0.12078 0.17085 -0.0069782 -0.18457 0.12495 0.37345 -0.014621 -0.06249 0.051829 0.12123 0 0 0 0 0 0 0 0 2.1518e-15 9.9505e-16 2.1781e-15 3.2343e-15 3.8334e-05 -0.0006293 0.00036591 0.0006293
86.05 172.04 2.0739 5.3985 0.00088059 0.0009138 0.00088059 0.0014441 6.9622e-05 0.0035461 0.0066667 0.014592 0.0019344 0.0070457 0.011814 0.015324 -0.0010112 0.003595 0.0029698 0.0044107 -0.003846 0.076447 0.076197 0.15392 0.0093631 0.058643 0.10801 0.14698 -0.041466 0.013873 0.10085 0.11217 -0.00062813 0.006673 0.017409 0.027539 -0.0047226 0.042211 0.21364 0.1977 -0.046331 -0.0023823 0.22021 0.29145 0.12247 0.11276 0.27681 0.29928 0.0035227 0.20065 0.11293 0.24552 -0.0096043 -0.043355 0.1726 0.17395 0.014694 -0.017511 0.22378 0.25983 0.063114 -0.03776 0.25482 0.24809 -0.021205 -0.10579 0.12441 0.18129
162.73 176.36 1.7229 4.0935 0.00080996 0.0011051 0.00080996 0.0011051 0.00073749 0.0027653 0.0020439 0.0027653 -1.589e-15 -2.1987e-15 2.3717e-15 4.708e-15 0 -0 0 0 0.015582 0.0092904 0.040474 0.094853 0.055199 0.076479 0.1428 0.34137 -0.038691 0.21234 0.16173 0.38553 -0.047535 0.062921 0.055292 0.075208 -0.0015648 0.055421 0.046765 0.11192 0.063469 -0.096763 0.16118 0.31004 0.015068 -0.1785 0.22063 0.5151 -0.059727 -0.039206 0.091959 0.11743 -0.044477 -0.011444 0.1128 0.1288 -0.013096 0.004658 0.097591 0.09576 0.0056797 0.025579 0.12406 0.11446 -0.0053098 -0.0031588 0.018067 0.017607
122.64 109.71 2.9164 1.7621 -0 0 0 0 -0 0 0 0 -0 0 0 0 -0 0 0 0 0.0045561 0.10705 0.034925 0.10705 -0.013499 0.098935 0.025829 0.098935 -0.0077071 0.11612 0.023436 0.11612 -0.0063657 0.018587 0.0063657 0.018587 0.027989 -0.045236 0.15176 0.36573 -0.0081766 -0.029216 0.14893 0.4564 0.040697 -0.031176 0.18084 0.57393 -0.085157 0.058827 0.16641 0.24803 -0.016429 -0.0064077 0.062841 0.058981 0.0059767 -0.010601 0.075267 0.11033 0.021634 -0.005425 0.072721 0.11907 0.0031387 -0.035896 0.12569 0.092804
64.277 111.48 2.7258 0.9368 0 0 0 0 0 0 0 0 0 0 0 0 0 0 0 0 0 0 0 0 0 0 0 0 0 0 0 0 0 0 0 0 -0.0014128 0.0012934 0.0017024 0.0012934 0.049796 0.05959 0.16759 0.17516 -0.046826 0.023184 0.082728 0.10054 -0.00016691 8.0644e-05 0.00016691 8.0644e-05 -0.031123 0.12189 0.29934 0.51639 -0.062888 0.047755 0.5134 0.5037 -0.060696 -0.0034444 0.1102 0.063688 -5.1981e-05 2.3213e-05 5.1981e-05 2.3213e-05
141.9 118.22 3.0205 1.8707 -0 0 0 0 -0 0 0 0 -0 0 0 0 -0 0 0 0 0.012937 0.033186 0.018927 0.033186 0.0834 0.1748 0.11626 0.28894 -0.069951 0.20807 0.10073 0.30055 -0.0063708 0.11776 0.026238 0.11776 0.028564 0.040281 0.24344 0.14149 0.031044 -0.071213 0.25601 0.35265 0.023758 -0.11348 0.19338 0.42843 0.040725 -0.067114 0.11371 0.30962 0.021605 -0.033917 0.079193 0.063729 -0.025117 -0.016849 0.12003 0.083965 0.0065136 0.0085321 0.083102 0.095898 0.0094075 0.011786 0.050184 0.073048
81.374 119.53 2.794 0.84381 0 0 0 0 -2.6967e-05 0.00022498 2.6967e-05 0.00022498 -0.00023613 0.0027106 0.00023613 0.0027106 -2.1656e-05 0.00012452 2.1656e-05 0.00012452 0 0 0 0 0.038549 0.0098118 0.044362 0.030978 -0.01222 0.034729 0.11407 0.10233 -0.0081031 0.0014385 0.0083243 0.0060101 0.030092 0.13916 0.30711 0.44516 -0.05172 0.0308 0.37413 0.52538 -0.083092 -0.023714 0.24464 0.21025 -0.010621 0.0082491 0.016545 0.014866 -0.059873 -0.069878 0.16532 0.16185 -0.016891 -0.0082857 0.15395 0.15519 -0.032581 -0.0004622 0.079464 0.078439 -0.0005789 0.0011829 0.031336 0.035324
122.14 120.4 2.583 4.7981 0.022252 0.0051018 0.05571 0.047623 -0.027942 -0.022557 0.09315 0.11233 -0.0029587 -0.018825 0.071132 0.095747 0.0068541 0.0089457 0.057424 0.05608 -0.0037429 0.089656 0.17377 0.18182 -0.01167 0.19529 0.10806 0.26915 0.0068034 0.18318 0.11271 0.29821 -0.0056055 0.095573 0.14255 0.20736 0.066994 -0.093215 0.10229 0.22882 -0.044029 -0.14699 0.13032 0.44324 0.024249 -0.14789 0.090118 0.35223 -0.044126 -0.092567 0.093138 0.24831 0.00055173 -0.0023473 0.00055173 0.0023473 -0.00089665 -0.014385 0.0028161 0.014385 -0.0003867 -0.0035981 0.00070402 0.0035981 -0.00019392 -0.0005225 0.00022976 0.0005225
141.73 127.66 2.802 4.8111 -0.011351 0.010846 0.050596 0.082071 0.00077628 0.0060332 0.088194 0.088332 -0.011258 0.050073 0.073889 0.088484 -0.0080972 0.01595 0.022338 0.028785 -0.0026502 0.022158 0.056181 0.10898 0.018994 0.047171 0.11978 0.19829 0.063936 0.022935 0.24822 0.16936 -0.053351 0.0023925 0.20478 0.11566 -0.023923 -0.015968 0.072615 0.2771 0.033006 -0.054341 0.16694 0.61774 -0.097629 -0.080715 0.23034 0.37902 -0.026612 -0.035752 0.058808 0.044622 -0.0062459 -0.035695 0.0098687 0.041037 0.0047715 -0.063087 0.017278 0.077269 -0.011269 -0.030065 0.013636 0.035035 -0.00021383 -0.00044364 0.00021383 0.00044364
124.33 131 2.9996 4.8722 0.019822 0.025501 0.042758 0.052682 -0.016097 0.030835 0.073071 0.077157 -0.0040734 0.025534 0.061379 0.072474 -0.0073392 0.013722 0.031021 0.033499 -0.0019459 -0.0033522 0.10961 0.091068 -0.028761 -0.043061 0.12098 0.14515 0.010728 -0.0070686 0.11689 0.13707 0.019831 0.016024 0.11716 0.090448 0.01363 0.039816 0.18047 0.34625 -0.03634 0.082416 0.15072 0.42466 0.017756 0.11475 0.17454 0.49286 -0.029773 0.022977 0.1923 0.24703 0.020728 -0.058539 0.03622 0.10295 -0.015677 -0.089608 0.039317 0.14052 0.023547 -0.09549 0.049526 0.19141 -0.022734 -0.04177 0.035557 0.081629
146.85 141.23 3.1905 4.6065 0.0010056 0.0058228 0.025283 0.031411 -0.0073592 -0.0042333 0.034818 0.044181 0.0030945 -0.0052281 0.029039 0.028966 -0.0029583 -0.0058477 0.014439 0.012538 0.0036691 0.019474 0.086733 0.12132 0.015036 0.053481 0.13037 0.17191 -0.012911 0.11341 0.18401 0.19608 -0.032633 0.043862 0.076336 0.060265 -0.0071267 0.011393 0.084395 0.12388 0.075559 0.063572 0.16925 0.2463 -0.0074284 0.011464 0.4377 0.29535 -0.06325 -0.021036 0.14465 0.082623 -0.011231 0.01371 0.079928 0.20068 0.012871 -0.046974 0.17929 0.46925 -0.09797 -0.074356 0.15632 0.22008 -0.0081021 -0.007702 0.011795 0.0083632
74.787 151.79 2.8712 0.43202 -0.021426 0.022525 0.058201 0.058328 -0.0014145 0.0011555 0.0015125 0.0023493 0 0 0 0 0 0 0 0 -0.11141 0.10717 0.36459 0.41501 -0.031981 0.055793 0.11903 0.098483 -0.025973 0.051545 0.055021 0.079381 -0.003775 0.0037989 0.0041529 0.0041207 -0.13653 0.00198 0.27391 0.42405 -0.01826 0.02622 0.21727 0.22504 -0.039317 0.0083887 0.14596 0.17178 -0.011427 0.0046419 0.019392 0.013597 -0.028271 0.0088354 0.22861 0.19684 -0.055516 0.028884 0.2026 0.16437 -0.027965 0.054171 0.11704 0.1229 -0.0096521 0.0033103 0.017165 0.012841
113.32 151.41 2.7766 4.102 0.0024964 0.030688 0.03901 0.03259 -0.010335 0.028452 0.057482 0.048746 0.0093341 0.011952 0.054776 0.082832 0.011821 0.039112 0.051766 0.066992 0.0067861 -0.02236 0.099865 0.080375 -0.0060192 0.032451 0.15571 0.15784 0.036663 0.071497 0.20272 0.22591 0.019558 -0.027104 0.1207 0.17886 -0.0068826 -0.0073401 0.079091 0.070693 0.12394 0.062941 0.2708 0.22214 -0.12321 -0.01287 0.31402 0.24793 0.070815 0.085932 0.16001 0.21424 0.0042624 0.004765 0.047272 0.053172 0.054178 0.040859 0.16657 0.17987 0.062075 0.17969 0.22683 0.25869 0.009068 0.069365 0.24264 0.23807
91.117 165.98 3.0133 5.7277 0.0058971 0.01333 0.0062631 0.013954 -0.0055857 0.026686 0.01449 0.033888 0.00021598 0.0042236 0.0066402 0.010489 2.3194e-05 6.4151e-05 0.00088085 0.0012651 0.030107 0.0080073 0.10316 0.10668 -0.033229 0.025083 0.12693 0.20833 -0.0080903 0.099917 0.075839 0.15962 -0.0091433 0.022783 0.013595 0.02655 -0.049359 0.074624 0.17233 0.227 -0.01423 0.055537 0.21853 0.27452 0.067573 0.0028789 0.25662 0.33074 -0.077532 -0.0050741 0.093253 0.097656 0.010738 0.028525 0.22227 0.2569 -0.093632 0.090459 0.32657 0.35686 -0.045881 -0.014409 0.19236 0.19289 -0.015994 0.0036431 0.059197 0.054539
117.65 171.6 2.9163 3.7438 0 -0 0 0 0.01017 0.0036006 0.01017 0.0061085 0.018711 0.019425 0.12945 0.12426 -0.015625 0.0042639 0.047868 0.070398 0.0074543 0.012368 0.0074543 0.012441 0.0081523 0.058362 0.057842 0.079611 0.015452 0.0055488 0.15703 0.18894 0.036631 0.071872 0.16734 0.21058 0.075713 0.0040592 0.079764 0.038994 -0.020182 0.044421 0.30319 0.22671 0.00076065 0.045046 0.28872 0.25029 -0.0091737 0.019098 0.31602 0.24872 0.019716 7.0344e-05 0.044605 0.02927 0.013517 -0.024558 0.16085 0.15025 0.15893 0.0063644 0.31526 0.22187 -0.092025 -6.478e-05 0.24948 0.19902
140.07 172.58 2.9936 4.2856 0 -0 0 0 0.0026018 0.00061266 0.0026247 0.00137 0.015202 0.014733 0.038952 0.071767 -0.0077524 0.049362 0.024346 0.068344 -4.3055e-05 0.0083373 0.005185 0.0087522 0.07049 0.080808 0.10923 0.13702 -0.015147 0.01636 0.15657 0.21241 0.01581 -0.035256 0.11622 0.24415 -0.043612 0.065167 0.12346 0.097126 0.042167 0.016742 0.14568 0.25512 -0.028867 0.016945 0.16867 0.19963 0.002739 0.049899 0.087521 0.13634 -0.0014132 0.013158 0.12925 0.13569 0.056819 0.097746 0.20993 0.28193 0.037553 0.044907 0.28233 0.36115 0.051035 0.078204 0.27107 0.3365
81.323 115.57 3.6598 0.92617 0 0 0 0 0 0 0 0 0 0 0 0 0 0 0 0 0 0 0 0 0.010662 0.0015978 0.015567 0.0077433 -0.0096179 0.026292 0.061434 0.067545 -0.004307 0.00049522 0.0043885 0.0034044 0.095179 0.12054 0.25132 0.32109 -0.10646 0.078322 0.42749 0.54842 -0.10779 0.018468 0.25091 0.19404 -0.010927 0.0063668 0.013247 0.0095966 -0.036411 -0.04924 0.19211 0.19657 -0.028602 -0.028268 0.22095 0.17769 -0.053776 -0.0014316 0.12071 0.079802 -0.0061235 0.0025741 0.029496 0.023122
123.63 132.68 3.7984 4.781 0.0095765 0.004557 0.031586 0.032993 -0.0054112 0.021398 0.057652 0.071186 -0.0045296 0.016262 0.040974 0.059583 -0.00023919 -0.001542 0.021296 0.020021 0.028594 0.028938 0.10941 0.089053 -0.022948 -0.012722 0.15882 0.15849 0.025994 0.0084189 0.13696 0.14154 -0.0096218 0.052093 0.11579 0.11475 0.056442 -0.013953 0.15295 0.25605 -0.031764 0.023944 0.15793 0.55706 0.011628 0.022097 0.19162 0.51853 -0.053286 -0.04517 0.14472 0.18106 0.015495 -0.025948 0.016617 0.044082 -0.011657 -0.080234 0.033725 0.14291 -0.0042423 -0.06442 0.032114 0.098783 -0.0086318 -0.014153 0.010509 0.020857
139.29 130.21 3.6254 4.793 0.0016514 0.022339 0.042304 0.055928 -0.0068833 0.028804 0.068995 0.077079 -0.013091 0.021317 0.038883 0.056031 -0.0016423 -0.0038325 0.019218 0.016606 -0.016115 0.0065184 0.1132 0.13132 0.0060925 0.027724 0.1625 0.18819 0.016606 0.059032 0.23836 0.20951 -0.051113 0.020544 0.1124 0.078342 -0.0030183 -0.0244 0.13775 0.40141 0.017465 -0.06029 0.15132 0.55478 -0.092474 -0.096145 0.25917 0.37749 -0.028461 -0.02524 0.058945 0.034876 0.00043584 -0.03526 0.011444 0.045083 -0.00023164 -0.043724 0.010722 0.045538 -0.0078674 -0.0244 0.010777 0.024454 -0.0001899 -0.00034922 0.0001899 0.00034922
103.89 141.23 3.763 4.7404 0.0033776 0.0056002 0.014986 0.0093215 0.020711 0.0083584 0.05209 0.049118 -0.015776 0.0052472 0.053278 0.05792 0.00046133 0.0028308 0.023115 0.035645 0.005351 0.0024306 0.037341 0.035879 0.063758 0.035228 0.12741 0.14856 -0.019649 0.038941 0.17567 0.16897 0.0027179 0.019308 0.093402 0.099586 0.043656 0.0050799 0.11277 0.094569 0.036423 0.12476 0.33458 0.33966 -0.018634 0.19603 0.17802 0.36574 0.031146 0.11825 0.13998 0.253 0.0052232 -0.014242 0.021953 0.022701 0.071739 -0.081969 0.12014 0.26113 -0.024039 -0.10732 0.094989 0.35793 -0.0064285 -0.071417 0.064254 0.18515
146.85 140.78 3.4975 4.6065 0.0010056 0.0058228 0.025283 0.031411 -0.0073592 -0.0042333 0.034818 0.044181 0.0030945 -0.0052281 0.029039 0.028966 -0.0029583 -0.0058477 0.014439 0.012538 0.0036691 0.019474 0.086733 0.12132 0.015036 0.053481 0.13037 0.17191 -0.012911 0.11341 0.18401 0.19608 -0.032633 0.043862 0.076336 0.060265 -0.0071267 0.011393 0.084395 0.12388 0.075559 0.063572 0.16925 0.2463 -0.0074284 0.011464 0.4377 0.29535 -0.06325 -0.021036 0.14465 0.082623 -0.011231 0.01371 0.079928 0.20068 0.012871 -0.046974 0.17929 0.46925 -0.09797 -0.074356 0.15632 0.22008 -0.0081021 -0.007702 0.011795 0.0083632
76.409 153.67 3.7394 5.6975 0 0 0 0 0 0 0 0 4.6326e-05 0.0003191 7.4858e-05 0.00036294 1.3928e-06 8.9983e-05 1.5928e-05 9.3903e-05 0 0 0 0 0.01993 0.023077 0.043035 0.042182 -0.013766 0.035396 0.064646 0.098985 -0.0064339 0.0094934 0.010839 0.021058 0.046588 0.060817 0.1291 0.19253 -0.034114 0.12426 0.22356 0.29437 0.015561 0.06197 0.1937 0.20904 -0.014019 0.023381 0.11347 0.14214 0.12341 0.022608 0.21446 0.13845 0.0030056 0.12439 0.45684 0.42406 -0.024144 0.056506 0.24947 0.28457 -0.029714 0.008033 0.083171 0.087206
91.307 164.2 3.4135 5.8304 0.0079359 0.011941 0.010482 0.012918 -0.0054089 0.022133 0.021386 0.038496 -0.0026618 0.0077573 0.010918 0.013864 0.00034374 0.00091736 0.0009992 0.0012986 0.024747 0.020119 0.094979 0.088551 -0.015008 0.016712 0.16272 0.21497 -0.013848 0.085501 0.080825 0.15789 -0.009042 0.028834 0.01596 0.035081 -0.058443 0.08594 0.23025 0.26553 -0.014617 0.10386 0.23114 0.28072 0.064017 0.010418 0.25256 0.28109 -0.073072 0.0017835 0.092004 0.10113 0.014313 -0.0093027 0.20039 0.2386 -0.10475 0.042668 0.31819 0.37228 -0.044968 -0.0088403 0.18163 0.1593 -0.020923 -0.0017781 0.048487 0.048746
128.29 164.51 3.9375 4.4779 0.00012151 0.00085428 0.00028865 0.00089994 0.00082189 0.0026739 0.00084045 0.0026739 0.0035748 0.01521 0.011082 0.024464 -0.00020755 0.01283 0.021691 0.029139 0.012654 0.026481 0.086622 0.075426 -0.018989 0.042543 0.095626 0.095247 -0.011438 0.0071598 0.089659 0.13756 -0.0016963 -0.011793 0.06398 0.07512 0.030441 0.0094491 0.11826 0.11146 0.0022491 0.10894 0.2031 0.25296 0.021656 0.067528 0.22713 0.28848 -0.0073965 0.12033 0.15947 0.23846 0.043523 0.027049 0.12774 0.10649 -0.029299 0.01419 0.21341 0.23323 0.094697 0.18132 0.24137 0.37967 -0.049653 0.016557 0.27523 0.3014
103.74 173.46 3.8184 5.4348 0.00061884 0.0015479 0.0010052 0.0020739 -0.00012614 0.00096407 0.0017655 0.0039665 -7.547e-05 2.5518e-05 0.000583 0.0010288 3.4738e-19 3.0614e-19 3.4738e-19 3.0614e-19 0.0052076 0.010222 0.095001 0.084629 0.047273 0.077148 0.14241 0.17531 -0.046441 0.058108 0.080605 0.10718 -0.0016055 0.00045581 0.0016055 0.00067112 0.015811 0.12061 0.2056 0.23379 0.00089028 0.094198 0.28399 0.36646 -0.056128 -0.0038937 0.17225 0.17983 -0.013828 0.036373 0.050231 0.04336 -0.056089 0.090297 0.32418 0.33421 -0.029717 -0.04934 0.24724 0.3509 -0.047131 0.041087 0.18105 0.1788 0.0033764 -0.0065368 0.080595 0.058628
139.2 173.71 3.3485 4.7252 -4.8216e-06 0.00037732 4.8216e-06 0.00037732 0 0 0 0 0.0018224 0.0061615 0.0083211 0.01085 -0.00132 0.0025653 0.0039154 0.0034872 -0.050996 0.029489 0.067207 0.055826 0.059517 0.073561 0.081461 0.1281 -0.033902 0.056159 0.13196 0.1551 0.00083751 0.047324 0.15965 0.15682 -0.040567 0.0085582 0.1303 0.15946 0.019942 0.0014236 0.16331 0.25257 -0.03806 -0.014307 0.17667 0.17758 0.028336 -0.029035 0.16632 0.13706 -0.023214 0.077905 0.17543 0.28832 -0.0056561 0.059888 0.29657 0.37458 -0.026501 0.18521 0.25183 0.33761 -0.040121 0.099002 0.11386 0.14793
87.132 107.82 5.1936 1.0666 0 0 0 0 0 0 0 0 0 0 0 0 0 0 0 0 0 0 0 0 -0.00014474 7.9869e-05 0.00014474 7.9869e-05 6.2175e-05 0.010592 0.028787 0.028306 -0.0031668 0.002002 0.00548 0.0056027 0.09517 0.11245 0.12972 0.18538 -0.0095942 0.10672 0.34986 0.64933 -0.0739 0.015859 0.27102 0.27776 -0.013048 0.00031824 0.022438 0.012779 0.0041678 -0.0016809 0.18434 0.23888 -0.010511 -0.065073 0.18603 0.23208 -0.04308 -0.023358 0.11789 0.10816 -0.0073803 0.00015014 0.022093 0.014305
127.47 106.7 4.9645 1.691 -0 0 0 0 -0 0 0 0 -0 0 0 0 -0 0 0 0 0.0042735 0.0085205 0.0042735 0.0085205 7.2608e-05 0.099723 0.026288 0.099723 -0.0059112 0.12505 0.024028 0.12505 -0.0031067 0.010016 0.0031067 0.010016 0.059283 0.049404 0.16295 0.14701 0.0050819 -0.0021555 0.21881 0.51371 -0.012795 -0.01572 0.23161 0.62011 -0.053595 0.028462 0.15233 0.16404 0.015534 -0.030959 0.058654 0.0681 -0.0018982 -0.044594 0.097068 0.14157 -0.0082025 -0.045115 0.10281 0.16175 -0.017762 -0.021272 0.070325 0.059509
156.72 110.99 5.1296 2.1795 -0 0 0 0 -0 0 0 0 -0 0 0 0 -0 0 0 0 -0 0 0 0 -0 0 0 0 -0 0 0 0 -0 0 0 0 0.044754 0.00060931 0.044754 0.031012 0.086669 0.080849 0.28083 0.35375 -0.029405 0.11635 0.31962 0.58385 -0.061531 0.11764 0.11097 0.18409 0.0081612 -0.0020304 0.044378 0.021479 0.034238 -0.054089 0.13524 0.12306 0.033446 -0.03411 0.17602 0.25261 -0.034692 -0.0091918 0.24425 0.24012
156.88 136.3 5.5702 4.7612 -0.004257 0.011365 0.034067 0.038933 -0.0015338 0.0082162 0.037309 0.055535 -0.0053661 0.0014317 0.030501 0.022114 -0.00077734 -1.0066e-05 0.00077734 3.6285e-05 -0.0062736 0.035064 0.13135 0.18936 0.0052336 0.093655 0.21265 0.27134 -0.059429 0.03799 0.12097 0.099271 -0.00063895 -1.8138e-05 0.00063895 3.0428e-05 0.0058672 -0.048735 0.16702 0.47922 -0.070248 -0.10786 0.25608 0.63804 -0.070603 -0.036966 0.10303 0.090699 0 0 0 0 0.0001893 -0.033078 0.012499 0.04026 -0.0054068 -0.033305 0.011598 0.033784 -0.0012524 -0.0022386 0.0012621 0.0022386 0 0 0 0
91.124 144.28 5.1355 5.7015 0 0 0 0 0.0029878 0.0039509 0.0039739 0.0067861 -0.0013689 0.0060916 0.0067701 0.01052 -0.0002529 0.00011512 0.00065066 0.00071613 0.016098 0.012704 0.029946 0.046543 -0.0092695 0.060185 0.095533 0.1333 0.0091796 0.032658 0.093613 0.11506 -0.014513 0.012699 0.041031 0.05064 0.094832 -0.0053483 0.10189 0.044685 -0.0066354 0.12942 0.51082 0.36708 -0.041347 0.02287 0.20842 0.24567 -0.020427 0.0088512 0.073479 0.063985 0.031963 -0.0079851 0.031963 0.009961 0.054399 -0.045195 0.39147 0.29659 -0.059586 0.074117 0.26303 0.22533 -0.030666 0.015001 0.077834 0.057664
144.88 159.66 4.8735 4.4245 -3.1399e-19 9.2967e-20 8.5748e-19 2.5389e-19 0.0020767 0.0025197 0.0031626 0.0055132 -0.0020119 0.014719 0.012052 0.021803 -0.00080017 0.001625 0.00084213 0.001625 -0.0069088 0.022745 0.054875 0.050028 0.001274 0.014168 0.071278 0.10628 -0.0034474 -0.012261 0.061656 0.1004 -0.0039493 -0.0013161 0.007568 0.010468 0.019117 0.043131 0.13302 0.13496 0.01598 0.033964 0.18947 0.26255 -0.0041444 0.084124 0.27879 0.3201 -0.043199 0.012786 0.076182 0.047522 0.025397 0.04252 0.15805 0.19283 0.011385 0.070097 0.24353 0.49396 -0.089211 -0.067178 0.28283 0.39166 -0.021291 -0.01011 0.027636 0.017915
85.778 102.97 6.5999 1.1183 0 0 0 0 0 0 0 0 0 0 0 0 0 0 0 0 0 0 0 0 0 0 0 0 -0.00042398 0.012626 0.013744 0.013455 -0.0010313 0.0010404 0.0010313 0.0012067 0.071193 0.079937 0.12744 0.17468 -0.016174 0.087508 0.39632 0.69172 -0.10556 0.024648 0.20733 0.22037 -0.0070484 0.001684 0.0086705 0.0043282 0.043692 -0.017969 0.14794 0.16727 -0.028911 -0.080695 0.20804 0.25988 -0.045899 -0.020154 0.11254 0.093844 -0.0047315 -0.0005294 0.0077636 0.0042051
127.26 134.44 6.767 4.6996 0.0055702 0.004601 0.0066521 0.0074863 -0.00013441 0.01809 0.032024 0.041332 -0.00076606 0.0081161 0.027764 0.039631 -0.0018563 0.00067616 0.0065705 0.0065248 0.033546 0.029659 0.057378 0.057574 0.0060466 0.0754 0.17407 0.24782 -0.020965 0.10548 0.16504 0.26706 -0.026881 0.011017 0.034509 0.039462 0.053691 -0.023175 0.09642 0.11332 0.023766 -0.094504 0.20513 0.6771 -0.080093 -0.099315 0.20382 0.42026 -0.022694 -0.010605 0.025878 0.023438 0.0013432 -0.0030111 0.0021526 0.0030111 0.00072132 -0.030687 0.010053 0.030709 -0.0032001 -0.017351 0.0053386 0.017358 -0.00020666 -0.00022241 0.00020666 0.00022241
78.728 152.42 10.367 5.6285 0 0 0 0 0 0 0 0 1.0322e-18 1.3446e-18 1.0322e-18 1.3446e-18 2.6302e-19 3.426e-19 2.87e-18 3.7384e-18 0.0013696 0.00019781 0.0013696 0.00019781 0.0035657 0.033045 0.020164 0.042342 -0.0098306 0.029037 0.036431 0.047984 -0.0025712 0.0017276 0.0031735 0.003153 0.0026675 0.00024042 0.0026675 0.00034227 0.10475 0.051084 0.50298 0.41222 -0.12018 0.12527 0.38156 0.36357 -0.020847 0.0078002 0.034567 0.032831 0 0 0 0 0.084315 -0.078149 0.18341 0.16304 -0.029006 -0.092458 0.27318 0.29391 -0.011825 -0.0039041 0.019453 0.023052
115.62 126 15.074 1.5644 0 0 0 0 0 0 0 0 0 0 0 0 0 0 0 0 0 0 0 0 0.10379 0.15763 0.23449 0.58767 -0.10577 0.092001 0.16991 0.37958 -0.0017409 0.00020274 0.0017409 0.0016781 0 0 0 0 0.080393 -0.13266 0.24389 0.41975 -0.092541 -0.079929 0.173 0.25829 -0.0018627 -0.00021199 0.0018646 0.0011578 0 0 0 0 0.00072762 -0.0036111 0.0035904 0.0044936 -0.00080454 -0.0036412 0.0035835 0.003769 -3.0507e-05 -1.8767e-05 3.0874e-05 1.9124e-05
