39 64
104.48 116 1.7807 1.2424 0 0 0 0 0 0 0 0 0 0 0 0 0 0 0 0 0.038018 0.066854 0.038018 0.066854 0.027377 0.23884 0.10315 0.32168 -0.06435 0.10647 0.10231 0.1779 -0.0010553 0.037679 0.06627 0.06487 0.053479 0.013531 0.1835 0.24919 -0.073686 -0.15828 0.24326 0.57738 -0.013994 -0.040679 0.2477 0.26126 -0.01506 0.0077573 0.20362 0.14578 -0.016249 -0.021189 0.04954 0.056001 -0.017165 -0.0083035 0.045717 0.062527 0.032422 -0.014504 0.069967 0.057847 -0.029909 -0.016051 0.080593 0.050334
143.57 119.76 2.2581 1.7938 -0 0 0 0 -0 0 0 0 -0 0 0 0 -0 0 0 0 0.0047464 0.0038348 0.0059581 0.0057043 0.10639 0.14376 0.12804 0.23225 -0.039771 0.26133 0.13508 0.47442 -0.036048 0.1159 0.048776 0.13689 0.026705 0.04606 0.09281 0.087754 0.040151 -0.048407 0.22876 0.31222 0.023928 -0.13779 0.1728 0.47357 -0.01167 -0.0059487 0.11237 0.21561 0.014169 -0.020791 0.094983 0.051766 -0.024063 -0.00884 0.093122 0.083336 0.0090955 -0.0018004 0.054353 0.043557 0.0093443 -0.016605 0.054332 0.075936
123.2 122.63 2.028 4.6651 -0.0096449 0.0090135 0.025112 0.030492 0.0064938 0.016433 0.066728 0.095107 0.0010266 0.02258 0.058128 0.072554 0.00062825 0.00026049 0.032646 0.027538 -0.011614 -0.01557 0.053304 0.051705 0.047034 0.026344 0.097204 0.11148 -0.020524 0.11543 0.12493 0.19714 0.018438 0.15921 0.081495 0.19569 0.024379 0.049566 0.099986 0.39519 -0.075923 -0.035279 0.19192 0.44434 0.018918 -0.10441 0.13285 0.40958 0.0077217 -0.10768 0.079154 0.39428 0.0072727 -0.063114 0.017974 0.086922 -0.021232 -0.06079 0.026811 0.074183 -0.0041134 -0.021633 0.0058797 0.021879 -0.00041949 -0.0078984 0.0013535 0.0080162
104.2 123.67 2.0515 4.7622 0.014048 0.018845 0.064497 0.05247 0.0063381 0.035569 0.086205 0.066203 -0.017542 0.013995 0.045651 0.048978 0.0018693 0.0071375 0.035633 0.053185 0.027913 -0.0069735 0.24697 0.11862 -0.037257 -0.030346 0.19738 0.15617 -0.008074 -0.021969 0.089027 0.079693 0.01972 0.027104 0.063255 0.086155 0.022962 -0.036404 0.096103 0.074363 0.11454 -0.04062 0.24438 0.35778 0.01956 0.081033 0.17604 0.64994 -0.033716 0.0068698 0.10722 0.24496 0.0013293 -0.0022033 0.0018061 0.0033744 0.030855 -0.051833 0.032027 0.061326 0.0084239 -0.10288 0.030853 0.1518 -0.016408 -0.040905 0.020341 0.06118
116.23 129.99 2.1529 5.1875 0.0013551 0.022841 0.077505 0.060804 -0.027256 0.027915 0.064639 0.053245 0.0011055 0.012378 0.043285 0.058675 -0.0042785 0.0052253 0.032488 0.043257 -0.021042 -0.034189 0.12219 0.13998 -0.011422 -0.01373 0.076153 0.09126 0.011324 0.049494 0.13993 0.17606 -0.01955 0.017317 0.06787 0.077225 0.032232 0.063443 0.27943 0.37292 -0.074232 0.20018 0.22909 0.3277 -0.038823 0.065353 0.14053 0.16235 -0.030879 0.0090507 0.077484 0.070313 0.038053 -0.066154 0.063443 0.11266 -0.026584 -0.10092 0.12025 0.2673 0.065892 -0.06138 0.20168 0.31324 -0.015624 0.079537 0.14108 0.27119
92.985 133.98 1.6945 5.6469 0.0071094 0.0043004 0.0071094 0.011364 -0.0076134 0.023167 0.031078 0.067364 -0.0010782 0.0060299 0.021202 0.030725 -0.0016894 0.0031005 0.01452 0.013788 0.088549 0.06786 0.14214 0.15113 -0.0061347 0.086943 0.26326 0.42933 -0.034549 0.093456 0.12791 0.16726 -0.0078848 0.01505 0.050362 0.058164 0.065523 -0.0060608 0.15549 0.12799 0.075021 0.030087 0.39473 0.34525 -0.063299 0.010295 0.18538 0.16694 -0.03169 0.018246 0.066782 0.054481 0.081631 0.0064435 0.098133 0.050681 -0.042084 0.089746 0.31062 0.25844 -0.011042 -0.011865 0.094207 0.086733 -0.0062726 0.0057642 0.050992 0.041757
102.42 135.27 2.2447 4.1672 0.0068005 -0.005752 0.022426 0.027079 0.0024484 0.0034289 0.04396 0.048385 0.0073535 0.0089098 0.059244 0.060469 0.0057038 0.017917 0.080556 0.072791 0.01953 -0.0021594 0.065126 0.060071 0.056734 0.068123 0.13644 0.12199 -0.025859 0.034059 0.1081 0.099917 0.039758 0.01558 0.10352 0.09123 0.048303 0.036496 0.16 0.08186 0.11738 0.011196 0.28609 0.21842 -0.04046 0.087815 0.23999 0.20086 0.10878 0.15976 0.20911 0.31644 0.05014 -0.015492 0.13333 0.087411 0.0013797 -0.024665 0.25918 0.24256 0.095733 -0.056929 0.23674 0.25725 -0.017731 -0.10446 0.16382 0.29255
157.95 140.08 1.9885 3.5299 -0.0097381 -0.0156 0.0341 0.11291 0.021637 -0.0076592 0.058997 0.2012 -0.065727 -0.0069791 0.13895 0.12641 -0.010328 -0.00025152 0.01034 0.0042025 -0.0017206 -0.038626 0.037967 0.10822 0.0084498 -0.098662 0.062261 0.2587 -0.049278 -0.043892 0.17157 0.34383 -0.017857 -0.0014527 0.019714 0.020254 0.002281 -0.010177 0.024025 0.040596 0.1171 0.03128 0.17922 0.26749 -0.073449 0.069927 0.33922 0.43506 -0.034527 0.015924 0.047109 0.041956 0.013412 0.0093047 0.015494 0.020926 0.030012 -0.011372 0.095953 0.1155 0.12142 -0.0016211 0.24733 0.1823 -0.089307 0.088882 0.22209 0.11563
136.18 141.16 1.7083 5.0943 -0.0082871 0.0089492 0.046965 0.059566 -0.02242 0.0039116 0.067611 0.073996 -0.0063956 0.0006123 0.011583 0.009654 0.0015523 0.0043052 0.0075467 0.0063912 -0.02498 0.02881 0.11436 0.13845 -0.017327 0.030454 0.10982 0.10813 -0.020331 0.039264 0.050358 0.047422 0.015661 -0.0011467 0.068412 0.030496 -0.031845 0.046458 0.13956 0.1572 -0.035452 0.014219 0.13744 0.11888 0.0084558 0.048342 0.17686 0.16909 -0.045276 0.055366 0.17354 0.11545 0.0014631 0.028476 0.1795 0.33563 -0.058389 0.23568 0.23292 0.53359 0.010076 0.088866 0.22437 0.2702 -0.031412 -0.034747 0.16543 0.12112
141.02 144.15 1.877 4.8778 -0.010914 0.01763 0.048914 0.050707 -0.0093295 0.0041439 0.017129 0.014482 0.011032 0.012147 0.014679 0.013639 0.040328 -0.0017862 0.069801 0.027218 -0.018277 0.0028773 0.10215 0.11726 -0.017413 0.043451 0.075091 0.078922 0.023989 0.019816 0.060241 0.057449 0.019364 -0.0063329 0.12185 0.047377 -0.014831 0.0521 0.14469 0.20431 0.01226 0.035057 0.15769 0.1222 0.012393 0.14746 0.36857 0.25388 -0.040692 0.069212 0.25906 0.12033 -0.033586 0.12659 0.12844 0.21345 -0.026954 0.19919 0.15335 0.30619 -0.013543 0.0041534 0.33011 0.32561 -0.050336 -0.046835 0.18052 0.12526
104.35 145.71 2.013 4.4633 0.016198 -0.0050271 0.029229 0.027412 0.0084786 0.0079406 0.080513 0.082956 -0.019152 0.019705 0.068248 0.078963 0.0046505 0.018552 0.059604 0.070589 0.014964 0.0084992 0.078821 0.056604 0.013293 0.0021689 0.15824 0.13155 0.014087 0.027751 0.11397 0.20158 -0.0058698 0.021264 0.1303 0.16392 0.050723 0.0049259 0.11637 0.081264 0.069303 0.16351 0.30926 0.23625 -0.037653 0.12562 0.19003 0.22433 0.02799 0.03652 0.1728 0.23458 0.035304 0.048904 0.25064 0.13673 0.069251 0.056465 0.37644 0.25345 -0.10844 -0.017535 0.23002 0.14781 0.064567 0.016057 0.11283 0.11598
168.3 159.84 1.9517 0.73821 0.012077 0.047809 0.081783 0.13311 -0.041365 0.065905 0.071142 0.1392 -0.01407 0.021273 0.044288 0.076082 -0.0063336 0.0014407 0.0089874 0.0091667 0.013189 -0.065283 0.11418 0.16276 -0.024093 -0.046658 0.10756 0.26307 -0.016234 0.087194 0.1302 0.24205 0.00082312 0.16211 0.074153 0.17423 0.028752 -0.023879 0.047612 0.049837 0.12608 0.09176 0.14981 0.24901 0.066324 0.16363 0.18136 0.41035 0.066057 0.0081763 0.14197 0.35726 0.012106 -0.0063423 0.012146 0.0087601 0.058577 -0.089733 0.066035 0.12306 0.011284 -0.15215 0.074319 0.25714 -0.01803 -0.092914 0.046804 0.1548
98.352 163.67 2.3184 0.48719 -0.096196 0.042344 0.18007 0.21233 -0.019059 0.013035 0.088723 0.11804 0.15133 -0.11577 0.17301 0.13274 -0.060994 -0.028189 0.15349 0.097133 -0.071028 -0.00024233 0.21645 0.25019 -0.06318 0.12565 0.18094 0.25947 0.028626 0.011507 0.16173 0.13324 0.021991 -0.04459 0.18582 0.15702 0.0051084 -0.0032017 0.2333 0.17665 -0.051196 -0.04437 0.29349 0.26481 -0.088376 -0.019006 0.20066 0.15383 0.072171 -0.0532 0.13833 0.12634 -0.025602 -0.027338 0.117 0.097576 -0.004014 -0.032362 0.086593 0.10092 -0.0050135 0.00791 0.098515 0.091975 0.0051467 -0.013503 0.047367 0.032832
91.889 177.85 1.9828 2.7261 0.024347 -0.0078964 0.02593 0.019654 -0.01038 -0.026924 0.093274 0.10552 0.08606 -0.050644 0.16053 0.20673 -0.011879 -0.040871 0.12041 0.12385 0.021047 0.04811 0.07126 0.11495 -0.021736 0.08334 0.12408 0.25479 0.013452 0.076574 0.13583 0.32177 -0.020527 0.00086663 0.045981 0.078542 0.058756 -0.042382 0.080396 0.10761 0.043795 -0.058468 0.2186 0.39313 0.029336 0.041219 0.23977 0.37587 0.074294 0.12924 0.14673 0.26722 0.0051699 -0.002669 0.0051699 0.0036355 0.0215 -0.048271 0.042837 0.061474 0.024524 -0.055339 0.079112 0.14087 0.018522 -0.1031 0.063225 0.14595
108.28 178.11 2.1583 5.3562 -0.0066585 0.0040409 0.16411 0.18529 -0.090126 -0.019887 0.2361 0.25299 -0.039628 -0.0057792 0.063253 0.053737 -0.00014057 -0.00010549 0.00014057 0.00010549 -0.033756 -0.045329 0.14266 0.23026 0.014829 0.0094901 0.1586 0.22556 -0.042962 0.044495 0.07997 0.10608 -0.0020273 0.001158 0.0020273 0.0022455 0.023286 0.10099 0.22371 0.2476 -0.06986 0.097497 0.24724 0.29837 -0.0058673 0.0208 0.22512 0.24943 -0.047022 0.057811 0.081715 0.088147 0.011492 -0.0036514 0.18148 0.17935 -0.12158 0.015729 0.21366 0.21359 0.016579 -0.029815 0.075552 0.091879 -0.0058272 -0.019249 0.10401 0.097181
90.304 190.13 1.9489 5.5531 0 0 0 0 0 0 0 0 0 0 0 0 0 0 0 0 -0.023659 0.057255 0.080125 0.12598 -0.028255 0.16836 0.12757 0.225 -0.02468 0.054328 0.037283 0.067638 -0.00023555 0.00041198 0.00028622 0.00060064 -0.030777 -6.4668e-05 0.20812 0.30988 -0.02636 -0.050713 0.37592 0.53081 -0.098104 -0.0023693 0.28527 0.35875 -0.009366 0.0037404 0.01288 0.014563 -0.0076193 -0.012349 0.060787 0.13189 0.0054089 -0.0011849 0.099575 0.18019 -0.012632 0.014682 0.078088 0.10592 -0.0039746 0.001667 0.0050495 0.0056787
142.05 129.66 2.7841 4.8084 -0.0052603 0.0074614 0.027917 0.02629 -0.0080417 0.01442 0.029388 0.022921 0.0033988 0.0087062 0.03178 0.025353 0.022596 -0.0035326 0.083704 0.033112 -0.0020988 0.038413 0.062819 0.095849 -0.018348 0.02895 0.10515 0.10375 0.0056484 0.031015 0.25205 0.16518 0.0060288 -0.021839 0.15815 0.091685 -0.019848 -0.023376 0.10862 0.31861 0.0098117 -0.025448 0.16021 0.68924 -0.10837 -0.045288 0.23169 0.33939 -0.0093315 -0.013304 0.028381 0.021167 -0.0054878 -0.034452 0.012542 0.054426 0.0053758 -0.070788 0.018282 0.10488 -0.013223 -0.028038 0.015568 0.035659 -0.0001527 -0.00010798 0.0001527 0.00010798
171.74 141.86 2.5048 2.1465 -0 0 0 0 -0 0 0 0 -0 0 0 0 -0 0 0 0 0.0056888 0.0014527 0.0058435 0.0045333 0.050322 0.10689 0.13481 0.18995 -0.038859 0.083397 0.18779 0.16264 0.086642 0.078029 0.21748 0.19323 0.033602 0.074476 0.083936 0.080863 0.030573 0.05142 0.37819 0.20059 -0.078632 -0.035228 0.40342 0.20384 0.027027 -0.032513 0.28785 0.24016 0.093537 0.0028453 0.15885 0.066201 -0.11285 0.061509 0.31968 0.15339 -0.05654 -0.018705 0.11395 0.048852 0.01201 -0.019787 0.031282 0.033208
125.05 156.57 2.856 4.3323 0.00085547 0.0054344 0.013647 0.016163 -0.00044531 0.0048812 0.028449 0.041255 0.067127 -0.086171 0.081628 0.10109 0.072595 -0.17375 0.15613 0.23016 -0.0034093 0.024837 0.071994 0.058679 -0.010957 0.017197 0.056031 0.066347 -0.0078623 0.010736 0.016061 0.021081 0.029036 -0.0081233 0.089097 0.070941 0.017169 -0.0040483 0.087244 0.082673 0.0020493 0.044211 0.15279 0.18983 -0.00037595 0.10655 0.16237 0.18679 0.10134 0.052726 0.22161 0.17303 0.057854 0.058128 0.11452 0.09386 -0.0057955 0.065294 0.14621 0.15899 0.053396 0.14675 0.19561 0.26695 0.053144 0.13862 0.33766 0.48272
174.34 167.4 2.9399 3.608 0 -0 0 0 3.54e-16 -4.8739e-16 3.54e-16 7.4789e-16 1.2036e-16 5.5342e-17 1.2036e-16 3.0023e-16 0 -0 0 0 0.041358 0.070228 0.051711 0.076956 0.059745 0.21381 0.14265 0.31916 -0.10348 0.096704 0.13918 0.18831 -0.0090094 0.012883 0.014114 0.014813 0.073078 0.03519 0.21856 0.35355 -0.095822 -0.12451 0.26228 0.45707 -0.050809 -0.031413 0.14551 0.34013 -0.046433 0.028053 0.11307 0.12249 0.0001773 -0.070063 0.030936 0.083029 -0.0090278 -0.0701 0.041224 0.10387 0.020783 -0.032432 0.06532 0.15522 -0.026326 0.01275 0.078162 0.13324
69.246 169.63 2.6095 5.758 0 0 0 0 0 0 0 0 0 0 0 0 0 0 0 0 0 0 0 0 0.012613 0.055565 0.013182 0.057489 -0.0020614 0.070834 0.024421 0.082481 -0.0034922 0.0073914 0.0047355 0.0078041 0.054086 0.010568 0.055456 0.080003 0.11228 0.013433 0.22155 0.64204 -0.095045 0.011661 0.25364 0.44777 -0.037558 0.02119 0.13087 0.18897 0.0037031 0.076795 0.11565 0.20829 0.0093693 -0.042735 0.10997 0.18723 -0.0043064 3.4791e-06 0.12289 0.16967 -0.0089028 -0.0077357 0.060143 0.077509
80.061 183.83 2.8718 5.4985 0 0 0 0 0 0 0 0 0 0 0 0 2.961e-18 2.965e-18 2.961e-18 2.965e-18 0.0060148 0.010317 0.0068644 0.012105 -0.0010616 0.082816 0.035901 0.089658 -0.0074724 0.071085 0.044904 0.071085 -0.0015827 0.0054852 0.0028221 0.0055553 0.042998 0.059849 0.23009 0.35148 -0.11406 0.015598 0.29607 0.54321 -0.02073 -0.011679 0.23981 0.39016 -0.031832 -0.0012185 0.047178 0.060797 -0.011897 -0.084196 0.10159 0.16741 0.010725 -0.012555 0.16124 0.20708 -0.028881 0.03096 0.14054 0.18844 -0.020319 0.012417 0.039354 0.046824
89.283 183.72 2.9696 2.5769 0.0054996 -0.0025624 0.0063788 0.0041562 0.0082393 -0.0084494 0.10244 0.097643 0.030943 -0.043844 0.20104 0.20784 -0.00059844 -0.071455 0.16097 0.13841 0.0042713 -0.0017758 0.0049886 0.0091619 0.046904 0.045662 0.14511 0.28798 0.02916 0.10857 0.21759 0.45305 0.037374 0.16231 0.14876 0.37115 0.00084287 -0.00079306 0.00084287 0.00085199 0.038584 -0.074113 0.077048 0.13899 0.048277 -0.11866 0.15819 0.30072 0.00089306 -0.1489 0.119 0.28496 -9.1257e-19 -1.4404e-18 1.7093e-18 2.698e-18 -0 0 0 0 -1.2791e-05 -0.0079878 0.0014772 0.0079878 -0.00062558 -0.0030486 0.0010808 0.0033738
124.88 110.99 3.6079 1.6865 -0 0 0 0 -0 0 0 0 -0 0 0 0 -0 0 0 0 0.0090231 0.040001 0.012511 0.040001 -0.006877 0.14829 0.02883 0.14829 -0.0096013 0.18207 0.038366 0.18207 -0.0076988 0.022889 0.0078166 0.022889 0.06114 0.015865 0.17898 0.21681 0.0057631 -0.019579 0.16998 0.51021 0.011286 -0.014648 0.21794 0.59295 -0.057412 0.044465 0.16967 0.18214 -0.0046783 -0.019034 0.075374 0.04801 0.010903 -0.042697 0.054884 0.062498 0.020956 -0.042709 0.064008 0.087725 -0.018999 -0.032002 0.076688 0.069305
96.447 132.33 3.7871 5.2111 0.0010806 0.000305 0.0010819 0.00030766 0.0053957 -0.012774 0.053705 0.047625 -0.0050922 -0.0007727 0.037299 0.039517 -0.0046185 0.0032137 0.016964 0.019204 0.015867 -0.00088044 0.015867 0.0013223 0.057593 0.10212 0.2242 0.18371 -0.024082 0.075313 0.1162 0.13146 -0.023749 0.010204 0.042194 0.032168 0.012303 -0.0015517 0.013144 0.0016689 0.15358 -0.013821 0.38832 0.35589 -0.046252 0.11929 0.32448 0.45569 -0.0387 0.049843 0.092234 0.10207 0 0 0 0 0.048036 -0.039637 0.058981 0.071855 0.035292 -0.091892 0.13548 0.24781 -0.0072688 -0.033168 0.16012 0.26393
158.18 144.93 3.3529 0.34846 0.045954 -0.032157 0.31058 0.12667 -0.084928 -0.022268 0.26729 0.17458 -0.030471 -0.020976 0.055671 0.065112 -0.0053234 -0.008435 0.013779 0.015932 0.044782 -0.04531 0.0798 0.074952 -0.030979 -0.093715 0.25816 0.39885 -0.034842 -0.006673 0.073911 0.075543 0.00097147 0.0125 0.0084256 0.017128 0.027751 -0.0016314 0.028975 0.014356 0.051716 0.065175 0.17888 0.30835 0.0048846 0.13569 0.085337 0.33956 0.10003 0.12822 0.15369 0.24638 0.0057516 -0.00097825 0.0057516 0.0014917 0.010564 -0.052427 0.062756 0.071381 0.079611 -0.032435 0.13176 0.17875 -0.024623 -0.07396 0.12044 0.15539
75.208 162.51 3.6473 2.7492 0.011263 -0.0037084 0.041368 0.028134 0.023599 -0.027913 0.11855 0.1028 0.14233 -0.12621 0.28722 0.32872 -0.085313 -0.13088 0.3636 0.4551 0.023536 0.0057481 0.060313 0.1004 0.0319 0.051487 0.13602 0.32004 -0.016844 -0.013844 0.16709 0.34491 -0.021625 -0.073696 0.10138 0.13165 0.011007 -0.016075 0.015725 0.02776 0.024073 -0.080158 0.060454 0.15688 -0.035635 -0.054859 0.049109 0.13335 -0.0022678 -0.0010509 0.0022678 0.0033837 -0 0 0 0 -3.9763e-05 1.6458e-05 3.9763e-05 1.6458e-05 -3.1593e-05 1.3076e-05 3.1593e-05 1.3076e-05 -0 0 0 0
174.87 167.45 3.6184 3.7197 0 -0 0 0 0 -0 0 0 0 -0 0 0 0 -0 0 0 0.033903 0.082362 0.0411 0.082362 0.030061 0.22106 0.134 0.28507 -0.07977 0.072812 0.097241 0.12678 -0.001669 0.003007 0.0023707 0.0030488 0.11185 -0.033365 0.17288 0.3402 -0.071468 -0.14129 0.24785 0.52623 -0.071457 -0.0068264 0.21449 0.34792 -0.038721 0.010352 0.060404 0.050789 2.0225e-05 -0.025257 0.017784 0.031345 0.010985 -0.029098 0.033742 0.06268 0.012534 -0.0037357 0.15843 0.2391 -0.019036 0.0015163 0.039407 0.048428
154.8 181.02 4.0089 4.1157 0 -0 0 0 0 -0 0 0 0 -0 0 0 0 -0 0 0 0.0032019 0.00090619 0.0032019 0.0016132 0.12195 0.14253 0.15881 0.35402 -0.03779 0.25912 0.15306 0.45121 -0.063124 0.067366 0.078038 0.11279 0.0056502 0.0067535 0.011231 0.010731 0.096223 -0.11804 0.12496 0.25703 0.03161 -0.20741 0.21808 0.41959 -0.0696 -0.0024967 0.15584 0.20309 0.00067862 0.010267 0.01958 0.025409 0.001512 0.019403 0.019721 0.026806 0.040131 0.021536 0.080402 0.088009 -0.0045859 -0.017408 0.11258 0.12729
93.025 107.25 5.107 0.99302 0 0 0 0 0 0 0 0 0 0 0 0 0 0 0 0 0 0 0 0 0.00017097 0.0012588 0.00017097 0.0012588 -0.0026435 0.0090958 0.006779 0.0090958 -0.00039721 0.00058399 0.00039721 0.00058399 0.045093 0.061639 0.046251 0.063815 0.068495 0.14194 0.4251 0.5734 -0.096933 0.064938 0.33709 0.34548 -0.018993 0.013759 0.041261 0.037134 0.051723 0.016725 0.17454 0.20921 -0.039088 -0.080613 0.18884 0.23459 -0.042707 -0.047943 0.093884 0.096599 0.00032749 0.00022456 0.063855 0.030179
153.3 107.59 5.2663 1.8895 -0 0 0 0 -0 0 0 0 -0 0 0 0 -0 0 0 0 -0 0 0 0 -0 0 0 0 -0 0 0 0 -0 0 0 0 0.01281 0.024219 0.055219 0.045912 0.086521 0.061002 0.24062 0.25059 0.039801 0.086837 0.32845 0.62698 -0.057287 0.10081 0.17794 0.38052 0.014706 0.041313 0.14247 0.08822 -0.017576 -0.020303 0.15567 0.1079 0.039489 -0.075371 0.10496 0.15413 0.0020702 -0.053141 0.14574 0.17176
119.12 160.71 4.4338 4.1554 0.00024871 0.0008376 0.00064772 0.0008376 0.0033847 0.0059601 0.0082721 0.0096618 0.099261 -0.093427 0.1275 0.23917 0.0014236 -0.086424 0.12003 0.23976 -0.0046619 0.010411 0.045271 0.029294 -0.0012558 0.018971 0.052455 0.065008 -0.0010282 0.012421 0.026615 0.040353 0.044503 0.002667 0.10467 0.11904 -0.018203 0.010097 0.096865 0.042547 0.03233 0.040047 0.096851 0.099951 0.030909 0.095028 0.11932 0.16434 0.067574 0.12731 0.25497 0.31752 -0.010708 -0.0060054 0.062402 0.027706 0.065641 0.063923 0.21104 0.17152 0.03851 0.10791 0.31995 0.35431 -0.055204 -0.062994 0.25033 0.34502
172.22 187.49 5.1667 4.0432 0 -0 0 0 0 -0 0 0 0 -0 0 0 0 -0 0 0 4.2188e-17 -3.337e-17 4.2188e-17 3.337e-17 -0.00087083 0.050689 0.0042863 0.050689 -0.0044152 0.045103 0.0047159 0.045103 -0.00010541 0.00018702 0.00010541 0.00018702 0.036895 -0.00061299 0.037498 0.01882 0.15288 -0.013807 0.27969 0.61728 -0.15109 0.068509 0.27832 0.5282 -0.041312 0.026483 0.043301 0.046127 0.0036017 0.0046517 0.016674 0.022799 0.025635 -0.059272 0.050701 0.095584 0.011655 -0.039144 0.17407 0.24344 -0.03113 -0.0071694 0.051402 0.052838
88.39 102.92 6.5044 0.98263 0 0 0 0 0 0 0 0 0 0 0 0 0 0 0 0 0 0 0 0 0 0 0 0 -0.0015129 0.001009 0.0015129 0.001009 0 0 0 0 0.038792 0.051688 0.055968 0.074341 0.044013 0.13694 0.50138 0.59907 -0.12563 0.028878 0.2699 0.26061 -0.013339 0.012162 0.027585 0.018229 0.056593 0.013164 0.1242 0.12615 -0.034366 -0.10545 0.21289 0.286 -0.031181 -0.054311 0.09359 0.092199 -0.013727 -0.0004618 0.03977 0.017677
106.39 126.72 10.577 1.408 0 0 0 0 0 0 0 0 0 0 0 0 0 0 0 0 0.027264 0.010656 0.027264 0.010656 0.066808 0.16522 0.19844 0.47949 -0.080405 0.055006 0.12323 0.17827 0 0 0 0 0.084991 0.025139 0.17768 0.15928 -0.034199 -0.06554 0.38062 0.57393 -0.059586 -0.051823 0.18101 0.14899 -0.0040651 4.267e-05 0.0092623 0.0035717 0.028258 -0.021572 0.040688 0.051372 -0.028211 -0.038261 0.10051 0.12952 -0.00063499 -0.0058325 0.012858 0.007178 -0.00051587 -0.00030579 0.00080179 0.00034329
137.21 153.13 9.8594 4.3921 -1.1957e-18 3.9667e-19 9.8191e-18 3.2574e-18 0.010656 0.023255 0.013008 0.023256 -0.0025586 0.041566 0.0169 0.041566 -0.00021895 0.00022501 0.00021895 0.00022501 0.0066025 0.0083685 0.032564 0.011461 0.081592 0.012286 0.13369 0.17993 -0.078605 0.0047062 0.3457 0.43356 -0.024032 0.003193 0.028101 0.021281 0.034279 0.00037956 0.056378 0.026049 0.12248 -0.0097509 0.31885 0.5099 -0.13047 -0.062088 0.29374 0.33569 -0.0072808 -0.0030189 0.0099142 0.0059651 0.0043628 -0.0013679 0.0043628 0.0028049 0.0079501 -0.06086 0.052151 0.099197 -0.014394 -0.024577 0.022904 0.038234 -4.7479e-05 1.5751e-05 4.7479e-05 1.5751e-05
163.82 92.536 12.578 2.1117 -0 0 0 0 -0 0 0 0 -0 0 0 0 -0 0 0 0 -0 0 0 0 -0 0 0 0 -0 0 0 0 -0 0 0 0 0.046319 0.013312 0.046319 0.02511 0.078744 0.13788 0.51794 0.39805 -0.12114 0.076958 0.42622 0.47869 -0.025872 0.0043737 0.025872 0.017508 0.025543 -0.0010836 0.025543 0.0080332 0.0028266 -0.052529 0.18517 0.14953 -0.034168 -0.067822 0.13954 0.1537 -0.0098067 -0.0028023 0.010246 0.0082857
113 126.23 12.987 1.52 0 0 0 0 0 0 0 0 0 0 0 0 0 0 0 0 0.0016073 0.0071377 0.0066587 0.0071377 0.082017 0.12627 0.15372 0.46169 -0.082273 0.067009 0.10963 0.24269 -0.00020087 1.0218e-05 0.00020087 1.0218e-05 0.072556 0.00054264 0.10895 0.085698 -0.01227 -0.075948 0.42513 0.61042 -0.073643 -0.059041 0.1331 0.19286 -0.0016931 -0.00016398 0.001767 0.0020659 0.012047 -0.0067984 0.012787 0.012521 -0.011734 -0.032039 0.053399 0.077282 -0.0031372 -0.0034848 0.0087313 0.0071268 -0.00025806 -0.00013242 0.00026141 0.00019949
127.26 159.79 13.385 4.3722 2.3675e-18 -8.3808e-19 4.2935e-18 1.5199e-18 2.8449e-19 -1.0071e-19 6.9718e-19 2.468e-19 0 -0 0 0 0 -0 0 0 0.0051404 -8.4819e-05 0.0051404 0.0025098 0.072992 0.02507 0.11969 0.10371 -0.044547 0.03788 0.40202 0.4111 -0.023553 0.0023769 0.0283 0.015102 0.0050388 -0.0041943 0.0050388 0.0051838 0.13107 -0.027565 0.27808 0.41829 -0.12833 -0.087882 0.34285 0.4635 -0.014991 -0.0032233 0.018112 0.0066302 0 -0 0 0 0.003804 -0.032353 0.021153 0.044559 -0.013607 -0.026437 0.018292 0.032341 -0.00034333 -0.00010421 0.00034333 0.00010421
