55 64
114.22 128.11 2.0648 4.3465 -0.0115 0.0021495 0.040625 0.051048 -0.020046 0.015844 0.05244 0.076842 0.0040768 0.025449 0.062275 0.098405 0.0092612 0.010574 0.028898 0.027746 0.0085702 -0.01781 0.052537 0.09401 -0.025511 0.14797 0.14292 0.23526 0.0059552 0.10888 0.18134 0.27399 0.085636 0.053114 0.18656 0.24274 0.029518 -0.007579 0.046649 0.051998 0.098098 -0.014923 0.2765 0.43086 -0.14376 -0.091816 0.25436 0.47544 -0.017971 -0.049687 0.099247 0.13156 0.0033197 -0.0028046 0.004933 0.004548 0.0052933 -0.043122 0.024213 0.04547 -0.01416 -0.041392 0.01985 0.042156 -0.0013343 -0.001741 0.0013343 0.001742
162.03 131.76 1.9453 0.65676 0 0 0 0 0.0031036 -0.0014607 0.0031036 0.0015442 0.01706 -0.035545 0.065283 0.062107 -0.0098917 0.011897 0.062804 0.051484 0.0094657 0.0079123 0.0094657 0.0081186 0.069686 0.1909 0.11611 0.25281 -0.03931 0.17897 0.22345 0.3209 0.0071288 0.050604 0.29747 0.18023 0.071668 0.030688 0.095849 0.051389 0.10415 0.035418 0.28327 0.29043 -0.13754 -0.081651 0.36145 0.26131 -0.020447 -0.074712 0.16885 0.14705 0.048261 -0.017509 0.064772 0.029546 0.020923 -0.069029 0.15047 0.09666 -0.059001 -0.0062853 0.16013 0.061806 -0.011767 0.0042905 0.026405 0.020665
71.687 138.36 2.0724 4.8643 0.011018 0.0028661 0.012219 0.0041599 0.027267 0.0072511 0.090998 0.034335 -0.0031391 0.014121 0.11972 0.048404 -0.0053789 0.0033787 0.069197 0.047038 0.043149 0.0020643 0.044765 0.0075631 0.027513 0.060498 0.16653 0.082014 0.02107 0.08039 0.24923 0.12714 -0.032902 0.041828 0.18153 0.09911 0.025678 -0.0053302 0.025678 0.0069245 0.16526 -0.063383 0.21527 0.2095 0.056157 0.12481 0.31527 0.47817 -0.13561 -0.069551 0.28448 0.31196 0.00024037 -0.00019576 0.00024037 0.00019576 0.049069 -0.045974 0.049069 0.055952 0.024794 -0.16478 0.11104 0.23929 -0.043796 -0.056509 0.052843 0.073509
124.6 137.63 2.0932 2.9985 0.025954 -0.022573 0.045859 0.05435 -0.031617 -0.053098 0.089845 0.082076 0.12666 -0.0059165 0.15601 0.18756 -0.070061 0.045683 0.21713 0.11249 0.00060476 -0.0097241 0.13044 0.078422 -0.0042769 0.012008 0.11236 0.060345 0.068513 -0.024486 0.27646 0.19375 -0.036663 -0.031447 0.35255 0.20676 0.0073091 0.011887 0.038075 0.032437 0.010874 0.019143 0.10852 0.073762 0.066287 -0.0071202 0.22457 0.13591 0.0096095 0.099602 0.45294 0.20709 0.015326 0.00050936 0.048387 0.043754 0.00017716 0.021799 0.11367 0.066637 0.070388 0.0083771 0.18122 0.11778 -0.025606 -0.075889 0.21354 0.16288
186.26 137.76 1.9304 2.8862 -0 0 0 0 -0 0 0 0 -0 0 0 0 -0 0 0 0 0.014331 0.0057605 0.015514 0.036155 0.010387 0.048107 0.060684 0.15575 -0.029196 0.10175 0.055148 0.11739 -0.0046024 0.0084588 0.0046024 0.0084588 0.017987 0.015143 0.028546 0.047292 0.12353 0.13049 0.18894 0.23454 0.012004 0.22406 0.39426 0.32145 -0.11409 0.075796 0.16202 0.099113 0.0024091 0.015625 0.049411 0.081029 0.080125 -0.0668 0.1671 0.25901 0.12236 -0.0062237 0.35105 0.27445 -0.16606 0.056898 0.2656 0.13789
84.178 139.31 1.9498 5.0367 0.012646 0.0086696 0.047162 0.022704 -0.0035115 0.021124 0.10751 0.048308 -0.0023999 0.010992 0.089459 0.07644 -0.0042405 0.023659 0.049275 0.045162 0.020158 0.049043 0.12166 0.070249 -0.024112 0.087859 0.24038 0.11651 -0.038678 0.039072 0.25069 0.15655 0.012798 -0.0075411 0.13145 0.082182 0.12791 -0.029031 0.15234 0.15823 -0.063561 -0.018174 0.32263 0.52248 -0.15849 -0.064718 0.29754 0.28524 0.018161 -0.024084 0.088106 0.079132 0.0208 -0.022398 0.023558 0.034454 -0.021455 -0.12522 0.07911 0.15455 -0.012472 -0.024475 0.035253 0.040954 0.046305 0.054356 0.13506 0.099122
182.3 143.39 2.0376 3.5508 -0.007288 0.0098495 0.0074103 0.014812 0.0033087 0.011115 0.017192 0.027631 -0.0091012 0.01159 0.016164 0.016473 0 -0 0 0 -0.034245 0.022368 0.054397 0.089579 0.032321 0.076785 0.081159 0.13793 -0.013716 0.072455 0.16304 0.12118 -0.012503 0.011031 0.016204 0.011031 0.010568 -0.011332 0.084804 0.10049 0.082585 0.092393 0.3608 0.22439 -0.066333 0.18853 0.43767 0.22766 -0.077265 0.02956 0.10568 0.043179 0.015033 0.015954 0.052684 0.049475 0.18244 0.072578 0.33737 0.12086 -0.12081 0.055321 0.38888 0.18128 -0.072519 -0.010261 0.088698 0.027777
98.231 146.69 2.1745 0.25687 0.096941 -0.10565 0.2166 0.16402 -0.096908 -0.086175 0.25979 0.31322 -0.032959 -0.023959 0.10658 0.17541 -0.0091755 0.0039034 0.053829 0.071483 0.015522 0.032479 0.11355 0.1097 0.063522 0.00064593 0.25014 0.33831 -0.043942 0.07815 0.17179 0.26387 -0.023611 -0.021236 0.090204 0.11553 -0.067867 0.022697 0.2237 0.21673 0.04848 -0.018689 0.18838 0.19291 -0.076707 -0.063168 0.12892 0.20259 0.010438 -0.0047792 0.091223 0.069401 -0.0089698 -0.011792 0.098218 0.059231 -0.0053493 -0.032012 0.18851 0.097959 -0.032603 -0.024971 0.089222 0.070468 0.015974 -0.013728 0.031411 0.020316
90.019 148.62 2.0962 2.8754 0.015287 0.002961 0.033099 0.039698 0.046366 0.038807 0.11995 0.11441 -0.053998 0.0046247 0.15675 0.076132 -0.0045177 -0.050455 0.078175 0.066074 0.01581 -0.0073945 0.075441 0.066692 0.038722 -0.083062 0.15481 0.21512 0.014853 0.012091 0.2071 0.3067 -0.018869 0.1862 0.22374 0.33214 0.0078577 0.0068102 0.05828 0.11834 0.016437 -0.030162 0.084825 0.22255 0.095938 0.012558 0.16591 0.29537 0.16379 -0.037029 0.3033 0.2909 -0.0032957 0.0045437 0.051047 0.10374 0.0099512 0.0011315 0.042511 0.15658 0.018249 -0.038985 0.098722 0.14976 0.040363 -0.044466 0.090006 0.088761
77.539 150.45 1.9884 5.6972 0.009575 0.018412 0.024727 0.026745 0.012554 0.018431 0.058119 0.090568 0.019112 0.0087147 0.065739 0.1656 0.0059278 -0.0064329 0.030316 0.10986 -0.010433 0.048223 0.12828 0.091924 -0.014523 0.041134 0.18468 0.19299 -0.020131 0.018413 0.097449 0.2143 0.011002 4.073e-05 0.045693 0.13237 -0.018165 0.17743 0.23847 0.19945 -0.10256 0.070319 0.26902 0.24259 -0.017833 -0.0010141 0.1003 0.22937 -0.020773 0.007938 0.064079 0.12289 0.027628 -0.14112 0.18988 0.27502 -0.12446 -0.11263 0.21262 0.37319 0.029612 0.0032302 0.15115 0.15633 -0.039239 0.013446 0.083996 0.067943
103.82 153.69 1.7715 3.8561 0.010788 0.021556 0.065133 0.030969 -0.01686 0.014602 0.033233 0.020657 0.0056992 0.019815 0.019036 0.020114 0.015428 -0.0034333 0.044205 0.044911 0.0088091 -0.019758 0.13078 0.08403 0.0022972 0.044045 0.12728 0.14547 -0.0043324 0.052039 0.3217 0.28729 -0.044053 0.031294 0.1553 0.13011 -0.0073092 0.033492 0.14258 0.11388 0.14491 0.01114 0.23096 0.30323 -0.059692 -0.010827 0.25634 0.32435 -0.036469 0.0026835 0.15795 0.19413 0.013677 0.003373 0.11113 0.058693 0.053457 0.010311 0.23781 0.22178 -0.061423 -0.0034033 0.1722 0.20468 0.078934 -0.042727 0.11355 0.17227
176.06 159.43 1.9251 2.2066 0.00034615 0.00025547 0.00034615 0.00025547 0.0053686 -0.012359 0.03546 0.037624 0.094179 -0.0030906 0.11696 0.12002 0.029181 -0.0475 0.071726 0.18299 0.0045282 0.010694 0.015408 0.011725 0.010908 0.038533 0.089872 0.057755 0.028332 -0.05436 0.1403 0.15148 0.0075098 -0.07583 0.070977 0.17336 0.079299 0.046319 0.11428 0.059296 -0.014481 0.24162 0.39864 0.24656 -0.090699 0.018186 0.15409 0.083268 0.0069073 -0.015648 0.036809 0.036005 0.11028 0.0084318 0.18253 0.054862 -0.042144 0.064413 0.502 0.29178 -0.18217 0.046533 0.19348 0.083665 -0.0015292 -0.0028224 0.020275 0.017991
82.465 164.66 1.998 2.5946 0.0046695 -0.01613 0.059409 0.092125 0.035241 -0.027171 0.1114 0.1239 0.0034526 -0.04383 0.14186 0.22859 0.066892 -0.0037035 0.13197 0.1998 0.019262 0.0098463 0.074926 0.10265 0.01097 0.02501 0.12803 0.24453 0.010037 -0.054806 0.084368 0.25317 0.063966 -0.016775 0.15186 0.17521 0.0090187 0.067079 0.083346 0.16436 -0.0087252 0.086182 0.13725 0.42109 -0.00958 0.060143 0.13226 0.44024 -0.0076881 -0.028705 0.1237 0.21998 0.0094472 -0.026106 0.037991 0.085807 -0.015119 -0.042748 0.044761 0.14457 -0.016289 -0.033177 0.050027 0.16498 -0.026405 -0.02645 0.040454 0.0733
188.27 170.6 1.9632 3.1571 0 -0 0 0 1.8741e-17 2.8512e-16 5.9271e-16 1.4424e-15 -4.391e-17 6.0544e-17 1.2666e-16 3.1078e-16 0 -0 0 0 0.00087851 0.00091961 0.00087851 0.00091961 0.0092861 0.028165 0.024893 0.035103 -0.011289 0.0088495 0.017053 0.023943 0.0031937 0.0014704 0.0035845 0.011675 0.029323 0.036804 0.046322 0.05039 0.053478 0.21544 0.13973 0.26279 -0.08469 0.13848 0.12738 0.25881 0.0021994 0.01909 0.031285 0.0585 0.086196 0.067629 0.19846 0.13218 0.04243 0.12849 0.53752 0.43786 -0.20101 -0.0049428 0.2324 0.25857 0.0037414 -0.0037711 0.040174 0.078697
168.7 173.74 2.1593 1.0717 0.0017134 -0.009594 0.02868 0.018372 -0.013354 0.018555 0.022775 0.02451 -0.0017872 0.0076938 0.009191 0.01676 -0.0004311 0.0017911 0.00082869 0.0026533 0.04709 0.013501 0.063872 0.072216 0.070374 0.14899 0.14922 0.26258 -0.020454 0.19466 0.10053 0.24375 0.006229 0.12412 0.09184 0.26609 0.039122 -0.019173 0.048751 0.045659 0.093038 -0.13874 0.17263 0.34856 -0.0068203 -0.16255 0.14409 0.42711 -0.006757 -0.12976 0.13596 0.43464 0.0014355 -0.0050517 0.0043421 0.0058047 0.013096 -0.032384 0.022088 0.055918 -0.0023555 -0.067043 0.02546 0.098833 -0.0050886 -0.039421 0.011029 0.055227
66.027 177.94 2.1057 5.7206 0 0 0 0 0 0 0 0 0 0 0 0 0 0 0 0 0.013973 0.0593 0.013973 0.0593 -0.0052346 0.11995 0.019538 0.11995 0.0035826 0.10455 0.022442 0.10455 -0.0071688 0.026342 0.0096075 0.026342 0.05413 0.028949 0.10045 0.20439 0.034855 0.023838 0.12649 0.43711 0.060671 -0.019575 0.12647 0.35366 -0.049087 0.068304 0.10406 0.17967 -0.0023217 -0.0052089 0.127 0.24588 0.013719 -0.089942 0.1157 0.42668 -0.01281 -0.072192 0.15493 0.37693 -0.0027013 -0.072287 0.072246 0.13204
82.353 179.79 2.0911 2.3025 0.015884 -0.012697 0.020493 0.037313 0.011229 -0.008257 0.09373 0.15945 0.010022 0.025752 0.14635 0.21834 0.0076829 0.0045423 0.088764 0.14256 0.015053 0.041914 0.02597 0.053125 0.064667 0.084574 0.11198 0.3145 0.019808 0.080552 0.10324 0.55404 0.0015373 0.026538 0.14047 0.33738 0.08014 -0.032292 0.086943 0.10467 0.050141 -0.015424 0.12211 0.29496 -0.035506 -0.025881 0.10147 0.30606 -0.022144 -0.058812 0.055535 0.15451 0.009319 -0.01442 0.0096308 0.015538 0.010225 -0.042506 0.016744 0.044773 -0.010719 -0.049185 0.018811 0.051121 -0.0037303 -0.013963 0.0042997 0.01399
151.98 180.9 2.186 1.2572 -0.0052141 0.008827 0.0087815 0.011792 -0.0021425 -0.00065787 0.0038686 0.0042393 0.00035001 -0.0001109 0.00035001 0.0001109 -0.00015046 0.0001939 0.00096291 0.0011477 -0.028246 0.09189 0.071911 0.14672 0.0015819 0.21855 0.057085 0.23677 -0.051128 0.1282 0.072941 0.22797 -0.017603 0.042165 0.023916 0.053558 0.015803 -0.067125 0.067569 0.21772 0.027781 -0.089654 0.11737 0.60029 -0.071597 -0.053287 0.13915 0.50847 -0.043779 -0.019116 0.067407 0.11774 0.0049535 -0.025527 0.011607 0.04154 0.0055551 -0.053645 0.011879 0.10166 -0.0084763 -0.053426 0.014441 0.092107 -0.008967 -0.017054 0.0096516 0.022844
68.102 181.35 2.1423 5.7501 0 0 0 0 0 0 0 0 0 0 0 0 0 0 0 0 0.009863 0.073187 0.017289 0.073187 -0.0022806 0.11718 0.023343 0.11718 -0.0085492 0.10939 0.028478 0.10939 -0.0051789 0.011854 0.0052165 0.011854 0.037476 0.015621 0.094305 0.27962 0.046314 0.056061 0.12688 0.38544 0.0055085 0.040292 0.16093 0.35476 -0.098909 0.12687 0.13048 0.16899 -0.010965 -0.062199 0.097602 0.27987 0.019774 -0.092719 0.13482 0.4303 -0.026479 -0.077479 0.16934 0.30893 -0.014123 -0.058681 0.067172 0.095035
85.459 182.06 2.1558 2.2856 0.010957 -0.011506 0.014084 0.023586 0.0049174 -0.02977 0.0827 0.1618 0.0093785 0.022286 0.14775 0.21113 0.0021982 -0.0070906 0.086828 0.157 0.01138 0.030454 0.015803 0.035303 0.051699 0.10457 0.098799 0.238 0.049243 0.10476 0.13428 0.49834 0.0080532 0.062147 0.11869 0.37089 0.056334 -0.010569 0.058002 0.060802 0.067656 -0.012504 0.14041 0.30224 0.0078618 -0.030441 0.1243 0.35816 -0.02922 -0.05509 0.075028 0.2025 0.0045427 -0.0064971 0.0045836 0.0066266 0.017182 -0.061708 0.023118 0.064142 -0.0026751 -0.086182 0.023532 0.092903 -0.0065013 -0.021393 0.0072628 0.021711
109.6 122.83 2.9732 1.0028 0 0 0 0 0 0 0 0 5.1362e-05 -3.2774e-05 5.1362e-05 3.2774e-05 0.021581 0.048839 0.034551 0.050058 0.007049 0.0019264 0.007049 0.0030528 0.085117 0.16963 0.12901 0.27583 -0.08447 0.10814 0.11494 0.17564 0.11618 -0.011282 0.25167 0.19097 0.028988 0.0382 0.20379 0.19343 0.0054174 -0.12486 0.30386 0.49359 -0.080814 -0.044978 0.19996 0.31705 0.018824 -0.007232 0.1538 0.15984 -0.0030405 -0.014242 0.11775 0.10954 -0.017809 0.0033493 0.074091 0.071409 0.020742 -0.014716 0.074256 0.0815 -0.0052452 -0.018893 0.049454 0.064431
135.7 123.76 2.8227 4.8254 -0.014897 -0.0083172 0.043436 0.067093 -0.0077117 0.00026024 0.04249 0.072569 0.051707 0.020389 0.14454 0.15677 -0.033738 0.04923 0.14865 0.10879 -0.015337 0.055968 0.2183 0.29863 0.014362 0.088746 0.21441 0.47672 -0.029935 0.0013819 0.21429 0.26806 0.095771 -0.052391 0.28528 0.26677 -0.0011279 -0.090889 0.080702 0.16636 0.021301 -0.10315 0.11412 0.30523 -0.043631 -0.050189 0.070206 0.13058 0.029298 -0.053725 0.047245 0.058033 0 0 0 0 0 0 0 0 0 0 0 0 0 0 0 0
79.645 129.68 2.8248 2.4886 0.049429 -0.02992 0.181 0.11338 -0.077571 -0.057549 0.17951 0.11448 -0.0035804 -0.00055215 0.0035804 0.0019714 -0 0 0 0 -0.011873 0.0092826 0.1826 0.15689 0.075378 0.20983 0.29228 0.44729 -0.11552 0.090182 0.16626 0.15824 -0.00057946 -1.0105e-05 0.00059775 0.00042553 0.021726 -0.027604 0.11116 0.17623 0.11486 -0.12674 0.30328 0.33677 -0.14467 -0.059545 0.25784 0.14223 -0.00069249 -4.9321e-06 0.00069496 0.00045821 0.00012025 0.0064069 0.049457 0.10769 -0.0021912 -0.041526 0.0919 0.10372 -0.018948 -0.022689 0.040134 0.028522 -0.00013693 3.6252e-06 0.00013693 6.3461e-05
94.261 138.38 2.7266 2.9438 0.0068126 0.0064852 0.036859 0.022525 0.0080515 0.02411 0.10431 0.064456 0.037507 0.0095433 0.4079 0.23062 -0.04556 -4.1538e-05 0.059934 0.027999 0.040621 0.013534 0.077405 0.073817 -0.019621 0.037439 0.19645 0.17004 -0.0088959 -0.047426 0.19611 0.20069 -0.016595 -0.013852 0.01989 0.017326 0.018216 -0.0023997 0.05751 0.11511 0.074076 0.010006 0.15059 0.27855 -0.025254 0.10047 0.43741 0.39483 -0.05324 0.013122 0.067181 0.041982 -0.0018323 0.0070883 0.033324 0.095992 0.028729 -0.017517 0.058246 0.13428 -0.016759 -0.094164 0.18881 0.14294 -0.023996 -0.011317 0.030667 0.016117
110.2 139.68 2.6359 4.1706 -0.0044088 0.00092432 0.036858 0.025159 -0.0033273 0.014051 0.027469 0.024993 -0.00075962 0.0014835 0.050141 0.054426 0.028548 -0.013197 0.098967 0.073659 0.018752 0.014907 0.10704 0.084071 -0.031974 0.020059 0.14767 0.20391 -0.023581 -0.0069059 0.10276 0.11119 0.059113 0.054619 0.17296 0.15307 0.0032942 0.062497 0.18938 0.13835 0.02759 -0.017352 0.18968 0.20544 0.036776 0.1231 0.26971 0.56703 -0.055005 -0.041444 0.22754 0.28628 -0.026084 -0.027925 0.17682 0.1637 -0.053305 -0.020482 0.11647 0.073127 0.00593 -0.082566 0.071502 0.1549 -0.01988 -0.020955 0.021855 0.03274
93.222 161.32 2.9423 3.8436 -0.0098916 0.017316 0.028829 0.018734 0.011746 0.020846 0.041088 0.025329 -0.0050237 0.014122 0.025388 0.016746 0.0077205 0.0087388 0.021739 0.020704 -0.035443 0.020601 0.16393 0.047271 -0.0034689 0.013523 0.18558 0.12861 0.029794 0.10627 0.14432 0.17791 -0.025144 0.049335 0.14114 0.13023 0.0074963 -0.008607 0.20605 0.065976 0.0085611 0.015269 0.27872 0.1654 0.019664 0.036997 0.31827 0.36755 0.012903 -0.030688 0.17291 0.20624 0.017098 -0.023427 0.064393 0.05204 0.034384 0.015024 0.1432 0.156 0.10671 0.1075 0.36349 0.27444 -0.08219 0.032139 0.1981 0.10692
90.439 168.01 2.9417 3.7879 0.0029074 0.017088 0.021723 0.017212 0.0025791 0.0098437 0.019999 0.0099804 -0.010808 0.016974 0.048924 0.019684 -0.0028688 0.0048209 0.0092033 0.0051621 0.002765 0.034001 0.14424 0.049987 -0.050687 0.050256 0.22824 0.082292 0.035674 0.04255 0.19805 0.14762 0.0040493 0.072025 0.14178 0.1664 0.019009 -0.016213 0.13176 0.045295 -0.026009 0.00071075 0.34769 0.14972 0.076469 0.01637 0.30443 0.27165 -0.040077 0.012266 0.22101 0.27774 0.022709 -0.019706 0.044381 0.026199 0.026515 -0.034107 0.17624 0.17135 0.088083 0.026874 0.1905 0.21596 -0.048552 0.092272 0.34003 0.20344
86.372 171.66 2.8959 2.5413 0.0058511 0.0026244 0.011878 0.013924 0.022514 0.012743 0.084448 0.10105 0.033664 -0.03298 0.24157 0.21749 0.074083 0.054003 0.20618 0.26297 0.0064579 0.0020987 0.011624 0.015832 0.028658 -0.0021037 0.1429 0.20423 0.022693 0.0041894 0.18322 0.33753 0.042495 -0.077443 0.19036 0.25829 0.047438 0.003274 0.062198 0.071577 0.036906 0.039017 0.13704 0.32583 -0.0071361 0.021075 0.14105 0.43593 -0.022503 -0.032612 0.12614 0.20602 0.0086772 -0.0093952 0.0091201 0.0107 0.011184 -0.050402 0.023533 0.074056 -0.0060955 -0.050372 0.022796 0.090696 -0.012042 -0.018838 0.016644 0.029863
75.304 182.11 2.6286 5.6501 0 0 0 0 0 0 0 0 0 0 0 0 0 0 0 0 0.029975 0.04703 0.04009 0.084095 0.024366 0.11891 0.04966 0.21303 -0.049472 0.14715 0.071157 0.17319 -0.015212 0.018589 0.015715 0.019449 0.016353 0.0047784 0.18601 0.32661 0.010295 -0.048949 0.18193 0.56937 -0.053708 -0.085291 0.16672 0.33249 -0.039564 -0.0083825 0.047831 0.047949 -0.050803 0.041091 0.14799 0.23793 -0.021263 0.012817 0.15466 0.2624 -0.026846 0.0036479 0.10804 0.14265 -0.0078909 0.0021042 0.0095708 0.010581
83.459 188.21 2.5642 2.3817 0.0001007 -0.0015967 0.0023587 0.001821 0.036156 -0.015095 0.056981 0.099347 0.037097 0.017252 0.17409 0.24304 0.031692 -0.0061645 0.14396 0.25099 0.0076068 -0.0019318 0.0076068 0.0055038 0.081042 0.081919 0.12182 0.22529 0.038241 0.12476 0.16906 0.58547 -0.019437 0.00059135 0.1842 0.41838 0.003075 -0.0015141 0.003075 0.0020715 0.057683 -0.077786 0.066574 0.13319 0.0050973 -0.12706 0.062642 0.24617 -0.023261 -0.065304 0.0372 0.11958 -0 0 0 0 1.3562e-06 -5.3167e-05 1.3562e-06 5.3167e-05 1.2977e-07 -5.0874e-06 1.2977e-07 5.0874e-06 -0 0 0 0
139.92 190.25 2.9061 4.9609 0 0 0 0 0 0 0 0 0 0 0 0 0 0 0 0 1.3177e-05 -5.1917e-05 1.677e-05 6.6076e-05 0.051966 0.047759 0.067328 0.091304 -0.015639 0.11524 0.11882 0.23379 -0.01837 0.026416 0.02105 0.031272 -0.0010532 -0.00027175 0.0010864 0.0032641 0.079778 -0.041673 0.098583 0.093312 0.14143 -0.072062 0.376 0.69369 -0.098051 0.090483 0.17344 0.3006 -0.0012498 0.0018731 0.0027863 0.0040665 0.0033319 -0.0017412 0.0047043 0.0044779 0.070371 -0.081957 0.091009 0.11406 0.013726 -0.041275 0.14857 0.1668
75.442 194.26 2.7608 5.4055 0 0 0 0 0 0 0 0 0 0 0 0 0 0 0 0 0 0 0 0 0.0038039 0.014672 0.005986 0.014672 0.0023192 0.005731 0.0030973 0.005731 4.0259e-07 4.351e-06 4.0259e-07 4.351e-06 0.046492 0.053073 0.098991 0.23348 0.01627 0.055922 0.15156 0.58046 -0.14269 0.026186 0.17416 0.32364 -0.021 0.0033754 0.021001 0.02246 0.0063105 -0.021703 0.21221 0.28801 -0.057958 -0.077212 0.17783 0.44755 -0.047279 -0.021278 0.084332 0.17245 -0.0037439 -0.0012768 0.0037439 0.005526
125.16 114.91 3.4487 2.0327 -0 0 0 0 -0 0 0 0 -0 0 0 0 -0 0 0 0 0.031472 0.058634 0.059518 0.079223 -0.033145 0.10183 0.070463 0.12136 -0.0040794 0.0027025 0.0040794 0.0027025 -0 0 0 0 0.028159 -0.021304 0.15146 0.19583 0.055605 -0.075093 0.31025 0.47478 -0.072841 0.14378 0.42226 0.46634 -0.039388 0.02116 0.041185 0.028103 -0.016693 -0.0019584 0.045502 0.057596 0.017915 -0.020231 0.08452 0.10382 -0.012554 -0.076945 0.23058 0.20475 0.0033127 0.040637 0.057556 0.069955
151.96 131.09 3.4332 0.92582 0 0 0 0 0.010983 0.0028231 0.011775 0.0042114 0.048137 0.072579 0.19915 0.19606 -0.0053332 -0.040024 0.10873 0.17308 9.4273e-05 0.0056119 0.00030608 0.0056119 0.01692 0.055337 0.038727 0.069209 -0.031635 -0.020198 0.22284 0.20938 -0.018847 0.0014914 0.057533 0.073874 0.11475 0.078622 0.13906 0.12203 -0.079525 0.076643 0.3617 0.48166 -0.10299 -0.011325 0.34938 0.32473 -0.031001 -0.0017814 0.076362 0.067848 0.05848 -0.036094 0.089602 0.06653 -0.046298 -0.078437 0.16015 0.12424 -0.023309 -0.035268 0.075538 0.066506 -0.0053039 -0.0030318 0.0086433 0.0074102
98.496 135.76 4.1749 3.3655 -0.0002832 0.0020417 0.008014 0.0065624 0.00863 0.013328 0.068069 0.047453 0.030063 0.02017 0.25368 0.15445 -0.038309 0.0035893 0.098858 0.047323 0.019368 0.017617 0.066456 0.073853 -0.0058685 0.034852 0.18456 0.20851 0.017729 -0.068522 0.42458 0.38484 -0.052391 -0.019454 0.091111 0.060447 0.010364 0.0075752 0.086409 0.1214 0.081648 0.058362 0.36018 0.32298 -0.10751 0.00953 0.26648 0.20779 -0.004064 -0.0061945 0.0045047 0.0064669 0.0047364 -0.017219 0.023255 0.050839 0.0337 -0.072418 0.13003 0.13352 -0.041546 -0.041558 0.085181 0.065058 -0.0001731 -9.2706e-06 0.0001731 0.00013292
92.245 163.59 3.5051 4.0776 0.0053472 0.012485 0.014891 0.01355 -0.0031106 0.012507 0.019172 0.017178 0.0064989 -0.0076559 0.014528 0.019682 0.0009333 -0.03933 0.015425 0.054795 0.036996 0.010988 0.12253 0.038012 -0.042757 0.022637 0.19149 0.094812 -0.0046661 0.062928 0.12226 0.12264 -0.0086563 0.030829 0.060469 0.082869 0.044222 -0.020425 0.1129 0.04063 -0.01163 0.025368 0.32245 0.17612 -0.00041603 0.055519 0.34324 0.3163 0.052357 0.083266 0.218 0.31997 0.006791 -0.0068455 0.014878 0.01212 0.093305 -0.024301 0.14599 0.16547 -0.083129 -0.023064 0.37515 0.32976 0.0046407 -0.049175 0.10522 0.1403
170.56 173.35 3.8067 1.0956 0.048131 -0.01416 0.065523 0.05187 -0.024885 -0.042966 0.17425 0.17089 -0.040921 -0.022213 0.1076 0.076346 -0.0038717 -0.0033423 0.0074389 0.0082089 0.012989 -0.018998 0.027924 0.021611 0.081874 0.071307 0.20436 0.24 0.0015933 0.25152 0.14963 0.45206 -0.034149 0.12649 0.084153 0.21399 0.0034658 -0.0013791 0.0040248 0.0038985 0.099435 -0.092964 0.13775 0.18715 0.012183 -0.17919 0.18112 0.46944 -0.054951 -0.063656 0.10561 0.24301 2.8268e-06 -1.4544e-06 2.8268e-06 1.4544e-06 0.00083697 -0.0039365 0.0012825 0.0039365 -0.000866 -0.014439 0.0029825 0.014439 -0.00016958 -0.0032065 0.00036778 0.0032065
180.44 184.6 3.3935 3.9019 7.5348e-17 3.5343e-17 7.5348e-17 3.5343e-17 3.9105e-16 1.9245e-16 1.5093e-15 1.3947e-15 -1.4163e-16 -6.8667e-18 4.8192e-16 3.5416e-16 0 -0 0 0 0.0011231 0.00096108 0.0011231 0.00096108 -0.00039761 0.019361 0.010993 0.019361 3.0653e-05 0.019948 0.0072264 0.020631 -0.0019236 0.0038884 0.0022569 0.0041581 0.058371 0.1392 0.14412 0.22465 0.051476 0.25592 0.27715 0.48297 -0.13296 0.1203 0.19798 0.3227 -0.019317 0.0029866 0.022299 0.031472 0.03574 -0.056116 0.21735 0.28896 -0.051277 -0.15466 0.18296 0.31473 -0.050937 -0.095346 0.09833 0.16624 -0.002235 0.025911 0.044867 0.051869
140.24 190.9 3.358 5.13 -1.1432e-06 2.5766e-06 1.1432e-06 2.5766e-06 0 0 0 0 0 0 0 0 0 0 0 0 -0.00043482 0.00051877 0.00043482 0.00051877 0.044472 0.052118 0.061652 0.079725 -0.03573 0.12009 0.080453 0.13877 -0.0067271 0.0083168 0.0067271 0.0083168 -0.00046129 -2.8918e-06 0.0010618 0.0014086 0.10969 -0.04097 0.13548 0.11384 0.045689 0.081971 0.46024 0.69303 -0.082843 0.068218 0.11528 0.14265 -0.00068998 0.005577 0.0049778 0.0064402 0.014394 -0.0071712 0.016176 0.014749 0.12393 -0.095924 0.20319 0.20321 -0.055799 0.0097473 0.15469 0.13144
153.49 119.93 5.2685 0.90462 0 0 0 0 0 0 0 0 0.030939 0.017871 0.031292 0.027322 -0.0019086 0.034001 0.06838 0.093484 0 0 0 0 0.0019248 -0.00051663 0.0019248 0.00051663 0.087682 -0.0020977 0.27173 0.294 -0.0096228 -0.044099 0.16657 0.21747 0.00036557 -0.00028735 0.00036557 0.00028735 0.10716 0.10951 0.27943 0.29848 -0.11032 0.034938 0.28534 0.43646 -0.015849 -0.011443 0.047257 0.054746 0.00015712 -0.0001235 0.00015712 0.0001235 0.052362 -0.078161 0.13078 0.11411 0.016669 0.091733 0.18787 0.29593 -0.016295 0.12151 0.12606 0.2331
59.516 149.42 5.6524 5.7039 0 0 0 0 0 0 0 0 0 0 0 0 0 0 0 0 0 0 0 0 0.011124 0.022104 0.015349 0.022104 0.017769 0.065207 0.056234 0.1159 -0.027676 0.021376 0.045223 0.086047 0 0 0 0 0.15047 0.067081 0.35738 0.35584 -0.099456 0.046028 0.34505 0.40866 -0.041274 -0.012314 0.080075 0.10205 0 0 0 0 0.13219 -0.051816 0.18169 0.18688 -0.053326 -0.022343 0.42257 0.31074 -0.014561 -0.0058776 0.034519 0.024296
162.77 152.38 4.8728 5.0768 -0.0059121 0.0026143 0.0083954 0.010066 0.12833 -0.0047767 0.16839 0.21998 -0.089879 0.10217 0.23857 0.2386 -0.016535 0.0105 0.016535 0.0105 -0.0067189 0.01196 0.050889 0.053664 0.063624 0.019604 0.15909 0.17277 -0.022873 -0.16497 0.3847 0.35531 -0.041761 -0.011102 0.044577 0.035624 -0.021136 -0.0029911 0.13783 0.21536 0.098304 -0.010155 0.29697 0.35533 -0.10827 -0.0090493 0.1968 0.22043 -0.0080793 -0.003521 0.0098686 0.0066825 -0.00025995 -0.010247 0.010068 0.020063 0.015484 -0.041901 0.031569 0.0566 -0.019981 -0.036209 0.028679 0.048303 -0.00081509 -0.00025172 0.00093676 0.0005785
67.858 165.6 4.8962 5.6854 0 0 0 0 0 0 0 0 0 0 0 0 0 0 0 0 0.0015114 0.0025305 0.0015114 0.0025305 0.039617 0.053558 0.061894 0.10052 5.6481e-05 0.075823 0.067623 0.22088 -0.019463 0.013022 0.026725 0.044071 0.1088 0.080405 0.1651 0.095628 -0.032834 0.21446 0.34762 0.40611 -0.044915 -0.0067277 0.18205 0.31856 -0.021934 -0.0089029 0.037676 0.048828 0.072405 -0.040704 0.1044 0.093828 -0.0083663 -0.046716 0.35517 0.41037 -0.063259 -0.021738 0.17981 0.16152 0.037814 0.0021458 0.051719 0.017043
75.59 172.03 5.748 5.7111 0 0 0 0 0 0 0 0 0 0 0 0 0 0 0 0 0.0070015 0.016016 0.00859 0.016016 0.035492 0.063056 0.066353 0.12775 -0.036878 0.033435 0.077517 0.13984 -0.006226 0.0011621 0.007361 0.0063847 0.075879 0.055362 0.20725 0.2061 -0.1064 0.070106 0.3743 0.43509 -0.053745 -0.017232 0.12626 0.15803 -0.006412 0.0068408 0.0087838 0.01269 0.072148 -0.019072 0.10339 0.087311 -0.059171 -0.010119 0.40827 0.31142 -0.032029 -0.01734 0.059387 0.042986 0.043017 0.10212 0.35147 0.16503
91.419 176.66 5.1701 2.8408 0.045503 -0.078969 0.165 0.088744 -0.068822 -0.072544 0.15702 0.083076 0.027282 0.021726 0.13178 0.081342 0.029658 -0.0043934 0.32888 0.20777 0.0024002 -0.0024621 0.002482 0.002585 0.025231 0.017311 0.062301 0.059857 0.078993 0.010662 0.24074 0.26764 0.010885 0.050302 0.3957 0.37117 0.0010242 4.3701e-05 0.0010261 0.00020691 0.05378 -0.015031 0.13552 0.16776 -0.0017567 -0.036834 0.14535 0.33671 -0.0079208 -0.11439 0.21258 0.22249 8.7e-07 2.8048e-06 8.7e-07 2.8048e-06 0.0046375 -0.011811 0.0064083 0.01528 -0.0035683 -0.023232 0.013229 0.038649 -0.0035621 -0.009616 0.005033 0.011992
67.526 196.24 5.0979 5.5798 0 0 0 0 0 0 0 0 0 0 0 0 0 0 0 0 0 0 0 0 0 0 0 0 -9.66e-06 0.00011754 9.66e-06 0.00011754 0 0 0 0 0.060913 0.058526 0.11169 0.14142 0.0055693 0.086118 0.17794 0.46817 -0.090446 0.031901 0.1252 0.21494 -0.0021579 0.00050641 0.0023304 0.00095501 0.014555 0.10994 0.37506 0.40421 -0.09637 0.019186 0.33218 0.4127 -0.043198 -0.005153 0.073958 0.099641 -2.5047e-05 0.053967 0.034642 0.054183
93.35 110.4 6.8723 0.75956 0 0 0 0 0 0 0 0 0 0 0 0 0 0 0 0 0 0 0 0 -0.0001859 0.00019576 0.0001859 0.00019576 0.025976 0.1073 0.16454 0.1508 -0.024084 0.030005 0.036596 0.036607 0.0057203 0.00023338 0.0057598 0.00023338 0.040527 0.047646 0.35078 0.35717 -0.0050136 -0.052176 0.47809 0.46118 -0.0523 0.0067522 0.12562 0.096487 0.045591 0.038488 0.083416 0.077066 -0.04856 0.0036966 0.25607 0.32442 -0.02032 -0.032249 0.082395 0.083296 -0.0021217 -0.014622 0.040485 0.026149
153.51 112.53 6.4229 0.96251 0 0 0 0 0 0 0 0 0.00054821 0.0010794 0.00054821 0.0010794 0.016579 0.011549 0.019122 0.015252 0 0 0 0 5.9005e-05 1.0561e-05 5.9005e-05 1.0561e-05 0.062421 0.030989 0.20448 0.21788 0.013272 -0.0013716 0.20626 0.27649 0 0 0 0 0.11153 0.076231 0.23299 0.22619 -0.059749 0.045095 0.32635 0.49236 -0.0049664 -0.028987 0.069586 0.091917 0 0 0 0 0.053703 -0.055892 0.10308 0.095392 0.067453 0.055224 0.23917 0.36735 -0.048886 0.065673 0.098829 0.22662
168.95 135.46 7.1871 1.0203 0 0 0 0 7.1534e-05 1.7123e-05 7.1534e-05 1.7123e-05 0.036436 0.033857 0.069903 0.10341 0.014826 0.023001 0.10933 0.12581 0 0 0 0 0.069747 0.067265 0.1521 0.16093 -0.028817 0.028809 0.24335 0.43148 -0.0047748 -0.042533 0.11078 0.13818 0 0 0 0 0.090696 -0.058167 0.1614 0.13957 0.038592 0.10978 0.31782 0.57411 -0.061742 0.046814 0.092461 0.18989 0 0 0 0 0.011986 -0.0022882 0.012389 0.0056312 0.033617 -0.079974 0.087287 0.19352 -0.031564 -0.035335 0.038207 0.0788
57.143 153.22 7.5485 5.8051 0 0 0 0 0 0 0 0 0 0 0 0 1.3065e-18 2.5214e-18 1.3065e-18 2.5214e-18 0 0 0 0 0.0091762 0.020223 0.0091762 0.020223 0.010281 0.058969 0.047659 0.089469 -0.0090267 0.010505 0.013058 0.019754 0 0 0 0 0.12448 0.045242 0.34686 0.34293 -0.089184 0.027937 0.29722 0.31663 -0.025699 0.004155 0.039729 0.043271 0 0 0 0 0.092944 -0.036897 0.26934 0.21819 -0.076429 0.014524 0.31493 0.27241 0.063953 0.13761 0.40391 0.17812
103.86 151.24 6.5487 3.7929 0 -0 0 0 0.1013 -0.010971 0.1783 0.17521 -0.0058242 -0.097131 0.27925 0.40801 -0.03635 0.017906 0.15476 0.15744 0.011041 0.012134 0.034833 0.020153 0.011636 0.016473 0.078347 0.099389 0.053474 0.045713 0.24084 0.2603 -0.040794 -0.044584 0.16282 0.17254 0.022918 -0.014322 0.03963 0.024968 0.054814 -0.007564 0.24872 0.25381 -0.069222 -0.046217 0.35807 0.35737 -0.024407 -0.018786 0.054746 0.053569 0.001323 -0.0020304 0.0016508 0.002055 0.016455 -0.041081 0.053281 0.064087 -0.013791 -0.021573 0.031857 0.036755 7.972e-06 -0.00035713 4.4834e-05 0.00035713
77.404 184.46 5.6028 5.6393 0 0 0 0 0 0 0 0 0 0 0 0 0 0 0 0 0.0096209 0.0092364 0.0113 0.012051 0.018039 0.079934 0.042013 0.12277 -0.029092 0.03575 0.042761 0.081539 -0.00086145 0.00017305 0.00086145 0.00018457 0.058145 0.13165 0.25979 0.20853 -0.1092 0.066603 0.27375 0.34209 -0.056833 -0.012302 0.092686 0.12312 -0.0010658 -6.0693e-06 0.0011837 0.00030561 0.05298 -0.034225 0.23264 0.22652 -0.084246 -0.0015543 0.37881 0.29944 0.058851 -0.0087413 0.13051 0.043026 -0.032511 0.17413 0.3812 0.22239
62.264 198.86 6.3685 5.5993 0 0 0 0 0 0 0 0 0 0 0 0 0 0 0 0 0 0 0 0 0 0 0 0 0 0 0 0 0 0 0 0 0.047229 0.054296 0.060293 0.07975 0.059222 0.087356 0.18084 0.44032 -0.060841 0.023444 0.09873 0.18442 -0.00074274 6.0423e-05 0.00074274 0.00010615 0.077838 0.045653 0.3562 0.38072 -0.13434 0.01295 0.38891 0.45315 -0.013114 -0.0015487 0.10041 0.098449 -0.017559 0.093555 0.080926 0.093574
54.17 109.91 10.228 0.77079 0 0 0 0 0 0 0 0 0 0 0 0 0 0 0 0 0 0 0 0 0 0 0 0 0 0 0 0 0 0 0 0 0.026638 0.01411 0.029082 0.024386 0.076789 0.083321 0.46725 0.44783 -0.10262 0.071138 0.25741 0.23202 -0.0057448 0.0039248 0.0065402 0.0042748 0.034395 0.029984 0.20129 0.23633 -0.057041 -0.055828 0.33602 0.42019 -0.021643 -0.037105 0.1381 0.12148 -0.0051792 -0.0015519 0.010934 0.0055072
191.29 152.94 10.886 2.7971 -0 0 0 0 -0 0 0 0 -0 0 0 0 -0 0 0 0 1.9464e-17 2.6284e-17 6.0631e-17 2.6284e-17 0.012786 0.035297 0.025073 0.035297 -0.0042451 0.080624 0.070162 0.080624 -0.0029681 0.0026972 0.0029681 0.0026972 1.083e-17 -1.5968e-17 1.0913e-16 9.3728e-17 0.076966 0.02843 0.66271 0.285 -0.054032 -0.0028394 0.51517 0.31225 -0.020263 0.0084646 0.049111 0.028941 -1.3323e-18 -3.7133e-18 1.3323e-18 3.7133e-18 0.011271 -0.042212 0.12402 0.060558 0.0242 -0.0048779 0.16769 0.16328 -0.02067 -0.00013698 0.050547 0.052129
