66 64
73.505 121.84 2.1552 1.1886 0 0 0 0 0 0 0 0 0 0 0 0 0 0 0 0 0.036295 0.069145 0.040109 0.076825 0.040053 0.20269 0.10526 0.34955 -0.09647 0.18052 0.12546 0.23949 -0.011884 0.016945 0.012577 0.017033 0.11171 0.17687 0.2257 0.20994 -0.069224 0.025812 0.21936 0.30884 -0.098959 -0.032389 0.20296 0.27063 -0.055648 0.044405 0.11661 0.10385 -0.025209 -0.015438 0.16326 0.2076 -0.082376 0.079292 0.11809 0.28234 -0.069419 0.057213 0.12746 0.1933 0.0063629 -0.02266 0.084736 0.072852
88.067 124.14 2.1295 1.9223 -0.00037103 0.00015349 0.00054919 0.00065025 -0 0 0 0 -0 0 0 0 -0 0 0 0 0.017975 0.16275 0.10872 0.20608 0.028533 0.29469 0.094996 0.33927 -0.05238 0.16675 0.10722 0.28954 -0.035552 0.055515 0.051952 0.082297 0.10993 -0.066845 0.20558 0.29441 -0.062994 -0.033787 0.19524 0.38148 -0.036061 -0.065435 0.16284 0.19231 -0.073473 0.00017804 0.14214 0.11622 0.01823 0.0043752 0.12644 0.099782 0.022939 -0.013092 0.16225 0.133 -0.080376 -0.0009167 0.14751 0.12542 -0.0016298 -0.014651 0.093719 0.031915
100.34 123.96 2.0283 2.0204 -0 0 0 0 -0 0 0 0 -0 0 0 0 -0 0 0 0 0.0047379 0.061312 0.17649 0.13204 -0.035174 0.10675 0.081059 0.12553 0.013462 0.13775 0.019959 0.13775 -0.0083904 0.061354 0.012285 0.061354 0.065967 -0.030664 0.21537 0.16478 0.085541 0.10829 0.3273 0.50733 -0.049976 0.10418 0.16428 0.42444 -0.033576 0.048372 0.098167 0.17718 0.014452 0.014112 0.050704 0.055904 0.086838 -0.065942 0.1876 0.1511 -0.014715 -0.045606 0.15643 0.1549 -0.018193 -0.030009 0.070675 0.077568
107.62 125.59 2.0592 2.0549 -0 0 0 0 -0.00025688 0.00090808 0.00025688 0.00090808 -4.1622e-05 0.00014713 4.1622e-05 0.00014713 -0 0 0 0 0.031495 0.0013209 0.031495 0.0098651 -0.014008 0.071593 0.18913 0.13331 -0.0085032 0.018311 0.024604 0.022822 -0.0012544 0.0043929 0.0013509 0.0043929 0.037212 -0.0027008 0.037212 0.015155 0.10487 -0.058191 0.4512 0.37548 0.037062 0.21232 0.29192 0.4953 -0.048728 0.11559 0.083757 0.21818 0.0093718 -0.0010196 0.0093718 0.012211 0.029084 -0.0014854 0.1133 0.11541 0.095667 -0.0816 0.18919 0.1684 -0.039673 -0.03389 0.091672 0.098753
180.47 128.06 2.0195 2.4679 -0 0 0 0 -0 0 0 0 -0 0 0 0 -0 0 0 0 0.025214 0.047641 0.028765 0.065539 0.041273 0.15081 0.05417 0.2027 -0.051155 0.22093 0.13969 0.29478 -0.024523 0.042259 0.032079 0.045136 0.040706 0.0026835 0.066125 0.11254 0.084813 0.010774 0.14505 0.20862 0.11323 0.058833 0.36719 0.33717 -0.19663 0.11186 0.33758 0.18323 0.0030253 0.0048982 0.046952 0.041602 0.02787 -0.062852 0.082166 0.089487 0.17773 -0.0072357 0.20479 0.11601 -0.13301 0.054626 0.25744 0.093201
152.16 131.72 2.1341 0.97893 0 0 0 0 0 0 0 0 0.0020429 0.01025 0.027796 0.01492 -0.0038482 0.0021148 0.0094561 0.0055596 0.0082691 0.087032 0.05303 0.15937 0.030849 0.22761 0.089063 0.34643 -0.035591 0.10236 0.3258 0.30588 -0.025926 4.2711e-06 0.076337 0.032209 0.0077951 -0.044617 0.098794 0.16798 -0.054178 -0.1754 0.17429 0.32607 -0.0090312 -0.043025 0.45497 0.25548 -0.059997 0.01109 0.13526 0.042413 -0.023582 -0.024794 0.052696 0.046825 -0.019569 -0.038423 0.04412 0.049458 0.042996 -0.002475 0.15321 0.0827 -0.032944 0.004892 0.085905 0.041441
172.65 136.29 1.9112 4.7552 -0.045528 -0.03029 0.099019 0.12537 0.0045638 -0.019166 0.066687 0.040275 -0.020246 -0.00045823 0.075654 0.035155 0.00036556 0.0010535 0.04587 0.028311 -0.058877 0.16509 0.095156 0.23297 0.046096 0.1427 0.12923 0.18108 -0.03675 0.099453 0.1883 0.15229 -0.027225 0.018405 0.095075 0.075511 0.0079122 -0.050417 0.2293 0.36165 -0.097808 0.16681 0.19687 0.27361 -0.079493 0.039771 0.20889 0.21986 -0.066623 -0.021483 0.086247 0.055167 0.044004 -0.087843 0.063975 0.12405 -0.015885 -0.1589 0.13329 0.3681 -0.068098 -0.08682 0.082709 0.15372 -0.0080896 -0.0063756 0.0082709 0.0072326
87.901 138.18 1.9275 4.1169 0.028616 0.016836 0.06828 0.032541 -0.0033174 0.015774 0.091467 0.13252 -0.032278 -0.0031291 0.061368 0.14464 -0.005211 0.023896 0.041257 0.050727 0.078533 0.026509 0.10509 0.09895 -0.017625 0.10553 0.098913 0.24841 0.036753 0.19308 0.1282 0.33561 -0.050588 0.093931 0.21717 0.26634 0.050031 -0.062441 0.083482 0.14052 0.064765 -0.090445 0.12738 0.30745 0.15327 0.004509 0.24528 0.27908 -0.15391 -0.077376 0.23414 0.15907 0.012339 0.0056152 0.05762 0.082086 0.041974 0.028305 0.096105 0.11254 -0.046139 -0.084542 0.16099 0.15611 -0.045662 -0.02985 0.052041 0.03134
152.58 138.41 1.9748 4.7396 0.0035997 0.0008529 0.0036587 0.0037403 0.048306 0.033475 0.10587 0.12775 -0.045609 -0.0088039 0.10093 0.12372 0.0040971 -0.0059099 0.03432 0.017743 0.040222 0.015128 0.059506 0.04872 -0.0075093 0.014272 0.31543 0.33373 -0.059314 0.058708 0.09426 0.18207 0.022515 0.045712 0.044632 0.060861 0.024595 -0.010036 0.11661 0.15052 0.1493 -0.047487 0.32172 0.44694 -0.053438 0.10208 0.19391 0.34386 -0.032057 0.054043 0.080768 0.084431 0.00090099 -0.0065683 0.011345 0.015659 0.028516 -0.047532 0.038963 0.056775 0.058933 -0.12481 0.10417 0.18661 -0.0054593 -0.05499 0.06565 0.17831
163.78 138.1 2.22 4.5246 0.023536 0.0068462 0.085572 0.10411 -0.055985 0.0062661 0.09429 0.087075 0.010492 -0.012904 0.061015 0.035818 -0.0062589 0.0048577 0.033017 0.017436 -0.026883 -0.018101 0.24708 0.16711 -0.049784 0.027773 0.086058 0.12827 0.060648 0.078649 0.097262 0.1253 -0.0039197 0.053914 0.090722 0.074977 0.081312 0.018867 0.27147 0.35376 -0.038089 0.18276 0.19088 0.39222 -0.046051 0.12553 0.13351 0.17782 -0.049099 0.01687 0.12941 0.10739 0.022836 -0.053066 0.049343 0.084508 0.039412 -0.16236 0.086851 0.2272 -0.00041527 -0.13708 0.10192 0.33228 -0.046118 -0.045095 0.061021 0.096009
97.651 139.8 2.1113 4.2027 -0.01153 0.026795 0.072781 0.048925 -0.021662 0.074132 0.050288 0.10607 -0.0086287 0.030229 0.021409 0.039391 -0.00058082 0.00032767 0.00087044 0.0009559 -0.013736 0.038381 0.094443 0.10287 -0.043714 0.033288 0.085028 0.26536 -0.0094498 0.052445 0.12047 0.19557 -0.009132 0.064656 0.099907 0.14202 0.013844 -0.0085193 0.062967 0.17073 0.034883 0.12871 0.1209 0.29143 -0.060466 0.18452 0.30538 0.48485 -0.077395 -0.055701 0.17509 0.27603 0.026425 -0.00048485 0.046519 0.081441 0.087522 0.0063206 0.13001 0.13826 -0.13012 -0.097511 0.20276 0.15082 -0.014142 -0.0085715 0.014894 0.013264
60.697 141.35 1.7055 0.26835 0 0 0 0 0 0 0 0 0 0 0 0 0 0 0 0 0.020521 0.099531 0.031178 0.11153 0.010102 0.16897 0.031125 0.26084 -0.041413 0.097816 0.062501 0.16834 -0.0045815 0.034165 0.017775 0.034664 -0.082445 0.054146 0.17914 0.28046 -0.047518 -0.089709 0.11069 0.40216 -0.028358 -0.038783 0.11155 0.25355 0.039887 -0.0042425 0.066444 0.089706 -0.063194 0.054082 0.16929 0.14466 0.052938 0.2348 0.25439 0.37621 -0.12462 0.11159 0.16631 0.20961 -0.0040644 -0.016619 0.062561 0.10009
68.051 143.41 2.2753 0.3948 0.0032407 0.034909 0.0048006 0.034909 -0.0085234 0.078935 0.010971 0.078935 -0.0086231 0.036083 0.0086231 0.036083 -0.00030067 0.00072159 0.00030067 0.00072159 -0.058953 0.042373 0.12103 0.21503 -0.033871 -0.023977 0.076334 0.34011 -0.031385 -0.010516 0.078944 0.21393 0.003681 0.040411 0.034924 0.058312 -0.068819 0.050386 0.20371 0.19068 -0.0072922 0.27741 0.22445 0.45652 -0.081254 0.08136 0.13576 0.21236 0.034772 -0.017866 0.082811 0.099738 -0.02566 0.045819 0.16661 0.16462 -0.034285 -0.050193 0.16414 0.26403 -0.12015 0.0164 0.1511 0.12532 -0.010547 -0.0093863 0.050343 0.058556
78.55 143.41 2.1397 0.76351 0.022936 0.046675 0.11431 0.12709 -0.06377 -0.0030287 0.10063 0.14961 -0.0012481 -0.015582 0.081896 0.15692 -0.021273 0.0091652 0.03728 0.058238 -0.07724 0.040774 0.19208 0.18858 -0.040629 0.16328 0.17358 0.36336 -0.091034 0.11617 0.14143 0.24771 -0.0010258 -0.005944 0.050001 0.058045 -0.088508 -0.13943 0.16718 0.27951 0.017592 -0.1187 0.12681 0.33349 -0.16194 -0.02419 0.2001 0.19022 -0.015589 -0.0067557 0.10546 0.081381 0.017173 -0.028806 0.071863 0.15604 0.020904 -0.043704 0.10025 0.20999 -0.053331 -0.032069 0.11983 0.10483 -0.012368 -0.0051344 0.041574 0.024765
101.22 145.92 2.0954 4.014 -0.0073443 0.023516 0.047741 0.029179 -0.0039708 0.016404 0.010958 0.018789 0.00023416 0.00145 0.0009727 0.00145 7.211e-05 8.5889e-05 7.211e-05 8.5889e-05 0.00074632 0.053098 0.13567 0.09987 -0.018194 0.10919 0.10788 0.23063 -0.02176 0.03981 0.080342 0.12064 -0.0080745 0.025155 0.028824 0.030488 0.01001 0.049432 0.10548 0.11127 -0.026616 0.092352 0.11689 0.36895 0.038324 0.22071 0.17344 0.38068 -0.075067 0.00085978 0.23581 0.34826 0.029633 -0.037123 0.058111 0.13098 0.030776 0.003452 0.09125 0.22011 -0.01858 0.010495 0.30128 0.26634 -0.082476 -0.038855 0.10472 0.083338
157.95 151.9 2.3925 2.1074 -0.0003072 -0.003193 0.054265 0.029705 0.00034366 -0.069677 0.065123 0.081729 0.12255 -0.13279 0.13612 0.17528 -0.075326 -0.059277 0.20631 0.20636 -0.018414 -0.0090008 0.077268 0.039737 0.051711 0.074425 0.12115 0.1313 0.085786 0.096744 0.16546 0.32796 -0.029971 -0.0014021 0.21155 0.42831 -0.0054251 -0.0064846 0.07436 0.055588 0.090267 0.058976 0.17146 0.19887 -0.046443 -0.071968 0.16015 0.34944 -0.04156 -0.049152 0.057088 0.088636 0.014374 0.0194 0.093348 0.065776 0.0528 0.0010321 0.18003 0.17948 -0.097342 0.0094713 0.11867 0.10463 -0.0032951 -0.00064321 0.003328 0.0040017
87.394 154.22 2.2524 5.3275 -0.00090244 -0.013119 0.047293 0.050893 -0.020719 -0.0028432 0.074191 0.084876 0.0012773 0.015214 0.033462 0.070637 0.0002151 0.013421 0.0069764 0.029788 0.047886 0.088949 0.13073 0.1181 -0.0077875 0.16658 0.15795 0.23276 -0.0052413 0.084838 0.19547 0.24993 -0.032213 -0.0069627 0.06514 0.11353 0.13154 0.023992 0.2784 0.14366 -0.14561 0.0042612 0.34378 0.2026 -0.088763 0.0034236 0.32494 0.20772 -0.04669 -0.011233 0.075941 0.05139 0.050688 0.044961 0.14806 0.12806 -0.13798 0.058205 0.27287 0.13598 -0.046199 -0.031368 0.22867 0.13697 -0.029826 -0.0072042 0.04291 0.032322
78.01 156.15 2.0704 5.4346 0.028863 0.010952 0.034091 0.029822 -0.00058748 -0.039329 0.054355 0.1039 -0.012025 -0.055166 0.05669 0.11324 -0.0028879 -0.042511 0.018641 0.090968 -0.010553 -0.0013269 0.090606 0.074201 0.0010026 0.029706 0.17857 0.19615 -0.029769 0.055761 0.10995 0.16859 -0.0050768 0.041167 0.033381 0.1011 0.070464 0.034282 0.2296 0.10493 0.0073126 0.2177 0.3017 0.27279 -0.078292 0.11307 0.23655 0.26682 -0.047322 0.016351 0.13869 0.20845 0.065218 0.038535 0.17546 0.10562 -0.052824 0.0087672 0.33212 0.1283 -0.044792 -0.035575 0.29963 0.15335 -0.060534 0.003234 0.10955 0.076394
65.89 157.44 1.9204 2.7932 0.029871 -0.0509 0.04447 0.10267 0.10766 -0.12145 0.12899 0.23308 -0.0053326 -0.23175 0.32916 0.30216 -0.041446 -0.086198 0.2162 0.14557 -0.0172 0.062131 0.046223 0.15581 0.02584 0.00077172 0.12424 0.34124 -0.0078937 -0.099317 0.16413 0.26514 0.040333 -0.00035327 0.2118 0.26872 0.011623 -0.029865 0.055301 0.16245 -0.07051 -0.00056386 0.091067 0.25313 -0.035734 -0.047784 0.094871 0.13425 -0.013693 -0.066354 0.072124 0.10215 0.0075524 -0.036918 0.0099183 0.038988 -0.012441 -0.045918 0.014955 0.050837 -0.0075124 -0.014153 0.0077192 0.014517 -6.5023e-05 -0.00019103 8.0312e-05 0.00019103
67.641 162.69 1.9735 2.6658 0.022161 -0.033879 0.039212 0.10135 0.063198 -0.11714 0.096591 0.25276 0.14082 -0.18831 0.21709 0.28028 -0.091409 -0.10973 0.23807 0.16017 -0.029161 0.11179 0.051614 0.20971 0.0048853 0.068593 0.088383 0.32066 -0.024189 -0.071362 0.15801 0.35987 0.055402 -0.00087565 0.1673 0.17687 -0.0082575 -0.042551 0.06163 0.16843 -0.0099185 -0.0055138 0.078145 0.27997 -0.084786 -0.027695 0.10814 0.21936 -0.02778 -0.034283 0.057817 0.063696 0.0035457 -0.034846 0.0089064 0.035126 -0.0017038 -0.070658 0.017597 0.077861 -0.017426 -0.041612 0.017885 0.044749 -0.0018162 -0.0025832 0.0018162 0.0025832
59.661 175.83 2.0473 5.7626 0 0 0 0 0 0 0 0 0 0 0 0 0 0 0 0 0.0038965 0.013835 0.0038965 0.013835 0.0055733 0.096321 0.014857 0.096321 -0.0077984 0.090486 0.013983 0.090486 -0.002363 0.020492 0.0027059 0.020492 0.10512 0.12086 0.10991 0.19122 0.028374 0.19748 0.12342 0.42728 0.01433 0.22711 0.14313 0.3553 -0.053886 0.19486 0.092051 0.26136 0.0259 -0.0043493 0.084633 0.17166 -0.028 -0.094354 0.11204 0.30587 0.03623 -0.19158 0.086907 0.28101 0.017673 -0.11336 0.074931 0.19696
62.308 179.97 2.1924 5.7463 0 0 0 0 0 0 0 0 0 0 0 0 0 0 0 0 0.0058535 0.02658 0.0058535 0.02658 -0.0026656 0.088605 0.0097274 0.088605 -0.0061639 0.063992 0.009642 0.063992 -0.00015989 0.0054518 0.0014828 0.0054518 0.082502 0.12157 0.097504 0.2504 0.0054117 0.20188 0.12653 0.38224 0.0073067 0.28108 0.141 0.3606 -0.096414 0.18014 0.11217 0.23237 0.0099818 -0.044754 0.076855 0.20427 -0.0073509 -0.10255 0.082639 0.30111 0.035297 -0.15631 0.091334 0.31881 0.0051714 -0.086259 0.089548 0.17719
158.29 180.22 2.1509 1.1547 0.0059262 -0.010868 0.05049 0.039363 0.089795 -0.044946 0.17223 0.15638 -0.092258 -0.018346 0.13117 0.2101 -0.019524 0.0051356 0.022265 0.029741 0.011681 0.0022594 0.098573 0.079181 0.053937 0.033168 0.18026 0.31616 -0.033914 0.017254 0.16414 0.40831 -0.025469 0.016298 0.19849 0.35977 0.010218 0.028743 0.059935 0.089109 0.030782 -0.051465 0.14356 0.34257 -0.055207 -0.088879 0.13141 0.29917 -0.020595 -0.085661 0.093726 0.19311 0.016855 -0.024221 0.027048 0.043104 -0.020605 -0.032749 0.045916 0.078342 -0.017801 -0.0065152 0.02471 0.047868 -0.0021088 0.0007449 0.0041978 0.0072646
85.433 183.8 1.7295 2.2617 -1.6821e-05 2.0342e-05 1.6821e-05 2.0342e-05 0.037888 -0.032094 0.03795 0.051064 0.029643 -0.11283 0.11415 0.23955 0.0021712 -0.09661 0.10202 0.1517 0.029984 0.046675 0.053312 0.078274 -0.024826 0.1441 0.087351 0.26725 0.02241 0.15764 0.10008 0.34109 0.027949 0.12693 0.10959 0.2442 0.072857 -0.050573 0.087361 0.14398 0.085891 -0.029044 0.16172 0.36109 0.037972 0.015625 0.13415 0.44074 -0.043022 -0.040355 0.11787 0.21647 0.0056942 -0.013664 0.006177 0.015857 0.018498 -0.059233 0.025599 0.068223 0.0033321 -0.0962 0.021432 0.10209 -0.013293 -0.047676 0.014997 0.048196
164.83 184.13 1.9415 4.1852 0.0035771 0.007955 0.0043746 0.011734 0.019769 0.045194 0.0266 0.048581 -0.0067951 0.074321 0.025267 0.074716 -0.0069321 0.017106 0.0081605 0.017136 0.021873 0.012898 0.02611 0.04626 0.052874 0.051242 0.099524 0.21483 -0.015261 -0.033647 0.084933 0.19653 -0.018099 0.0096269 0.039507 0.064456 0.011094 0.074883 0.17997 0.33673 -0.013944 0.088532 0.18947 0.59507 -0.062538 0.0077609 0.17737 0.32916 -0.01052 -0.010721 0.058983 0.071103 0.003737 -0.022321 0.093756 0.15722 0.039249 0.10733 0.15784 0.21663 -0.067124 0.025894 0.14118 0.10253 0.009013 -0.0022023 0.062838 0.053149
65.736 188.14 2.0879 5.5765 0 0 0 0 0 0 0 0 0 0 0 0 0 0 0 0 0 0 0 0 0.0012417 0.004088 0.0022516 0.004088 0.0013321 0.0055688 0.0019858 0.0055688 -6.4046e-06 8.1248e-05 6.4046e-06 8.1248e-05 0.037478 0.18614 0.080154 0.24018 0.071795 0.28644 0.13106 0.32184 -0.068415 0.3052 0.12813 0.39341 -0.080044 0.12958 0.091679 0.16617 -0.0091472 -0.07833 0.062878 0.17714 0.0094976 -0.18562 0.093285 0.30386 -0.0035268 -0.18772 0.084765 0.33189 -0.019304 -0.052474 0.07539 0.15816
169.77 187.32 2.2792 0.87773 0.012055 -0.013916 0.07346 0.068737 0.069548 -0.0060678 0.16342 0.24645 -0.0029457 0.056837 0.23076 0.46979 -0.02225 -0.079518 0.22629 0.33658 0.013383 0.029531 0.050592 0.095257 0.064497 0.060576 0.14637 0.328 -0.056112 -0.072227 0.17494 0.39397 -0.046562 -0.030806 0.06955 0.098166 0.024272 -0.044191 0.034638 0.058765 0.034146 -0.095739 0.077438 0.16906 -0.052298 -0.073521 0.08844 0.1311 -0.017143 -0.01585 0.021473 0.028609 0.0014213 -0.0026562 0.0014228 0.0026562 0.00075755 -0.010809 0.0023587 0.010809 -0.00088627 -0.0063584 0.0024488 0.0063584 -6.0836e-05 -0.00015659 6.5427e-05 0.00015659
87.384 191.94 2.1899 4.9569 0 0 0 0 0 0 0 0 0.0003632 9.0623e-05 0.00059121 0.00014751 0.00011977 2.9883e-05 0.00044513 0.00011107 0.066977 0.14763 0.077313 0.15006 0.011209 0.2534 0.13972 0.29064 -0.079246 0.12974 0.1823 0.23815 -0.024546 0.0069792 0.040854 0.024464 0.015416 0.018479 0.17698 0.24672 -0.13427 -0.16378 0.23242 0.44092 -0.1094 -0.11905 0.16334 0.33089 -0.015683 -0.012319 0.019974 0.021669 -0.05639 -0.10005 0.14883 0.15954 -0.040746 -0.05388 0.10436 0.18326 -0.0045826 -0.0075576 0.013945 0.034435 -6.2491e-05 7.4565e-05 0.000368 0.0016507
73.404 194.15 1.9323 5.3017 0 0 0 0 0 0 0 0 0 0 0 0 0 0 0 0 1.0247e-05 5.159e-05 1.0247e-05 5.159e-05 0.0021135 0.0095022 0.0025656 0.0095022 0.00088889 0.0096392 0.003418 0.010869 -0.00020619 0.00028048 0.00028079 0.00057649 0.078515 0.18184 0.088262 0.18769 0.060078 0.33157 0.12756 0.41996 -0.095265 0.23745 0.16755 0.36814 -0.070194 0.12208 0.10623 0.17297 -0.013591 -0.061634 0.094661 0.16347 -0.036194 -0.17957 0.11434 0.32153 -0.021199 -0.12719 0.071853 0.29266 -0.029974 -0.055146 0.05888 0.12854
95.053 195.24 2.0656 4.7972 0 0 0 0 0.00011897 1.011e-05 0.00060274 5.122e-05 -0.00011897 -1.011e-05 0.00060274 5.122e-05 0 0 0 0 0.044616 0.14681 0.080024 0.15436 -0.016204 0.23734 0.18085 0.27842 -0.076708 0.044906 0.11157 0.071604 0 0 0 0 -0.070882 0.028426 0.25442 0.32544 -0.17718 -0.12423 0.28659 0.51962 -0.086246 -0.040521 0.1038 0.13193 0 0 0 0 -0.096709 -0.098963 0.19693 0.21272 -0.031665 -0.050853 0.081321 0.16512 -0.0035843 -0.004771 0.0063415 0.022668 0 0 0 0
81.27 198.27 1.8577 5.0321 0 0 0 0 0 0 0 0 0 0 0 0 0 0 0 0 0 0 0 0 0.0017415 0.012094 0.0066054 0.012094 -0.0032804 0.026736 0.0054796 0.026736 -0.0016041 0.0072079 0.0077058 0.0075875 0.098513 0.19045 0.10346 0.1989 0.017495 0.31098 0.21084 0.41316 -0.078654 0.059239 0.17415 0.38025 -0.092438 -0.00010388 0.14321 0.099582 0.000104 -0.03364 0.13229 0.16369 -0.1056 -0.17741 0.18409 0.36468 -0.04834 -0.12914 0.095032 0.28207 -0.018648 -0.02068 0.026623 0.044665
96.391 130.28 2.6984 1.9615 3.5343e-05 0.0026123 0.0016962 0.0026123 -0.00035867 0.0020761 0.0014088 0.0020761 -0 0 0 0 -0 0 0 0 0.030826 -0.00012977 0.084403 0.064715 0.083006 0.14152 0.22202 0.39816 -0.045912 0.18399 0.11004 0.33754 -0.050674 0.064513 0.073592 0.10569 0.028402 -0.0055811 0.038137 0.048179 0.17171 -0.070662 0.30925 0.33205 -0.065396 -0.044115 0.28679 0.31297 -0.059674 -0.024629 0.1444 0.1103 0.019063 0.002125 0.020209 0.016008 0.04824 -0.018513 0.14491 0.11211 -0.035905 -0.069006 0.16759 0.13454 -0.018672 -0.015171 0.088256 0.034492
155.21 131.52 2.9063 1.0461 0 0 0 0 0 0 0 0 -0.00016609 0.0039569 0.00016609 0.0039569 0.0090645 0.00039204 0.0091346 0.010117 0.058023 0.071496 0.079661 0.145 0.0063294 0.24176 0.12674 0.4212 -0.11291 0.13239 0.24235 0.30696 -0.017786 0.0075816 0.032404 0.01958 0.073413 -0.012068 0.14558 0.1252 -0.050767 -0.16146 0.18583 0.32431 -0.031298 -0.045112 0.41003 0.26453 -0.040347 0.0048785 0.074753 0.022978 0.0078628 -0.02494 0.053419 0.036725 -0.012896 -0.0082073 0.067539 0.061794 0.053289 -0.023846 0.15347 0.10812 -0.030933 0.027537 0.074896 0.087933
73.003 135.71 2.9646 0.51533 0 0 0 0 -0.00044743 0.016123 0.0019868 0.016123 -0.0021813 0.0079273 0.0023667 0.0079273 0 0 0 0 0.085367 0.071949 0.12167 0.094155 -0.039242 0.090318 0.18288 0.23884 -0.036615 0.013773 0.088301 0.22858 -0.011728 0.02398 0.033413 0.05102 0.14819 0.063896 0.28409 0.091466 -0.061765 0.10636 0.33266 0.34024 -0.13081 0.086296 0.22241 0.29053 0.003966 -0.00067245 0.090863 0.08063 0.05756 -0.056095 0.21581 0.16246 -0.035766 -0.11356 0.20297 0.27865 -0.055406 -0.046595 0.15195 0.15159 -0.011597 -0.0059985 0.048545 0.029269
182.14 143.26 2.8172 4.215 -0.0098633 -0.012812 0.065173 0.08358 -0.011786 0.0011337 0.050174 0.050471 -0.0090521 0.0093188 0.021198 0.011648 0 -0 0 0 -0.042939 0.023578 0.14415 0.12087 -0.005958 0.023023 0.12926 0.12514 -0.022262 0.038657 0.11492 0.074646 -0.0032904 0.0011346 0.0032904 0.0011346 -0.035254 0.069517 0.24191 0.18881 0.10277 0.18481 0.23487 0.26627 -0.13945 0.06562 0.27896 0.11005 -0.012901 0.00032184 0.012901 0.001717 0.061573 -0.039072 0.23418 0.30101 -0.081634 -0.089181 0.20725 0.47646 -0.11944 -0.071013 0.1686 0.15134 -0.0018744 -0.0003884 0.0018744 0.0004422
66.646 149.67 3.0343 5.7357 0 0 0 0 0.0036415 0.0037583 0.0036415 0.0037583 0.014859 0.042117 0.019382 0.050442 -0.00082761 0.041517 0.0097311 0.045016 0.013476 0.0127 0.013476 0.013164 0.016862 0.044453 0.11966 0.1252 0.019837 -0.02425 0.09185 0.20021 0.0097272 -0.043324 0.037477 0.13799 0.058433 0.06506 0.1432 0.094914 0.083617 0.13493 0.37128 0.29027 -0.046707 0.17976 0.247 0.30708 -0.039394 0.041473 0.070079 0.14492 0.071267 0.0019858 0.15191 0.09601 0.061127 0.1279 0.31198 0.2058 -0.084249 -0.011258 0.38005 0.13302 -0.041672 -0.020816 0.093689 0.073472
172.79 154.55 2.6418 3.352 0.0054723 0.01932 0.014493 0.024366 -0.0066353 0.010666 0.021343 0.036357 -0.0039371 0.012523 0.026622 0.047708 -0.0022699 0.0068186 0.0051357 0.0094075 -0.019959 0.013746 0.077752 0.12734 -0.001381 0.018906 0.060326 0.13391 0.03814 0.043656 0.11178 0.17245 -0.0084209 0.087612 0.13271 0.1275 -0.010408 0.04277 0.22769 0.20748 -0.02708 0.10917 0.17341 0.2404 0.09904 0.040056 0.21805 0.17585 0.050403 0.069169 0.31843 0.213 0.02206 -0.038668 0.15239 0.10215 0.013975 -0.071917 0.20818 0.15918 0.091348 0.00066751 0.35569 0.2469 -0.069429 -0.075683 0.25668 0.19568
172.25 157.52 2.7763 3.4286 0.0068113 0.024194 0.015245 0.027518 -0.0086631 0.017782 0.029882 0.049018 0.001273 0.0066255 0.021957 0.038585 -0.0021915 0.0063348 0.0085454 0.0097851 -0.015182 0.020511 0.099227 0.16056 -0.010788 0.0058247 0.071745 0.16437 0.0065292 0.017474 0.076658 0.15157 0.014159 0.069932 0.11863 0.11642 0.0044464 0.020397 0.28316 0.23196 -0.021257 0.11267 0.20962 0.27983 0.034663 0.034451 0.19736 0.17239 0.11923 0.095833 0.21865 0.19835 0.0064374 -0.051933 0.12092 0.099007 0.016024 -0.087294 0.18095 0.16459 0.075822 0.030732 0.384 0.24207 -0.025295 -0.058542 0.23007 0.21427
160.7 160.55 2.8038 3.2252 0.0045186 0.019943 0.032553 0.037754 -0.013949 0.010336 0.040637 0.057566 0.0052997 0.016521 0.031666 0.073008 0.020702 0.031962 0.05851 0.075784 -0.0092637 0.0078033 0.18191 0.15253 -0.01847 0.053043 0.119 0.2207 -0.01243 0.044519 0.080436 0.17652 0.10233 0.034418 0.14326 0.12614 0.02367 4.5121e-05 0.26772 0.10956 -0.018993 -0.015269 0.3227 0.28823 -0.016256 0.0072517 0.33416 0.31621 0.08561 -0.0018336 0.39354 0.24971 -0.0059803 -0.024256 0.064436 0.040453 -0.0056938 -0.047579 0.058071 0.050997 0.020088 -0.047493 0.056318 0.07193 0.0012507 -0.05332 0.11113 0.12142
63.511 167.32 2.8004 2.6386 0.020113 -0.00019839 0.030671 0.048895 0.082619 -0.080034 0.13339 0.22508 0.0030858 -0.19457 0.36989 0.31643 -0.018134 -0.090581 0.25177 0.18344 0.0054867 0.050574 0.084103 0.21394 0.0040463 0.12223 0.12118 0.33205 -0.031107 -0.032208 0.18758 0.32348 -0.029957 -0.084164 0.18018 0.20754 0.020244 -0.072622 0.031973 0.098315 0.001425 -0.12783 0.047888 0.2108 -0.055056 -0.081651 0.067124 0.13902 -0.0083898 -0.012773 0.0096078 0.01462 -1.181e-06 6.4984e-07 1.181e-06 6.4984e-07 -1.5419e-06 8.4843e-07 1.5419e-06 8.4843e-07 -0 0 0 0 -0 0 0 0
151.45 167.62 2.9773 0.62678 -0.049085 0.045601 0.24202 0.16091 -0.034124 0.026502 0.074934 0.036253 -2.7786e-05 0.00040061 2.7786e-05 0.00040061 0 0 0 0 -0.011589 -0.080067 0.29212 0.14688 0.0024827 0.1018 0.3245 0.24636 -0.032728 0.085995 0.16157 0.15985 -0.016548 0.040257 0.066871 0.05009 0.0068255 -0.011358 0.069935 0.10823 0.059737 -0.068335 0.22711 0.29252 -0.032814 -0.037267 0.3453 0.40374 -0.060773 -0.029295 0.11197 0.10666 0.0074031 -0.00032347 0.023168 0.037441 0.02397 0.016524 0.055872 0.12825 -0.037602 -0.033472 0.10842 0.17505 -0.01335 -0.0036794 0.015344 0.018153
183.64 172.29 2.9622 3.5172 -1.77e-16 -2.3196e-16 9.383e-16 1.0576e-15 -1.293e-16 -1.1502e-16 3.0773e-16 2.8414e-16 -2.0446e-17 -1.6055e-17 2.5901e-17 1.6055e-17 0 -0 0 0 0.019013 0.050756 0.028244 0.05297 0.0067517 0.085497 0.063605 0.12522 -0.023023 0.033337 0.05667 0.088676 -0.0080258 0.024611 0.027767 0.055034 0.046452 0.067646 0.18932 0.24716 -0.058955 0.031966 0.20705 0.39784 0.0096173 0.052406 0.098825 0.22389 0.029935 0.054747 0.11136 0.17003 0.036161 0.02546 0.31155 0.20931 -0.037163 0.13429 0.33192 0.35834 -0.02651 0.072957 0.16849 0.22694 0.079955 0.042761 0.13898 0.13294
172.5 180.2 2.6343 1.1028 0.009317 -0.020817 0.065776 0.053082 0.015588 -0.025364 0.13477 0.10638 0.023081 -0.026926 0.25873 0.27017 -0.051663 0.021147 0.077107 0.1248 0.018965 -0.00068076 0.053977 0.048641 0.024261 0.020799 0.14991 0.17649 0.037379 -0.024359 0.25498 0.61269 -0.042868 -0.045942 0.18346 0.34842 0.011402 -0.012064 0.013587 0.020369 0.054387 -0.046448 0.082514 0.13585 -0.03019 -0.079217 0.13452 0.2639 -0.029715 -0.034838 0.037347 0.063108 1.2468e-16 4.4525e-17 1.7753e-16 1.933e-16 0.0024276 -0.0071172 0.0029839 0.0071172 -0.0023697 -0.017213 0.0084676 0.017574 -0.0015343 -0.0022612 0.0016458 0.0023322
183.91 182.21 2.7707 3.605 -4.0768e-18 2.1284e-16 2.755e-16 4.2845e-16 -5.6527e-16 4.3112e-16 1.0715e-15 1.3455e-15 -1.097e-17 2.1953e-17 1.097e-17 2.1953e-17 0 -0 0 0 0.002386 0.0042134 0.0035583 0.0042134 0.014917 0.078332 0.030931 0.078332 -0.0082866 0.075601 0.042117 0.092791 -0.01086 0.016143 0.011706 0.021893 0.069891 0.024064 0.086875 0.098543 -0.0083129 0.069438 0.2121 0.40855 -0.060365 0.030632 0.11928 0.27463 -0.0040814 0.034246 0.07316 0.12792 0.076269 0.044851 0.19716 0.13418 -0.035949 0.042198 0.4116 0.48347 -0.03111 0.080159 0.1583 0.28947 0.02455 0.010085 0.07768 0.13698
75.081 184.33 2.9914 2.3779 -0.00025918 0.0013723 0.0019049 0.0016205 0.031409 -0.011358 0.052137 0.11423 0.061073 -0.16214 0.15107 0.31047 -0.02506 -0.16894 0.22472 0.25185 0.058654 0.013685 0.079618 0.12291 0.036755 0.15538 0.11634 0.38264 0.016023 0.15934 0.14192 0.42639 -0.037769 0.011587 0.13927 0.26 0.023412 -0.030355 0.023864 0.036468 0.052288 -0.14914 0.066706 0.22802 -0.023099 -0.13697 0.055745 0.21154 -0.028878 -0.059882 0.037805 0.079587 -0 0 0 0 4.0444e-06 -0.00018615 4.0444e-06 0.00018615 1.0289e-06 -4.7354e-05 1.0289e-06 4.7354e-05 -0 0 0 0
141.16 184.97 2.57 4.5527 -7.8841e-18 -4.8946e-17 7.8841e-18 4.8946e-17 -1.8027e-18 -1.1192e-17 1.8027e-18 1.1192e-17 0.0031611 0.0035258 0.0048819 0.012454 -0.0011664 0.018902 0.010213 0.021777 -3.6061e-18 -2.2388e-17 3.6061e-18 2.2388e-17 0.07334 0.061878 0.089517 0.17109 0.02705 0.10886 0.16179 0.42664 -0.0012325 0.043845 0.13096 0.22052 0 -0 0 0 0.065038 -0.043154 0.076846 0.15337 0.082737 0.039749 0.23475 0.59616 -0.055305 0.0020394 0.19941 0.23536 -0.00067346 0.00063439 0.00067346 0.00063439 0.0056677 -0.0016798 0.0056677 0.0045174 0.098534 -0.039855 0.18051 0.18386 -0.041634 0.0099799 0.13869 0.11119
92.09 194.06 2.9182 4.8149 0 0 0 0 0 0 0 0 0 0 0 0 0 0 0 0 0.030124 0.066504 0.038869 0.066504 0.017895 0.23774 0.10576 0.26564 -0.060978 0.047279 0.085736 0.091429 1.5718e-17 -1.528e-16 1.5718e-17 1.528e-16 0.075972 0.077551 0.30537 0.30436 -0.18331 -0.15423 0.29844 0.45794 -0.058119 -0.039442 0.064702 0.089554 0 0 0 0 -0.067833 -0.051509 0.22992 0.14765 0.0044944 0.097407 0.25149 0.26821 -0.052847 0.040064 0.11699 0.11319 0 0 0 0
86.285 202.44 2.6065 4.9518 0 0 0 0 0 0 0 0 0 0 0 0 0 0 0 0 5.6627e-05 9.3191e-05 5.6627e-05 9.3191e-05 0.0031607 0.0048002 0.004826 0.0052067 0.0053981 0.008315 0.0056337 0.0083725 1.5451e-05 0.00024438 1.5451e-05 0.00024438 0.14003 0.18887 0.15932 0.22412 -0.051041 0.22002 0.25483 0.62382 -0.12073 0.013763 0.17584 0.27419 -0.0069705 -0.00046377 0.0070324 0.0034662 -0.0063265 -0.046672 0.22809 0.24068 -0.090065 -0.11273 0.16632 0.27145 -0.023615 -0.019261 0.034413 0.079387 -0.00036393 -0.00034333 0.00036393 0.00034333
74.469 123.52 3.5387 1.3854 0 0 0 0 0 0 0 0 0 0 0 0 0 0 0 0 0.028871 0.036275 0.028871 0.036275 0.013257 0.18379 0.12109 0.27029 -0.049193 0.061274 0.060482 0.10106 -0.00075435 0.00045364 0.00075435 0.00045364 0.12758 -0.0034868 0.20694 0.35774 -0.084732 0.010594 0.34508 0.54277 -0.12083 0.018079 0.24438 0.19353 -0.012511 0.0034551 0.021027 0.0091068 0.03399 -0.043985 0.055037 0.094469 -0.0054097 -0.096943 0.17173 0.21592 -0.041473 -0.013809 0.15331 0.079703 -0.012364 0.0037366 0.023281 0.0078877
94.692 130.71 3.6431 1.8555 2.4942e-05 0.00027123 0.0010272 0.00050771 -0 0 0 0 -0 0 0 0 -0 0 0 0 0.019135 -0.0029789 0.033781 0.034222 0.091177 0.10857 0.17 0.42575 -0.053913 0.17876 0.15322 0.38289 -0.043871 0.033685 0.055481 0.061792 0.0090446 -0.0068464 0.012444 0.014843 0.16988 -0.067213 0.28273 0.36191 -0.078148 -0.067391 0.32254 0.34769 -0.053064 -0.014882 0.124 0.056628 0.0024094 -0.00046389 0.0024094 0.00088848 0.038369 -0.039357 0.084024 0.094944 -0.014256 -0.047264 0.11784 0.1083 -0.01793 -0.0021967 0.047344 0.020979
72.223 135.91 3.4808 0.47757 0 0 0 0 -0.00051725 0.0012998 0.00051725 0.0012998 -0.00015718 0.00039499 0.00015718 0.00039499 0 0 0 0 0.071285 0.063289 0.099713 0.082762 -0.03411 0.096784 0.15037 0.25528 -0.029873 -7.701e-05 0.076729 0.22162 -0.01143 0.026676 0.034907 0.050576 0.1456 0.064958 0.26982 0.09798 -0.045756 0.12361 0.33047 0.32725 -0.12626 0.093071 0.21044 0.29548 0.0039346 -0.0025176 0.092737 0.087403 0.08269 -0.028004 0.23217 0.13251 -0.036615 -0.1079 0.24837 0.28925 -0.059245 -0.047438 0.15737 0.17057 -0.0178 -0.0047162 0.053109 0.033718
163.51 140.62 3.8525 4.4832 0.0282 -0.0055534 0.064443 0.12526 -0.023735 -0.0030093 0.14367 0.18905 -0.013079 -0.0038775 0.064707 0.049577 -0.00368 0.00051046 0.0093256 0.0033929 0.073408 -0.0077052 0.087762 0.064453 -0.015841 0.033464 0.33133 0.26925 -0.024802 0.079345 0.16509 0.14041 -0.020433 0.009751 0.035692 0.017245 0.033281 -0.0090959 0.057978 0.036884 0.11076 -0.086595 0.31667 0.53058 -0.096764 -0.021373 0.24249 0.40177 -0.041473 -0.0085623 0.048553 0.031733 -0.0032676 -0.0018563 0.0049185 0.0050216 0.015073 -0.054906 0.020813 0.058663 -0.010231 -0.05056 0.027697 0.072065 -0.0031339 -0.0028906 0.0031612 0.0037586
77.472 164.46 4.2295 5.3595 0 0 0 0 0.014132 0.029631 0.014132 0.029631 0.0019868 0.056965 0.018458 0.067044 -0.0086965 0.014751 0.009427 0.016398 0.020751 0.014136 0.028299 0.021963 0.020916 -0.0052257 0.13264 0.19398 -0.021617 -0.052466 0.067517 0.19259 -0.020647 -0.017771 0.027815 0.052952 0.038335 0.039878 0.16375 0.080575 0.044517 0.1517 0.37654 0.3273 -0.13097 0.049016 0.20671 0.22775 -0.014229 -0.0022216 0.015564 0.015657 0.066753 -0.00052497 0.12108 0.10671 -0.02236 -0.00027387 0.36927 0.40869 -0.1405 -0.0070553 0.25259 0.1978 -0.006051 -0.0014546 0.0064214 0.0036998
150.78 166.47 3.3061 0.7559 -0.04883 0.021905 0.22132 0.24037 -0.06898 0.032804 0.14338 0.075463 -0.00031527 0.00039121 0.00037194 0.00039121 0 0 0 0 0.018948 -0.075236 0.21083 0.14614 -0.019715 0.067262 0.34371 0.22944 -0.041533 0.089238 0.095642 0.16104 -0.0017302 0.029321 0.019143 0.034592 -0.0003455 -0.017163 0.077044 0.098652 0.069474 -0.027348 0.21565 0.24723 -0.017536 -0.0053747 0.35423 0.42322 -0.044933 -0.017691 0.15013 0.15709 0.0084125 0.000612 0.022832 0.040448 0.030818 0.0068317 0.065818 0.14327 -0.038024 -0.03496 0.11477 0.18639 -0.013359 -0.011309 0.020113 0.023539
73.894 183.79 3.7383 5.5647 0 0 0 0 1.5745e-17 1.8005e-17 1.5745e-17 1.8005e-17 -9.5239e-18 -1.0891e-17 5.5126e-17 6.3039e-17 5.5543e-18 6.3516e-18 1.0735e-17 1.2276e-17 0.03043 0.047652 0.034448 0.060419 0.034635 0.13927 0.063282 0.24686 -0.05819 0.11991 0.070114 0.17739 -0.0091358 0.012523 0.0091358 0.012542 0.026153 0.066323 0.18854 0.24967 -0.024864 -0.0070029 0.12665 0.42738 -0.044584 -0.072835 0.10615 0.25817 -0.023145 -0.0072891 0.027924 0.032644 0.029509 0.11976 0.37207 0.2272 -0.15634 0.070966 0.35612 0.30296 -0.04995 0.00011951 0.053795 0.05547 -0.00091016 0.00047135 0.0011946 0.0024008
91.863 192.5 3.9301 2.4237 0.013478 -0.040597 0.078662 0.066024 -0.010973 -0.0087755 0.019492 0.018694 0.090127 0.0038052 0.096832 0.093581 0.25569 -0.034039 0.47505 0.26178 -1.074e-16 -1.2297e-16 1.074e-16 1.2297e-16 0.036693 0.030585 0.051717 0.071774 0.047721 0.11541 0.12247 0.27903 0.099791 -0.060047 0.18964 0.3671 -6.0458e-18 -6.9224e-18 6.0458e-18 6.9224e-18 0.053257 -0.035464 0.059286 0.074172 0.066286 -0.1189 0.13468 0.39152 -0.030372 -0.078179 0.087838 0.28003 -0 0 0 0 4.0844e-05 1.6552e-05 4.0844e-05 1.6552e-05 0.0013374 -0.014267 0.0023032 0.014317 -0.0016278 -0.0094679 0.00214 0.0094679
84.646 205.02 3.0788 4.8882 0 0 0 0 0 0 0 0 0 0 0 0 0 0 0 0 0 0 0 0 0 0 0 0 9.5539e-06 1.6974e-06 0.00014352 2.5498e-05 -4.9513e-06 -8.7966e-07 1.54e-05 2.736e-06 0.084867 0.11547 0.084867 0.11645 0.015867 0.31709 0.23698 0.47258 -0.15206 0.081257 0.17984 0.30194 -0.012263 0.00076214 0.012593 0.0073788 0.067832 0.035975 0.24287 0.22881 -0.14144 -0.16467 0.28012 0.3952 -0.059176 -0.06186 0.065633 0.11899 -0.0021121 -0.00088811 0.0021682 0.0015062
96.652 111.49 4.9563 1.831 -0 0 0 0 -0 0 0 0 -0 0 0 0 -0 0 0 0 -0.010053 0.0098831 0.010316 0.0099075 -0 0 0 0 -0 0 0 0 -0 0 0 0 -0.012791 -0.0071117 0.069352 0.062808 0.15664 0.13095 0.27293 0.59195 -0.13087 0.13637 0.24533 0.44332 -0.027671 0.0096172 0.031278 0.025533 -0.0036821 -0.0031655 0.01189 0.0088478 0.10842 -0.070859 0.20253 0.2478 -0.082908 -0.076193 0.23954 0.19529 -0.016026 -0.0042013 0.031857 0.013398
167.85 170.73 5.3392 3.6564 1.4712e-17 2.1148e-17 7.193e-17 8.5273e-17 -5.4678e-05 0.0089888 0.0018328 0.0089888 -0.0017209 0.0088027 0.0025334 0.0088027 -4.6071e-05 8.145e-05 4.6071e-05 8.145e-05 0.022398 0.0063783 0.022398 0.013903 0.01376 0.03604 0.15024 0.23992 -0.017666 0.010048 0.064929 0.16282 -0.00097736 0.026245 0.034873 0.042873 0.022667 -0.0028012 0.086741 0.060858 0.017785 -0.038229 0.3653 0.40802 0.043302 0.13663 0.37568 0.39398 -0.038562 0.081224 0.267 0.22268 -0.00081053 -0.0031548 0.0091304 0.0075279 0.0063014 -0.028905 0.02854 0.038853 0.054481 -0.063683 0.20099 0.206 -0.038065 -0.056232 0.10168 0.12021
165.25 184.65 5.5677 4.7881 1.0968e-05 1.7098e-05 6.6989e-05 2.1345e-05 -7.8781e-18 -1.0709e-17 2.5492e-17 1.1929e-17 1.0883e-17 2.6629e-17 1.0883e-17 2.6629e-17 8.3203e-19 2.0358e-18 8.3203e-19 2.0358e-18 0.012977 0.0040895 0.02016 0.031862 0.025235 0.058396 0.13218 0.23569 -0.033632 0.038595 0.081797 0.084657 -0.0013746 0.00047948 0.0013746 0.00047948 0.0053475 0.0029285 0.040723 0.036178 0.022383 0.0055491 0.43049 0.47666 -0.073266 -0.018441 0.2271 0.13392 -0.0050299 -0.00054631 0.0083744 0.0025595 -0.012736 -0.00068598 0.074232 0.077794 0.05478 0.014707 0.32577 0.4764 -0.10178 0.018751 0.17107 0.1594 -0.0038561 -0.00030928 0.0051937 0.0015897
59.513 191.45 5.0955 5.5526 0 0 0 0 0 0 0 0 7.2734e-19 8.1179e-19 3.3711e-18 3.7625e-18 9.4382e-18 1.0534e-17 1.6877e-17 1.8837e-17 0 0 0 0 -4.134e-05 0.00075342 4.134e-05 0.00075342 -5.4494e-05 0.00099316 5.4494e-05 0.00099316 -5.0112e-07 9.133e-06 5.0112e-07 9.133e-06 0.039188 0.026576 0.055567 0.059933 0.066631 0.043794 0.14553 0.4476 -0.07517 0.01596 0.12922 0.39849 -0.021514 0.0039194 0.025236 0.031134 0.081768 0.11885 0.26071 0.20537 -0.10705 0.15382 0.41064 0.44613 -0.070197 -0.02883 0.097135 0.17501 -0.0048459 -0.0037777 0.0064458 0.0084583
186.59 109.57 6.4327 2.0608 -0 0 0 0 -0 0 0 0 -0 0 0 0 -0 0 0 0 -0 0 0 0 -0 0 0 0 -0 0 0 0 -0 0 0 0 0.0014502 0.00077352 0.0014502 0.00077352 0.16973 0.055353 0.18927 0.22175 -0.12286 0.1846 0.43439 0.46553 -0.028727 0.015763 0.028727 0.020481 0.0056916 0.0055312 0.024715 0.0099738 0.085703 0.015748 0.23251 0.15777 -0.04824 -0.049962 0.38257 0.40533 0.024456 0.022175 0.11342 0.097374
154.32 130.66 6.3542 1.2275 0 0 0 0 0 0 0 0 0 0 0 0 0.030037 0.057152 0.050456 0.06577 0.024308 0.010797 0.024308 0.011518 0.029471 0.1589 0.12471 0.35464 -0.04159 0.055698 0.096195 0.13569 0.13422 -0.038449 0.20888 0.35659 0.040279 -0.0044533 0.042687 0.021103 0.079895 -0.1264 0.29574 0.38544 -0.10169 -0.014167 0.35288 0.28196 0.022569 -0.038718 0.040408 0.068522 0.0029601 -0.0015903 0.0037823 0.0023212 0.047505 -0.0080605 0.096086 0.089128 -0.012322 -0.0035817 0.17014 0.24886 -0.013513 -0.00075597 0.021073 0.030153
89.909 134.28 9.683 3.4031 0.013757 0.0010889 0.013757 0.0069847 0.048372 -0.0001249 0.19248 0.1887 -0.032171 0.0072919 0.26137 0.26075 -0.012033 -0.00034629 0.012033 0.0093785 0.012939 0.014548 0.055615 0.03758 0.090204 0.13784 0.41647 0.38126 -0.10826 0.041815 0.3032 0.23591 -0.0020252 -0.0015366 0.0020252 0.0015366 0.015523 -0.013375 0.037836 0.034814 0.065493 -0.13894 0.28992 0.30307 -0.08528 -0.072442 0.18984 0.15413 0 -0 0 0 5.2607e-05 -1.3333e-05 5.2607e-05 1.3333e-05 0.00053519 -0.0036741 0.0011715 0.0036741 0.00014297 -0.0014665 0.00024226 0.0014665 0 -0 0 0
55.637 160.14 9.7751 5.7404 0 0 0 0 0 0 0 0 0 0 0 0 1.3125e-19 2.1759e-19 1.4055e-18 2.3301e-18 0 0 0 0 0.019954 0.018997 0.023046 0.033403 -1.9521e-05 0.043646 0.054616 0.12623 -0.0057819 0.0040196 0.0062776 0.0093572 0 0 0 0 0.18272 0.096647 0.44138 0.47095 -0.15177 0.00038348 0.31732 0.38639 -0.013199 0.007801 0.023015 0.019687 0 0 0 0 0.032773 -0.083946 0.12212 0.12936 -0.011973 0.04414 0.32125 0.27134 -0.029374 0.018549 0.12006 0.093663
160.39 177.5 10.148 2.8186 -0 0 0 0 -0 0 0 0 0.0018719 0.018293 0.005523 0.018293 -0.00028422 0.003703 0.00090336 0.003703 1.3907e-17 6.9317e-18 1.3907e-17 6.9317e-18 0.037626 0.028144 0.13627 0.11307 0.065215 0.045514 0.55655 0.42705 -0.04408 0.008462 0.12401 0.066981 3.354e-18 -5.824e-19 5.1652e-18 4.8287e-18 0.034564 -0.015867 0.10805 0.080989 0.14821 0.022337 0.32627 0.29534 -0.044128 0.088044 0.24052 0.15942 -4.2482e-18 -1.2692e-17 4.3934e-18 1.3125e-17 0.013852 0.00016371 0.017611 0.014945 0.076112 -0.027999 0.16679 0.20715 -0.043675 -0.04846 0.13698 0.12465
