52 64
120.74 122.16 2.1113 1.4077 0 0 0 0 0 0 0 0 0 0 0 0 0 0 0 0 0.026279 0.10167 0.054109 0.10747 0.022647 0.20092 0.098658 0.24738 -0.037217 0.20335 0.068483 0.23801 0.097333 0.13485 0.14801 0.2001 0.012367 0.051876 0.19967 0.21456 -0.031459 -0.093117 0.38201 0.30307 0.038288 -0.080457 0.20097 0.28868 0.033818 -0.063551 0.16444 0.25768 -0.053567 -0.063412 0.078571 0.085097 -0.026161 -0.0051191 0.15763 0.10572 0.032561 -0.02697 0.11958 0.12305 -0.020732 -0.02611 0.067808 0.09243
99.299 124.43 2.2116 2.0071 -0.032453 0.04221 0.05031 0.056062 -0.0044328 0.0044864 0.0044328 0.0044864 -0 0 0 0 -0 0 0 0 -0.039683 0.027093 0.15985 0.11708 0.030073 0.2276 0.19988 0.35556 -0.03412 0.24472 0.078665 0.42408 -0.038157 0.14341 0.080901 0.21324 0.050602 -0.070899 0.11154 0.13054 0.065999 -0.13598 0.20754 0.3457 -0.021047 -0.072851 0.12255 0.26598 0.018535 -0.019109 0.12995 0.15837 -0.033136 -0.0035711 0.057462 0.045626 0.04001 -0.054388 0.073707 0.083086 0.050311 -0.013244 0.085535 0.080337 -0.0065423 -0.038978 0.089954 0.058558
156.2 125.4 1.9328 1.2445 0 0 0 0 0 0 0 0 0 0 0 0 0.032689 0.044559 0.034505 0.04915 0.038733 0.070845 0.052167 0.088712 0.034262 0.24594 0.11398 0.33516 -0.006772 0.26415 0.16612 0.34886 0.066658 0.0882 0.18581 0.16422 0.032795 0.011628 0.16516 0.1122 0.045112 -0.070271 0.1685 0.28486 -0.012399 -0.12717 0.2548 0.41083 -0.05854 -0.077073 0.1309 0.15233 0.0059236 -0.024996 0.082008 0.046755 0.0054934 0.0030893 0.077754 0.071586 -0.042345 -0.037351 0.074199 0.066581 0.011702 -0.022232 0.046653 0.048684
174.15 126.07 1.9077 2.5327 -0 0 0 0 -0 0 0 0 -0 0 0 0 -0 0 0 0 0.033827 0.043568 0.036945 0.075611 0.033471 0.19596 0.062937 0.27613 -0.071749 0.20347 0.097156 0.24037 -0.01161 0.012034 0.012697 0.012034 0.061716 0.04376 0.08886 0.14057 0.064241 -0.04016 0.12805 0.31521 -0.01601 0.11911 0.36277 0.42444 -0.094161 0.066744 0.1245 0.081538 0.029137 0.0095196 0.075653 0.095939 0.0060695 -0.011709 0.10123 0.10581 0.092361 0.0048496 0.29184 0.16331 -0.15555 0.042835 0.21144 0.10314
164.87 128.24 1.8771 4.2385 0.035772 0.0033796 0.056764 0.037245 -0.025782 0.0015179 0.11299 0.091129 -0.026113 0.059379 0.13944 0.090961 -0.021741 0.0095654 0.037029 0.017522 0.04654 0.11962 0.093882 0.14306 -0.0067018 0.099335 0.12314 0.15772 -0.041975 0.058138 0.33763 0.1276 -0.07746 -0.0042139 0.10402 0.021658 -0.00905 -0.03799 0.23304 0.35031 -0.09443 -0.11161 0.21926 0.47797 -0.13588 -0.12637 0.24025 0.28331 -0.031243 -0.018597 0.034378 0.021624 -0.050851 -0.06579 0.083925 0.084645 -0.013574 -0.079682 0.027409 0.090109 -0.0094555 -0.021876 0.011303 0.026306 -0.00031487 -0.0004229 0.00031487 0.0004229
167.31 128.68 1.7889 4.1054 0.040288 0.0076106 0.057862 0.056268 -0.044203 0.020773 0.10345 0.082399 -0.021144 0.056275 0.11513 0.074676 -0.010882 0.0052799 0.013862 0.0067092 0.058771 -0.0034438 0.082241 0.061999 -0.015891 0.026277 0.12414 0.11782 -0.05834 0.059719 0.39934 0.10278 -0.058558 0.0037703 0.070552 0.011212 0.077773 0.065733 0.1725 0.27794 -0.10392 -0.049275 0.25263 0.43467 -0.18317 -0.12879 0.34147 0.25958 -0.031768 -0.012318 0.034703 0.013438 -0.05246 -0.090752 0.14496 0.13256 -0.042864 -0.12608 0.06924 0.15152 -0.022799 -0.036091 0.025779 0.040617 -0.00076518 -0.0008152 0.00076518 0.0008152
119.22 140.4 1.9563 3.001 -0.0050507 -0.023663 0.059694 0.065329 0.0078323 -0.0075255 0.1226 0.12029 0.083223 -0.1176 0.12811 0.18918 -0.080362 -0.01352 0.1886 0.14193 0.024403 -0.0081271 0.082285 0.078644 -0.0075912 -0.021125 0.20409 0.23516 0.11121 0.036768 0.20182 0.2789 -0.040248 0.011662 0.27381 0.17149 0.015584 0.05193 0.090432 0.086361 0.012594 0.064844 0.17929 0.13639 0.15543 0.054864 0.2657 0.18107 -0.11779 -0.0060485 0.25732 0.12534 0.011109 -0.021368 0.0616 0.0563 -0.042374 -0.061707 0.099257 0.091873 0.12931 -0.043425 0.19818 0.098593 -0.022772 0.03605 0.20981 0.17961
177.42 141.56 2.1347 3.0385 -0.00090623 0.026319 0.0088315 0.026319 -0.0044092 0.027236 0.0086071 0.027236 -8.7995e-05 0.0030087 0.0010238 0.0030087 -0 0 0 0 -0.010247 -0.012759 0.046523 0.1034 -0.018175 0.034892 0.089551 0.18627 0.10554 0.12557 0.24843 0.31056 -0.071927 0.17016 0.12441 0.23075 0.051673 0.024344 0.061526 0.077673 0.065 0.099585 0.17545 0.31039 0.031963 0.057474 0.23396 0.28809 0.02914 0.028472 0.26913 0.27 0.025041 -0.026117 0.032713 0.050355 0.060528 -0.10436 0.11271 0.1837 0.044697 -0.058609 0.12311 0.14886 0.04444 0.052264 0.26661 0.1542
82.574 144.38 2.2339 5.8708 0.063762 0.082427 0.1241 0.1436 -0.036081 -0.014742 0.10345 0.14016 -0.0078819 -0.023289 0.029948 0.064676 0.0063066 -0.027094 0.015421 0.035496 -0.0079608 0.090864 0.22334 0.24246 0.010018 0.18583 0.17195 0.27953 -0.093582 0.12403 0.16282 0.17996 -0.032925 0.020063 0.038122 0.039006 -0.053095 0.041586 0.19905 0.22358 -0.085181 -0.059718 0.22309 0.23981 -0.10902 -0.10196 0.1788 0.20935 -0.0033332 0.027908 0.081895 0.11047 -0.00031639 0.037588 0.17778 0.19323 -0.14802 0.12434 0.20261 0.18746 -0.020818 0.049374 0.14092 0.094007 0.044374 0.048638 0.10467 0.07525
183.81 149.12 1.8757 3.0902 -0 0 0 0 -0 0 0 0 -0 0 0 0 -0 0 0 0 0.015642 0.085038 0.045133 0.10001 -0.016612 0.098508 0.078335 0.21182 -0.022489 0.059538 0.077669 0.1174 -0.0059982 0.05601 0.03309 0.062615 -0.022138 -0.051077 0.064375 0.13284 0.046742 0.057397 0.12333 0.29704 0.063615 0.18967 0.2464 0.35555 0.084471 0.12565 0.29458 0.41928 0.025175 -0.0056062 0.039733 0.039675 0.1186 -0.00034717 0.12693 0.18022 0.0069712 0.053152 0.21739 0.28269 0.033791 0.024897 0.12783 0.16237
122.47 155.93 2.0813 3.0443 0.079333 -0.028312 0.10205 0.076905 -0.023568 -0.10534 0.16477 0.22273 -0.0037892 -0.019292 0.16925 0.17791 0.044062 -0.03663 0.1345 0.13631 0.010611 -0.01481 0.029747 0.030074 0.022946 -0.02871 0.12952 0.15534 0.082199 -0.042075 0.27272 0.25448 -0.018776 -0.017274 0.21313 0.24317 0.035718 0.0086521 0.070725 0.054776 0.07488 0.11401 0.26386 0.25759 0.048438 0.13346 0.23205 0.20778 0.0081273 0.077744 0.20219 0.16695 0.025345 -0.0084269 0.035369 0.017785 0.079767 -0.035474 0.16261 0.12681 -0.011831 -0.065041 0.16658 0.14379 0.0028838 -0.06391 0.11586 0.10756
129.8 157.23 1.9992 5.8555 -0.010622 -0.0082036 0.10334 0.074938 -0.062375 -0.067183 0.15753 0.17435 -0.03268 -0.020709 0.086729 0.099163 4.967e-05 0.00066894 0.0048485 0.003656 -0.010011 9.4284e-05 0.16762 0.17993 -0.056841 0.036757 0.18129 0.21736 0.01261 0.083725 0.10513 0.1344 -0.010854 0.026701 0.025715 0.031316 -0.00794 -0.012715 0.20416 0.23171 -0.0086872 0.10383 0.25709 0.27351 0.116 0.11618 0.23855 0.35262 -0.13093 0.01987 0.17518 0.11035 -0.06376 0.098275 0.12549 0.14713 -0.0054587 -0.031132 0.15975 0.21968 -0.026222 -0.11361 0.10533 0.21012 -0.033269 -0.030663 0.049729 0.04218
66.794 160.63 1.9444 2.7688 -0.007658 0.018066 0.0079573 0.018066 0.036715 -0.029134 0.049552 0.057801 0.059313 -0.16919 0.16863 0.21979 0.041556 -0.064734 0.15203 0.24499 -0.11269 0.17753 0.12977 0.23785 -0.040524 0.19377 0.13233 0.26311 0.025545 0.11154 0.10105 0.26465 0.021239 -0.059365 0.24755 0.32853 -0.025645 -0.16952 0.073485 0.22639 -0.038901 -0.16729 0.095922 0.28296 -0.034417 -0.13441 0.058087 0.20943 -0.025835 -0.063135 0.037783 0.075442 -4.2661e-05 -0.0053643 0.0013779 0.0053643 -0.0011049 -0.0057841 0.0019988 0.0057841 -0.00031589 -0.00077446 0.00031589 0.00077446 -0 0 0 0
70.17 170.17 2.064 2.3101 -0.00046968 -0.0065632 0.0041188 0.006905 0.0074877 -0.030531 0.031562 0.034934 0.012479 -0.021686 0.064139 0.10288 0.061233 0.015428 0.13943 0.094262 0.0027075 0.20521 0.043025 0.2083 -0.010723 0.26228 0.081137 0.29228 -0.016376 0.061579 0.18482 0.28669 -0.071817 -0.07337 0.13971 0.14781 -0.0062414 -0.1707 0.065564 0.35352 -0.16666 -0.22423 0.19222 0.4057 -0.1082 -0.13653 0.12755 0.18027 -0.012552 -0.017302 0.013016 0.018166 0.0001794 -0.060366 0.0055632 0.060366 -0.010394 -0.037157 0.011105 0.037157 -0.0022151 -0.0036564 0.0022151 0.0036564 -0 0 0 0
63.908 172.1 1.9932 5.9816 0 0 0 0 0 0 0 0 0 0 0 0 0 0 0 0 0.0058749 0.045719 0.0092684 0.045719 0.0048837 0.096093 0.017577 0.096093 -0.0033634 0.091658 0.018254 0.091658 -0.0027548 0.011808 0.0032903 0.011808 0.013724 -0.0064782 0.077559 0.23606 0.072314 -0.025767 0.17174 0.42067 0.10369 0.18095 0.18785 0.44515 -0.11355 0.26536 0.17096 0.31354 -0.017025 0.0149 0.046113 0.10802 0.011992 -0.070344 0.054591 0.099469 0.10722 -0.18159 0.11577 0.20906 0.052411 -0.090594 0.12756 0.19047
140.3 191.26 2.3369 1.3258 0.0089358 -0.034337 0.030676 0.050178 -0.015502 -0.13624 0.048903 0.13751 -0.0031537 -0.012526 0.0081999 0.013241 0.00018443 -0.0030685 0.0011438 0.0031109 -0.086837 0.20725 0.15193 0.28774 -0.034464 0.18939 0.11213 0.21128 -0.03393 0.05817 0.060766 0.072048 0.0059257 -0.00072384 0.0082407 0.0048318 -0.07953 -0.13842 0.30373 0.42309 -0.040948 -0.10493 0.23806 0.46272 -0.10972 -0.027712 0.18508 0.224 0.0022373 -0.0018734 0.0063966 0.0036413 -0.0045623 -0.050812 0.034488 0.061065 -0.0024208 -0.034278 0.022408 0.042046 -0.0090465 -0.020959 0.020294 0.033966 -0.00036601 -0.00033412 0.00036601 0.0003625
174.18 194.13 2.0437 4.0913 0 -0 0 0 1.3556e-15 1.3389e-15 6.6228e-15 7.0604e-15 -4.6034e-16 -1.372e-16 1.9473e-15 2.6926e-15 -2.5238e-16 -1.8036e-15 6.253e-15 2.7043e-15 1.6428e-16 2.296e-16 2.3507e-15 3.2854e-15 -0.0043403 0.02157 0.0043403 0.02157 -0.0057533 0.018616 0.0057533 0.018616 -1.3785e-15 -1.475e-15 1.4103e-14 9.7078e-15 0.033211 0.079704 0.084309 0.10838 0.1542 0.22799 0.2001 0.32074 -0.090719 0.35207 0.1805 0.46469 -0.067552 0.17398 0.091631 0.20184 0.022665 -0.036797 0.10514 0.14574 0.0070529 -0.14851 0.10921 0.22538 -0.0064901 -0.20661 0.060968 0.28587 -0.0044303 -0.089257 0.067195 0.17021
95.995 198.31 2.2563 4.8188 0 0 0 0 0 0 0 0 0 0 0 0 0 0 0 0 0.0087623 0.025724 0.0087623 0.025724 0.014598 0.12213 0.03579 0.12563 0.0080339 0.14046 0.062222 0.14705 -0.018853 0.047808 0.027999 0.055042 0.097642 0.26616 0.18852 0.35093 -0.11044 0.1374 0.25017 0.4127 -0.094231 -0.036678 0.30109 0.32073 -0.053847 -0.024896 0.095931 0.09501 -0.096168 -0.12209 0.15607 0.21184 -0.093067 -0.15731 0.11518 0.17954 -0.031538 -0.064324 0.052674 0.074559 -0.0041341 -0.0091669 0.00791 0.010478
158.58 197.61 2.0787 4.8085 0 0 0 0 0 0 0 0 0 0 0 0 0 0 0 0 -0.016351 0.053587 0.072972 0.099994 -0.018152 0.094499 0.069357 0.10657 -0.0095951 0.027843 0.01009 0.027843 -9.3948e-05 9.4666e-05 9.3948e-05 9.4666e-05 0.059722 -0.020279 0.13512 0.18857 0.049572 0.14676 0.31906 0.35405 -0.030637 0.34176 0.19826 0.36403 -0.08837 0.10615 0.1003 0.10728 0.025475 -0.022906 0.026736 0.030583 0.084682 -0.11323 0.12694 0.19977 0.15819 -0.097774 0.22171 0.26496 -0.12341 0.074509 0.19326 0.15588
90.15 114.12 3.0137 1.8059 -0 0 0 0 -0 0 0 0 -0 0 0 0 -0 0 0 0 -0.021894 0.061202 0.032837 0.068669 0.014911 0.13563 0.016711 0.13563 -0.020344 0.12603 0.025277 0.12603 -0.002903 0.0047683 0.002903 0.0047683 0.040814 0.031518 0.19231 0.28744 -0.0012732 0.076928 0.2139 0.52984 -0.12364 0.077481 0.30956 0.41943 -0.053574 0.014449 0.067826 0.037885 -0.0068151 -0.044315 0.082964 0.090793 0.05794 -0.080078 0.13938 0.13637 -0.043897 -0.078042 0.26213 0.11636 -0.032767 -0.0055997 0.080281 0.015197
146.03 121.95 2.9227 1.5108 0 0 0 0 0 0 0 0 0 0 0 0 0 0 0 0 0.019181 0.094485 0.035709 0.1212 -0.027488 0.17451 0.058466 0.1859 0.04248 0.17851 0.11205 0.22858 -0.0073925 0.10376 0.071351 0.18023 0.055441 -0.0018792 0.16408 0.19737 0.019629 -0.021189 0.26867 0.49768 -0.089802 -0.058275 0.27592 0.37833 0.0025718 -0.048558 0.17176 0.18497 0.010066 -0.021397 0.091688 0.064773 -0.0042946 -0.067804 0.11812 0.096355 -0.010227 -0.03299 0.11204 0.10225 0.006252 -0.0096997 0.062937 0.053975
176.22 130.38 2.8399 2.7199 -0 0 0 0 -0 0 0 0 -0 0 0 0 -0 0 0 0 -0.0033756 0.020481 0.018901 0.044869 0.052417 0.097332 0.080964 0.20335 -0.063985 0.13418 0.088103 0.20413 -0.010788 0.008959 0.010788 0.008959 0.042398 0.024788 0.087284 0.11969 0.071018 0.057238 0.18448 0.30285 -0.10299 0.12215 0.52814 0.3346 -0.087642 0.031692 0.11944 0.03976 0.022564 -0.025404 0.030264 0.043157 0.036401 -0.071145 0.097155 0.13239 0.0516 -0.015153 0.39676 0.20244 -0.084457 0.051005 0.10664 0.078035
145.74 133.63 3.1324 4.6483 0.0024913 0.013926 0.04201 0.031053 -0.0094035 0.00046046 0.11896 0.067393 0.0048327 0.02176 0.078535 0.0366 -0.0057124 0.030567 0.064921 0.040244 -0.0084366 0.013235 0.11547 0.093933 0.045973 0.11103 0.17928 0.20791 0.0075047 0.18296 0.19325 0.23142 -0.022927 0.03819 0.13639 0.10712 0.00797 -0.006106 0.1548 0.23526 -0.0040494 -0.11221 0.26118 0.3828 0.0058378 -0.16968 0.23549 0.45851 -0.060847 -0.075637 0.14935 0.22131 0.0016189 -0.03576 0.015414 0.051242 -0.013424 -0.04245 0.023673 0.050353 0.0035489 -0.030747 0.010496 0.031925 -0.005068 -0.024595 0.0093965 0.027614
75.471 137.84 2.8379 5.8333 0 0 0 0 0.0077129 0.013785 0.0090941 0.013785 0.011116 0.027058 0.0235 0.055729 0.014554 0.010398 0.022263 0.06043 0.015852 0.017002 0.015852 0.017002 0.037899 0.11165 0.24331 0.25881 -0.036328 0.066911 0.11987 0.19302 -0.0073159 -0.010533 0.030929 0.058793 0.11728 0.037 0.20178 0.095987 -0.038211 0.11323 0.36473 0.33595 -0.1053 0.0054001 0.18856 0.22525 -0.0252 0.018873 0.067434 0.089595 0.056031 -0.038009 0.082963 0.052813 0.10992 -0.089851 0.29762 0.34657 -0.12113 0.067628 0.20341 0.19844 0.0045157 0.022443 0.06232 0.060195
72.427 144.52 2.7662 5.8242 0 0 0 0 0.0034326 0.0072918 0.0034326 0.0072918 0.01169 0.033001 0.014772 0.039596 0.011471 0.040676 0.01629 0.046972 0.019571 0.021802 0.019571 0.022462 0.019242 0.077109 0.19286 0.22631 -0.017608 -0.0063025 0.075122 0.16534 0.032918 -0.048435 0.045381 0.1122 0.11027 0.11539 0.24784 0.15002 -0.042241 0.15413 0.34789 0.39267 -0.10719 0.062249 0.18595 0.24022 -0.018337 0.016725 0.035211 0.05413 0.11713 -0.047621 0.21808 0.13633 -0.067804 0.081158 0.24974 0.29941 -0.085586 0.061324 0.16861 0.16124 0.0054945 0.044915 0.06724 0.068577
110.51 145.75 2.6031 0.45655 0.13877 0.005894 0.18244 0.05815 -0.074047 -0.034811 0.2883 0.16384 -0.044038 -0.059251 0.1224 0.15143 -0.024289 -0.010782 0.041061 0.041497 0.097514 0.019413 0.24028 0.22086 -0.14268 -0.077713 0.31859 0.27437 -0.038462 0.068479 0.12626 0.20027 -0.036444 0.0064986 0.04716 0.039641 -0.074362 -0.0076757 0.26717 0.22215 -0.02236 -0.049684 0.20393 0.22639 -0.026164 -0.084317 0.15912 0.15944 -0.037144 -0.0112 0.053631 0.027502 -0.072836 -0.01926 0.17602 0.12923 -0.022344 0.030674 0.12575 0.14997 -0.038477 0.024844 0.071016 0.082621 -0.003025 -0.0032654 0.0066317 0.0046272
125.76 155.52 2.7268 3.421 -0.0057798 -0.007176 0.01044 0.0092196 0.0382 0.047777 0.095129 0.10099 -0.015545 0.060475 0.093293 0.1429 0.10556 0.032346 0.15198 0.1565 0.00013261 -0.00043584 0.0019207 0.0010022 0.065772 -0.065832 0.12601 0.16323 0.010201 -0.043343 0.20859 0.27027 0.17229 -0.032776 0.31437 0.20056 0.022774 0.0065893 0.04137 0.018614 0.033672 0.097411 0.16296 0.14917 0.0088199 0.066003 0.23619 0.23805 0.13849 0.03792 0.27899 0.3067 0.010843 -0.0012022 0.02363 0.010923 0.026038 -0.054782 0.083226 0.10334 0.088929 -0.03114 0.18925 0.15826 -0.060421 0.021366 0.22638 0.16051
184.22 159.78 2.6069 3.2829 -2.8885e-16 2.1689e-16 2.8885e-16 2.1689e-16 -2.8629e-16 2.1497e-16 2.8629e-16 2.1497e-16 0 -0 0 0 0 -0 0 0 0.026438 0.065667 0.036342 0.072994 -0.0085843 0.092329 0.07207 0.19543 -0.033875 0.058879 0.069014 0.15724 -0.0066991 0.0076864 0.010278 0.012998 -0.026621 -0.0087958 0.13508 0.16047 -0.0042924 -0.046488 0.14174 0.2254 0.032591 0.1659 0.20925 0.43575 0.034536 0.16207 0.31183 0.35113 -0.032462 -0.033753 0.046115 0.036721 0.034841 -0.022182 0.042683 0.043305 0.11825 -0.077183 0.19987 0.25068 0.10519 0.06609 0.25742 0.24143
176 165.95 2.9974 0.50658 -0.02561 -0.087088 0.28843 0.21947 -0.14703 0.035642 0.23456 0.2261 -0.0099233 -0.098812 0.10729 0.14918 -0.017604 -0.013119 0.031815 0.039992 0.040681 -0.13111 0.24306 0.24239 -0.10273 -0.088404 0.22568 0.35119 0.0021994 0.11045 0.10222 0.15396 0.019804 0.094265 0.099532 0.12451 0.031018 -0.025268 0.049497 0.054321 0.0414 -0.07623 0.12502 0.26135 0.03985 -0.068009 0.14043 0.31907 -0.060295 -0.081522 0.10134 0.15917 0.00024435 -0.00044036 0.00024435 0.00044036 0.0055572 -0.014131 0.0055963 0.014527 -0.0014931 -0.025999 0.010134 0.027294 -0.0023432 -0.0099065 0.0030408 0.0099365
180.33 174.25 2.8949 0.88344 0.069046 -0.073277 0.19644 0.14737 -0.054642 -0.1662 0.32073 0.29505 -0.0661 -0.048249 0.11523 0.091685 -0.0075547 -0.057771 0.064903 0.07289 0.061149 -0.0294 0.1145 0.083375 0.018187 0.014933 0.25716 0.34393 0.0010143 0.24263 0.09461 0.31913 -0.024889 0.11077 0.099624 0.17287 0.0055029 -0.0069169 0.0055029 0.0069169 0.076683 -0.10152 0.10298 0.15655 0.043524 -0.17075 0.10355 0.30518 -0.067027 -0.10473 0.09375 0.15806 0 0 0 0 3.8643e-05 -3.1723e-05 3.8643e-05 3.1723e-05 0.00075993 -0.0067351 0.001421 0.0067351 -0.0004555 -0.0038174 0.00098254 0.0038174
76.451 179.21 3.1966 2.2985 0.0069163 -0.010887 0.013987 0.027608 0.0024906 -0.070711 0.052877 0.081241 0.062218 -0.090989 0.1307 0.16005 0.028714 -0.062796 0.18473 0.15628 0.033076 0.084829 0.093249 0.19621 0.0010909 0.28696 0.098391 0.41957 -0.07083 0.12051 0.16812 0.34763 -0.044869 -0.039077 0.13579 0.15308 0.060453 -0.089358 0.064294 0.128 0.0054514 -0.22184 0.071277 0.38086 -0.095589 -0.15538 0.10392 0.22683 -0.017209 -0.020658 0.018507 0.023565 -5.7445e-06 -9.9439e-05 5.7445e-06 9.9439e-05 -0.00032309 -0.0013222 0.00032309 0.0013222 -6.517e-05 -9.4718e-05 6.517e-05 9.4718e-05 -0 0 0 0
67.886 186.45 2.8617 5.5811 0 0 0 0 0 0 0 0 0 0 0 0 0 0 0 0 0 0 0 0 0.0012512 0.019808 0.0020255 0.019808 0.0011414 0.023047 0.0019607 0.023047 -3.7056e-05 0.00086339 4.4421e-05 0.00086339 0.061584 0.073367 0.089867 0.15456 0.14422 0.071933 0.19179 0.49779 -0.050241 0.09904 0.16759 0.62796 -0.09763 0.099241 0.10703 0.16527 -0.028725 0.011643 0.11367 0.15511 -0.003154 -0.09348 0.058101 0.16423 0.020897 -0.1482 0.0454 0.17044 -0.0032543 -0.062399 0.067308 0.1207
147.18 199.16 2.8465 4.5836 0 -0 0 0 0 -0 0 0 0 -0 0 0 0 -0 0 0 -0.0010546 0.0035422 0.001347 0.0035422 0.0065075 0.057425 0.064833 0.060032 0.0074657 0.12476 0.080572 0.13506 -0.012783 0.067477 0.024427 0.067477 -0.019095 -0.00054211 0.019508 0.020043 0.064081 -0.041309 0.14162 0.19493 0.16455 -0.032767 0.36022 0.51136 -0.013405 0.12218 0.30436 0.44556 -0.00085587 0.0032953 0.0020701 0.0060809 0.018261 0.14261 0.057713 0.16978 0.0094207 -0.0031683 0.054038 0.1545 0.072308 -0.12251 0.12172 0.18193
91.727 202.44 2.7675 4.87 0 0 0 0 0 0 0 0 0 0 0 0 0 0 0 0 0 0 0 0 0.0017387 0.0022724 0.0017387 0.0022724 0.0011581 0.042649 0.0088623 0.042649 -0.0023335 0.0086416 0.0028974 0.0086416 0.12669 0.17944 0.14272 0.20781 -0.028986 0.2603 0.29552 0.58382 -0.10805 0.03727 0.21306 0.32292 -0.040597 -0.0018393 0.046367 0.049678 0.021525 -0.059249 0.19804 0.22538 -0.10974 -0.16798 0.14384 0.23016 -0.028563 -0.061437 0.039877 0.065601 -0.0042231 -0.0064884 0.0050636 0.0065522
108.37 119.09 3.5987 1.7121 -0 0 0 0 -0 0 0 0 -0 0 0 0 -0 0 0 0 -0.0037134 0.12995 0.072771 0.18197 -0.030651 0.14008 0.071132 0.18643 0.030356 0.18449 0.042535 0.20784 -0.023562 0.075721 0.040874 0.099354 -0.032448 -0.048679 0.16639 0.28023 0.056078 -0.015092 0.25127 0.38988 0.039273 -0.011012 0.24934 0.46832 -0.09104 0.0048554 0.22929 0.17323 -0.010316 -0.018977 0.076664 0.059445 0.0013553 -0.028347 0.11746 0.084161 0.0013785 -0.063883 0.14 0.10569 -0.019111 -0.031175 0.12018 0.045936
145.83 119.77 3.6291 1.5467 0 0 0 0 0 0 0 0 0 0 0 0 0 0 0 0 0.01843 0.047975 0.023142 0.057382 -0.016501 0.16585 0.062465 0.17917 0.025222 0.15049 0.080191 0.19587 0.0029993 0.098566 0.045728 0.12393 0.084378 0.014381 0.15423 0.16408 0.013166 -0.022618 0.26967 0.50393 -0.05891 -0.033319 0.31757 0.43863 0.03396 -0.023352 0.15092 0.23179 0.02705 -0.025023 0.085366 0.054091 0.009233 -0.062342 0.13085 0.087278 -0.022246 -0.021954 0.12825 0.090921 0.012011 -0.020557 0.066975 0.045329
151.83 143.62 3.9724 4.6508 0.0063281 0.012307 0.014128 0.014416 -0.0038333 0.025814 0.045957 0.049377 0.018032 -0.018607 0.042758 0.053496 -0.013526 -0.0020839 0.045623 0.025489 0.0038344 0.023521 0.098522 0.064887 -0.035741 0.026625 0.20361 0.10703 0.011421 0.080501 0.18991 0.12944 -0.038486 0.013308 0.09841 0.05143 -0.0011806 0.048597 0.16711 0.23104 0.048369 0.04625 0.32531 0.49038 -0.041327 0.0056239 0.28987 0.46068 -0.079986 -0.0081417 0.12748 0.090148 0.00021888 -0.052973 0.039964 0.10914 -0.0056231 -0.095403 0.070825 0.14257 -0.0094239 -0.092404 0.05049 0.13013 -0.011725 -0.01414 0.01542 0.018446
166.82 146.48 3.626 5.5303 -0.023716 0.024701 0.085368 0.096003 -0.023679 0.0091533 0.1242 0.13551 0.011804 -0.0083663 0.056724 0.032129 -0.0083778 0.010601 0.064236 0.029646 0.0070359 0.034981 0.29131 0.3288 -0.094729 0.13138 0.25741 0.26615 -0.027963 0.063649 0.15066 0.13384 -0.011235 -0.016832 0.10985 0.044499 0.12649 -0.11329 0.24822 0.16926 -0.08986 -0.1047 0.35533 0.41386 -0.089742 -0.061414 0.16666 0.17858 -0.011048 -0.014948 0.028175 0.027888 0.012478 -0.014917 0.013957 0.01567 -0.0050523 -0.053769 0.035597 0.078828 -0.0088627 -0.010323 0.0099752 0.013515 -0.00022929 -0.0004231 0.00024566 0.0004231
176.47 157.64 2.9339 3.5044 0.0059893 0.022692 0.0072321 0.02277 -0.0060238 0.04178 0.012827 0.04196 -0.003838 0.012427 0.0043828 0.012427 0 -0 0 0 -0.020125 -0.0041408 0.082228 0.14142 -0.030593 -0.035637 0.096058 0.21856 -0.032018 0.033692 0.12267 0.20409 -0.012276 0.027412 0.030026 0.03927 -0.031703 -0.048871 0.045566 0.055385 0.11023 -0.02101 0.12768 0.1348 0.023149 0.15086 0.27772 0.36589 -0.067858 0.14405 0.35147 0.25011 0.021633 0.04548 0.064764 0.053297 -0.011979 0.072616 0.11214 0.13869 0.15322 0.029068 0.21351 0.23286 -0.052152 0.029084 0.33064 0.24715
174.6 164.09 3.2672 0.49779 -0.032167 -0.071968 0.26169 0.21261 -0.15564 0.033969 0.22245 0.23879 0.020843 -0.086158 0.11743 0.15496 -0.023948 -0.025168 0.046532 0.050526 0.050308 -0.14032 0.26641 0.25333 -0.10567 -0.11797 0.23256 0.36715 -0.029156 0.057128 0.084648 0.12109 0.037753 0.091482 0.079913 0.10399 0.026601 -0.023261 0.049936 0.053841 0.041418 -0.061171 0.13256 0.26797 0.05203 -0.031547 0.12973 0.3103 -0.046681 -0.059971 0.10733 0.17447 0.00043642 -0.00068299 0.00043642 0.00068299 0.0086625 -0.020785 0.010077 0.021813 0.0014413 -0.045689 0.015464 0.048304 -0.0044254 -0.016119 0.0051587 0.016143
178.63 176.11 3.6405 0.88352 0.088112 -0.097224 0.23443 0.13574 -0.11306 -0.16501 0.38738 0.31942 -0.0062034 -0.088259 0.22083 0.19484 -0.03741 -0.029694 0.07636 0.074296 0.032934 -0.022068 0.060097 0.046286 0.032779 -0.040569 0.27531 0.38465 -0.020826 0.14651 0.12489 0.30629 -0.037794 0.034681 0.07955 0.13008 0.0033044 -0.0024082 0.0033044 0.0024082 0.053491 -0.067208 0.065134 0.1225 -0.0046473 -0.12478 0.089443 0.24707 -0.030472 -0.037667 0.036772 0.056008 0 0 0 0 1.0738e-16 -7.0462e-16 1.0738e-16 7.8734e-16 3.2694e-05 -0.00033213 3.2694e-05 0.00033213 6.4101e-06 -6.512e-05 6.4101e-06 6.512e-05
77.973 180.22 3.9416 2.2968 0.017393 -0.0091647 0.019889 0.022018 0.022828 -0.092545 0.12951 0.14535 0.084555 -0.10077 0.24615 0.23136 -0.029952 -0.12889 0.30814 0.22132 0.046532 0.019588 0.076147 0.11354 0.021505 0.17792 0.080488 0.37226 -0.027518 0.074145 0.15309 0.3867 -0.040115 -0.048563 0.15282 0.13083 0.031149 -0.032587 0.034177 0.048945 0.034903 -0.1788 0.069349 0.34943 -0.06523 -0.1137 0.07579 0.21811 -0.010454 -0.010779 0.011782 0.015627 1.1797e-17 1.0472e-17 1.1797e-17 1.0472e-17 -4.4039e-06 -7.4037e-05 4.4039e-06 7.4037e-05 -6.1416e-07 -1.0325e-05 6.1416e-07 1.0325e-05 -0 0 0 0
168.93 184.37 3.8617 0.93909 0.06276 -0.13428 0.28594 0.22578 -0.088192 -0.12109 0.26903 0.19088 -0.038968 -0.094954 0.24733 0.23021 -0.020042 -0.013127 0.02723 0.026548 0.070908 -0.056507 0.20604 0.21268 -0.0074875 0.091022 0.19655 0.40724 -0.044697 0.094053 0.15674 0.26975 -0.030412 0.0043223 0.05223 0.061413 0.02761 -0.026495 0.031974 0.036882 0.049099 -0.14086 0.093576 0.25744 -0.06134 -0.11051 0.1066 0.18326 -0.011136 -0.014577 0.01625 0.017656 2.2877e-16 -2.1217e-16 4.7675e-16 4.8616e-16 2.4359e-05 -0.00015724 2.4359e-05 0.00015724 3.7414e-05 -0.00024152 3.7414e-05 0.00024152 0 0 0 0
104.52 192.84 3.7249 2.1318 -0.014549 -0.0026007 0.082625 0.06498 0.019368 -0.071097 0.11445 0.10291 0.10672 -0.12554 0.21436 0.22202 0.06331 -0.10596 0.23006 0.20434 -0.0069674 -0.022734 0.041943 0.033012 0.036317 0.054649 0.057043 0.090194 0.01769 0.16072 0.081173 0.26858 0.029822 0.16282 0.11836 0.30085 -9.3521e-05 -5.8764e-05 0.00012829 8.061e-05 0.054523 -0.038983 0.062652 0.10693 0.10963 -0.14076 0.14974 0.43572 -0.066782 -0.14207 0.12905 0.40695 -0 0 0 0 -1.2594e-05 -7.9136e-06 1.2594e-05 7.9136e-06 0.0013454 -0.013455 0.0020606 0.013455 -0.0012259 -0.009251 0.0016926 0.009251
109.1 157.06 5.2975 4.8998 0.022407 0.014664 0.040159 0.048136 -0.021546 0.0050182 0.056348 0.11859 -0.012054 -0.0018442 0.014006 0.026676 0.0052756 0.0058564 0.012767 0.015567 0.0083173 0.01108 0.10555 0.080182 -0.00051828 0.033631 0.10248 0.13318 -0.0020485 0.056187 0.076815 0.078215 -0.0037035 0.02979 0.062605 0.06259 0.06397 0.099809 0.23237 0.12263 -0.041026 0.21873 0.30363 0.33115 0.011707 0.1296 0.27642 0.24353 -0.0082692 0.10538 0.16459 0.15487 0.036141 -0.059931 0.068563 0.12069 -0.0070312 -0.11605 0.11923 0.26934 0.028706 -0.090148 0.1733 0.3299 0.013925 -0.052665 0.13647 0.24866
54.656 175.74 4.9666 5.7007 0 0 0 0 0 0 0 0 0 0 0 0 6.5162e-19 9.8913e-19 6.5162e-19 9.8913e-19 0 0 0 0 0 0 0 0 -0.00059959 0.00043852 0.00059959 0.00043852 -4.3388e-06 2.1092e-05 4.3388e-06 2.1092e-05 0.020453 0.028442 0.03347 0.038577 0.059128 0.055028 0.16613 0.29899 0.057423 0.01581 0.16965 0.52841 -0.074383 0.040869 0.10842 0.16205 0.098881 0.12195 0.25837 0.18857 -0.11038 0.13912 0.34974 0.40089 -0.038655 0.033578 0.14042 0.20591 -0.020016 -0.023951 0.056553 0.073692
82.348 184.12 5.1707 2.3066 -0.0048265 -0.019944 0.035525 0.037305 0.081177 -0.074118 0.14924 0.15229 0.11239 -0.144 0.32916 0.32731 -0.062096 -0.093991 0.27724 0.26751 0.023517 -0.0032544 0.034244 0.041122 0.05789 0.061333 0.10736 0.32337 -0.016189 0.016279 0.17233 0.43061 -0.038277 -0.067795 0.1642 0.16011 0.0073367 -0.0075882 0.0086866 0.01031 0.048645 -0.09997 0.062676 0.20245 -0.053903 -0.10166 0.073571 0.227 -0.011248 -0.010309 0.013327 0.017711 9.0552e-18 8.1982e-18 9.0552e-18 8.1982e-18 6.301e-18 5.7046e-18 2.2207e-17 2.0105e-17 -2.0801e-18 -1.8833e-18 2.7307e-18 2.4722e-18 -0 0 0 0
110.65 158.63 5.8763 5.0329 0.014899 0.010227 0.019697 0.021657 -0.0097934 0.020787 0.047879 0.106 -0.010688 0.0032191 0.013744 0.023224 -0.0003545 0.0037056 0.0031119 0.0040617 0.027193 0.025866 0.11222 0.077915 -0.011221 0.032644 0.13511 0.1811 -0.014181 0.04797 0.075513 0.076372 0.021978 0.010002 0.056879 0.061314 0.082105 0.02092 0.19072 0.18417 -0.065088 0.096077 0.32752 0.45585 -0.038724 0.16811 0.28962 0.28441 -0.010039 0.060866 0.14921 0.11853 0.014668 -0.040606 0.02893 0.057085 0.011374 -0.084868 0.098249 0.19004 0.04958 -0.087577 0.1688 0.32071 -0.044263 -0.032609 0.12908 0.17045
79.221 184.64 5.768 2.3179 -0.0021245 -0.018715 0.058932 0.048224 0.047151 -0.070997 0.17852 0.17587 0.11883 -0.13976 0.39701 0.43311 -0.096062 -0.03837 0.23127 0.19487 0.015594 -0.0077149 0.025 0.026057 0.061602 -0.0032803 0.12119 0.31991 0.00036939 -0.068373 0.24101 0.42075 -0.036464 -0.053812 0.10678 0.094637 0.0041998 -0.0036477 0.0044286 0.0047402 0.032788 -0.072235 0.046327 0.14811 -0.032709 -0.063127 0.047515 0.13449 -0.0043132 -0.0038083 0.004942 0.0059609 -3.308e-17 -3.0639e-17 3.538e-17 3.277e-17 2.2202e-18 2.0564e-18 6.0792e-18 5.6306e-18 2.509e-19 2.3239e-19 2.509e-19 2.3239e-19 -0 0 0 0
62.105 102.08 9.9753 0.79697 0 0 0 0 0 0 0 0 0 0 0 0 0 0 0 0 0 0 0 0 0 0 0 0 0 0 0 0 0 0 0 0 0.0055325 0.0061034 0.0055325 0.0061034 0.14071 0.13769 0.36636 0.40686 -0.11732 0.079157 0.27958 0.28218 -0.0060741 0.0084788 0.013504 0.011226 0.087855 0.024063 0.13701 0.13229 -0.019894 -0.06598 0.42569 0.41532 -0.047533 -0.051538 0.22228 0.15586 -0.011549 -0.0019546 0.034039 0.013515
55.309 153.96 10.46 5.6115 0 0 0 0 0 0 0 0 0 0 0 0 3.3647e-20 4.2321e-20 8.4163e-19 1.0586e-18 0 0 0 0 0.0053775 0.0071381 0.010176 0.012322 0.0080299 0.034946 0.071094 0.13206 -0.012445 0.0084967 0.017571 0.026794 0 0 0 0 0.15321 0.054731 0.28734 0.26396 -0.078561 0.10884 0.38921 0.47119 -0.023888 0.020006 0.062495 0.069287 0 0 0 0 0.065424 -0.052261 0.094188 0.086349 0.048106 -0.039021 0.41535 0.39057 -0.050814 0.0053174 0.15388 0.12728
144.96 160.7 9.7282 4.7276 0.0010063 0.0052567 0.0019348 0.0052567 -0.00062541 0.0080928 0.0032289 0.0080928 -0.00054619 0.0038952 0.0011778 0.0038952 -4.603e-05 4.4653e-05 4.603e-05 4.4653e-05 0.01772 0.019413 0.10343 0.11137 -0.010689 0.064607 0.13723 0.15076 -0.018526 0.045234 0.15565 0.14625 -0.0082838 0.0013582 0.01037 0.0057884 0.079152 -0.014697 0.18147 0.22693 0.010202 -0.030715 0.30394 0.67741 -0.11709 -0.032343 0.26556 0.37239 -0.014992 -0.001302 0.015673 0.0041846 0.0062541 -0.020836 0.019342 0.027848 0.00032707 -0.052528 0.01784 0.08158 -0.0092199 -0.029219 0.0152 0.041417 -0.00084898 -0.00035389 0.00084898 0.00035389
