47 64
106.5 113.69 2.0919 1.3125 0 0 0 0 0 0 0 0 0 0 0 0 0 0 0 0 0.060056 0.086344 0.06093 0.096263 0.062203 0.31161 0.091035 0.41727 -0.097386 0.22495 0.14278 0.33472 -0.039266 0.043264 0.04869 0.047038 0.031097 0.028946 0.13566 0.20195 0.0055724 -0.15865 0.13133 0.37241 -0.061606 -0.082473 0.2032 0.28893 -0.058725 0.037592 0.16725 0.10737 -0.023957 -0.056175 0.057983 0.069953 0.01615 -0.031919 0.07845 0.093873 0.01204 0.0028578 0.10805 0.11095 0.0064657 -0.0021963 0.10905 0.076889
74.792 119.96 2.0189 2.6109 -0.019946 -0.036455 0.2076 0.28913 -0.080945 -0.060336 0.13557 0.12673 -0.00070221 -0.00014176 0.00070221 0.00038528 -0 0 0 0 -0.078409 -0.034609 0.32474 0.55481 -0.063217 0.15163 0.20785 0.42226 -0.079547 0.061669 0.10049 0.104 -0 0 0 0 -0.029561 -0.080125 0.064473 0.14972 0.016312 -0.1022 0.10635 0.22754 -0.061834 -0.042523 0.081073 0.082804 -0 0 0 0 -0.0013348 -0.00049694 0.0057234 0.0048061 -0.00065503 -0.00081127 0.0010961 0.0012915 -5.9095e-05 -0.00022595 0.00013497 0.00022595 -0 0 0 0
144.33 125.78 1.9505 4.8081 0.031807 -0.017039 0.061828 0.07883 -0.015127 -0.027201 0.082323 0.14757 -0.039912 0.01021 0.091731 0.076717 0.008528 0.026873 0.11427 0.064574 0.0093338 0.029308 0.071002 0.082531 0.010597 -0.0036382 0.10406 0.1633 0.023861 0.051526 0.21761 0.15691 -0.029864 -0.026307 0.23471 0.10516 0.023914 0.035001 0.084603 0.21075 -0.0090052 0.071344 0.17028 0.59231 -0.14059 -0.05579 0.26175 0.35917 -0.02836 -0.033563 0.051839 0.042719 0.010122 -0.063604 0.01733 0.081426 -0.014992 -0.12731 0.038512 0.17552 -0.02749 -0.045241 0.02895 0.055837 -0.00086495 -0.00096623 0.00086495 0.0011735
95.661 132.1 1.6883 3.2329 0.053669 0.0038693 0.089069 0.036707 -0.024662 0.023474 0.14632 0.10582 0.010712 0.055405 0.11829 0.091093 0.073974 0.025677 0.1974 0.083671 0.055849 0.0045183 0.1506 0.086474 0.014575 -0.099596 0.28427 0.19657 0.081331 -0.027848 0.20068 0.20763 -0.045817 -0.11326 0.29682 0.20815 0.029825 -0.013275 0.15147 0.17988 0.034025 0.026979 0.21736 0.3763 -0.048793 -0.045292 0.21525 0.29568 -0.026438 -0.079797 0.062811 0.10826 0.003641 -0.029478 0.036466 0.043576 0.034999 -0.079182 0.08499 0.11842 -0.028558 -0.023068 0.11344 0.14353 -0.012512 0.0086614 0.016138 0.017193
131.91 131.29 2.12 4.766 -0.026578 0.027507 0.055137 0.092397 0.044851 0.027067 0.093545 0.16726 -0.0078923 0.075369 0.10685 0.14466 -0.039732 0.022136 0.055295 0.04805 -0.04515 -0.045846 0.09478 0.099467 0.040405 -0.069952 0.14427 0.16361 0.031322 -0.095102 0.12514 0.21925 -0.048341 0.019709 0.10326 0.11914 -0.0025294 0.096078 0.077764 0.12872 0.0064558 0.1592 0.14206 0.19956 0.02909 0.22196 0.14581 0.29003 -0.023342 0.10299 0.16732 0.21052 -0.036667 -0.040164 0.077627 0.17638 0.015945 -0.083355 0.094905 0.25313 0.011436 -0.13686 0.10378 0.40662 -0.073408 -0.07159 0.096988 0.17897
175.89 132.57 2.1656 3.5342 0 -0 0 0 0 -0 0 0 0 -0 0 0 0 -0 0 0 0.016977 0.0030347 0.028316 0.022679 0.054524 0.099111 0.13161 0.30683 -0.080327 0.053153 0.1108 0.12607 0 -0 0 0 0.042999 0.11639 0.17095 0.21951 -0.050618 -0.030474 0.27383 0.50518 -0.074541 -0.045013 0.09536 0.097619 0 -0 0 0 0.064811 -0.034522 0.13194 0.23672 -0.098187 0.050049 0.26567 0.46753 -0.032126 0.014949 0.034911 0.036907 0 -0 0 0
151.59 136.51 2.1254 5.8871 -0.022561 0.026353 0.060005 0.059512 0.051071 -0.022399 0.16879 0.11245 -0.096648 -0.017309 0.1428 0.10219 -0.011583 -0.00048577 0.017568 0.0085587 -0.097234 0.071373 0.22807 0.17125 -0.051732 -0.03951 0.22363 0.16342 -0.042608 -0.0049652 0.15496 0.14903 -0.0021702 0.023573 0.088666 0.09057 -0.025257 -0.10372 0.22601 0.20164 0.00016222 -0.055726 0.28848 0.40371 -0.08868 0.021972 0.29581 0.34203 -0.035878 -0.0089721 0.08419 0.065404 0.0030264 -0.010673 0.0061889 0.010802 0.028135 -0.060139 0.064779 0.083433 0.001235 -0.015644 0.19229 0.17586 -0.018081 0.0045416 0.044192 0.024153
98.154 141.9 1.8158 4.7078 0.0089936 -0.0071662 0.07256 0.039098 -0.0178 0.0092416 0.10525 0.11781 -0.0082291 -0.0098806 0.039626 0.053829 0.019633 0.0019988 0.029502 0.08026 0.073016 0.027258 0.1388 0.09416 -0.034323 0.054786 0.26929 0.28684 0.02017 0.13296 0.12165 0.26736 -0.020424 0.08257 0.086997 0.17911 0.099189 0.027587 0.20909 0.10556 -0.053004 0.021812 0.38058 0.24717 0.095041 -0.00092651 0.21468 0.28075 -0.068962 -0.048741 0.12167 0.15251 0.023583 -0.035452 0.11997 0.098099 0.036673 -0.002814 0.2324 0.15817 -0.010729 0.041454 0.13942 0.13139 -0.023725 0.027727 0.062096 0.084862
100.63 147.87 2.1613 4.6329 0.0088034 -0.0025937 0.10839 0.03245 -0.029424 -0.013856 0.095229 0.048404 -0.0034599 -0.016909 0.040918 0.049942 0.0076008 0.019279 0.040906 0.10039 0.029465 0.014432 0.1442 0.12597 -0.057155 0.049158 0.15917 0.26279 0.012813 0.081327 0.073461 0.17037 0.017685 0.0014002 0.075524 0.20511 0.042832 0.019645 0.24415 0.15596 -0.012099 0.034575 0.30048 0.30855 0.050162 0.14534 0.18029 0.30245 -0.079124 0.050793 0.13255 0.20168 0.037753 0.0037936 0.20781 0.10248 0.002426 0.0079616 0.26104 0.20778 -0.0068425 -0.022831 0.17118 0.17296 -0.040397 -0.024054 0.080416 0.090693
120.49 153.85 1.9425 4.7976 -0.002991 -0.0059018 0.036746 0.033318 -0.0014768 -0.013469 0.052681 0.087227 -0.005536 0.0037018 0.068824 0.11893 -0.0052755 -0.0016199 0.034839 0.055535 -0.00085467 -0.010054 0.041091 0.062763 0.046779 0.038432 0.09375 0.26485 -0.034492 0.05321 0.13939 0.40063 -0.019246 -0.0055422 0.041842 0.070295 -0.010109 0.11082 0.078208 0.18675 -0.015759 0.059195 0.1543 0.34354 0.017472 0.05227 0.16578 0.38306 -0.0087723 0.15205 0.13644 0.18775 0.016178 -0.0057712 0.10032 0.14488 -0.097177 -0.021355 0.15395 0.19674 0.066128 -0.035378 0.17002 0.22827 0.013182 -0.049965 0.090433 0.1729
95.86 155.36 1.9583 4.3907 0.018151 0.0078481 0.083862 0.043491 -0.025523 0.02933 0.1248 0.052736 -0.012454 -0.011009 0.06042 0.051395 -0.0015229 -0.0049258 0.055265 0.069005 0.026136 -0.011968 0.1542 0.082304 -0.033221 -0.03311 0.26901 0.15896 -0.02901 -0.011751 0.11035 0.09863 0.020904 -0.01657 0.077947 0.14181 0.016151 -0.0305 0.10576 0.080168 0.035468 0.068248 0.30389 0.31404 0.039191 0.14582 0.21756 0.33246 0.044172 0.1445 0.12377 0.23131 0.019521 -0.0032337 0.040779 0.035554 0.060711 -0.0041844 0.31115 0.18211 0.028308 0.0063831 0.26504 0.21563 0.0075623 -0.015023 0.12725 0.12786
119.44 172.11 2.1854 2.4888 0.019903 0.0014186 0.048958 0.033457 -0.014428 0.0046382 0.17508 0.13437 0.099327 -0.026875 0.29884 0.32848 -0.044016 0.010467 0.25259 0.23021 0.0049374 -0.012379 0.10871 0.080362 0.029454 0.016162 0.27985 0.2633 -0.0023905 -0.015607 0.26861 0.33771 -0.023085 -0.057046 0.19954 0.19812 0.0081322 -0.014167 0.029321 0.047425 0.055644 -0.0089045 0.12799 0.17358 -0.011678 -0.012748 0.12468 0.20886 -0.024719 0.041666 0.081399 0.13275 0.00087092 -0.00089707 0.001205 0.0054944 0.015001 -0.030091 0.021902 0.05455 0.026404 -0.050924 0.05506 0.092341 0.030351 0.018224 0.084621 0.13029
88.103 175.06 2.2319 5.7412 -0.0031044 0.0099861 0.0051753 0.0099861 0.0012556 0.0020528 0.0019184 0.0028525 0.00013485 0.00015593 0.00019844 0.00029772 1.5162e-17 2.5179e-17 3.9316e-17 6.5288e-17 0.0030075 0.075232 0.12453 0.15924 0.022639 0.16272 0.17569 0.22915 -0.06503 0.13503 0.1106 0.18314 -0.0058282 0.0035376 0.0068199 0.0059926 0.035417 0.022279 0.21954 0.2984 0.00738 0.007784 0.29146 0.46512 -0.13812 -0.012912 0.1816 0.27462 -0.0082612 0.0065142 0.010401 0.012116 -0.050474 -0.041459 0.20615 0.25547 0.010356 -0.064395 0.12642 0.21243 -0.023219 0.02683 0.087254 0.118 -0.023196 0.023909 0.039979 0.05647
119.78 178.48 1.8397 4.6622 -2.124e-05 2.5251e-05 2.3665e-05 2.5251e-05 0.00053268 0.0045633 0.0052752 0.0045633 -0.00051732 0.005239 0.001648 0.005239 2.97e-05 0.0016571 9.9515e-05 0.0016571 0.029636 0.038644 0.043842 0.041766 -0.020052 0.097064 0.1241 0.14181 0.017587 0.064124 0.1371 0.18612 -0.022595 0.014291 0.065654 0.081481 0.02564 0.048936 0.11347 0.11421 -0.0084768 0.032219 0.21321 0.27812 -0.03647 -0.0044173 0.26954 0.42798 -0.024776 0.014124 0.12654 0.19874 -0.021525 -0.038977 0.089899 0.088796 0.017712 0.01861 0.12911 0.28443 0.0066885 0.098582 0.20368 0.47051 -0.031614 -0.011469 0.078286 0.12851
129.2 181.57 2.0019 4.8066 0 0 0 0 0 0 0 0 0 0 0 0 0 0 0 0 -0.017712 0.050834 0.073034 0.084881 0.014962 0.049584 0.10835 0.11396 -0.026828 0.047561 0.049262 0.070819 -0.0014177 0.00072079 0.0014177 0.00077543 -0.015525 0.091547 0.14827 0.20437 -0.06246 0.0891 0.30354 0.42312 -0.053745 0.080758 0.22499 0.27245 -0.021328 0.020217 0.031334 0.030941 -0.004429 -0.051387 0.11321 0.23884 -0.0074609 -0.028194 0.24098 0.44926 -0.040261 -0.040014 0.17371 0.28904 -0.024586 -0.0073787 0.043059 0.039404
124.59 109.43 3.0516 1.7014 -0 0 0 0 -0 0 0 0 -0 0 0 0 -0 0 0 0 0.0088761 0.059267 0.014027 0.059267 -0.0092548 0.1311 0.021835 0.1311 -0.0078731 0.15109 0.028516 0.15109 -0.0073677 0.02864 0.0073677 0.02864 0.063741 0.017838 0.17037 0.37441 -0.033217 -0.020354 0.11782 0.50102 0.046812 -0.022215 0.15933 0.49258 -0.098452 0.046756 0.16938 0.22874 0.013073 -0.0049963 0.095478 0.10576 -0.023063 -0.0087308 0.10396 0.14282 0.044019 -0.0058293 0.10483 0.14341 -0.0096689 -0.015294 0.11239 0.084121
141.99 117.47 2.8269 1.8502 -0 0 0 0 -0 0 0 0 -0 0 0 0 -0 0 0 0 0.0065961 0.0085999 0.0077677 0.0085999 0.085747 0.1653 0.10871 0.30014 -0.051117 0.20624 0.081779 0.2952 -0.0081472 0.1278 0.037282 0.12846 0.028389 0.035661 0.21166 0.134 0.069188 -0.073585 0.27194 0.4057 -0.0102 -0.1203 0.14414 0.39487 0.052663 -0.051328 0.11225 0.26373 0.0023813 -0.028448 0.10073 0.056436 0.041501 -0.018939 0.13397 0.13239 -0.037864 0.0021308 0.11755 0.13299 0.025361 0.0087331 0.068537 0.08615
125.44 120.19 2.6188 4.7876 0.0073504 0.018881 0.078345 0.081822 -0.033802 0.0033146 0.10444 0.14576 0.03742 0.0069215 0.10498 0.16596 -0.013208 0.022044 0.078081 0.066106 0.0086311 0.073721 0.13498 0.14946 -0.03274 0.13695 0.12539 0.24098 0.035363 0.15904 0.12466 0.27886 -0.012037 0.060479 0.18722 0.201 0.062049 -0.11067 0.096782 0.2273 -0.048396 -0.14831 0.11928 0.40018 0.026975 -0.1614 0.087401 0.4429 -0.061979 -0.080701 0.093132 0.19228 0.0010548 -0.00588 0.0010548 0.00588 -0.0016333 -0.020334 0.0039964 0.020334 -0.00050337 -0.0098329 0.0012581 0.0098329 -0.00011534 -0.0011801 0.00017044 0.0011801
132.18 126.73 3.048 4.8524 -0.0017201 0.039365 0.043754 0.078467 0.0072075 0.023792 0.091152 0.16251 -0.021358 0.069202 0.087252 0.1162 -0.0099486 0.017026 0.053412 0.032177 -0.025182 0.0049174 0.099494 0.11783 0.0082348 0.015681 0.14578 0.17653 -0.0022485 -0.017429 0.15863 0.19533 -0.0016223 0.025121 0.22378 0.12393 -4.7055e-05 -0.036769 0.12816 0.29763 0.0010742 -0.025415 0.12052 0.40494 -0.049951 -0.039486 0.18644 0.57488 -0.065021 -0.047132 0.12958 0.13099 0.0033316 -0.040271 0.014652 0.04582 0.0017787 -0.055445 0.014428 0.065883 -0.010318 -0.061261 0.021533 0.078276 -0.0069043 -0.0089536 0.0069339 0.010904
86.565 130.19 2.846 5.7829 7.1893e-05 0.00019891 7.1893e-05 0.00019891 0.00014381 0.0003979 0.00014381 0.0003979 0.013107 0.00014201 0.027411 0.026937 0.0088041 0.0098921 0.042599 0.058633 0.016045 -0.0039006 0.024889 0.035184 0.051213 0.061318 0.10875 0.21485 0.016153 0.12028 0.18887 0.35257 -0.022448 0.0044327 0.12841 0.15925 0.0037858 -0.0048972 0.0050576 0.0070056 0.12957 0.071367 0.23164 0.25716 0.017686 0.05391 0.27388 0.36045 -0.066718 0.039426 0.16602 0.1179 0.0007525 -6.1369e-05 0.0007525 0.00060027 0.13071 0.029347 0.38727 0.17814 -0.10445 0.01708 0.22033 0.16841 -0.017676 -0.0095323 0.11268 0.10518
150.99 143.69 2.9179 3.8827 0.0018728 -0.00018481 0.0058643 0.0066287 -0.0035878 0.0053816 0.016596 0.022194 0.0066068 0.0062134 0.0091017 0.014076 -0.0023179 0.022085 0.013734 0.033376 -0.0079778 0.0057276 0.029272 0.025367 0.016971 0.030184 0.085377 0.090888 0.039197 0.091054 0.26624 0.29232 -0.041309 0.0093883 0.10882 0.14318 0.065087 0.024907 0.14892 0.094105 -0.0059266 0.059563 0.23829 0.23929 -0.0028977 0.031906 0.35737 0.37305 -0.056286 0.018627 0.10118 0.077461 0.01132 0.025957 0.10497 0.097703 0.020472 -0.014357 0.15036 0.12968 0.026801 0.032415 0.41105 0.28663 -0.069611 -0.010601 0.11751 0.063715
129.88 149.4 2.6149 5.2546 -0.017097 -0.0051354 0.047303 0.070155 0.0036748 0.0027547 0.046936 0.095185 -0.0066541 -0.002579 0.056523 0.072892 -0.0055696 0.0025938 0.01488 0.012079 -0.044999 0.063548 0.1461 0.17603 -0.017699 0.057671 0.19 0.34408 -0.024178 0.022502 0.089056 0.17368 -0.0044379 -0.0043609 0.020246 0.022036 -0.057446 0.016472 0.11897 0.17243 0.1088 0.0054764 0.24203 0.28262 -0.11705 0.032303 0.24394 0.24451 -0.016546 0.017043 0.074234 0.072026 -0.012508 0.0021999 0.11322 0.21079 -0.026682 0.16187 0.18534 0.31971 -0.024503 0.043215 0.25701 0.21334 -0.036194 0.015728 0.15056 0.11575
77.475 159.85 3.1602 5.6146 0 0 0 0 0 0 0 0 -3.3273e-06 4.9841e-05 7.7207e-06 4.9841e-05 -1.6091e-06 2.2467e-05 3.3993e-06 2.2467e-05 0.0025334 -0.00025566 0.0025334 0.0003205 0.036281 0.046788 0.063118 0.11242 0.0012887 0.10045 0.1007 0.15438 -0.022646 0.029511 0.053714 0.064084 0.0086429 0.0081977 0.016214 0.014283 0.067683 0.12038 0.2173 0.27208 -0.0013598 0.001183 0.32461 0.32975 -0.048541 0.01537 0.1054 0.13133 0.057025 0.044942 0.1375 0.20396 -0.022711 0.065134 0.37876 0.44911 -0.10098 0.042052 0.24438 0.21243 0.011396 -0.0055836 0.058876 0.072729
78.085 163 2.8251 5.688 0 0 0 0 1.4286e-17 -9.6733e-18 1.4286e-17 9.6733e-18 4.303e-18 -2.9135e-18 4.303e-18 2.9135e-18 1.4829e-18 2.1901e-18 1.4829e-18 2.1901e-18 0.00696 -0.00013892 0.00696 0.0067191 0.03732 0.063843 0.07278 0.11921 -0.0013407 0.097451 0.088666 0.132 -0.014233 0.035844 0.029289 0.0439 0.030496 0.036572 0.04704 0.051372 0.071414 0.12602 0.26579 0.3413 0.012769 -0.00020473 0.28167 0.36583 -0.05458 0.029158 0.085072 0.11382 0.049283 0.017036 0.18557 0.25372 -0.10815 0.046016 0.36661 0.41217 -0.029901 -0.025446 0.15893 0.16267 0.0053182 -0.007712 0.060301 0.081376
124.67 164.3 2.9223 1.829 0.025135 -0.041604 0.15706 0.092579 0.026846 -0.087669 0.22588 0.32764 0.0037408 -0.017277 0.23176 0.31271 0.016797 -0.023018 0.12817 0.19469 0.0083381 -0.0022827 0.037506 0.032934 0.045355 -0.068222 0.13529 0.30878 -0.028838 -0.073991 0.18098 0.49016 0.033744 -0.082819 0.10189 0.21196 0.016525 -0.0048244 0.021967 0.02261 0.036053 -0.014894 0.11354 0.17814 0.0022798 -0.0089795 0.10033 0.20016 0.037165 0.010675 0.10551 0.084952 0.0018432 -0.0012285 0.0020608 0.0016818 0.0066934 -0.012056 0.019477 0.02491 0.00088664 -0.026206 0.023362 0.034319 0.017492 -0.024553 0.044234 0.033866
137.64 169.87 2.9841 2.0521 0.0041551 -3.3749e-05 0.013044 0.0067119 0.0012133 -0.043424 0.21186 0.093241 0.14955 -0.11145 0.31425 0.29553 -0.049453 -0.051951 0.21528 0.26187 0.0042039 -0.0018835 0.032317 0.015759 0.018073 0.0113 0.069953 0.060196 0.080586 -0.033543 0.19476 0.34142 0.003996 -0.069978 0.23223 0.45536 -0.00044948 -0.00036195 0.00082208 0.0005737 0.027938 -0.0058171 0.064422 0.05103 0.041694 -0.036248 0.17886 0.24452 -0.0086096 0.0068808 0.097648 0.20895 -5.8817e-05 -3.0722e-05 5.8817e-05 3.0722e-05 0.0034263 -0.0038597 0.0067971 0.0068917 0.019246 -0.024004 0.036077 0.046704 0.0065387 -0.032879 0.033653 0.047265
99.252 176.02 2.709 3.977 8.0471e-18 -7.2795e-18 9.9768e-18 9.0251e-18 0.0025416 0.0010309 0.0025416 0.0010309 0.026371 0.028447 0.053874 0.032957 0.0073773 0.023257 0.062192 0.074167 0.0013749 -5.0613e-05 0.0014219 0.0001009 0.030538 0.052655 0.068572 0.059122 0.065148 0.041606 0.15771 0.11583 0.037641 0.039964 0.234 0.20447 0.018076 0.001112 0.018106 0.0047119 0.08035 0.056665 0.2839 0.25876 -0.085966 0.017621 0.25074 0.21595 0.067463 0.061515 0.24391 0.27351 0.016967 -0.00027756 0.016967 0.004449 0.031244 -0.027111 0.15625 0.14088 0.014687 0.070436 0.37033 0.30486 0.090622 0.054401 0.25136 0.23421
109.59 179.49 2.7531 4.6447 -1.0222e-18 6.9298e-20 9.2713e-17 6.2851e-18 -1.0483e-17 7.1063e-19 1.0483e-17 7.1063e-19 0 -0 0 0 0 -0 0 0 0.0021035 0.039497 0.038065 0.039744 0.011387 0.046499 0.052448 0.048928 0.00024036 0.079038 0.082103 0.094986 -0.0097729 0.026667 0.042132 0.062663 0.03702 0.054096 0.29949 0.11472 -0.036461 0.039458 0.23361 0.17911 -0.033734 -0.02704 0.19039 0.31713 -0.027744 -0.0017101 0.10788 0.21346 0.013531 0.0024991 0.23866 0.1694 -0.056753 0.064291 0.17571 0.27431 0.022627 0.045447 0.15781 0.46775 0.01093 0.11692 0.16719 0.28066
125.48 107.26 3.9495 1.6788 -0 0 0 0 -0 0 0 0 -0 0 0 0 -0 0 0 0 0.0060163 0.016512 0.0060163 0.016512 0.0034698 0.10172 0.021193 0.10172 -0.0052258 0.11916 0.024931 0.11916 -0.0031395 0.010382 0.0031395 0.010382 0.080145 0.042786 0.15914 0.24272 -0.0085556 -0.001855 0.15145 0.55787 0.025319 0.002756 0.18664 0.53711 -0.078131 0.04909 0.12115 0.13946 0.031902 -0.037177 0.11165 0.08289 -0.022914 -0.038172 0.13537 0.20534 0.02627 -0.05132 0.11426 0.17595 -0.032746 -0.012274 0.129 0.078781
107.94 115.1 4.0381 1.3602 0 0 0 0 0 0 0 0 0 0 0 0 0 0 0 0 0.015318 0.066263 0.015318 0.066313 0.069273 0.21496 0.11744 0.37654 -0.086394 0.12649 0.11644 0.24335 -0.010088 0.017134 0.041679 0.03135 0.013299 0.0061368 0.1827 0.33661 0.031202 -0.076637 0.20314 0.43411 -0.051008 0.013652 0.28707 0.26672 -0.059677 0.013262 0.14364 0.075672 0.009076 -0.030899 0.10971 0.12188 -0.013935 -0.025507 0.12506 0.18423 0.020562 -0.053334 0.089541 0.12907 -0.015275 -0.0031303 0.077041 0.049385
87.309 119.86 3.5314 0.90248 0 0 0 0 0 0 0 0 0 0 0 0 0 0 0 0 0.014346 0.035778 0.014346 0.035778 -0.0054325 0.11346 0.054143 0.11725 -0.020904 0.037324 0.11148 0.067912 -0.0048804 0.00043516 0.0048804 0.0013521 0.10073 0.088494 0.28082 0.34552 -0.076937 0.060694 0.34503 0.45097 -0.10796 0.068762 0.35282 0.2388 -0.021371 0.01965 0.037849 0.029307 -0.048469 -0.019629 0.17858 0.1723 -0.0076478 -0.052909 0.20106 0.19712 -0.028548 -0.04131 0.15616 0.14066 -0.016721 0.011801 0.057612 0.048733
115.53 126.42 3.7436 4.6543 0.0013594 0.010047 0.062114 0.052028 -0.0047909 0.040909 0.052136 0.098599 0.012852 0.053839 0.078153 0.12959 -0.012065 0.027927 0.05935 0.041553 0.044336 0.010482 0.16109 0.10699 -0.042268 0.048519 0.19872 0.22154 0.037001 0.065184 0.18995 0.27716 -0.030701 0.064255 0.22016 0.19348 0.045418 -0.039707 0.096393 0.073748 0.050909 -0.10276 0.2065 0.44249 -0.01376 -0.10537 0.1323 0.46881 -0.061282 -0.080963 0.11948 0.234 0.00169 -0.0028938 0.0020686 0.0029154 0.0053052 -0.048294 0.015301 0.051984 -0.0063909 -0.031096 0.0076994 0.032533 -0.00080369 -0.0051268 0.00099565 0.0051268
159.14 136.15 3.6941 2.5869 -0 0 0 0 -0.0039765 0.018073 0.022786 0.020451 -0.0029091 0.0035358 0.0048943 0.0039664 -0 0 0 0 -0 0 0 0 0.055561 0.054023 0.19758 0.21071 -0.0055946 0.16254 0.18127 0.30888 -0.034619 0.077449 0.063708 0.091596 0.00010211 0.0019803 0.005393 0.0074604 0.11643 0.0044444 0.18096 0.1929 0.091265 0.0084051 0.37872 0.39416 -0.082674 0.058156 0.33644 0.28943 0.0054099 0.0019743 0.0077288 0.007445 0.046837 -0.0068806 0.087339 0.075523 0.025434 -0.033417 0.19975 0.18064 0.069437 -0.0052821 0.15972 0.12841
109.21 139.25 3.6426 4.5662 0.0091824 0.010621 0.044846 0.023239 -0.0060845 0.0019136 0.044127 0.044213 -0.0037558 0.0046601 0.058302 0.076179 -0.0020958 0.0076957 0.021487 0.023729 0.033429 -0.00071678 0.11302 0.06554 0.0063403 0.087602 0.14457 0.20489 0.032984 0.044587 0.19249 0.26514 -0.0072238 0.035002 0.143 0.17223 0.04314 -0.020152 0.1319 0.080819 0.07036 0.041984 0.29647 0.25084 -0.015276 0.16652 0.20572 0.38145 -0.0078333 0.010529 0.19156 0.38532 0.0008241 -0.010785 0.022193 0.015978 0.057893 -0.078341 0.082855 0.15449 -0.030824 -0.1111 0.07923 0.26855 -0.016032 -0.056546 0.034763 0.10045
136.43 142.75 3.8112 5.2654 -0.017741 0.01908 0.074556 0.070228 -0.0018481 0.0062441 0.057492 0.085014 -0.014159 0.0024233 0.040259 0.048853 -0.0024958 0.0007111 0.0036942 0.0030977 -0.032967 0.016961 0.15123 0.17251 -0.0075212 0.072231 0.20215 0.28637 -0.055692 0.049829 0.11929 0.12153 -0.0028411 -0.0023994 0.016006 0.010616 -0.023725 -0.021765 0.21849 0.31815 -0.023336 0.11825 0.26215 0.39694 -0.085482 0.040056 0.35015 0.27262 -0.021797 0.013715 0.073965 0.044004 0.022537 -0.047743 0.036095 0.066988 0.012055 -0.13301 0.11646 0.27664 -0.028567 -0.064591 0.096706 0.12805 -0.016818 -0.0091802 0.057889 0.03492
153.19 107.13 5.2781 1.9331 -0 0 0 0 -0 0 0 0 -0 0 0 0 -0 0 0 0 -0 0 0 0 -0 0 0 0 -0 0 0 0 -0 0 0 0 0.023005 0.012803 0.056815 0.055473 0.1191 0.10181 0.26028 0.30948 0.013352 0.11155 0.24959 0.60005 -0.06906 0.12241 0.16083 0.30564 0.013754 -0.002579 0.018256 0.013137 0.062002 -0.057138 0.17263 0.14334 0.021908 -0.077633 0.18543 0.27394 -0.023039 -0.021786 0.15497 0.17836
122.93 130.26 4.9113 4.7109 0.004014 0.0057919 0.052797 0.033133 -0.0043598 0.00015155 0.044024 0.060561 -0.0086456 0.014478 0.032153 0.047599 -0.0019708 0.0014618 0.0075762 0.0026989 0.045896 0.021366 0.12764 0.10614 -0.028965 0.07151 0.17795 0.27401 0.0033978 0.082883 0.20754 0.28256 -0.035969 0.03042 0.11276 0.11221 0.065948 -0.042237 0.099143 0.088732 0.0022556 -0.085929 0.18801 0.50097 -0.044128 -0.10612 0.18405 0.54569 -0.046194 -0.035391 0.074608 0.092073 0.0033074 -0.0046473 0.0037067 0.0046479 -6.2575e-07 -0.041838 0.013134 0.050314 -0.0043591 -0.03257 0.007514 0.033629 -0.0010772 -0.0028316 0.001144 0.0028316
106.16 154.91 5.3661 4.566 0.0022235 0.0021792 0.0022235 0.0021792 0.0031295 0.016431 0.015024 0.016431 -0.0013985 0.020359 0.013578 0.024297 -0.0021707 0.0027426 0.0039049 0.00399 0.031503 0.0030128 0.048017 0.027805 -0.015427 0.018798 0.12999 0.11383 0.0050436 0.038908 0.10961 0.18588 -0.010475 0.05959 0.072575 0.085557 0.042458 -0.0037091 0.054155 0.025651 0.05793 0.075255 0.28743 0.23631 0.0085434 0.11361 0.27945 0.39998 -0.0047792 0.10915 0.25005 0.29732 0.012294 -0.0031951 0.023448 0.014825 0.089079 -0.070414 0.17299 0.16146 -0.012275 -0.085213 0.1637 0.39553 -0.038682 -0.078116 0.1011 0.23238
90.721 168.1 5.0295 5.7057 0 0 0 0 0 0 0 0 5.1423e-18 7.8927e-18 5.1423e-18 7.8927e-18 3.1571e-18 4.8457e-18 2.1233e-17 3.259e-17 0.0091048 0.010871 0.010827 0.016632 0.036229 0.077551 0.092078 0.15107 -0.037862 0.031297 0.065739 0.074311 -0.00037014 0.000283 0.00039064 0.00089783 0.083164 0.088442 0.17688 0.29368 -0.10712 0.1111 0.35598 0.36024 -0.035338 0.013112 0.15606 0.1434 -0.01472 0.004108 0.021801 0.017444 0.072294 0.013252 0.33761 0.22087 -0.10292 0.046679 0.36734 0.32097 -0.063008 0.036175 0.19307 0.16251 -0.010173 -0.0043839 0.019657 0.014394
71.961 173.68 5.0531 5.6809 0 0 0 0 0 0 0 0 0 0 0 0 1.1658e-18 1.6957e-18 1.1658e-18 1.6957e-18 0.00013793 0.00048944 0.00013793 0.00048944 0.0048933 0.018062 0.0054609 0.018062 0.0018179 0.0048877 0.0019862 0.0048877 3.419e-05 5.15e-05 3.4706e-05 5.15e-05 0.019286 0.068559 0.027619 0.070672 0.083963 0.15459 0.23339 0.34947 -0.073965 0.068326 0.18786 0.23673 -0.013204 0.010056 0.013569 0.015734 0.097932 0.069403 0.18497 0.25447 -0.10103 0.12442 0.44315 0.48675 -0.051093 -0.00011451 0.24263 0.20092 -0.032321 0.007228 0.045409 0.03613
101.81 181.25 5.3428 4.3564 3.1088e-18 -1.1558e-18 3.1144e-17 1.158e-17 -7.4132e-18 2.7562e-18 1.8873e-17 7.0169e-18 0 -0 0 0 -6.1184e-06 -1.6456e-05 6.1184e-06 1.6456e-05 1.1347e-17 -4.2188e-18 1.8873e-17 7.0172e-18 0.0068628 0.024595 0.018145 0.024595 0.012775 0.062561 0.062147 0.078095 -0.011481 0.021164 0.033476 0.043247 0.012097 0.0038869 0.012097 0.0040885 0.047308 0.048995 0.2356 0.16166 -0.014418 0.052716 0.22315 0.31896 0.038411 0.11745 0.23613 0.30695 0.0049666 -5.0606e-05 0.0088244 0.0049662 0.095718 -0.013133 0.22481 0.14517 0.027161 0.12882 0.34537 0.37243 0.0586 0.10397 0.24562 0.37878
86.209 104.48 6.4638 0.8576 0 0 0 0 0 0 0 0 0 0 0 0 0 0 0 0 0 0 0 0 0 0 0 0 0.00040606 0.011281 0.018014 0.014171 -0.00075654 0.001248 0.0020593 0.001248 0.02036 0.02456 0.02036 0.026079 0.051922 0.1915 0.35173 0.46126 -0.11917 0.13849 0.31482 0.28228 -0.022675 0.015139 0.040369 0.02237 0.064501 0.011059 0.16197 0.12027 -0.039553 -0.039542 0.381 0.3573 -0.054269 -0.062173 0.19811 0.1861 -0.020908 -0.0050188 0.055118 0.034687
118.14 152.76 7.616 4.6136 2.0083e-19 -1.9896e-20 1.0083e-18 9.9892e-20 -1.7458e-05 0.001261 0.00026454 0.001261 8.6252e-05 0.0008706 8.6252e-05 0.0008706 -1.7453e-18 3.1792e-18 5.6683e-17 2.9773e-17 0.022946 0.0052462 0.022985 0.017367 0.0021224 0.0789 0.12458 0.16572 -0.017332 0.093089 0.096479 0.13802 -0.0046463 0.020285 0.011194 0.020285 0.03817 -0.0057388 0.039478 0.02165 0.09291 0.0085753 0.34567 0.43583 -0.086067 0.011608 0.34852 0.63865 -0.042993 -0.0076065 0.071926 0.089829 0.0019584 -0.0015251 0.002529 0.0026791 0.023217 -0.054705 0.053736 0.099136 -0.018791 -0.061728 0.04356 0.12242 -0.0043761 -0.0041317 0.0047522 0.0062852
123.26 170.52 6.5263 4.584 2.4417e-18 -3.1533e-19 1.8209e-17 2.3515e-18 -3.4153e-18 4.4106e-19 1.475e-17 1.9048e-18 1.2718e-05 -1.6424e-06 1.2718e-05 1.6424e-06 1.0594e-06 -1.3682e-07 1.0594e-06 1.3682e-07 0.0087723 0.012025 0.018365 0.012052 0.000876 0.038579 0.04123 0.062664 -0.010177 0.0089236 0.016106 0.02284 -5.6431e-05 7.2876e-06 8.3192e-05 1.0743e-05 0.044255 0.01063 0.095601 0.050646 0.010482 0.1229 0.29482 0.32636 -0.024095 0.16123 0.34072 0.36204 -0.039139 0.031723 0.094478 0.084266 0.01917 -0.0093071 0.043637 0.027064 0.058105 -0.070844 0.25192 0.35073 -0.074077 -0.086727 0.22998 0.45483 -0.031145 -0.016115 0.048734 0.046423
75.546 90.759 12.603 0.75191 0 0 0 0 0 0 0 0 0 0 0 0 0 0 0 0 0 0 0 0 0.00021499 -0.00022989 0.00021499 0.00022989 -0.00068985 0.00073767 0.0013092 0.0014 0 0 0 0 0 0 0 0 0.1565 0.16931 0.46676 0.45903 -0.19482 0.12757 0.36942 0.42534 -0.01017 0.0052967 0.013219 0.011422 0 0 0 0 0.051715 -0.1012 0.22293 0.21067 -0.058828 -0.058964 0.12446 0.12933 -0.0039201 -0.0015284 0.0052999 0.0042353
165.18 90.808 12.342 2.0403 -0 0 0 0 -0 0 0 0 -0 0 0 0 -0 0 0 0 -0 0 0 0 -0 0 0 0 -0 0 0 0 -0 0 0 0 -0 0 0 0 0.15239 0.008617 0.21538 0.3022 -0.05648 0.14297 0.48532 0.65857 -0.033457 0.012853 0.040927 0.032211 -0 0 0 0 0.042415 -0.042402 0.065071 0.081769 -0.011753 -0.10094 0.23751 0.24422 -0.018124 -0.0066514 0.023929 0.016536
122.5 126.8 14.501 4.3106 5.1012e-18 -2.1673e-18 5.9301e-18 2.5195e-18 1.4659e-17 4.4129e-18 1.566e-17 6.3807e-18 1.9427e-17 7.8418e-18 1.9427e-17 7.8418e-18 0 -0 0 0 0.0089456 -0.00051732 0.010031 0.0029853 0.14798 0.17133 0.32481 0.51989 -0.14497 0.1113 0.27922 0.35067 -0.00040087 -0.00062204 0.00040087 0.00062204 0.0013912 -0.00086795 0.0021537 0.0012105 0.11112 -0.1524 0.26374 0.36189 -0.084195 -0.099059 0.18187 0.22879 -0.00012304 -0.00019092 0.00012304 0.00019092 0 -0 0 0 0 -0 0 0 0 -0 0 0 0 -0 0 0
