54 64
95.686 120.2 2.1368 1.9333 -5.9551e-05 0.00015704 5.9551e-05 0.00015704 -0 0 0 0 -0 0 0 0 -0 0 0 0 -0.033669 0.071969 0.076196 0.092568 0.0052387 0.0694 0.018592 0.069879 -0.0033539 0.13713 0.014454 0.13713 -0.010483 0.049643 0.011688 0.051027 0.046958 0.014389 0.30524 0.29858 0.051339 0.15573 0.18828 0.48321 -0.069176 0.12881 0.117 0.37223 -0.031071 0.04344 0.12705 0.24568 0.0049195 -0.018553 0.22717 0.12812 -0.020379 -0.13494 0.11075 0.18758 0.013473 -0.099497 0.096513 0.16184 -0.0018479 -0.047441 0.079751 0.062371
78.293 131.2 2.0748 5.1127 0.030136 0.014471 0.097902 0.029246 -0.042858 0.0023187 0.10263 0.032167 0.0076205 -0.0080602 0.064606 0.050458 0.038694 -0.0011997 0.078469 0.069895 0.054816 -0.001341 0.17657 0.032043 -0.012394 0.09688 0.22607 0.12118 -0.062764 0.073941 0.16113 0.19699 0.042522 -0.036326 0.093118 0.08942 0.085402 -0.011604 0.12583 0.052431 0.05112 0.095218 0.27244 0.26653 0.042363 0.18643 0.21337 0.29148 -0.015826 0.22263 0.11805 0.27854 0.015985 -0.010105 0.017648 0.014084 0.050788 -0.12969 0.10629 0.22367 0.021486 -0.17804 0.072076 0.27923 -0.0012637 -0.14146 0.051731 0.20051
183.67 132.62 1.9955 2.7733 -0 0 0 0 -0 0 0 0 -0 0 0 0 -0 0 0 0 0.0019385 0.01655 0.019942 0.061929 0.02915 0.090344 0.055881 0.20526 -0.034873 0.20037 0.052529 0.21799 -0.018041 0.057344 0.019313 0.05804 0.0089359 0.0085151 0.041723 0.074305 0.13639 0.019946 0.1664 0.29731 0.073949 0.10124 0.19228 0.34891 -0.12875 0.16587 0.40051 0.25769 -0.0047799 -0.0033335 0.05982 0.073312 0.08187 -0.054231 0.13344 0.11904 0.10396 -0.019129 0.14381 0.12958 -0.078269 0.0090043 0.37506 0.090912
171.96 135.78 1.7892 4.919 -0.06347 -0.019984 0.12017 0.13045 0.0022897 -0.012496 0.041206 0.037467 -0.0027271 -0.0056 0.10363 0.048588 -0.003095 0.00020335 0.032689 0.017154 -0.076643 0.15118 0.13593 0.23694 0.0020062 0.18574 0.10858 0.21206 -0.060437 0.085933 0.17276 0.15646 -0.021331 0.024635 0.082727 0.069019 0.037312 -0.040925 0.24924 0.31418 -0.11103 0.12728 0.19325 0.26425 -0.07626 0.023365 0.19774 0.22283 -0.066074 -0.026507 0.090944 0.078153 0.054094 -0.064265 0.072506 0.10057 -0.015434 -0.16248 0.14786 0.37196 -0.081104 -0.092364 0.099522 0.15797 -0.0085863 -0.0079672 0.0090097 0.008404
151.98 137.91 1.9864 4.6787 0.0085859 0.000311 0.008641 0.0075149 0.032803 -0.0014018 0.084099 0.086091 -0.036875 -0.016937 0.066975 0.06774 0.01077 -0.0057959 0.026307 0.019531 0.042452 0.0079293 0.042941 0.0262 0.0011821 0.02496 0.40714 0.39464 -0.053731 0.048344 0.10891 0.14098 0.021655 0.054497 0.040271 0.070768 0.081094 0.020989 0.11347 0.062494 0.059301 -0.023469 0.39816 0.41478 -0.016012 0.11776 0.15654 0.27598 -0.026381 0.045765 0.059888 0.073794 0.014644 -0.017993 0.03983 0.057716 -0.00069775 -0.066175 0.071707 0.089623 0.050505 -0.1065 0.092707 0.18356 0.0034388 -0.058976 0.0634 0.16431
181.63 139.89 2.0052 3.2885 -0.0010399 0.013796 0.012878 0.02687 -0.0078063 0.023991 0.024476 0.03541 -0.0025706 0.0091416 0.0031667 0.0099063 0 -0 0 0 0.0037005 0.002566 0.034692 0.063484 0.037908 0.035785 0.12508 0.16951 -0.012856 0.13964 0.2113 0.25218 -0.037811 0.046882 0.041926 0.049202 0.0011786 0.0027513 0.076351 0.13996 0.12471 0.029595 0.20285 0.21608 0.065503 0.086712 0.29754 0.27569 -0.098469 0.12087 0.32421 0.17388 -0.016323 0.0028936 0.049513 0.064351 0.12507 -0.022654 0.14375 0.087771 0.11046 0.064349 0.18182 0.12102 -0.093077 0.024691 0.43532 0.16811
77.844 144.37 1.9371 2.7211 0.03737 -0.020421 0.25263 0.11636 -0.080521 -0.050133 0.23963 0.12301 0.15185 -0.12988 0.27061 0.21837 -0.0038679 -0.012185 0.16475 0.17499 -0.0030525 -0.094764 0.15155 0.17558 -0.015601 0.010982 0.2229 0.1745 0.10829 -0.044998 0.2977 0.18478 0.11504 -0.075858 0.20706 0.19734 0.00742 -0.022676 0.025347 0.028725 0.0057988 -0.030898 0.080407 0.091601 0.07893 0.054852 0.13439 0.14189 0.015534 -0.023814 0.23927 0.22697 -0.0010215 0.05591 0.016755 0.057116 -0.0041234 0.055557 0.032188 0.076911 0.013297 -0.0090201 0.12216 0.15043 -0.029577 -0.041688 0.055961 0.068839
172 143.21 1.7935 4.977 -0.024021 -0.034032 0.10232 0.11518 -0.023148 -0.03175 0.12446 0.084039 -0.01928 0.025353 0.10763 0.061685 0.0015758 0.0044067 0.026098 0.01315 -0.10021 0.014672 0.15609 0.22785 0.023576 0.046216 0.09635 0.097947 -0.025462 0.007997 0.17415 0.095331 -0.0058436 -0.00018919 0.070073 0.03832 -0.092018 0.1791 0.16869 0.24698 -0.047162 0.16248 0.15486 0.26147 -0.091301 0.10872 0.21575 0.21767 -0.034323 0.021217 0.10569 0.1001 0.066491 -0.09249 0.22284 0.28028 -0.081171 0.015288 0.1841 0.34472 -0.10076 -0.060618 0.16753 0.21253 -0.026882 -0.015662 0.031719 0.029209
91.1 148.49 2.261 0.94854 -0.020604 -0.0011692 0.17212 0.1237 -0.090222 -0.081488 0.14897 0.16081 -0.019048 -0.012641 0.078672 0.096484 0.0062175 -0.011775 0.030787 0.032145 -0.1077 -0.0061029 0.2039 0.39593 -0.051844 0.15713 0.12855 0.24812 -0.0042421 0.032783 0.12104 0.13723 -0.021734 -0.0082593 0.036602 0.03074 0.047808 -0.0952 0.12023 0.284 -0.029981 0.0069238 0.17716 0.43538 -0.084926 0.040816 0.22753 0.20352 -0.019323 0.0039633 0.026467 0.019223 0.015972 -0.018152 0.021363 0.041683 0.03115 -0.077566 0.069699 0.14928 -0.029439 -0.031422 0.18442 0.11568 -0.016644 -0.0067018 0.045905 0.018388
187.71 153.89 1.9534 3.294 -1.3148e-16 -1.4438e-16 1.0253e-15 7.4834e-16 0 -0 0 0 0 -0 0 0 0 -0 0 0 -0.020448 0.02259 0.041597 0.10053 0.026987 0.039591 0.088471 0.21131 -0.026066 0.056447 0.13871 0.17648 -0.020347 0.067633 0.057294 0.10159 -0.03432 -0.023477 0.0494 0.063093 0.043155 0.10141 0.098034 0.23677 0.012903 0.13623 0.17695 0.31694 0.10601 0.11435 0.32509 0.34699 0.0098845 0.018388 0.053618 0.16946 0.041481 -0.018316 0.16316 0.28167 0.051495 -0.034392 0.20393 0.25675 0.098931 0.075117 0.24839 0.21034
98.484 158.24 1.8424 3.882 0.0048334 0.0052864 0.011908 0.0086135 -0.00363 0.010056 0.017784 0.010228 -0.0016323 0.0022651 0.0052444 0.0034226 -0.00030376 0.00012972 0.00030376 0.00012972 0.030768 0.009932 0.0675 0.028254 -0.0023901 0.075714 0.22372 0.17976 -0.051049 0.083493 0.15669 0.2781 -0.029913 0.018773 0.049359 0.079704 0.033753 -0.016407 0.047298 0.030859 0.070282 -0.023161 0.2443 0.22859 0.039083 0.022498 0.24479 0.53133 -0.0025809 0.042221 0.14144 0.42631 0.0045448 0.0047927 0.014693 0.012525 0.02683 0.00088252 0.074532 0.085555 -0.0027418 -0.06201 0.081008 0.13295 0.11998 0.030335 0.14978 0.18296
61.754 178.27 1.9711 5.6787 0 0 0 0 0 0 0 0 0 0 0 0 0 0 0 0 0.0057191 0.012877 0.0057191 0.012877 0.01616 0.097768 0.022764 0.098525 -0.0050785 0.084526 0.021144 0.085075 -0.00062827 0.016691 0.0047667 0.016691 0.11788 0.12626 0.1344 0.23761 -0.012093 0.07872 0.15597 0.50879 0.03784 0.13651 0.18227 0.38299 -0.01307 0.20657 0.11229 0.30776 -0.0015385 -0.080355 0.054276 0.11162 -0.039648 -0.162 0.062356 0.16796 0.045411 -0.13914 0.08072 0.21431 0.034779 -0.14003 0.063996 0.1988
174.37 178.26 1.9587 0.94624 0.0019561 -0.044685 0.086122 0.079766 -0.0021082 -0.041756 0.19692 0.2172 0.073648 -0.11224 0.22504 0.28432 -0.017696 -0.092963 0.19048 0.29569 0.0085282 0.027537 0.039017 0.059331 0.029476 0.062236 0.085314 0.14667 0.046152 0.095964 0.15761 0.28948 0.040879 0.038075 0.1373 0.37459 0.02827 -0.031405 0.053252 0.067369 0.08534 -0.046102 0.1173 0.17395 0.054776 -0.016576 0.13003 0.36561 -0.071479 -0.0097861 0.099307 0.18017 0.0014874 -0.0039394 0.0021083 0.0039394 0.010768 -0.022641 0.01165 0.024216 0.011873 -0.10004 0.027188 0.10761 -0.010799 -0.045679 0.017724 0.048297
151.88 181.98 2.1137 1.3919 0.023995 -0.023125 0.11541 0.068847 0.094472 -0.09834 0.21702 0.35589 -0.13214 -0.013951 0.17414 0.31013 -0.018913 0.0025983 0.020065 0.037605 0.010859 0.0019716 0.08971 0.067668 0.043184 -0.069586 0.15542 0.37775 -0.052975 -0.05365 0.11971 0.4332 -0.028616 -0.0051035 0.042105 0.14825 -0.023881 0.052667 0.065338 0.11649 -0.024544 -0.0041772 0.11408 0.29414 -0.031313 -0.059004 0.076956 0.27392 -0.011073 -0.018578 0.015287 0.052972 0.001607 -0.039827 0.027891 0.052152 -0.021514 -0.022121 0.041202 0.066451 -0.012751 -0.0045275 0.020056 0.024055 -9.4855e-05 -0.00040347 0.00013507 0.00041842
179.77 188.2 1.9049 3.8255 -2.5776e-17 3.9168e-17 2.4311e-16 2.3184e-16 -7.0334e-17 1.3558e-16 4.4626e-16 4.7296e-16 7.2823e-16 6.7394e-16 1.5093e-15 2.1215e-15 1.0732e-16 1.8391e-16 2.134e-16 3.6188e-16 0.0068294 0.019916 0.0068294 0.019916 0.019268 0.12518 0.026441 0.12518 -0.015042 0.099665 0.029366 0.099665 -0.0083997 0.031026 0.017436 0.031026 0.14593 0.12984 0.15604 0.18095 -0.0043267 0.12111 0.26537 0.47062 -0.15513 0.01285 0.19929 0.32621 -0.045438 -0.012203 0.086759 0.15532 0.051607 -0.021607 0.13467 0.19738 -0.056917 -0.075801 0.1904 0.40814 -0.055423 -0.0099365 0.10623 0.21612 -0.0093409 0.0066905 0.029238 0.05645
92.091 194.2 1.9915 4.8193 0 0 0 0 0 0 0 0 0.00012869 1.3812e-05 0.00081117 8.706e-05 -6.4312e-05 -6.9024e-06 0.00027309 2.931e-05 0.059469 0.1519 0.076509 0.1536 0.013451 0.23694 0.11404 0.27266 -0.059588 0.1118 0.17355 0.22819 -0.032204 0.0099437 0.04311 0.038099 0.037963 0.076651 0.25893 0.33376 -0.19725 -0.13648 0.26467 0.43257 -0.073945 -0.10275 0.13097 0.26578 -0.012146 -0.0084955 0.015223 0.017155 -0.062369 -0.11228 0.15494 0.16412 -0.042614 -0.050605 0.084915 0.10964 0.0016756 0.0025279 0.0085613 0.037749 -3.9824e-05 0.00056521 0.00032562 0.000978
154.15 194.76 2.1306 4.7146 0 0 0 0 0 0 0 0 8.1406e-17 4.0926e-17 8.1406e-17 4.0926e-17 -1.2498e-17 1.8198e-16 2.917e-16 2.0168e-16 0 0 0 0 0.028085 0.021275 0.058148 0.054252 0.018515 0.08523 0.07203 0.12019 -0.022842 0.071387 0.037866 0.072737 0.015659 0.084768 0.024775 0.19259 0.033218 0.19683 0.12756 0.40928 0.098536 0.056442 0.20698 0.32896 0.0026444 0.039302 0.11925 0.17932 0.024814 -0.0011498 0.033563 0.18976 0.018219 0.054149 0.12337 0.50242 -0.020113 -0.028952 0.17083 0.3324 0.028611 -0.059587 0.092859 0.098139
175.83 194.02 1.9995 4.0237 0 -0 0 0 -2.7933e-17 -5.862e-17 2.09e-16 3.7368e-16 8.1402e-17 -8.3436e-17 2.5773e-16 2.0698e-16 -7.3356e-17 2.8433e-16 2.5424e-16 6.205e-16 4.5636e-16 2.6217e-16 1.2165e-15 1.0157e-15 -0.0015736 0.061054 0.0042582 0.061054 0.0027976 0.081292 0.0051489 0.081292 0.00017147 0.0049282 0.00017147 0.0049282 0.070142 0.048717 0.11043 0.096146 0.11677 0.2137 0.20619 0.35083 -0.12406 0.23021 0.19103 0.43973 -0.058276 0.097956 0.07529 0.13443 0.046086 0.0078273 0.089983 0.15925 -0.01047 -0.088894 0.16396 0.42804 -0.054669 -0.14112 0.1369 0.29058 -0.020822 -0.04852 0.042664 0.078584
104.96 121.86 2.9024 1.8414 2.6228e-05 1.9026e-05 2.6228e-05 1.9026e-05 -0 0 0 0 -0 0 0 0 -0 0 0 0 -3.3286e-05 0.0036849 0.034212 0.040036 -0.012993 0.10633 0.076097 0.12555 0.014786 0.12801 0.029175 0.12801 -0.0075682 0.089704 0.022946 0.089704 0.0173 -0.008828 0.024166 0.015653 0.1236 0.061719 0.36291 0.45084 -0.01072 0.029745 0.20835 0.54947 -0.033543 0.0042797 0.14422 0.21485 0.0023682 0.0004615 0.0023682 0.002003 0.055439 -0.026551 0.22099 0.17266 -0.047576 -0.035596 0.14317 0.1698 0.018219 -0.028149 0.065477 0.057112
148.12 123.79 2.8128 1.1809 0 0 0 0 0 0 0 0 0 0 0 0 0.0077225 0.016217 0.0077225 0.016217 0.015307 0.060307 0.016673 0.060582 -0.0016061 0.095133 0.03573 0.096684 -0.0047919 0.088129 0.14262 0.10974 0.018555 0.0034731 0.035869 0.057739 0.090079 0.047986 0.16802 0.26444 -0.086093 0.034157 0.21037 0.50046 -0.15725 0.047534 0.49925 0.34074 -0.026176 0.0025192 0.026879 0.010442 0.011214 -0.043847 0.091659 0.066404 -0.0037269 -0.077055 0.095268 0.11138 -0.032735 -0.022703 0.23088 0.15087 -0.019322 0.0056388 0.021767 0.011932
94.751 127.83 2.8143 1.8676 0.0010401 0.006768 0.0033395 0.0078229 -7.8674e-05 0.0025198 0.00055734 0.0025198 -0 0 0 0 -0 0 0 0 0.067205 0.01463 0.12721 0.11317 0.041912 0.17026 0.15679 0.4147 -0.028283 0.14545 0.11536 0.31559 -0.05003 0.055756 0.077088 0.11554 0.099781 -0.023194 0.13971 0.092357 -0.020753 -0.099836 0.34314 0.43198 -0.014972 -0.14289 0.15002 0.28348 -0.030541 -0.028983 0.15945 0.08169 0.033779 -0.0030728 0.04971 0.039072 -0.026932 -0.014172 0.16532 0.1396 -0.023573 -0.011994 0.068773 0.06885 0.0013604 -0.0089242 0.069455 0.020959
155.84 130.71 2.7537 4.5748 0.024931 -0.0091521 0.027256 0.019785 -0.022085 -0.012424 0.13673 0.11531 -0.003266 0.0020666 0.073401 0.056956 -0.0065411 0.010091 0.039034 0.025182 0.075813 0.012026 0.086079 0.049791 0.012623 0.094242 0.38739 0.45379 -0.010137 0.16415 0.13416 0.22492 -0.048309 0.037777 0.12921 0.087708 0.038815 -0.016532 0.078879 0.072757 0.043576 -0.13473 0.19042 0.29486 0.0071917 -0.16914 0.14959 0.45523 -0.06482 -0.054287 0.088836 0.13801 0.00018981 -0.0037605 0.0021498 0.0062721 -0.00028493 -0.0037406 0.0020237 0.0045586 0.0011782 -0.020613 0.0053093 0.020613 -0.0018523 -0.0065079 0.0023966 0.0065079
72.276 135.99 2.8724 4.9217 0.0020715 0.00043993 0.0020715 0.00043993 0.011672 -0.016239 0.093261 0.04226 -0.013569 -0.0029584 0.052613 0.035382 0.020559 0.032951 0.096258 0.062914 0.0094628 0.0020096 0.0094628 0.0020096 -0.030077 0.036094 0.27188 0.071721 -0.0012149 0.018265 0.14822 0.13319 0.075549 -0.0022953 0.24205 0.18981 0.0011718 0.00024885 0.0011718 0.00024885 0.10953 0.022581 0.32731 0.16247 0.043878 0.20077 0.25379 0.33203 0.058309 0.08203 0.21566 0.47107 0 0 0 0 0.044214 -0.041667 0.053807 0.070986 0.016717 -0.12861 0.062564 0.20922 -0.012666 -0.092642 0.040508 0.14267
156.3 139.74 2.941 4.6205 0.029085 -0.0071324 0.029101 0.029824 -0.010765 -0.01385 0.12884 0.11455 -0.027536 0.0069847 0.099997 0.054462 -0.004697 0.0039517 0.031113 0.017477 0.036688 0.0031088 0.037067 0.020506 -0.012765 0.0089837 0.30083 0.26012 0.0093446 0.061629 0.11423 0.13501 -0.017083 0.040099 0.098479 0.06821 0.069377 0.010121 0.087531 0.049317 0.066157 -0.024328 0.40654 0.50039 -0.0019093 0.060557 0.17738 0.40995 -0.075469 0.003181 0.14291 0.13876 0.0073399 -0.010156 0.01956 0.025003 0.0090963 -0.057199 0.052654 0.073534 0.018516 -0.093021 0.051086 0.15793 -0.022654 -0.033368 0.030467 0.057063
162.05 156.03 2.5765 2.8443 -0.0017401 0.0064332 0.013575 0.015889 0.0086138 0.014078 0.037141 0.048936 0.06187 0.022647 0.1013 0.14527 -0.00052223 0.064523 0.141 0.12647 -0.020994 0.0031991 0.048835 0.046963 0.013895 0.0070718 0.10924 0.14445 0.04949 -0.033783 0.13711 0.12446 0.047271 -0.019516 0.35574 0.12836 -0.012164 0.0078584 0.13276 0.06841 0.035539 0.076248 0.26922 0.22549 -0.02021 0.033605 0.25695 0.34197 -0.015828 -0.082279 0.35812 0.40477 0.0092308 -0.0081943 0.079582 0.031705 -0.0084645 -0.071378 0.16923 0.098291 -0.015588 -0.042281 0.039344 0.048386 -0.0033309 -0.034216 0.026286 0.05332
180.76 174.57 2.8727 1.0527 0.019455 -0.047256 0.13141 0.06693 -0.014357 -0.059901 0.21204 0.20051 0.10454 -0.064698 0.28937 0.26845 -0.05375 -0.070707 0.26195 0.36712 0.016227 -0.014581 0.044492 0.03076 0.02228 -9.947e-05 0.11196 0.13319 0.0024597 0.075856 0.20812 0.25808 -0.026582 -0.027195 0.2063 0.36673 0.0021959 -0.00079105 0.0026438 0.0014087 0.03944 -0.033161 0.049124 0.068162 0.10299 -0.09637 0.14992 0.27587 -0.05257 -0.056958 0.10223 0.17335 4.8998e-18 -1.0318e-17 1.6086e-17 2.0156e-17 0.00042406 -0.00052982 0.00042406 0.00052982 0.0065421 -0.021474 0.0074098 0.021474 -0.0028274 -0.013377 0.0054662 0.013377
181.87 183.85 2.5833 3.5491 1.1552e-17 4.9869e-18 1.1552e-17 4.9869e-18 1.299e-17 1.1737e-16 3.1543e-16 3.7845e-16 -1.9919e-17 1.2144e-16 2.1683e-16 2.0672e-16 -1.0926e-17 1.0259e-17 2.522e-17 1.0259e-17 0.00096402 0.0031351 0.00096402 0.0031351 0.019262 0.096361 0.03145 0.096361 -0.0138 0.074883 0.033156 0.092874 -0.013393 0.021675 0.01977 0.043735 0.08612 0.030319 0.093109 0.082441 0.00023316 -0.0030279 0.27086 0.41768 -0.10217 0.0072824 0.13039 0.23876 -0.010902 0.060927 0.082882 0.15046 0.053619 -0.011589 0.085108 0.059879 0.00054093 0.032233 0.34921 0.32806 0.0067303 0.16303 0.20481 0.45644 0.0054377 -0.0060013 0.10545 0.19889
78.426 185.78 2.8716 2.2791 -2.7999e-06 0.00023761 0.00086903 0.0009785 0.074328 -0.054846 0.093123 0.14966 -0.03918 -0.14193 0.1894 0.24822 0.0072997 0.0004735 0.080783 0.096188 0.047172 0.018993 0.081391 0.13306 0.07522 0.17876 0.14608 0.41334 0.0032487 0.16772 0.15746 0.42611 -0.021152 0.018064 0.18023 0.29005 0.026722 -0.033177 0.030636 0.043806 0.060607 -0.17235 0.10185 0.26891 -0.028399 -0.14389 0.076169 0.22816 -0.032085 -0.071175 0.049542 0.090251 -0 0 0 0 -1.4881e-05 -0.0001927 1.4881e-05 0.0001927 1.8573e-05 -1.1655e-05 2.3132e-05 4.7381e-05 6.8646e-06 5.8804e-06 6.8646e-06 5.8804e-06
171.48 186.22 2.9659 0.94546 0.0031791 -0.027131 0.094637 0.10122 0.059266 -0.10143 0.20778 0.27474 -0.080909 -0.13581 0.31652 0.49105 -0.052031 -0.013269 0.11307 0.13722 0.018998 0.0012081 0.055622 0.083891 0.044026 0.11165 0.13533 0.25338 -0.044024 0.023973 0.22689 0.40498 -0.04724 -0.022015 0.08125 0.097334 0.013386 -0.01617 0.015701 0.02854 0.056198 -0.10554 0.074484 0.1809 -0.054688 -0.096814 0.087145 0.16534 -0.017349 -0.0090748 0.021431 0.019353 4.0771e-17 4.8907e-18 1.6629e-16 1.9721e-16 0.0003862 -0.00078245 0.0003862 0.00078245 0.00048256 -0.0015593 0.00048256 0.0015593 4.2362e-06 -2.6239e-05 4.2362e-06 2.6239e-05
67.833 188.4 2.8397 5.5515 0 0 0 0 0 0 0 0 0 0 0 0 0 0 0 0 0.0025654 0.0072951 0.0025654 0.0072951 0.0026087 0.076337 0.011841 0.076337 -0.001338 0.054796 0.0052169 0.054796 -0.00023923 0.0020037 0.00033643 0.0020037 0.064063 0.042042 0.14933 0.28727 0.031303 -0.010421 0.16557 0.55283 -0.064545 0.0019746 0.20885 0.59065 -0.077992 0.055618 0.09725 0.14081 -0.019366 -0.041327 0.076294 0.11481 -0.0017622 -0.024776 0.070582 0.18513 -0.010312 -0.082447 0.06149 0.15511 -0.011849 -0.032301 0.037948 0.06149
158.75 188.52 2.5892 0.80042 0.081137 -0.041856 0.15439 0.16788 -0.10527 -0.099369 0.32984 0.45017 -0.04122 0.018306 0.15514 0.18257 -0.0020891 -0.00043971 0.0050992 0.0061537 0.01167 -0.016292 0.10485 0.16326 -0.017003 -0.076369 0.26797 0.45147 -0.053242 -0.018101 0.18873 0.2167 -0.004278 -0.001508 0.0063818 0.0057304 0.053563 -0.017861 0.059946 0.1223 -0.031827 -0.054374 0.14054 0.28519 -0.051424 -0.020359 0.07246 0.071232 -0.0018452 -0.00053207 0.0025053 0.0012558 0.0042012 -0.010476 0.004278 0.010476 -0.0022269 -0.027403 0.0099054 0.027403 -0.0028025 -0.0044008 0.0028726 0.0044008 -2.0782e-19 2.5083e-18 3.2488e-18 3.2219e-18
97.94 196.09 2.7738 4.6142 0 -0 0 0 0 -0 0 0 0 -0 0 0 0 -0 0 0 0.013821 0.036701 0.016479 0.036701 0.019608 0.15788 0.10841 0.18898 -0.041449 0.030929 0.069349 0.063767 0 -0 0 0 0.12923 0.14271 0.33693 0.33562 -0.22338 -0.062253 0.37163 0.46015 -0.047822 -0.029378 0.058469 0.067402 0.00015072 0.0015295 0.00052172 0.0052944 -0.076599 -0.06177 0.24498 0.15718 0.0014186 0.043338 0.23393 0.20597 -0.052733 0.080522 0.12267 0.12952 -0.00033454 -0.00014545 0.00063053 0.0036869
66.819 110.76 3.478 1.0543 0 0 0 0 0 0 0 0 0 0 0 0 0 0 0 0 0 0 0 0 0 0 0 0 0 0 0 0 0 0 0 0 0.043232 0.046476 0.046576 0.047629 0.085078 0.29707 0.29934 0.4935 -0.10924 0.15027 0.168 0.27459 -0.013058 0.015372 0.015437 0.017833 0.11316 0.10746 0.18551 0.16426 -0.11025 -0.058198 0.3308 0.31618 -0.047028 -0.056396 0.20367 0.23172 -0.022978 0.010893 0.080041 0.074123
104.13 119.61 3.4839 1.8309 -0 0 0 0 -0 0 0 0 -0 0 0 0 -0 0 0 0 -0.0014977 0.016178 0.028409 0.043576 -0.013687 0.059036 0.043795 0.064083 0.0039677 0.078184 0.011219 0.078184 -0.0077283 0.066717 0.012534 0.066941 0.039025 -0.0083797 0.048338 0.030657 0.10985 0.08651 0.35196 0.47831 -0.021669 0.05592 0.17629 0.54619 -0.056028 0.013817 0.15564 0.22928 0.0071107 -0.00050033 0.0080281 0.004808 0.051436 -0.034028 0.25838 0.20109 -0.046683 -0.052448 0.12545 0.17518 0.015253 -0.042203 0.083016 0.064842
149.1 120.29 3.438 1.0775 0 0 0 0 0 0 0 0 0 0 0 0 0.0060878 0.0076627 0.0060878 0.0076627 0 0 0 0 0 0 0 0 -0.0043446 0.046759 0.09753 0.065097 0.013106 -0.0046244 0.040827 0.048565 0.088971 0.068067 0.13156 0.18725 0.030908 0.14023 0.12312 0.53165 -0.12528 0.088761 0.43154 0.41636 -0.043872 0.0047535 0.071139 0.024799 0.050157 -0.024224 0.11505 0.065926 -0.043628 -0.11185 0.10838 0.17179 -0.012208 -0.081429 0.28059 0.1951 -0.030918 0.0045569 0.060484 0.030664
71.89 137.75 3.2531 4.9507 0.0013788 0.00033499 0.0013788 0.00033499 0.021503 -0.016988 0.091366 0.046571 -0.023002 -0.016569 0.050607 0.036697 0.017391 0.032019 0.074298 0.053447 0.01731 0.001817 0.01731 0.0022599 -0.036922 0.022833 0.23184 0.059281 0.010957 0.0088842 0.13881 0.099552 0.06216 0.010249 0.23119 0.17259 0.00333 0.00038754 0.00333 0.00044538 0.079134 0.057176 0.33077 0.13591 0.032214 0.23461 0.24259 0.3179 0.088532 0.12628 0.25448 0.40648 0 0 0 0 0.05789 -0.050213 0.081509 0.10291 0.022566 -0.16084 0.093952 0.27368 -0.007244 -0.1167 0.058466 0.20119
159.19 140.73 3.6984 4.6969 0.01378 -0.001728 0.014114 0.019788 0.00057954 0.028664 0.13266 0.1654 -0.021874 -0.00089456 0.076057 0.065744 -0.0064176 -0.0014451 0.017611 0.010454 0.027715 0.0034382 0.030942 0.011475 -0.0050377 0.021797 0.3165 0.26664 -0.031462 0.070882 0.16676 0.14848 -0.016541 0.014428 0.051273 0.026394 0.035473 -0.00031524 0.09052 0.065079 0.094674 -0.064397 0.3565 0.49864 -0.077713 -0.0013827 0.25676 0.4476 -0.054105 -0.0058944 0.072757 0.053103 0.00075713 -0.0061794 0.0085597 0.011201 0.014672 -0.042911 0.028176 0.04937 -0.010932 -0.066749 0.051239 0.10109 -0.0069891 -0.0061158 0.007299 0.0086467
63.519 164.93 3.5195 2.6745 0.018499 0.0047382 0.024148 0.022569 0.075357 -0.08178 0.22911 0.24484 0.061056 -0.13844 0.3299 0.31041 -0.073596 -0.048678 0.29712 0.24531 0.014052 0.041583 0.11839 0.2039 -0.017954 0.079369 0.10603 0.33351 -0.0033246 -0.012622 0.20337 0.33914 -0.037498 -0.064518 0.16636 0.16723 0.018242 -0.043675 0.033711 0.07068 -0.0070543 -0.082511 0.056789 0.2053 -0.042908 -0.063221 0.056604 0.12334 -0.0043274 -0.0074142 0.0063938 0.0088848 -3.0744e-18 -6.0963e-18 3.0744e-18 6.0963e-18 -2.9815e-19 -5.912e-19 2.9815e-19 5.912e-19 -0 0 0 0 -0 0 0 0
148.69 166.33 3.5979 0.46298 -0.0026648 0.047569 0.089511 0.096095 -0.014922 -0.0030431 0.025607 0.047968 0.00068201 -0.021265 0.011532 0.02391 -0.00045349 -0.0037746 0.0076272 0.0058906 -0.083752 -0.032261 0.43834 0.36821 -0.03838 0.10756 0.29777 0.32747 -0.057327 0.058363 0.15624 0.12637 -0.00097407 0.00057672 0.011851 0.0044542 -0.072199 -0.075248 0.15438 0.15156 0.022656 -0.11799 0.19761 0.30451 -0.03596 -0.0096204 0.28793 0.25673 -0.010655 0.0031181 0.031064 0.02081 -0.00059958 -0.014134 0.022696 0.0393 0.022388 -0.0026091 0.040652 0.073623 -0.0077765 -0.014044 0.074898 0.11143 -0.0095584 -0.0025898 0.012176 0.0101
78.832 186.18 3.5356 2.3312 9.9148e-05 -0.0013525 0.0019359 0.0030269 0.1034 -0.010553 0.10463 0.080214 -0.028766 -0.12849 0.3884 0.29806 0.034816 -0.070061 0.19823 0.18733 0.024371 0.0021237 0.032453 0.042524 0.069862 0.08672 0.14307 0.34788 0.014419 0.075207 0.15491 0.42035 -0.056936 -0.022745 0.19978 0.23747 0.0094205 -0.0070375 0.010685 0.013556 0.054033 -0.10058 0.086814 0.21603 -0.014897 -0.12979 0.075538 0.26322 -0.031506 -0.049358 0.043925 0.072049 -4.4182e-18 -4.2028e-18 4.4182e-18 4.2028e-18 -1.5948e-07 -6.384e-06 1.5948e-07 6.384e-06 -4.6383e-08 -1.8567e-06 4.6383e-08 1.8567e-06 -0 0 0 0
176.98 199.07 3.3858 4.0522 6.7836e-19 -5.2668e-19 6.8164e-17 5.2923e-17 -7.5239e-18 5.8415e-18 2.7216e-17 2.1131e-17 -1.5542e-17 7.3342e-18 1.5542e-17 1.0957e-17 -7.0891e-18 8.9946e-18 7.0891e-18 1.0471e-17 9.0747e-17 -4.4416e-18 1.0689e-16 3.5397e-17 1.2398e-16 4.2624e-16 1.2442e-15 1.1906e-15 4.9611e-16 8.3506e-16 1.7156e-15 1.7473e-15 6.1343e-17 1.9428e-16 6.1979e-16 7.6616e-16 0.02423 0.013814 0.02979 0.02761 0.14619 0.12618 0.18094 0.36608 -0.11221 0.15034 0.17697 0.42382 -0.054252 0.047277 0.063184 0.089773 0.048856 0.028641 0.078834 0.088403 0.0036551 -0.06909 0.26777 0.5116 -0.046366 -0.076023 0.20014 0.3349 -0.015408 0.0097671 0.066949 0.098748
86.652 204.81 3.1672 4.8871 0 0 0 0 0 0 0 0 0 0 0 0 0 0 0 0 0 0 0 0 0 0 0 0 -0.00013275 -2.343e-05 0.0010083 0.00017797 -0.00013695 -2.4173e-05 0.00026997 4.765e-05 0.0975 0.12528 0.097647 0.12528 -0.0033372 0.31607 0.26491 0.51356 -0.12223 0.063884 0.1692 0.35397 -0.017858 0.0020211 0.019519 0.023645 0.042236 0.029928 0.22751 0.23848 -0.12256 -0.17887 0.23321 0.33462 -0.036878 -0.060266 0.045243 0.098825 -0.0027079 -0.0023953 0.0029295 0.0043176
98.355 112.32 5.1165 1.7893 -0 0 0 0 -0 0 0 0 -0 0 0 0 -0 0 0 0 -0.019124 0.035721 0.032452 0.044655 0.0003014 0.0097231 0.0024489 0.0097231 0.0037209 0.018432 0.0095974 0.018432 -0.00036756 0.0016131 0.00090181 0.0016131 -0.030395 -0.020311 0.15248 0.13648 0.089294 0.059606 0.34452 0.56597 -0.10353 0.023033 0.26179 0.5107 -0.042215 0.0073088 0.065298 0.038311 -0.0093371 -0.0056322 0.030396 0.017488 0.020476 -0.080658 0.22351 0.18858 -0.031582 -0.052433 0.1848 0.12887 -0.019265 -0.0041614 0.059705 0.01246
78.565 124.33 5.2361 1.6691 -0 0 0 0 -0 0 0 0 -0 0 0 0 -0 0 0 0 0.038448 0.06134 0.074605 0.13262 0.009586 0.20445 0.16193 0.43829 -0.083068 0.070049 0.11253 0.12888 -0.00095455 0.00021102 0.00095455 0.00021497 0.10232 -0.025221 0.22834 0.19847 -0.091986 -0.11213 0.35733 0.52469 -0.082599 -0.04369 0.25836 0.14469 -0.010195 0.0005644 0.010195 0.001819 0.027332 -0.01874 0.041987 0.033563 -0.011565 -0.022221 0.1207 0.095511 -0.021037 0.0076829 0.12254 0.055935 -0.0059993 -0.00052734 0.0059993 0.0014911
167.75 128.09 5.6719 1.325 0 0 0 0 0 0 0 0 0 0 0 0 0.0027253 0.003686 0.0027253 0.003686 0 0 0 0 0.10688 0.10472 0.14741 0.20001 -0.070595 0.169 0.20938 0.41844 0.078735 0.01497 0.16854 0.19478 0 0 0 0 0.08323 -0.090261 0.18525 0.19712 -0.021524 -0.079978 0.45653 0.45538 -0.011625 -0.021534 0.11698 0.095047 0 0 0 0 0.019995 -0.0052325 0.036265 0.035125 0.0019727 -0.020468 0.13728 0.17742 -0.014713 -0.0093119 0.027529 0.039901
147.03 131.05 5.5384 1.2909 0 0 0 0 0 0 0 0 0 0 0 0 0.013173 0.041662 0.024765 0.045559 0.042864 0.027767 0.042864 0.041561 -0.012603 0.18042 0.19465 0.3587 0.0079869 0.045794 0.16863 0.16643 0.0259 -0.020507 0.24839 0.34822 0.066682 -0.019822 0.07486 0.04923 0.028283 -0.12276 0.38871 0.41974 -0.090896 -0.0037063 0.28175 0.17937 0.012679 -0.061112 0.10697 0.099771 0.0051491 -0.0029736 0.01017 0.0064677 0.023558 -0.0036051 0.10015 0.11868 -0.028177 -0.017213 0.08476 0.11497 0.0032518 -0.0027682 0.0067488 0.0076779
162.72 174.29 4.8868 3.8377 6.7836e-06 7.573e-05 6.7836e-06 7.573e-05 0.0025598 0.022538 0.0059523 0.022538 -0.0027665 0.017282 0.0040935 0.017282 -0.00025975 0.0004651 0.00025975 0.0004651 0.0088156 0.0014868 0.0088459 0.010904 0.030334 -0.020205 0.11676 0.20904 -0.022154 0.0057816 0.073108 0.15583 -0.0071988 0.016463 0.031278 0.034024 0.0032508 -4.7404e-05 0.0085031 0.0074779 0.092592 -0.034309 0.22809 0.36432 0.028876 0.12388 0.34689 0.38138 -0.017544 0.14318 0.2291 0.20937 -0.00395 0.017562 0.014695 0.019379 0.010694 -0.01913 0.020576 0.045754 0.10432 -0.065382 0.33844 0.31963 -0.054939 -0.073483 0.16624 0.203
169.2 184.94 5.1098 1.0887 0.05583 -0.066248 0.14931 0.12201 -0.00075326 -0.15093 0.41088 0.37473 -0.096136 0.022063 0.24871 0.25273 0.0042207 -0.016645 0.016764 0.025925 0.02237 -0.01977 0.045088 0.044843 0.088078 -0.020326 0.21365 0.30065 -0.049193 -0.066293 0.26384 0.46063 -0.0073168 -0.0024874 0.01518 0.021954 0.0036757 -0.0017903 0.0040515 0.0043122 0.040234 -0.039219 0.060851 0.13273 -0.033636 -0.037865 0.05945 0.13196 -0.0019941 -0.0013896 0.0020045 0.0028024 3.1353e-18 -3.4464e-18 3.2756e-18 7.709e-18 8.0915e-06 -2.5853e-05 8.0915e-06 2.5853e-05 7.8397e-06 -2.5049e-05 7.8397e-06 2.5049e-05 4.4586e-07 -1.4246e-06 4.4586e-07 1.4246e-06
61.246 102.03 7.3986 1.0277 0 0 0 0 0 0 0 0 0 0 0 0 0 0 0 0 0 0 0 0 0 0 0 0 0 0 0 0 0 0 0 0 0.0076909 0.01495 0.0076909 0.01495 0.09418 0.18749 0.41614 0.44001 -0.077728 0.037944 0.19792 0.1896 -0.0018458 0.0015854 0.0034613 0.0025257 0.0013536 0.063205 0.11061 0.16769 0.010902 -0.078003 0.434 0.39779 -0.03928 0.010515 0.28393 0.15709 -0.011119 0.0079645 0.039566 0.012733
186.33 109.64 6.2465 2.5204 -0 0 0 0 -0 0 0 0 -0 0 0 0 -0 0 0 0 -0 0 0 0 -0 0 0 0 -0 0 0 0 -0 0 0 0 0.018024 0.016048 0.037902 0.032079 0.054865 0.16962 0.44103 0.38898 -0.17689 0.10449 0.25627 0.14914 -0 0 0 0 0.02259 0.018831 0.12481 0.072042 0.076665 -0.086622 0.40919 0.40877 -0.089501 -0.038395 0.22191 0.2466 -0.00059571 0.0064129 0.0051439 0.0087111
103.28 128.68 7.1808 1.8145 -0.0023717 0.012386 0.0061369 0.012386 -0 0 0 0 -0 0 0 0 -0 0 0 0 -0.06072 0.039524 0.25678 0.33435 0.019825 0.091656 0.19344 0.22856 -0.057298 0.14104 0.13375 0.35574 -0.021621 0.010435 0.022389 0.020927 -0.033499 -0.043977 0.24363 0.18977 0.065783 -0.049584 0.32318 0.21493 -0.068496 -0.084975 0.30564 0.38461 -0.020616 -0.0029012 0.038134 0.022294 -0.0057803 -0.012965 0.023448 0.025934 0.025172 -0.0078146 0.045641 0.063038 -0.010742 -0.0088955 0.11344 0.12657 -0.0069298 -0.0019846 0.014881 0.008578
152.57 129.91 7.4473 1.2745 0 0 0 0 0 0 0 0 0 0 0 0 0.011102 0.038327 0.025298 0.046579 0.015266 0.0023426 0.015266 0.0036354 0.048843 0.15815 0.15474 0.3175 -0.031755 0.061188 0.21942 0.18583 0.0082457 0.014337 0.2867 0.38274 0.023943 -0.0014147 0.024205 0.0065074 0.10856 -0.14633 0.30583 0.34561 -0.11864 -0.052836 0.34932 0.28356 0.013186 -0.051321 0.12573 0.10482 0.00083165 -0.00029681 0.00085564 0.00029681 0.030959 -0.0099763 0.071155 0.082403 -0.017797 -0.026735 0.074535 0.10304 0.003087 -0.0027636 0.0091328 0.0085668
96.213 160.32 6.3449 3.4765 -1.5058e-17 4.2344e-18 1.6949e-17 1.81e-17 0.021592 -0.0076939 0.043616 0.021622 0.028344 -0.059907 0.16237 0.21414 -0.017749 -0.05988 0.25177 0.18954 0.0068162 0.016152 0.055287 0.021639 0.029077 0.044892 0.10049 0.075549 0.048256 0.13446 0.21224 0.28811 -0.042583 0.0048281 0.12597 0.11808 0.025537 -0.012706 0.072406 0.03888 0.0092283 -0.0073181 0.19677 0.18764 0.12097 -0.03391 0.5614 0.33672 -0.088532 -0.018312 0.2238 0.078539 0.0033977 -0.0027513 0.0037246 0.0029837 0.0020511 -0.019659 0.030023 0.053258 0.014038 -0.045476 0.080915 0.0989 -0.011975 -0.016895 0.027187 0.018754
63.591 149.2 10.203 5.5418 0 0 0 0 0 0 0 0 0 0 0 0 0 0 0 0 0 0 0 0 0.02207 0.021435 0.0444 0.037509 -0.003434 0.048316 0.09704 0.23568 -0.012682 0.0046979 0.014928 0.024286 0 0 0 0 0.14307 0.0064315 0.28061 0.31803 -0.065503 -0.0012518 0.44952 0.50294 -0.02013 0.046004 0.097216 0.11691 0 0 0 0 0.023345 -0.023681 0.030846 0.037476 0.088972 -0.0044575 0.29381 0.27098 -0.05333 0.0033754 0.1811 0.18765
