66 64
101.31 125.67 1.9521 2.0696 -0 0 0 0 -0 0 0 0 -0 0 0 0 -0 0 0 0 -0.00082372 0.012629 0.18399 0.11685 -0.034846 0.096673 0.12844 0.12934 0.016829 0.12024 0.03216 0.12053 -0.0077023 0.075185 0.017708 0.075185 0.034035 -0.044827 0.15394 0.10562 0.15076 0.01187 0.42193 0.4186 -0.0078201 0.12857 0.25433 0.47336 -0.046458 0.026705 0.11053 0.18258 0.023614 -0.0027135 0.026708 0.01966 0.032189 -0.04326 0.14629 0.10584 0.042333 -0.095163 0.14188 0.12868 -0.014582 -0.026543 0.078246 0.083107
168.11 129.4 1.8169 4.2166 -0.030794 -0.0052316 0.072987 0.056772 0.031815 0.022959 0.058531 0.058405 0.029009 0.05378 0.08467 0.068925 -0.019095 0.013015 0.04755 0.015388 0.039096 0.14649 0.1326 0.19273 -0.004847 0.17252 0.14753 0.21484 0.008321 0.053064 0.14161 0.13315 -0.059013 -0.012324 0.09051 0.038828 0.025316 -0.17012 0.13878 0.40599 -0.072851 -0.10807 0.14802 0.48577 -0.087013 -0.095622 0.22072 0.40108 -0.037414 -0.023714 0.043935 0.039545 -0.0027046 -0.048339 0.012858 0.049851 -0.005025 -0.052216 0.01051 0.065673 -0.0067536 -0.024102 0.0099672 0.028352 -0.0003975 -0.00044838 0.00041639 0.00044838
183.38 131.17 2.1064 2.6404 -0 0 0 0 -0 0 0 0 -0 0 0 0 -0 0 0 0 0.015944 0.033182 0.049686 0.11409 0.055591 0.16031 0.075875 0.27515 -0.035943 0.1766 0.077846 0.22755 -0.01691 0.028073 0.021679 0.031397 0.01632 -0.010129 0.07106 0.11034 0.12771 0.009187 0.1695 0.26523 0.066172 0.043034 0.29203 0.29333 -0.12021 0.10348 0.41485 0.22242 0.0010013 0.01527 0.046095 0.059446 0.059243 -0.064548 0.11283 0.10534 0.15373 0.038268 0.21149 0.17283 -0.056672 0.020185 0.27647 0.074536
70.336 134.16 2.1953 5.3246 0 0 0 0 0.033328 0.03089 0.12598 0.057948 -0.01108 0.0179 0.10767 0.064632 -0.012055 0.0041655 0.049162 0.040234 0.0085605 0.003152 0.0085605 0.0035704 0.015926 0.026585 0.25158 0.11038 0.04642 0.096002 0.28016 0.16049 -0.018562 0.063385 0.12555 0.081874 0.032555 -0.00032753 0.032555 0.0037347 0.11552 0.10054 0.29722 0.18195 0.078874 0.077649 0.29738 0.27916 -0.054222 0.074961 0.21811 0.14317 0.0031409 -0.00030298 0.0031409 0.0003228 0.14013 -0.11729 0.21794 0.19401 0.098845 -0.062808 0.19409 0.25776 0.0060755 0.0031579 0.16 0.27375
155.17 138.01 1.9692 4.6612 0.012399 0.0048535 0.012511 0.010824 0.043473 0.0021155 0.11348 0.17585 -0.044407 -0.017936 0.11549 0.10193 -0.0040942 -0.0088507 0.043101 0.023385 0.024626 0.014983 0.025131 0.033798 0.0068305 0.077084 0.16893 0.30409 -0.022091 0.08789 0.10376 0.20804 0.013091 0.051461 0.064075 0.073406 0.045202 0.0011564 0.16191 0.18907 0.1453 -0.047651 0.26408 0.51891 -0.10321 0.10983 0.20778 0.31491 -0.02568 0.054294 0.086338 0.083688 -0.00025378 -0.017374 0.024122 0.029279 0.026589 -0.060295 0.035865 0.066006 0.040301 -0.12892 0.092164 0.18579 -0.012275 -0.060592 0.051382 0.17945
164.28 138.28 2.2686 4.424 0.020083 0.0024792 0.10588 0.10362 -0.049948 -0.0023364 0.13077 0.10249 -0.0019276 -0.012256 0.064334 0.0491 0.0044035 0.0088856 0.041008 0.029263 0.0013489 -0.036027 0.18031 0.16864 -0.021907 0.039389 0.13298 0.19148 0.057433 0.097174 0.11253 0.1477 0.0052975 0.054252 0.093236 0.0773 0.11044 0.070841 0.199 0.31308 -0.022313 0.17321 0.2209 0.42587 -0.059687 0.16614 0.16986 0.22196 -0.044852 0.01607 0.11564 0.12196 0.018314 -0.058512 0.066596 0.11833 0.014366 -0.15361 0.063279 0.21096 -0.00062742 -0.11709 0.069374 0.2678 -0.035263 -0.041479 0.04668 0.097555
171.48 137.41 2.0193 4.6827 -0.0094415 -0.021002 0.10628 0.15385 -0.02477 -0.023262 0.11079 0.073319 -0.017274 -0.0014537 0.080063 0.036383 0.0041701 0.0064491 0.046128 0.028326 -0.019439 0.11586 0.10324 0.24492 0.0093522 0.1167 0.13775 0.17519 -0.0084215 0.093782 0.16442 0.13908 -0.017592 0.027733 0.10454 0.086793 0.013698 -0.019614 0.21818 0.40097 -0.12009 0.14342 0.2405 0.23 -0.019105 0.067247 0.1613 0.16119 -0.071262 -0.015572 0.10982 0.070575 0.034412 -0.089379 0.055965 0.11088 0.013992 -0.14594 0.1153 0.37642 -0.072315 -0.092452 0.097793 0.22938 -0.015765 -0.014289 0.018385 0.017619
60.654 142.47 1.7009 0.26131 0 0 0 0 0 0 0 0 0 0 0 0 0 0 0 0 0.025132 0.11076 0.04192 0.13217 0.019749 0.16752 0.043412 0.28422 -0.046005 0.11075 0.073019 0.18191 -0.0034757 0.044351 0.015349 0.044351 -0.11224 0.10817 0.25608 0.29059 -0.047989 0.053641 0.1385 0.43867 -0.051312 0.0071788 0.11863 0.29472 0.043351 0.0013008 0.070367 0.11658 -0.031486 0.066751 0.23172 0.16894 -0.13572 0.028647 0.2436 0.27224 -0.059806 -0.024672 0.079353 0.15201 0.012958 -0.025002 0.048188 0.086846
83.711 142.16 1.7859 4.3945 -0.0088338 0.0028128 0.039268 0.010307 0.029347 0.017644 0.12298 0.048621 -0.016798 0.0068003 0.11918 0.13231 -0.024149 0.0070426 0.032895 0.03726 0.011883 0.027353 0.08129 0.052117 0.032295 0.075423 0.12128 0.13933 -0.015557 0.032454 0.16005 0.21903 0.014474 0.072539 0.10965 0.22096 0.024976 0.011348 0.11708 0.079821 0.094844 0.030773 0.13968 0.29987 0.10054 0.13372 0.15293 0.34071 -0.075241 0.043974 0.2785 0.41445 0.033454 -0.0031982 0.071647 0.076438 0.054317 0.019491 0.11441 0.14929 0.054669 -0.060328 0.16636 0.18732 -0.10558 -0.1028 0.16035 0.14129
65.972 148.36 2.0396 3.6465 -0.039746 0.022876 0.080005 0.064709 0.0086488 0.017929 0.071397 0.091424 0.067529 -0.018343 0.11582 0.14838 0.066105 0.065598 0.11791 0.19006 -0.033184 -0.012128 0.11016 0.099552 -0.0015726 0.010757 0.14334 0.20039 0.16171 -0.078853 0.19149 0.31226 0.11018 -0.082505 0.25101 0.29697 0.015997 -0.051524 0.035224 0.055533 0.040817 -0.021293 0.12376 0.18897 0.010732 0.026688 0.16781 0.47165 0.10988 -0.054415 0.16309 0.29344 1.5198e-05 -8.0568e-05 6.0136e-05 8.0568e-05 0.0076355 -0.010851 0.0083902 0.01353 0.0078229 -0.046478 0.016415 0.07203 0.0078067 -0.039432 0.014267 0.064296
148.46 147.89 1.8936 5.5445 0 0 0 0 0 0 0 0 0.030488 0.011436 0.030512 0.016091 0.02208 0.050706 0.11711 0.069555 -0.004806 0.021879 0.012152 0.021879 0.029922 0.048167 0.04222 0.07778 0.03283 0.13525 0.10349 0.20481 0.033166 -0.048167 0.18008 0.16098 -0.01041 0.099383 0.21586 0.26841 -0.059228 0.13293 0.2553 0.34321 0.052087 -0.048437 0.2015 0.36199 -0.035867 -0.037654 0.13229 0.14624 0.12182 -0.031183 0.16423 0.086066 -0.10943 0.072001 0.34925 0.23261 -0.066639 0.02658 0.10804 0.12549 0.0097477 -0.010153 0.042206 0.033647
75.941 149.32 1.787 5.7049 0.0074486 0.035944 0.046684 0.055994 0.010661 0.011164 0.071329 0.095141 0.0063485 -0.037064 0.047416 0.12321 0.0010698 -0.045087 0.022341 0.08852 -0.0085177 0.009014 0.18106 0.17501 -0.050221 0.063143 0.19113 0.20955 -0.022393 0.028727 0.09683 0.13347 -0.0020381 0.0077716 0.020734 0.060298 0.030357 0.12351 0.2056 0.18176 -0.14178 0.11101 0.3992 0.16996 -0.0078271 0.084437 0.21594 0.21272 -0.0093948 0.040707 0.10973 0.1892 0.032939 0.057512 0.1524 0.1353 -0.12704 0.095338 0.30593 0.13422 -0.051555 -0.01273 0.27187 0.1489 -0.032143 -0.019825 0.11222 0.10042
68.459 154.37 2.1831 3.302 -0.011915 0.011199 0.032331 0.042237 0.044341 -0.040904 0.059483 0.11943 0.043705 -0.0557 0.12651 0.23221 0.10985 0.051001 0.1877 0.16018 -0.064604 0.066371 0.10043 0.14591 -0.018968 0.051311 0.09949 0.28047 0.12927 -0.018094 0.15226 0.30044 0.081152 -0.14184 0.24918 0.29337 0.018868 -0.077861 0.089017 0.14968 -0.0655 -0.039123 0.097845 0.20258 0.079302 0.0013357 0.15094 0.36123 0.014693 -0.034557 0.098508 0.32877 0.0049584 -0.01849 0.0065037 0.018511 -0.0069709 -0.036115 0.013428 0.038726 0.018347 -0.037938 0.028645 0.064448 -0.0046571 -0.038966 0.014903 0.062195
66.011 159.99 1.999 2.6803 0.0093416 -0.040796 0.027604 0.086151 0.015616 -0.092551 0.072091 0.17994 0.11356 -0.090439 0.21108 0.17808 -0.012299 -0.096364 0.18051 0.16777 -0.0064359 0.087254 0.034949 0.18844 -0.0044204 0.051071 0.10524 0.38665 -0.0030203 -0.033106 0.17504 0.35198 0.053729 -0.026411 0.2518 0.27549 1.2982e-05 -0.0261 0.063591 0.22869 -0.045382 -0.028726 0.10324 0.33446 -0.089919 -0.038777 0.12267 0.18882 -0.0094036 -0.050096 0.063369 0.079842 0.0071941 -0.047137 0.0095209 0.047819 -0.0072573 -0.060957 0.01677 0.06525 -0.0108 -0.023561 0.011049 0.024579 -0.00053216 -0.0006074 0.00053216 0.00063935
98.191 161.59 1.9398 2.9322 -0 0 0 0 -0 0 0 0 0.0021403 0.0015298 0.0021403 0.001944 0.081744 0.038614 0.092368 0.061555 0.0021658 0.00075359 0.0042619 0.0011223 0.018672 0.058983 0.035132 0.059938 0.13435 0.12991 0.21746 0.19315 0.018698 0.05306 0.31561 0.23579 -0.005536 0.0051164 0.027855 0.014442 0.1029 -0.019836 0.16289 0.27366 0.069655 -0.019027 0.3542 0.44061 -0.023356 -0.0047185 0.30917 0.29698 -0.033143 0.030355 0.072156 0.067279 0.0017205 -0.0045137 0.03559 0.067187 0.027768 -0.064711 0.056097 0.15749 0.040612 -0.032417 0.080054 0.10364
93.565 163.89 1.8825 5.571 -0.018077 -0.047796 0.06058 0.10752 -0.0093904 -0.032185 0.035218 0.080178 0.010912 -0.03647 0.048375 0.10513 0.0045355 -0.044736 0.043324 0.086527 0.021195 0.13018 0.10677 0.18254 0.003982 0.14399 0.15209 0.35274 -0.072206 0.043757 0.097442 0.17803 -0.0022471 -0.0060472 0.013044 0.015558 -0.016592 0.028148 0.36332 0.21187 -0.12745 -0.019022 0.35239 0.38909 -0.083419 -0.043019 0.098312 0.13767 -0.0014916 0.00022604 0.0016745 0.00092455 -0.038899 0.039106 0.27716 0.14296 -0.072784 -0.067175 0.17274 0.14196 -0.0076999 -0.0055248 0.0086378 0.010659 0 0 0 0
77.813 178.29 2.1064 2.4512 0.0016488 0.0031788 0.018584 0.01631 0.029343 -0.040564 0.044536 0.089635 -0.0081613 -0.12537 0.094832 0.21989 -0.0080154 -0.06281 0.063218 0.10697 -0.0056573 0.10632 0.095668 0.20062 -0.053455 0.13658 0.12055 0.26275 0.0031618 0.12408 0.089364 0.23885 0.0036519 0.046183 0.11818 0.24014 0.072595 -0.10636 0.11266 0.20483 0.014775 -0.012617 0.15919 0.39513 0.0058766 0.039198 0.14302 0.41408 -0.031382 -0.038543 0.095656 0.25439 0.013044 -0.02987 0.014272 0.030588 0.015933 -0.089493 0.028441 0.098423 -0.0076309 -0.10705 0.027925 0.11202 -0.011952 -0.050148 0.015057 0.05151
158.6 180.12 2.1257 1.1695 0.005548 -0.0098288 0.067256 0.039194 0.052276 -0.013956 0.14982 0.16876 -0.077321 0.0090017 0.10521 0.18902 -0.013095 0.0069645 0.018623 0.027808 0.017373 0.012992 0.10595 0.073878 0.049119 0.093467 0.18133 0.28537 -0.01453 0.097911 0.12484 0.37709 0.029331 0.096838 0.18851 0.36818 0.01043 0.018857 0.061661 0.077888 0.044182 -0.076943 0.14312 0.33878 -0.027535 -0.1256 0.11996 0.34179 -0.022088 -0.10272 0.10973 0.24286 0.012312 -0.018371 0.018989 0.028454 -0.014374 -0.02775 0.02968 0.059957 -0.01085 -0.0091076 0.022871 0.053251 -0.0046776 -0.001906 0.0070318 0.015231
186.09 180.17 2.0781 3.6801 0 -0 0 0 0 -0 0 0 0 -0 0 0 0 -0 0 0 0.011645 0.023562 0.011645 0.023562 0.0093564 0.10005 0.030674 0.10703 0.00085869 0.089096 0.026769 0.091475 -0.0091717 0.021434 0.0098882 0.022993 0.040261 0.094068 0.13991 0.18413 0.0017705 -0.011907 0.16029 0.27013 -0.06163 -0.044401 0.14258 0.26676 -0.020397 -0.0047285 0.074793 0.11106 0.054853 0.14839 0.22935 0.41428 -0.11441 0.049648 0.29935 0.45402 -0.039457 0.031511 0.1433 0.29376 -0.011718 0.033682 0.051484 0.075379
63.751 181.67 2.0255 5.6973 0 0 0 0 0 0 0 0 0 0 0 0 0 0 0 0 0.0099968 0.048897 0.012018 0.048897 0.0053035 0.11281 0.015159 0.11281 -0.0078876 0.085439 0.019865 0.085933 -0.0013987 0.004622 0.001779 0.004622 0.061774 0.087868 0.094616 0.25168 0.051324 0.059344 0.12522 0.48866 -0.02786 0.1276 0.13736 0.4389 -0.077681 0.16579 0.11377 0.20389 -0.011606 -0.037673 0.10245 0.20583 0.0018473 -0.14203 0.07338 0.29587 0.036833 -0.10609 0.091143 0.24473 0.018132 -0.064095 0.10281 0.17231
140.33 185.27 2.2305 1.414 -0.017206 -0.033576 0.085454 0.15202 -0.058591 -0.01288 0.060216 0.10748 -0.0014048 -0.00033973 0.0014048 0.0016172 0 0 0 0 -0.032852 0.068706 0.10493 0.28866 -0.0051235 0.19911 0.177 0.42917 -0.07454 0.087609 0.11094 0.15282 -0.00061306 0.00012118 0.00071047 0.0004951 -0.0011776 -0.083582 0.075883 0.22526 -0.010663 -0.19542 0.17808 0.58549 -0.080275 -0.056835 0.10843 0.21144 -0.00037934 -2.1979e-05 0.00040753 0.00020032 -0.004086 -0.0035166 0.009794 0.031057 -0.0033027 -0.013411 0.0068527 0.035974 -0.00073686 -0.002755 0.0015555 0.0092354 8.1242e-18 1.7143e-17 4.7075e-17 2.4969e-17
69.696 190.12 1.9947 5.4354 0 0 0 0 0 0 0 0 0 0 0 0 0 0 0 0 0 0 0 0 0.0062195 0.044424 0.012142 0.044424 0.00057228 0.047795 0.012611 0.047795 -0.0013496 0.0023972 0.0014403 0.0027682 0.070074 0.20873 0.091131 0.24792 0.012459 0.20075 0.153 0.45957 -0.020307 0.20244 0.15657 0.38807 -0.08739 0.15857 0.1187 0.20925 -0.017978 -0.097045 0.098333 0.19764 -0.026039 -0.12874 0.10976 0.23565 0.032651 -0.14527 0.090774 0.26487 -0.015326 -0.068614 0.080165 0.18818
148.13 190.04 1.9619 4.4874 0 -0 0 0 0.0010088 0.00018835 0.0010088 0.0019091 0.0024712 0.0082512 0.0075662 0.029042 0.0001654 0.0093294 0.0033789 0.01596 0.0045508 0.0055581 0.0064793 0.013986 0.013907 0.095708 0.039137 0.15317 0.0054277 0.064389 0.032271 0.13022 0.020761 0.020875 0.039155 0.089829 0.065623 -0.0043456 0.069095 0.096529 0.033899 -0.027721 0.27961 0.66746 0.002958 -0.015645 0.12978 0.44916 -0.020647 0.0080651 0.13016 0.28044 0.0091576 -0.0082232 0.011682 0.012213 0.021286 -0.035566 0.055053 0.10261 0.044097 0.039934 0.062938 0.18214 -0.025723 0.014605 0.067433 0.10314
91.18 193.96 2.0052 4.759 0 0 0 0 0 0 0 0 0.0008685 0.0037721 0.0056977 0.0039973 -0.0005766 0.00080701 0.0018269 0.00091914 0.043586 0.089823 0.050169 0.093324 0.039403 0.23826 0.10989 0.28514 -0.069173 0.10799 0.28343 0.21171 -0.023831 0.0049168 0.045269 0.019743 0.052982 0.077299 0.18188 0.2468 -0.13164 -0.11178 0.27315 0.46413 -0.11407 -0.095168 0.20781 0.31817 -0.012714 -0.0079151 0.018945 0.017201 -0.080142 -0.075971 0.14154 0.13239 -0.037812 -0.067603 0.086999 0.16194 -0.0059789 -0.015081 0.016495 0.048288 -0.00037837 -0.00020875 0.00048568 0.0013897
98.332 195.92 2.0577 2.391 -3.6702e-17 3.4234e-17 3.6702e-17 3.4234e-17 -0 0 0 0 -0.003692 0.0091108 0.003692 0.0091108 0.020398 -0.012915 0.025261 0.028183 -2.9586e-17 2.7596e-17 2.9586e-17 2.7596e-17 0.043183 0.041635 0.11562 0.17085 0.0044506 0.19072 0.21757 0.37825 -0.036421 0.14551 0.11274 0.25914 -0 0 0 0 0.042652 -0.07429 0.134 0.16116 0.21 -0.13084 0.31839 0.45953 0.023208 0.044716 0.16292 0.36178 -0 0 0 0 0.0011594 -0.0013351 0.001278 0.0013351 0.029687 -0.047648 0.03213 0.053845 0.030993 -0.1128 0.04572 0.12088
79.798 198.22 1.9106 5.1236 0 0 0 0 0 0 0 0 0 0 0 0 0 0 0 0 0 0 0 0 0.0020443 0.013428 0.0066999 0.013428 0.00093953 0.0043424 0.0029377 0.0046605 6.0384e-05 0.00020739 0.00011118 0.00022954 0.084875 0.20435 0.11014 0.23965 0.029356 0.28524 0.12825 0.39099 -0.096976 0.22234 0.15152 0.36078 -0.070249 0.048553 0.1643 0.14301 -0.06291 -0.085654 0.14509 0.20027 -0.022199 -0.17816 0.087519 0.32878 -0.035233 -0.18139 0.10355 0.28735 -0.022839 -0.050787 0.058061 0.091738
163.46 198.37 1.9625 4.7664 0 0 0 0 0 0 0 0 0 0 0 0 0 0 0 0 0.0036388 0.0080343 0.0081444 0.02574 -0.0028913 0.023438 0.027343 0.076214 -0.005948 0.018513 0.0060748 0.023286 -0.00013158 0.00022021 0.00013158 0.00022021 -0.06243 0.21846 0.092363 0.44117 0.0010902 0.088681 0.11509 0.24934 0.010195 0.09027 0.10727 0.15449 -0.03326 0.039293 0.038251 0.044773 0.0064398 -0.086384 0.10919 0.38908 -0.030222 0.034282 0.30817 0.49418 -0.055081 0.0041526 0.19648 0.21143 -0.023579 0.011986 0.049257 0.04166
94.165 199.68 1.9886 4.6693 0 -0 0 0 0 -0 0 0 0 -0 0 0 0 -0 0 0 0.0005351 0.001131 0.0005351 0.001131 0.0090737 0.076749 0.019778 0.076749 -0.0088228 0.069811 0.13341 0.069925 -0.0074269 0.0029623 0.0074269 0.0029623 0.1164 0.20679 0.1483 0.23533 -0.093705 0.17581 0.30147 0.4486 -0.14129 -0.008539 0.34186 0.22267 -0.015562 -0.00085609 0.015591 0.0049724 -0.018753 -0.02957 0.16567 0.2101 -0.12382 -0.15265 0.22098 0.34487 -0.039483 -0.043128 0.071596 0.14039 -0.0010305 -0.00048409 0.0010593 0.0011676
106.59 125.48 2.9032 1.9933 -0 0 0 0 -0 0 0 0 -0 0 0 0 -0 0 0 0 -0.0066105 -0.0022882 0.028235 0.056172 0.011531 0.054295 0.089323 0.07518 0.0010071 0.063198 0.020494 0.063198 -0.011778 0.054707 0.017378 0.054707 0.0041172 -0.0022872 0.0052093 0.0055092 0.15649 0.004004 0.36806 0.24619 0.07906 0.067263 0.30698 0.63045 -0.080346 0.081151 0.15924 0.26936 5.8966e-05 2.6513e-05 5.8966e-05 2.6513e-05 0.050344 -0.023266 0.11286 0.073454 0.061065 -0.10631 0.19179 0.16829 -0.012797 -0.0624 0.11039 0.113
154.88 131.87 2.721 1.1009 0 0 0 0 0 0 0 0 0.0013162 0.0025918 0.0013162 0.0025918 0.0080998 0.0026077 0.0090362 0.0073511 0.049183 0.066283 0.082343 0.13575 0.0085579 0.21365 0.12137 0.37585 -0.1055 0.081368 0.24159 0.38052 -0.015594 -0.0072524 0.03895 0.033117 0.050805 -0.021135 0.13479 0.11616 -0.035308 -0.16708 0.20949 0.35656 -0.086036 -0.035584 0.29079 0.36291 -0.024111 0.0029875 0.036355 0.025738 0.0057562 -0.022603 0.0512 0.039492 0.0039725 -0.0046503 0.07383 0.070272 0.031316 0.0089168 0.17666 0.15369 -0.033429 0.023004 0.051533 0.06714
93.943 139.59 2.8411 4.6154 -0.015818 -0.0053344 0.039032 0.015287 0.016176 0.034618 0.084853 0.061708 -0.023311 0.016486 0.037717 0.029404 0 -0 0 0 0.021065 0.049963 0.097779 0.069908 0.0056452 0.074446 0.19533 0.20346 -0.059507 0.081234 0.1439 0.15787 -0.012251 0.013861 0.013102 0.015899 0.073191 0.034221 0.14567 0.13991 0.068328 0.095819 0.26353 0.39975 -0.1522 -0.045044 0.34489 0.51845 -0.045578 -0.0097798 0.12197 0.12454 0.027744 -0.04395 0.039381 0.081445 -0.019556 -0.13479 0.10288 0.18788 -0.036605 -0.059449 0.049069 0.068634 -0.0019917 -0.0063408 0.0046271 0.0069016
182.36 143.83 2.7511 4.5355 -0.037808 -0.0076109 0.14894 0.14152 -0.011865 -0.014236 0.10093 0.075172 -0.014624 -0.0013457 0.034789 0.018846 -0.00041175 7.3595e-05 0.00041175 7.3595e-05 -0.052141 -0.015358 0.2295 0.21287 -0.030118 0.0072194 0.16224 0.10654 -0.020777 0.022521 0.14585 0.058246 -0.0052042 0.00062214 0.0052042 0.0013016 -0.021758 0.20247 0.20785 0.38683 -0.0095781 0.17341 0.23342 0.25204 -0.11734 0.032572 0.21683 0.11038 -0.0041986 0.00046826 0.0041986 0.00057909 0.027958 -0.12821 0.10958 0.29054 -0.082414 -0.14029 0.15059 0.37812 -0.051961 -0.034375 0.059913 0.057737 -7.0227e-05 1.2552e-05 7.0227e-05 1.2552e-05
172.32 155.97 2.88 3.3374 0.005464 0.018443 0.013156 0.022539 -0.010592 0.0092874 0.022303 0.042872 0.0028578 0.0066084 0.035028 0.053369 -0.0038173 0.0093293 0.012744 0.016041 -0.013974 0.036432 0.10084 0.13132 -0.018347 0.012222 0.066529 0.16387 0.036579 0.027566 0.097302 0.16288 0.0033086 0.073087 0.13361 0.11886 -0.021548 0.031206 0.28536 0.22901 -0.010488 0.095791 0.2315 0.33178 0.063016 0.048259 0.24245 0.19482 0.040827 0.072658 0.27208 0.21825 -0.010912 -0.039681 0.13665 0.080134 0.010325 -0.076611 0.14323 0.12912 0.11734 -0.020392 0.31233 0.15883 -0.060034 -0.083865 0.25323 0.18453
61.669 164.58 2.6713 2.5938 0.020106 -0.012136 0.036781 0.059911 0.02763 -0.069698 0.11642 0.18917 0.10117 -0.12773 0.3365 0.24319 -0.046807 -0.10332 0.27101 0.22391 -0.022494 0.096067 0.097036 0.22598 -0.010609 0.1584 0.13322 0.3442 -0.0092169 -0.013087 0.23432 0.33107 -0.056294 -0.067562 0.16612 0.17074 0.020514 -0.085025 0.037669 0.13896 -0.0211 -0.14968 0.06217 0.25171 -0.05824 -0.069771 0.064369 0.11113 -0.0039354 -0.0039324 0.0039487 0.0043006 4.6145e-06 -1.9057e-05 4.6145e-06 1.9057e-05 1.143e-06 -4.7203e-06 1.143e-06 4.7203e-06 -0 0 0 0 -0 0 0 0
68.501 176.23 2.6308 2.5311 -0.00082346 0.016138 0.024984 0.026036 0.040958 -0.043539 0.089735 0.15361 0.026622 -0.10225 0.16117 0.22751 0.044557 -0.10041 0.24303 0.18949 0.045271 0.025216 0.14723 0.22409 -0.030182 0.17068 0.1275 0.32441 -0.0070657 0.17175 0.15651 0.41074 -0.014972 -0.024967 0.17048 0.22886 0.037787 -0.077934 0.047589 0.092635 0.024537 -0.17105 0.07045 0.29287 -0.037623 -0.14504 0.06003 0.25531 -0.031637 -0.03441 0.033059 0.051559 2.426e-07 3.4675e-07 2.426e-07 3.4675e-07 -1.1937e-05 2.9672e-05 3.1966e-05 2.9672e-05 -2.7916e-06 1.9531e-06 2.7916e-06 1.9531e-06 -0 0 0 0
152.2 177.87 2.8244 1.332 0.02705 -0.0012749 0.082533 0.06213 -0.03484 0.040698 0.20383 0.18702 -0.02888 0.025788 0.034759 0.036566 2.7561e-06 1.1321e-05 2.7561e-06 1.1321e-05 0.034854 0.010983 0.11745 0.085317 0.017339 0.037663 0.24495 0.41998 -0.06577 0.1087 0.12344 0.26499 -0.010532 0.018927 0.013747 0.019437 0.031779 0.00148 0.086955 0.10916 0.0070279 -0.041214 0.18086 0.46036 -0.053816 -0.093884 0.18384 0.46287 -0.040347 -0.016551 0.050088 0.069085 0.0091144 -0.016108 0.014186 0.022387 -0.0079296 -0.025845 0.020634 0.048801 -0.0043721 -0.021542 0.0098997 0.031895 -0.00087076 -0.0025424 0.0011273 0.003596
60.247 180.5 2.8112 5.7673 0 0 0 0 0 0 0 0 0 0 0 0 0 0 0 0 0.0018048 0.0033708 0.0018048 0.0033708 0.006431 0.069798 0.011436 0.069798 -0.0005631 0.036788 0.0046933 0.036788 -0.00015052 0.00066091 0.00015052 0.00066091 0.072047 0.059884 0.11703 0.17941 0.072436 0.048993 0.14824 0.53414 -0.018158 0.086323 0.17635 0.54946 -0.08525 0.11752 0.1212 0.17942 -0.055473 0.057771 0.16929 0.21009 -0.035681 -0.018237 0.10383 0.21521 0.035767 -0.098112 0.087678 0.15917 -0.0063181 -0.055521 0.095613 0.122
80.315 187.92 2.8548 5.2257 0 0 0 0 0 0 0 0 0 0 0 0 0 0 0 0 0.051342 0.093508 0.052794 0.0963 0.053972 0.24693 0.10315 0.3248 -0.067723 0.20757 0.098629 0.27747 -0.034094 0.037465 0.060438 0.05934 0.032587 -0.028997 0.21102 0.30056 -0.051714 -0.17802 0.17206 0.39717 -0.058706 -0.13374 0.12383 0.33933 -0.036082 -0.024232 0.061435 0.075587 -0.036888 -0.0059795 0.15155 0.12477 0.018937 0.089267 0.15803 0.20119 -0.044914 0.0093011 0.077179 0.094701 -7.7293e-05 -2.8581e-05 0.00054562 0.00080228
83.532 189.89 3.0337 5.0693 0 0 0 0 0 0 0 0 0 0 0 0 0 0 0 0 0.046411 0.080026 0.052109 0.0828 0.05728 0.24676 0.10588 0.30702 -0.081305 0.12646 0.13553 0.28074 -0.023667 0.0087016 0.039445 0.032897 0.0086357 -0.010385 0.27119 0.31914 -0.081873 -0.21055 0.18203 0.41793 -0.07387 -0.12199 0.10504 0.24253 -0.012515 -0.0096679 0.01937 0.019971 -0.039989 -0.037553 0.1598 0.11364 0.033151 0.10983 0.1938 0.22695 -0.037299 0.031899 0.086151 0.10008 5.8881e-06 -6.9121e-05 4.0805e-05 6.9121e-05
151.89 190.26 2.7553 4.5978 -3.3283e-17 3.829e-18 6.2184e-17 7.1538e-18 2.3785e-05 -2.7363e-06 2.3785e-05 2.7363e-06 -6.9057e-05 7.9445e-06 0.0001569 1.805e-05 0 -0 0 0 0.010691 0.018467 0.010691 0.018467 0.00014285 0.11545 0.043252 0.12331 0.022239 0.072952 0.059635 0.14448 -0.018243 0.033389 0.039873 0.05365 0.05269 -0.0078864 0.053098 0.055978 0.036592 -0.02605 0.18879 0.55148 -0.021834 0.016798 0.24327 0.58343 -0.031018 -0.015738 0.11678 0.13228 0.0015374 -0.0021882 0.0016243 0.0021882 0.081873 -0.040354 0.086187 0.14737 -0.037594 -0.017957 0.21124 0.23381 -0.016184 0.0017303 0.090743 0.047531
87.163 192.17 2.8122 4.9603 0 0 0 0 0 0 0 0 0 0 0 0 0 0 0 0 0.041104 0.068296 0.041104 0.070829 0.051 0.27876 0.101 0.32166 -0.080754 0.10511 0.15793 0.22816 -0.015891 0.0040294 0.027448 0.01451 0.032876 0.031197 0.25706 0.28938 -0.095755 -0.20105 0.20105 0.48191 -0.079096 -0.1157 0.10185 0.20583 -0.0087608 -0.0047394 0.012478 0.011116 -0.049749 -0.055655 0.16399 0.11162 0.025994 0.073632 0.20858 0.18947 -0.052148 0.023609 0.098314 0.083192 1.8159e-05 -7.1754e-05 1.8159e-05 7.1754e-05
76.828 198.69 2.8485 5.1674 0 0 0 0 0 0 0 0 0 0 0 0 0 0 0 0 4.5467e-18 -9.2929e-18 4.5467e-18 9.2929e-18 0.00096076 0.0062489 0.0022574 0.0062489 0.00023403 0.0026714 0.0011187 0.0026714 0 0 0 0 0.095371 0.16042 0.12382 0.1922 0.044814 0.15799 0.19708 0.58299 -0.11401 0.10189 0.18349 0.4789 -0.052825 0.0032736 0.082742 0.084943 -0.026311 -0.080573 0.18273 0.22715 -0.045547 -0.14497 0.11556 0.21821 -0.013554 -0.088135 0.0497 0.12702 -0.010317 -0.012812 0.01719 0.022344
91.925 129.43 3.0287 2.0114 7.6597e-05 0.0048054 7.6597e-05 0.0048054 1.7514e-05 0.0010988 1.7514e-05 0.0010988 -0 0 0 0 -0 0 0 0 0.040316 0.02354 0.18305 0.10257 0.065585 0.21601 0.21069 0.45622 -0.077181 0.18562 0.15427 0.35131 -0.036288 0.044481 0.049086 0.064452 0.043523 -0.0063478 0.094645 0.050529 0.11423 -0.11189 0.28994 0.31557 -0.052109 -0.089451 0.22785 0.29217 -0.074519 -0.01382 0.12607 0.078371 0.023001 -0.0021515 0.039124 0.027918 -0.0010896 -0.027972 0.11738 0.088167 -0.0026649 -0.058467 0.10757 0.082703 -0.019962 -0.013668 0.076705 0.02891
155.83 131.35 3.5607 1.1461 0 0 0 0 0 0 0 0 0 0 0 0 0.015396 0.010118 0.024581 0.030512 0.03969 0.026581 0.041373 0.049741 0.09416 0.1915 0.14261 0.39188 -0.080089 0.10574 0.15377 0.3372 0.011151 -0.0062074 0.034762 0.056592 0.072609 -0.015877 0.10151 0.073856 0.011845 -0.14571 0.24076 0.39223 -0.1108 -0.0361 0.29298 0.37525 -0.016232 0.0043952 0.019285 0.017948 0.0080043 -0.008946 0.026719 0.020524 0.010651 -0.018952 0.088291 0.073143 -9.5835e-07 0.022058 0.1608 0.23691 -0.020895 0.052284 0.061935 0.11244
165.05 140.87 3.9093 4.5758 0.036721 -0.018002 0.05613 0.11672 -0.021974 -0.0069538 0.15772 0.24632 -0.022494 -0.0079347 0.077281 0.058963 -0.0047199 -0.00049103 0.0093332 0.0045851 0.038413 -0.0056716 0.038413 0.049189 -0.0029222 0.024724 0.20945 0.31612 -0.024534 0.066764 0.13119 0.13795 -0.011634 0.0071401 0.02319 0.017412 0.043625 0.0017352 0.071374 0.10916 0.092019 -0.065035 0.26257 0.63731 -0.10771 -0.017475 0.21694 0.33546 -0.030546 -0.005236 0.035491 0.022035 0.00026768 -0.00367 0.0048613 0.0086218 0.013611 -0.047597 0.020399 0.054459 -0.013783 -0.040919 0.026381 0.06105 -0.0020758 -0.0017487 0.0020889 0.0020865
154.94 151.14 3.0912 1.9164 0.031305 -0.010465 0.053445 0.066933 0.071764 -0.053143 0.17139 0.19034 -0.10581 0.072173 0.27363 0.30272 -0.023947 0.025445 0.042804 0.073141 0.011399 -0.0039 0.071304 0.049224 0.070054 -0.0070136 0.17638 0.20859 -0.034973 -0.13812 0.26341 0.45835 -0.023418 -0.027877 0.055599 0.12121 -0.0037029 0.020931 0.10231 0.053739 0.052431 0.067937 0.29622 0.22378 -0.072702 -0.0031822 0.095263 0.12728 -0.0013747 -0.00062192 0.0015296 0.0016219 0.014428 0.013483 0.12144 0.097005 -0.023729 0.035296 0.19408 0.24075 -0.034425 0.013586 0.051539 0.070656 -0 0 0 0
173.37 155.44 3.2419 3.4351 0.0072543 0.021947 0.016089 0.027074 -0.011232 0.011074 0.023561 0.045763 -0.004266 0.0094992 0.029749 0.041284 -0.0026896 0.002858 0.0057188 0.0060417 -0.026037 0.027139 0.10837 0.14504 -0.023167 0.0099298 0.070151 0.14178 0.021314 0.022555 0.10868 0.14171 -0.014039 0.066775 0.11629 0.10374 -0.0091431 0.035877 0.25818 0.23324 -0.029533 0.089528 0.2276 0.29085 0.069108 0.054292 0.23015 0.19748 0.0035722 0.089533 0.26038 0.21416 0.00091634 -0.046257 0.10336 0.083015 -0.00076353 -0.072373 0.15726 0.12851 0.15334 0.0076403 0.39705 0.21893 -0.066345 -0.063637 0.20914 0.18579
164.72 168.06 3.4118 3.4756 0.010378 0.015126 0.015916 0.018429 -0.00066228 0.021857 0.033452 0.054691 -0.014804 0.0064046 0.023385 0.048623 -0.0019342 0.0016564 0.022769 0.028595 0.05226 0.024717 0.12034 0.11064 -0.073973 0.013613 0.21826 0.29906 -0.011831 0.026652 0.07152 0.16822 0.022806 0.024254 0.075361 0.085696 0.021294 0.018911 0.28019 0.17009 -0.011057 -0.0020334 0.38024 0.34393 -0.043577 0.01606 0.30368 0.30462 0.067893 0.056855 0.17595 0.12463 -0.0014648 -0.03339 0.082445 0.057923 0.0081289 -0.04915 0.075146 0.067715 0.0050738 -0.067093 0.13283 0.088704 0.099154 -0.032696 0.25666 0.15882
184.24 172.91 3.3658 3.4738 0 -0 0 0 0 -0 0 0 0 -0 0 0 0 -0 0 0 0.011685 0.026874 0.015583 0.027832 0.010295 0.078325 0.0481 0.10073 -0.027987 0.025064 0.043928 0.08182 0.00027771 0.016841 0.022196 0.051111 0.05632 0.050231 0.1512 0.15478 -0.078939 0.058115 0.24365 0.37712 -0.010131 0.058587 0.096447 0.23524 0.026934 0.031248 0.10103 0.1507 0.028025 0.015199 0.28086 0.1939 -0.049852 0.056346 0.3723 0.39407 -0.028536 0.092483 0.20418 0.30497 0.061159 0.044353 0.12949 0.12613
180.76 196.37 3.5586 3.936 0 -0 0 0 0 -0 0 0 0 -0 0 0 0 -0 0 0 4.5464e-17 -4.4655e-17 4.5464e-17 4.4655e-17 -0.0010404 0.0027988 0.001135 0.0027988 -0.0014908 0.0037021 0.0016346 0.0037021 0 -0 0 0 0.0078501 0.0070304 0.01229 0.014862 0.061315 0.16677 0.18763 0.25371 -0.061518 0.06995 0.13582 0.26166 -0.022443 0.012492 0.034793 0.049043 0.053723 0.0065349 0.12727 0.13205 0.016009 -0.0099484 0.4183 0.57998 -0.078684 0.058 0.24591 0.36511 0.0046919 0.030733 0.080004 0.097362
75.504 200.92 3.4324 5.187 0 0 0 0 0 0 0 0 0 0 0 0 0 0 0 0 0 0 0 0 0.00019256 0.00059947 0.00019256 0.00059947 0.00012183 0.00037928 0.00012183 0.00037928 0 0 0 0 0.074436 0.14651 0.090101 0.15857 0.0402 0.23705 0.15154 0.5212 -0.12715 0.1407 0.17055 0.46694 -0.048616 0.016959 0.060746 0.070234 -0.0065918 -0.048212 0.19106 0.23699 -0.044757 -0.15783 0.12074 0.26413 -0.042833 -0.1233 0.085062 0.24519 -0.018094 -0.015443 0.022424 0.034749
96.154 111.35 4.9013 1.8774 -0 0 0 0 -0 0 0 0 -0 0 0 0 -0 0 0 0 -0.018284 0.017195 0.018284 0.021986 -0 0 0 0 -0 0 0 0 -0 0 0 0 -0.0072003 -0.0046402 0.085802 0.077105 0.14681 0.10463 0.31739 0.60797 -0.17525 0.16158 0.27703 0.41605 -0.028129 0.008092 0.030261 0.018067 0.0069708 -0.0023643 0.012042 0.0056094 0.064866 -0.094956 0.18471 0.18769 -0.069322 -0.094822 0.22006 0.16318 -0.020038 -0.0038604 0.03663 0.011456
76.403 156.92 5.2705 5.2264 0 0 0 0 0.015785 0.024203 0.018089 0.028398 0.0065877 0.048944 0.033348 0.10416 -0.010432 0.008834 0.013588 0.027987 0.0086106 0.0061807 0.0086106 0.0061807 0.039972 0.02388 0.18326 0.16484 -0.019032 -0.0044601 0.10792 0.22794 -0.01305 -0.0084688 0.018965 0.040108 0.058048 0.0079255 0.069986 0.035452 0.082712 0.24583 0.36822 0.32034 -0.1277 0.16812 0.25362 0.28732 -0.017808 -0.001042 0.019795 0.01283 0.025147 -0.0092394 0.025712 0.014184 0.093138 -0.16102 0.16239 0.31574 -0.11754 -0.1196 0.20623 0.32915 -0.0046717 0.015583 0.042891 0.049062
80.001 170.96 5.1591 2.4442 -0.033714 -0.025951 0.091031 0.075741 0.046291 0.029768 0.051329 0.034811 0.16178 0.031958 0.36569 0.43907 -0.10883 0.050554 0.18002 0.18742 0.0061892 0.010192 0.017969 0.02727 0.042856 0.019872 0.10005 0.13459 0.10706 -0.16867 0.26126 0.33986 -0.085238 -0.12326 0.20695 0.19248 0.03025 -0.0072645 0.033187 0.041904 0.022516 -0.029295 0.090845 0.27834 -0.040094 -0.046746 0.11425 0.26718 -0.019415 -0.02259 0.037858 0.041708 0.00024984 -0.0006528 0.00024984 0.0006528 0.0020216 -0.016006 0.0035 0.016006 -0.0027996 -0.012619 0.0036242 0.012619 -0.00026682 -0.00047801 0.00026682 0.00047801
51.286 179.78 4.9796 5.767 0 0 0 0 0 0 0 0 0 0 0 0 6.1526e-19 1.0841e-18 6.1526e-19 1.0841e-18 0 0 0 0 0 0 0 0 -2.425e-05 8.7898e-05 2.425e-05 8.7898e-05 -2.111e-06 7.6517e-06 2.111e-06 7.6517e-06 0.023872 0.046524 0.047418 0.071465 0.087816 0.0526 0.15814 0.3869 -0.011812 0.069571 0.16356 0.49314 -0.045185 0.033979 0.066062 0.084801 0.10059 0.15644 0.28997 0.24755 -0.11349 0.15847 0.30857 0.36897 -0.037917 -0.042495 0.12634 0.20672 -0.016027 -0.016139 0.035415 0.045352
59.653 191.73 5.1239 5.5221 0 0 0 0 0 0 0 0 -1.6914e-18 -1.7757e-18 1.6914e-18 1.7757e-18 -1.5783e-17 -1.657e-17 1.5783e-17 1.657e-17 0 0 0 0 -4.9133e-06 0.00020195 4.9133e-06 0.00020195 -1.9836e-05 0.00081532 1.9836e-05 0.00081532 -5.5123e-07 2.2657e-05 5.5123e-07 2.2657e-05 0.044967 0.02558 0.058666 0.06325 0.057472 0.034294 0.18799 0.52049 -0.073291 0.04379 0.18477 0.47835 -0.033344 0.004212 0.039364 0.048515 0.05584 0.1599 0.23194 0.22117 -0.068263 0.14034 0.24301 0.3813 -0.053027 -0.026972 0.097738 0.17378 -0.0072519 -0.0070282 0.010344 0.013094
86.792 190.18 5.4646 2.3163 -0.015634 -0.062582 0.21246 0.20948 -0.020839 -0.0033621 0.02998 0.024379 0.16265 -0.034026 0.23566 0.22718 0.015675 -0.11275 0.32888 0.3878 0.0012116 -0.012192 0.0012255 0.012621 0.052828 0.049468 0.077602 0.14831 0.034161 0.067423 0.13383 0.39793 -0.03924 -0.078341 0.22151 0.28477 0.0001611 0.00014872 0.0001611 0.00014872 0.056076 -0.043655 0.064292 0.11622 0.0073782 -0.095656 0.081524 0.30764 -0.030827 -0.034024 0.047126 0.087863 -1.1914e-18 -1.0998e-18 1.1914e-18 1.0998e-18 -1.2935e-06 -3.2373e-05 1.2935e-06 3.2373e-05 -1.9174e-06 -4.7987e-05 1.9174e-06 4.7987e-05 -1.154e-19 2.4287e-19 1.2443e-19 2.4287e-19
61.615 109.64 6.5625 0.80654 0 0 0 0 0 0 0 0 0 0 0 0 0 0 0 0 0 0 0 0 0 0 0 0 0 0 0 0 0 0 0 0 0 0 0 0 0.19072 0.18925 0.49101 0.39793 -0.16365 0.13329 0.32423 0.33709 -0.012906 0.014903 0.027323 0.024981 -0.0028807 0.065547 0.051751 0.073447 0.062675 -0.14639 0.25288 0.24819 -0.032343 -0.080285 0.23352 0.171 -0.027766 0.0039559 0.084652 0.02852
186.55 109.48 6.8534 2.1435 -0 0 0 0 -0 0 0 0 -0 0 0 0 -0 0 0 0 -0 0 0 0 -0 0 0 0 -0 0 0 0 -0 0 0 0 0.0025914 0.0016708 0.0025914 0.0016708 0.19261 0.056204 0.23533 0.28645 -0.12373 0.12091 0.43721 0.3862 -0.010998 0.0034487 0.010998 0.0043901 0.014531 0.0029831 0.030587 0.0099683 0.063967 0.045077 0.33242 0.31462 -0.085355 -0.053336 0.28849 0.28628 0.047148 0.067186 0.12933 0.19012
155.04 131.04 5.8606 1.3619 0 0 0 0 0 0 0 0 0 0 0 0 0.0064564 0.012044 0.0064564 0.012044 0.020961 0.010243 0.021073 0.010511 0.045575 0.14611 0.1465 0.38963 -0.061161 0.051049 0.095904 0.18875 0.11499 0.02002 0.17614 0.2469 0.028442 -0.0052837 0.031132 0.018181 0.088849 -0.098839 0.27271 0.43897 -0.10448 -0.0089202 0.24295 0.31852 0.035004 -0.04259 0.048139 0.064592 0.0046452 -0.00022018 0.006165 0.0029867 0.054774 -0.0035741 0.12649 0.13076 -0.046987 -0.0076637 0.15115 0.33864 -0.0096125 0.00069193 0.016585 0.029077
85.117 191.16 6.1855 2.377 0.01082 -0.072456 0.23621 0.20466 -0.053481 -0.034612 0.11757 0.10481 0.22266 -0.015926 0.32279 0.25078 -0.081197 0.030106 0.30742 0.34095 0.0001476 -0.015608 0.012358 0.015608 0.041603 0.014319 0.076118 0.1177 0.061943 0.0079777 0.20937 0.40634 -0.054138 -0.12698 0.20013 0.2337 2.1617e-17 2.2535e-17 2.1617e-17 2.2535e-17 0.03332 -0.031244 0.042118 0.074603 -0.010806 -0.07486 0.074545 0.24301 -0.022899 -0.023133 0.029778 0.049197 1.1616e-18 1.211e-18 7.9462e-18 8.2838e-18 -1.2576e-18 -1.311e-18 2.8221e-17 2.942e-17 -4.3543e-19 -4.5392e-19 3.7736e-18 3.9339e-18 -0 0 0 0
89.822 132.07 8.8109 3.4564 0.026451 0.00101 0.026451 0.017999 0.036018 -0.033323 0.25914 0.18483 -0.030279 -0.038601 0.34183 0.2517 -0.019138 -0.003664 0.020392 0.013108 0.0081825 0.019178 0.092173 0.048084 0.094857 0.14931 0.39998 0.29268 -0.097611 0.044544 0.31871 0.18224 -0.0017164 -0.0017273 0.0017164 0.0017273 0.010479 -0.016783 0.049596 0.040908 0.070169 -0.12726 0.31689 0.27607 -0.091566 -0.070873 0.20646 0.13445 0 -0 0 0 -4.82e-05 -0.00017109 4.82e-05 0.00017109 0.0014622 -0.0065149 0.0016887 0.0065149 0.00041892 -0.0021803 0.00041892 0.0021803 0 -0 0 0
55.424 154.37 9.5737 5.7029 0 0 0 0 0 0 0 0 0 0 0 0 1.6114e-19 2.4579e-19 1.437e-18 2.1918e-18 0 0 0 0 0.018941 0.016102 0.022959 0.021073 -0.0010507 0.043638 0.064986 0.13825 -0.010009 0.0051487 0.013878 0.021404 0 0 0 0 0.15508 0.078464 0.4136 0.40043 -0.142 0.0088414 0.34834 0.41273 -0.015352 0.023149 0.069792 0.066986 0 0 0 0 0.026467 -0.051294 0.079113 0.086951 0.029551 0.016353 0.36016 0.25477 -0.040747 0.020765 0.20869 0.17368
185.66 156 10.159 3.8592 0 -0 0 0 0 -0 0 0 0 -0 0 0 0 -0 0 0 0.024364 0.01583 0.041886 0.032227 -0.036748 0.087222 0.15404 0.14518 -0.011592 0.0148 0.014065 0.016231 0 -0 0 0 0.018062 0.010921 0.079588 0.066539 0.093694 -0.0003919 0.52621 0.50396 -0.11008 0.0036367 0.29433 0.27413 0 -0 0 0 0.063572 0.021905 0.19653 0.16174 -0.080922 0.0053167 0.27643 0.24879 -0.0098619 -0.021855 0.030545 0.036288 0 -0 0 0
160.11 177.5 10.051 2.5133 -0 0 0 0 0.00055868 0.00076894 0.00055868 0.00076894 0.0027709 0.058528 0.048062 0.062472 -0.0038534 0.0067693 0.0054347 0.0084429 -0 0 0 0 0.062634 0.058192 0.16703 0.1368 -0.024519 -0.0085805 0.56841 0.49886 -0.041547 -0.0063751 0.074005 0.063713 -0 0 0 0 0.046194 -0.0376 0.14346 0.094134 0.011916 -0.024979 0.21995 0.18106 -0.00078561 0.0034321 0.31465 0.338 2.2248e-18 3.0621e-18 9.35e-18 1.2869e-17 -3.4408e-17 2.1508e-17 6.4019e-17 6.6833e-17 0.023894 -0.016417 0.037857 0.09216 -0.013323 -0.051797 0.057556 0.084923
161.13 178.15 12.39 3.1912 0 -0 0 0 0 -0 0 0 0 -0 0 0 0 -0 0 0 0 -0 0 0 0.04067 0.046415 0.16884 0.086719 -0.008733 0.10823 0.35452 0.31843 -0.025175 0.01199 0.050404 0.037977 2.2361e-20 -4.4995e-19 1.4981e-18 3.0145e-17 0.036403 -0.020322 0.17547 0.11574 -0.0095364 0.051514 0.53403 0.44357 -0.032705 0.0082408 0.07016 0.047127 8.1055e-20 -1.631e-18 3.6033e-19 7.2508e-18 0.015587 -0.0077922 0.07247 0.073674 -0.0056225 -0.068114 0.31447 0.2437 -0.026701 -0.0089908 0.044406 0.030702
