62 64
120.66 123.73 1.7037 1.8786 -0 0 0 0 -0 0 0 0 -0 0 0 0 -0 0 0 0 0.0077506 0.038042 0.065765 0.18799 0.006048 0.068511 0.13476 0.21188 -0.029946 0.14863 0.085898 0.24205 -0.01997 0.029537 0.021393 0.031381 0.032671 0.0021926 0.10598 0.23792 -0.0079175 0.03369 0.24886 0.51402 0.0091002 -0.081562 0.25532 0.36345 -0.05073 -0.015823 0.099657 0.12424 0.012433 -0.030239 0.065853 0.12678 -0.0073335 -0.055092 0.12391 0.21322 0.04632 0.050259 0.15153 0.19141 -0.034421 0.059277 0.084059 0.097369
160 131.97 1.8198 0.90395 0 0 0 0 0 0 0 0 0.0059924 -0.0013143 0.0066122 0.004274 0.0021109 -0.010133 0.031235 0.037703 0.033195 0.038361 0.035332 0.048269 0.05032 0.20637 0.09882 0.28524 -0.033026 0.21006 0.18715 0.35138 -0.035678 0.064444 0.20909 0.18363 0.079407 0.046859 0.11383 0.08714 0.02569 -0.043421 0.23887 0.243 -0.025513 -0.1435 0.34646 0.39654 -0.065649 -0.080794 0.1705 0.135 0.028332 -0.035226 0.061271 0.0521 -0.047378 -0.05288 0.16901 0.093296 -0.032958 -0.025476 0.089873 0.048136 0.00016083 -0.011418 0.020609 0.023639
84.391 136.78 1.9569 4.552 -0.0029366 0.0066098 0.065743 0.016674 0.0087589 0.01579 0.09557 0.043163 0.042145 0.0090218 0.12538 0.078988 -0.016239 0.07083 0.087877 0.088431 0.022511 0.030007 0.10015 0.064902 -0.017399 0.06673 0.15538 0.14787 0.047568 0.039658 0.25016 0.22136 0.011653 -0.08972 0.16454 0.24055 0.074035 -0.0097551 0.10653 0.12308 0.10042 0.12426 0.21334 0.38469 -0.20732 0.0011038 0.35653 0.37381 -0.014408 -0.027619 0.061583 0.062263 0.022064 -0.030958 0.022838 0.040108 0.028689 -0.14307 0.063072 0.19193 -0.055009 -0.091857 0.070206 0.11194 -0.00085972 -0.0053468 0.0096974 0.011575
69.593 138.05 1.8398 5.7074 0 0 0 0 0.0084683 0.02202 0.016832 0.022367 0.0030373 0.029139 0.033215 0.053958 0.0092735 0.0070122 0.030511 0.067736 0.024954 0.0049605 0.024954 0.0062773 0.038908 0.0732 0.19664 0.13062 -0.048194 0.058049 0.1536 0.17158 -0.016599 0.021095 0.071151 0.12504 0.073092 0.0024688 0.073092 0.015817 0.10888 0.16258 0.32983 0.21268 -0.1005 0.072841 0.28565 0.17533 -0.014076 0.0020048 0.071265 0.10392 0.035263 -0.0094296 0.035263 0.01307 0.19486 -0.088587 0.35698 0.30428 -0.13178 -0.0082831 0.28258 0.31171 0.013216 0.050859 0.13093 0.11864
104.02 138.09 1.8973 1.3546 0.016305 0.04772 0.059717 0.14363 -0.046501 0.04257 0.078576 0.1312 0.035358 0.012872 0.064857 0.042668 0.069808 0.041759 0.14628 0.18627 0.0019424 -0.031595 0.12031 0.26284 0.00096722 0.088827 0.16205 0.2783 0.064105 0.14381 0.19934 0.23633 0.0039056 -0.064083 0.16455 0.17926 -0.028949 -0.023828 0.1085 0.18 0.10401 -0.042964 0.19866 0.30527 -0.069071 -0.063038 0.31251 0.36972 -0.038081 -0.015789 0.13029 0.10127 0.0066873 -0.011208 0.030497 0.038507 0.0018563 -0.031852 0.074027 0.083432 0.013076 -0.056065 0.065313 0.068302 0.00089943 -0.012001 0.050677 0.044021
145.36 138.89 2.1525 1.16 0 0 0 0 0.021778 -0.0009705 0.02337 0.028845 -0.0026964 -0.014219 0.081619 0.10033 0.027021 0.046291 0.12858 0.19 -0.049519 0.14985 0.10717 0.24019 0.0022633 0.18052 0.17045 0.25597 -0.051301 0.045646 0.16163 0.21892 0.00026349 -0.017175 0.10792 0.14637 0.0051321 -0.097562 0.24757 0.26871 -0.046535 -0.10222 0.41386 0.38564 -0.075707 -0.055209 0.20554 0.19104 -0.0010667 -0.011475 0.072249 0.087371 -0.0077624 -0.018941 0.057948 0.039003 6.7943e-05 -0.04109 0.060809 0.068143 -0.0085473 -0.0056178 0.018621 0.017987 -0.00036754 -0.0046389 0.0024763 0.0049877
181.99 141.99 2.1454 3.874 -0.024789 -0.005977 0.029977 0.044603 0.0090367 0.0084765 0.0204 0.026099 -0.0095737 0.021425 0.03135 0.033116 -0.0006539 0.00042221 0.0006539 0.00042221 -0.0038499 0.020526 0.092019 0.090522 -0.0043869 0.096388 0.1426 0.14587 -0.045079 0.069431 0.20478 0.11895 -0.012348 0.006776 0.013794 0.0072866 0.083182 0.006947 0.14618 0.056033 0.064701 0.15896 0.46333 0.26871 -0.12064 0.16237 0.2884 0.21835 -0.049505 0.011346 0.052066 0.015837 0.079779 0.11775 0.20548 0.13759 0.054474 0.15555 0.28518 0.23593 -0.12496 -0.030576 0.21048 0.16893 -0.021762 -0.0065488 0.022535 0.01014
106.25 145.15 1.8557 3.8751 -0.0070445 0.0047808 0.018881 0.015573 0.015623 0.016796 0.020914 0.016937 -0.01996 0.034563 0.10049 0.067674 0.02306 0.029594 0.10866 0.088559 0.0066139 0.036945 0.038112 0.059511 0.030925 0.11619 0.11334 0.14848 -0.068954 0.093235 0.20942 0.24431 0.028621 -0.0080617 0.2557 0.21714 0.026185 -0.0034029 0.093251 0.096333 0.083889 -0.020359 0.27285 0.42874 -0.16643 -0.050196 0.24742 0.38824 0.037111 0.022138 0.16251 0.14985 -0.0015668 0.005107 0.052361 0.057434 -0.008765 0.013305 0.19866 0.16439 -0.054345 -0.01806 0.089288 0.065918 0.015398 -0.034127 0.058245 0.064074
168.62 146.13 1.9848 5.3326 -0.027309 0.07008 0.050913 0.083121 -0.010353 -0.0030465 0.035092 0.032981 0.050209 0.0077778 0.06879 0.027079 0.024095 -0.075161 0.13015 0.08629 -0.090775 0.021895 0.28857 0.29899 -0.068754 0.058582 0.092132 0.17167 0.0092831 0.037648 0.092921 0.1245 -0.0078105 -0.022232 0.062429 0.045683 0.07837 -0.00044073 0.36281 0.22494 -0.10992 0.15592 0.16828 0.44229 -0.091397 0.039782 0.15727 0.25881 -0.017245 0.015503 0.047209 0.038775 0.051717 -0.074053 0.12136 0.094993 -0.0072057 -0.073498 0.12041 0.19106 -0.076384 -0.033963 0.10454 0.13574 -0.017672 -0.0085246 0.039298 0.052908
81.199 147.61 1.7975 5.7761 0.00065996 0.029445 0.046455 0.056794 -0.0055087 0.024454 0.060398 0.10386 -0.0036035 -0.028307 0.051146 0.15716 0.0055753 -0.015451 0.02626 0.097574 -0.014882 0.095549 0.13771 0.13784 -0.048124 0.079633 0.17765 0.20746 -0.017115 0.059902 0.073972 0.21091 -0.012276 0.0066834 0.038967 0.096546 -0.10063 0.11537 0.31443 0.20931 -0.10311 0.019404 0.22782 0.18408 0.0044706 -0.0031897 0.13266 0.22878 -0.032414 0.00099625 0.088678 0.074272 -0.0051541 -0.13431 0.19625 0.23266 -0.012437 -0.03103 0.23054 0.23753 -0.017514 0.07421 0.29609 0.26572 -0.055442 -0.0041339 0.070135 0.06191
75.56 151.37 2.1155 5.7989 0.0052666 0.021165 0.020801 0.026112 0.0070398 0.021184 0.041304 0.066925 0.023046 0.0003928 0.037946 0.1204 0.0067924 0.0055914 0.025174 0.096592 -0.0086511 0.055905 0.13103 0.12822 -0.044594 0.020386 0.15086 0.23931 -0.030176 -0.044127 0.095391 0.2927 0.0094205 -0.024058 0.043557 0.17172 -0.069604 0.11178 0.23529 0.1726 -0.061906 0.062007 0.23654 0.24678 -0.021029 0.045928 0.094727 0.23685 -0.035992 0.016889 0.069243 0.089714 -0.056662 -0.03987 0.30606 0.28207 -0.10555 0.050757 0.25004 0.21208 0.00012006 0.11878 0.18783 0.22196 -0.037796 0.0088338 0.070112 0.053805
65.573 154.34 1.9236 5.8602 0 0 0 0 0.0042886 0.0045088 0.0042886 0.0072152 0.020252 0.051697 0.020252 0.061487 -0.0030882 0.047691 0.010712 0.058714 0.019055 0.053259 0.042586 0.061097 0.0042213 0.065675 0.087029 0.14306 0.056026 0.066075 0.090383 0.25707 0.015457 0.004738 0.05737 0.20646 -0.019345 0.075907 0.21592 0.18826 -0.075515 0.057158 0.20775 0.35824 -0.029241 0.0070425 0.12611 0.40774 0.0095284 -0.021705 0.06617 0.24339 -0.041694 0.12485 0.23987 0.17761 -0.076198 0.02797 0.22525 0.22346 -0.030093 0.024492 0.098655 0.24463 -0.033245 0.02059 0.059823 0.10935
170.13 154.98 1.6623 3.3287 -0.029211 0.072153 0.055672 0.10328 -0.033048 0.022161 0.034205 0.076117 0.011882 0.012936 0.017425 0.047234 0.015967 0.021958 0.058307 0.078629 -0.18523 -0.01767 0.27923 0.30841 -0.081962 -0.00057247 0.10429 0.23039 0.082211 0.0072925 0.15923 0.20184 0.074825 0.059912 0.21697 0.14684 -0.11296 -0.1282 0.13572 0.15519 -0.0044433 -0.033507 0.030345 0.075141 0.056996 -0.024824 0.14528 0.10313 0.13552 0.034682 0.32103 0.15585 0.0044388 -0.0056872 0.015927 0.017588 0.003232 0.0010833 0.049678 0.04117 0.10586 0.092188 0.19814 0.1964 0.023854 -0.035093 0.27422 0.29681
176.08 154.55 1.8495 3.4676 -0.016532 0.038716 0.03741 0.066488 -0.019021 0.0097707 0.019477 0.0429 0.014159 0.0042352 0.017373 0.029162 -0.010641 0.027605 0.037381 0.047684 -0.20543 0.10865 0.27462 0.33243 -0.086583 0.043057 0.10276 0.1823 0.02876 0.089287 0.075281 0.14219 0.036307 0.072151 0.13292 0.15417 -0.13678 -0.14562 0.14961 0.22456 -0.01045 -0.040216 0.084932 0.1645 0.09883 0.003995 0.30041 0.20091 0.087306 0.077691 0.30733 0.16098 0.0043955 0.0035389 0.035079 0.035878 0.0088774 0.00031707 0.038279 0.04325 0.14042 0.047229 0.25053 0.10382 0.067048 0.073756 0.2315 0.1413
79.864 163.07 2.1548 5.6183 0.02095 -0.00067352 0.02998 0.039268 0.024064 0.0040674 0.059248 0.1591 0.012933 -0.0082016 0.058505 0.20213 0.011378 -0.013566 0.044237 0.10828 0.0060383 0.034036 0.12542 0.1914 -0.02858 -0.079992 0.15546 0.37282 0.012683 -0.073475 0.092863 0.37812 -0.0071394 -0.035687 0.086629 0.22857 -0.035924 0.070368 0.17922 0.19132 -0.029886 0.080069 0.13007 0.31694 -0.069705 0.038205 0.12607 0.20529 -0.0038053 0.0066672 0.054174 0.098648 -0.067274 0.020137 0.17245 0.11176 0.0080334 0.041351 0.19677 0.20908 -0.06779 0.033131 0.17086 0.12664 -0.0037554 0.0070141 0.057583 0.068019
63.47 167.85 2.0795 5.8744 0 0 0 0 0 0 0 0 0 0 0 0 0 0 0 0 0.015807 0.012483 0.015807 0.013878 0.040361 0.1064 0.048773 0.14376 -0.014037 0.14956 0.0533 0.20343 -0.023127 0.12584 0.033018 0.12789 0.0076191 0.074687 0.077434 0.15375 0.039545 0.020975 0.11634 0.40662 0.028464 -0.0091612 0.13051 0.46233 0.01939 -0.0039378 0.10796 0.24557 -0.025767 0.053885 0.11213 0.20016 -0.029241 0.0087708 0.087855 0.33928 0.022377 -0.027287 0.097256 0.28911 0.0092076 -0.055651 0.13872 0.21376
84.374 168.03 1.9876 2.4092 0.00603 0.001982 0.041801 0.065203 0.055943 -0.013557 0.13159 0.089214 -0.0039634 -0.015623 0.18635 0.20232 0.014205 -0.0018551 0.11787 0.13481 -0.001754 0.0043238 0.042944 0.066237 0.044861 -0.013632 0.11207 0.14521 0.016714 -0.10809 0.12329 0.26294 0.025831 -0.034489 0.15183 0.22505 0.020891 0.054207 0.077561 0.16843 -0.0018263 0.084482 0.11601 0.44401 -0.0084404 0.053317 0.095107 0.41647 -7.6235e-06 0.0065487 0.15305 0.26093 0.014754 -0.024231 0.05858 0.10516 -0.0090676 -0.010913 0.074523 0.20775 -0.025132 -0.031231 0.064531 0.18031 -0.022219 -0.024525 0.034905 0.077224
100.52 167.58 1.8922 5.4638 0.005268 -0.030296 0.051413 0.20813 -0.017575 -0.033115 0.076888 0.25537 -0.031054 -0.010892 0.067951 0.099512 -0.0093143 -0.0076787 0.017882 0.019095 -0.0558 0.054956 0.14692 0.20771 -0.035604 0.060117 0.18859 0.16244 -0.045746 0.075415 0.094576 0.13156 -0.011488 0.014698 0.015049 0.019188 -0.033218 0.094579 0.28551 0.24945 -0.10168 0.036032 0.26278 0.19882 -0.040927 -0.058656 0.097706 0.15813 -0.011505 -0.0022034 0.015384 0.025152 -0.15623 0.10002 0.41875 0.28877 -0.12739 0.042744 0.18615 0.17317 -0.017298 0.0067178 0.017886 0.016309 0 0 0 0
188.19 171.03 1.9825 3.0693 -0 0 0 0 -0 0 0 0 -0 0 0 0 -0 0 0 0 0.0014146 0.0010266 0.0014146 0.0010266 0.01782 0.04421 0.036314 0.053183 -0.018106 0.016554 0.027379 0.044095 0.0055914 0.00051213 0.0074302 0.018966 0.036516 0.027691 0.048667 0.043781 0.028429 0.16954 0.14226 0.20654 -0.075178 0.099934 0.09677 0.20391 0.014553 0.014044 0.034249 0.061929 0.096607 0.069303 0.20766 0.11997 0.038124 0.18858 0.60625 0.40636 -0.20254 0.028777 0.23797 0.26514 -0.0058247 -0.0066423 0.035456 0.086886
75.604 176.19 1.8867 2.2979 0.003848 0.0040039 0.029666 0.050828 0.019329 -0.0027197 0.06515 0.13144 0.0040043 -0.032247 0.0877 0.19497 0.026694 -0.0076345 0.13596 0.14287 0.032535 0.064083 0.067951 0.17778 0.011027 0.090334 0.099 0.48762 -0.0061565 0.099462 0.14158 0.44337 -0.02066 0.01402 0.1239 0.19646 0.031869 -0.047007 0.077735 0.16928 -0.020709 -0.02982 0.10842 0.34 -0.040108 -0.054393 0.12881 0.30192 -0.034566 -0.051146 0.053782 0.10883 0.0067664 -0.032604 0.011667 0.033251 -0.0036023 -0.055244 0.013768 0.058273 -0.0096665 -0.038031 0.012207 0.039342 -0.0023413 -0.006918 0.0026209 0.0070742
70.071 177.33 2.0385 5.7443 0 0 0 0 0 0 0 0 0 0 0 0 0 0 0 0 0.036287 0.079522 0.040417 0.11273 0.025211 0.16137 0.055512 0.22254 -0.028118 0.21491 0.073314 0.27546 -0.044326 0.10916 0.054658 0.11572 0.029493 0.01776 0.090564 0.2467 0.026542 -0.058506 0.11991 0.43856 0.016207 -0.025493 0.17352 0.42172 -0.021977 -0.0076878 0.10637 0.19329 -0.015686 0.027016 0.066393 0.1808 -0.0009825 -0.0056862 0.069199 0.25118 -0.0062255 -0.038015 0.11855 0.25632 0.003144 -0.042221 0.059286 0.092412
66.027 181.45 2.1268 5.7279 0 0 0 0 0 0 0 0 0 0 0 0 0 0 0 0 0.015927 0.075505 0.016442 0.075505 0.0012971 0.10301 0.0096718 0.10301 -0.0086401 0.09741 0.019739 0.09741 -0.002554 0.010453 0.0031694 0.010453 0.048196 0.0034122 0.062521 0.20738 0.052045 -0.049019 0.11492 0.40983 0.0085386 0.069996 0.14664 0.38428 -0.081163 0.14016 0.12554 0.1973 -0.0049435 -0.034873 0.086547 0.22158 0.01949 -0.071529 0.094726 0.39778 0.0069407 -0.060097 0.1835 0.39562 -0.0064913 -0.063472 0.084068 0.14482
161.65 182.29 1.6693 4.656 -0.0011816 0.053391 0.01501 0.068732 -0.017647 0.070411 0.019575 0.074629 -0.0027077 0.011811 0.0061088 0.020109 -0.00027092 0.001291 0.00091666 0.0024107 0.05301 0.034067 0.10239 0.43439 -0.065812 0.070461 0.12268 0.48054 -0.054919 0.11299 0.12043 0.30697 -0.031332 0.038439 0.055516 0.072443 0.027363 -0.091104 0.042768 0.1719 0.053989 -0.13123 0.10919 0.22723 0.022139 -0.029058 0.22929 0.39239 -0.082311 0.011532 0.11206 0.1067 0.001594 -7.0592e-05 0.0015987 0.0021068 0.0068852 -0.0071982 0.015254 0.020761 0.033266 -0.071378 0.076515 0.074194 -0.020446 -0.029657 0.054159 0.035281
86.942 183.78 2.1974 2.2534 0.0059698 -0.0071922 0.0084973 0.01272 0.00074816 -0.0087204 0.045091 0.07325 0.020931 -0.011892 0.096789 0.11068 0.0092686 -0.0363 0.067485 0.12749 0.011241 0.032499 0.031802 0.040293 0.025009 0.077028 0.10692 0.2647 0.03489 0.062423 0.11502 0.54539 -0.0065822 0.043978 0.086443 0.34034 0.057984 -0.00020422 0.08025 0.075104 0.08919 0.0025523 0.15219 0.29792 0.0091322 -0.016596 0.16773 0.38236 -0.031761 -0.061343 0.099386 0.24956 0.0039573 -0.0053975 0.0045117 0.0070339 0.018631 -0.053279 0.023308 0.056714 0.00015532 -0.08323 0.025507 0.089879 -0.012836 -0.047728 0.015281 0.050015
135.37 187.06 1.7763 0.75919 9.7525e-05 -0.00010993 0.00012171 0.00012788 -0.0022252 0.0029675 0.0071968 0.0091924 -0.0017045 -0.00084906 0.0022427 0.0021772 -3.9019e-05 -0.00028767 0.00114 0.00085209 0.015702 0.02683 0.015724 0.030054 -0.0059107 0.10557 0.089433 0.15197 -0.022776 0.03723 0.027823 0.04314 -0.00026631 -4.5347e-05 0.00030863 0.00013206 0.069181 0.16809 0.25391 0.32709 -0.069926 0.15914 0.33959 0.54038 -0.083004 0.015868 0.11287 0.12942 -0.0009991 -0.000214 0.0010095 0.00024936 -0.012706 -0.062022 0.20588 0.29834 -0.088413 -0.068774 0.20401 0.28187 -0.027327 -0.015743 0.031839 0.034681 -2.3406e-05 -9.0645e-06 2.3406e-05 9.0645e-06
142.33 188.18 1.9017 4.9116 -1.8344e-05 9.0882e-05 1.8344e-05 9.0882e-05 0.00097085 0.01387 0.0044784 0.01387 -0.0013758 0.0082579 0.0023352 0.0082579 -4.9992e-05 0.00024768 4.9992e-05 0.00024768 0.011543 0.0011721 0.011873 0.0049831 0.05167 0.041971 0.14268 0.15565 0.016368 0.10782 0.17575 0.39726 -0.04431 0.076958 0.067631 0.12912 0.01001 -0.00051379 0.012269 0.018294 0.09781 -0.071207 0.16253 0.18021 0.1111 -0.12077 0.24101 0.64699 -0.049014 0.012031 0.14517 0.28609 0.00094886 -0.0013851 0.0016396 0.0032203 0.0066223 -0.014152 0.010633 0.015981 0.037808 -0.08272 0.040957 0.083253 0.056793 -0.047376 0.078082 0.090215
92.752 198.15 1.8891 4.6321 0 -0 0 0 0 -0 0 0 0 -0 0 0 0 -0 0 0 0.00016878 -1.3576e-05 0.00016878 1.3576e-05 0.014663 0.085602 0.03281 0.085726 -0.0095113 0.059333 0.039933 0.059395 -0.002018 0.0017049 0.0024816 0.001737 0.14517 0.21514 0.18121 0.23768 -0.12452 0.15619 0.33809 0.41148 -0.15727 -0.018769 0.22541 0.20339 -0.0076677 0.001145 0.013803 0.02215 -0.0072107 -0.022545 0.2223 0.20375 -0.14372 -0.070448 0.2849 0.38837 -0.041969 -0.01087 0.057529 0.14699 0.0026846 0.016939 0.008887 0.028012
126.02 118.04 2.8764 1.9692 -0 0 0 0 -0 0 0 0 -0 0 0 0 -0 0 0 0 -0.02206 0.022766 0.042792 0.029892 -0.0065672 0.05078 0.02989 0.05309 -0.0017475 0.001455 0.0022997 0.001455 -0 0 0 0 -0.087051 0.020855 0.19235 0.24763 0.020689 0.056715 0.2503 0.51611 -0.026857 0.035045 0.29418 0.4072 -0.030856 0.0076914 0.042703 0.051591 -0.0095504 -0.022893 0.072081 0.12377 0.0033523 -0.019604 0.13089 0.26176 0.0023061 0.059569 0.25635 0.26547 0.029625 0.062652 0.12674 0.15277
112.49 124.16 2.6984 1.3904 0 0 0 0 0 0 0 0 0 0 0 0 0 0 0 0 0.00843 0.02485 0.020563 0.027038 0.027996 0.10022 0.10499 0.22819 -0.044622 0.045261 0.070034 0.13559 0.077748 0.091684 0.11903 0.16569 0.025025 0.02401 0.1072 0.18865 0.0062728 -0.034257 0.26165 0.53469 0.0098719 0.078907 0.22037 0.38799 0.034307 -0.020759 0.208 0.2213 -0.025332 -0.0066426 0.095391 0.14557 -0.0026759 -0.028407 0.097577 0.14982 0.0536 -0.061051 0.13941 0.18109 -0.015531 -0.02957 0.08967 0.077351
81.884 128.08 2.8485 1.1796 0 0 0 0 0 0 0 0 0 0 0 0 0 0 0 0 -0.0010558 0.016294 0.0038107 0.016298 0.13496 0.15068 0.18379 0.23028 -0.078158 0.18248 0.17318 0.31646 -0.032735 0.027285 0.038484 0.049983 -0.037836 0.068696 0.10983 0.17703 0.14027 -0.01442 0.34839 0.37632 -0.096174 -0.12328 0.2603 0.29732 -0.053526 -0.010214 0.087588 0.071439 0.038455 -0.031448 0.10848 0.18027 -0.042202 -0.051308 0.18142 0.23052 -0.030115 -0.022199 0.12854 0.067378 -0.0023889 2.7743e-05 0.083995 0.029895
115.41 132.44 3.0163 1.5263 0 0 0 0 0.0038774 0.017981 0.0069668 0.018059 -0.0020354 0.014222 0.0061891 0.014222 -8.198e-06 0.0010141 9.8236e-05 0.0010141 0.0097562 0.018622 0.066728 0.11456 0.056049 0.067963 0.14655 0.41134 -0.067645 0.04275 0.1371 0.26927 0.10816 0.05673 0.14743 0.19413 -0.026273 -0.0006567 0.13547 0.20944 0.0075032 -0.052549 0.17442 0.37006 0.077527 0.012403 0.28409 0.42413 -0.0070985 -0.027486 0.19817 0.19407 -0.0070653 -0.020156 0.027514 0.041509 0.0030725 -0.011715 0.029657 0.045866 0.035347 -0.050981 0.074832 0.094982 -0.0030036 -0.027634 0.067511 0.053686
149.7 132.29 2.958 1.0378 0 0 0 0 0 0 0 0 0.015798 0.019151 0.039605 0.047115 0.0057783 -0.0040278 0.086639 0.13797 0.012954 0.051437 0.014944 0.051437 -0.0071343 0.13484 0.041027 0.13484 0.019284 0.083259 0.12909 0.21762 -0.016457 -0.018621 0.13357 0.19183 0.093421 0.057249 0.14528 0.17454 -0.040565 -0.027978 0.35113 0.51994 -0.13068 -0.019124 0.31528 0.39423 -0.035607 -0.019199 0.066562 0.078635 0.013645 -0.052137 0.096399 0.075804 -0.042332 -0.056009 0.12449 0.096032 -0.021527 -0.027885 0.05092 0.054768 -0.0028162 -0.0015327 0.0054599 0.0056116
177.36 132.2 2.9873 2.201 -0 0 0 0 -0 0 0 0 -0 0 0 0 -0 0 0 0 0.011404 0.0083303 0.015283 0.020052 0.077655 0.13104 0.099235 0.18844 -0.076047 0.18515 0.15871 0.21087 -0.017253 0.016301 0.019929 0.017194 0.020178 -0.0058108 0.034205 0.034111 0.14552 -0.06695 0.20684 0.29336 -0.058727 0.023531 0.51516 0.42717 -0.09385 0.033618 0.14841 0.066973 0.012712 0.057535 0.069274 0.063946 -0.011753 -0.01512 0.084866 0.097693 0.077242 -0.10217 0.2159 0.20802 -0.046036 -0.02304 0.12475 0.14163
89.736 147.99 2.5437 5.7384 0.010614 0.031782 0.046958 0.041834 -0.0030272 0.026654 0.06719 0.11413 0.0068228 -0.0065643 0.04127 0.13428 0.0019806 -0.014968 0.037008 0.07568 0.025314 0.098403 0.25292 0.14879 -0.083402 0.064527 0.17733 0.217 -0.034935 0.032701 0.11473 0.14962 -0.016236 0.004349 0.045019 0.049562 0.059927 -0.14409 0.22661 0.24969 0.036925 -0.033214 0.38015 0.36037 -0.12319 0.040607 0.30778 0.19497 -0.016749 -0.0056745 0.032871 0.032664 0.0205 -0.0073951 0.028633 0.02179 0.027515 -0.0025298 0.22893 0.15008 -0.042776 -0.045198 0.22147 0.1498 -0.0077395 -0.0010404 0.022836 0.022333
87.627 158.53 2.8997 5.7055 0.0087575 0.020331 0.024143 0.035062 0.017706 0.0049594 0.046716 0.12617 0.0079684 0.002835 0.051031 0.16178 -0.018408 0.0061515 0.040543 0.069109 -0.029739 0.072256 0.12217 0.15069 -0.035316 0.052653 0.096091 0.22561 -0.027791 0.0016718 0.089222 0.16981 -0.0068616 -0.022541 0.035708 0.059451 -0.11717 0.012146 0.3297 0.34214 -0.046126 0.12308 0.29606 0.32688 -0.068731 0.023868 0.15004 0.12189 -0.008154 -0.0021033 0.022285 0.034072 0.0035759 -0.062122 0.095265 0.12231 -0.01633 -0.077988 0.41664 0.21964 -0.087545 -0.021335 0.14214 0.11192 -0.0024137 -0.0026695 0.0039106 0.0039663
93.869 164.12 2.7205 4.2942 0.010318 0.029871 0.067131 0.052834 -0.032955 0.00137 0.055531 0.047878 0.0018772 0.0086164 0.014796 0.01687 0.0013203 -0.0058565 0.0072012 0.011657 -0.019666 -0.013802 0.19788 0.091922 -0.028527 0.011852 0.1658 0.12933 -0.003972 0.033397 0.097876 0.096599 -0.0086973 0.023776 0.011761 0.027461 -0.01586 -0.018477 0.19684 0.058364 0.037044 0.050169 0.26033 0.12499 0.063351 0.18056 0.28875 0.3473 -0.064845 0.12912 0.2205 0.28128 0.024194 0.007339 0.09244 0.047526 0.04656 0.073188 0.20119 0.14122 -0.005267 0.043802 0.30775 0.30967 -0.013611 -0.052911 0.14605 0.23238
87.69 173.95 2.9227 2.3254 0.0020038 0.0038951 0.0061232 0.012157 0.037947 0.0018534 0.075055 0.084426 0.097679 -0.11387 0.35184 0.25732 0.081723 -0.059739 0.22232 0.22783 0.0054622 -0.0029372 0.0063202 0.011029 0.025875 0.016889 0.092071 0.12805 0.0468 -0.024381 0.19949 0.24152 0.021329 -0.066547 0.18746 0.22842 0.036327 0.0047864 0.048688 0.059636 0.055695 0.090375 0.13438 0.34416 -0.012713 0.036038 0.13385 0.42899 -0.039433 -0.0066262 0.10857 0.18056 0.0097737 -0.0095068 0.010741 0.012664 0.021971 -0.065668 0.035679 0.10419 -0.017538 -0.071202 0.03134 0.11238 -0.011394 -0.020159 0.013367 0.028745
167.8 174.27 2.783 1.0169 -0.014288 -0.045373 0.086049 0.064816 -0.020498 -0.040922 0.070126 0.064999 -0.0097873 -0.0087525 0.023279 0.024924 -0.00046524 -0.00028699 0.0037717 0.003237 0.017467 -0.0096316 0.043246 0.03277 0.066467 0.14297 0.16279 0.22861 0.0060481 0.20134 0.11942 0.32987 -0.015864 0.13612 0.14803 0.33046 0.020287 -0.0041877 0.023693 0.02839 0.1252 -0.10695 0.1656 0.26336 0.0023657 -0.15044 0.18518 0.46554 -0.054902 -0.10006 0.15081 0.33888 0.0014815 -0.0023249 0.0017225 0.0027323 0.0043502 -0.016825 0.0093565 0.019579 -0.0018177 -0.03021 0.010275 0.032717 -0.0021806 -0.0091474 0.0023465 0.0092069
88.301 180.25 2.9062 2.28 0.0028246 -0.00063679 0.0077072 0.013579 0.025033 0.0078517 0.069421 0.099964 0.085318 -0.10403 0.2753 0.21786 0.032406 -0.079123 0.19413 0.19887 0.0025721 0.0063577 0.0040016 0.011489 0.022282 0.0018069 0.07699 0.16906 0.045439 -0.020361 0.17006 0.35503 0.005769 -0.028697 0.20233 0.29383 0.02401 -0.00021045 0.029125 0.028319 0.099218 -0.02111 0.16572 0.31256 0.0025878 -0.0027234 0.13765 0.45277 -0.048788 -0.029154 0.10363 0.22044 0.0017628 -0.0015322 0.0018276 0.0016166 0.017237 -0.042079 0.022051 0.044703 -0.0051567 -0.059755 0.018357 0.065898 -0.0057226 -0.014514 0.0063993 0.015541
81.941 188.2 2.5195 2.265 0.0037493 -0.0036987 0.0040054 0.0052596 0.011693 -0.017632 0.052895 0.10029 0.031762 -0.0087659 0.15725 0.19458 0.01119 -0.045442 0.15981 0.21084 0.023879 0.0017087 0.030331 0.023927 0.093419 0.08214 0.15065 0.30844 0.0035347 0.11727 0.17385 0.61519 -0.032514 0.021865 0.1619 0.31929 0.011091 -0.0055158 0.012354 0.0091422 0.058199 -0.10275 0.07872 0.16816 -0.028773 -0.15435 0.072744 0.26322 -0.030076 -0.063485 0.038902 0.093623 -0 0 0 0 -0 0 0 0 -2.85e-05 -0.00011314 2.85e-05 0.00011314 -0 0 0 0
175.19 188.05 2.735 4.1189 0 -0 0 0 -2.373e-17 1.2215e-16 2.373e-17 1.2215e-16 -1.1543e-16 3.9854e-16 2.1832e-16 6.3853e-16 -1.5467e-18 2.6258e-17 2.0386e-17 4.6001e-17 0.00052094 0.0008681 0.00052347 0.00087185 0.0045821 0.045491 0.0092526 0.046842 -0.0032973 0.037293 0.012588 0.039066 -0.002287 0.0049337 0.0026741 0.0049337 0.081085 0.15573 0.18789 0.38357 0.054864 0.18259 0.24869 0.54517 -0.14019 0.10995 0.21933 0.33268 -0.031344 0.0020672 0.035399 0.032267 0.011323 -0.082114 0.12028 0.2266 -0.0067484 -0.1319 0.078766 0.21844 -0.03792 -0.087328 0.10824 0.14967 -0.012884 0.0085645 0.039615 0.031236
136.72 191.27 2.841 5.3039 -0.0011059 -9.8561e-05 0.0017619 0.0022291 0 0 0 0 0 0 0 0 0 0 0 0 -0.0010945 0.00045033 0.0012464 0.0024954 0.024903 0.033708 0.046063 0.048907 -0.025297 0.076477 0.067242 0.09492 -0.0038377 0.0044681 0.0038377 0.0044681 0.0011916 -0.00061724 0.0028803 0.0029729 0.12403 -0.014476 0.19393 0.15276 0.009866 0.10642 0.55383 0.6013 -0.070583 0.050014 0.10948 0.10394 -0.0045854 0.0095595 0.0076761 0.01046 0.023964 -0.011192 0.027739 0.025869 0.12015 -0.05973 0.25195 0.21462 -0.074653 0.037066 0.17791 0.13612
71.589 194.25 2.9322 5.3644 0 0 0 0 0 0 0 0 0 0 0 0 0 0 0 0 0 0 0 0 0.0014651 0.0063635 0.0014651 0.0063635 0.0018591 0.0093723 0.0018591 0.0093723 0 0 0 0 0.066323 0.084942 0.098587 0.17525 0.048189 0.071425 0.17025 0.50821 -0.10286 0.039061 0.18184 0.45229 -0.043316 0.016063 0.053275 0.072873 0.017304 -0.022369 0.17986 0.23835 -0.019552 -0.07699 0.16362 0.43894 -0.043599 -0.089833 0.090366 0.24133 -0.0080887 -0.0098986 0.014594 0.022999
79.636 198.58 2.7102 5.0664 0 0 0 0 0 0 0 0 0 0 0 0 0 0 0 0 0 0 0 0 0.0016122 0.0016038 0.0016122 0.0016038 0.0048219 0.0055335 0.0048219 0.0057969 0.00011688 6.3698e-05 0.00011688 8.6149e-05 0.085143 0.10318 0.096832 0.12267 0.050736 0.18151 0.24814 0.52182 -0.14951 0.043662 0.19961 0.32149 -0.019167 0.0029744 0.021161 0.021408 0.028477 -0.021107 0.18273 0.20126 -0.05248 -0.12024 0.20994 0.48296 -0.039282 -0.03241 0.080861 0.20071 -0.0036844 0.0085097 0.0061125 0.01414
97.891 130.93 3.6337 2.131 -0.0052785 0.0067344 0.048614 0.063162 -0.010915 0.031344 0.039939 0.066515 -0.0027675 0.0030369 0.0031932 0.0030877 -0 0 0 0 0.015838 -0.034238 0.14647 0.23412 -0.034854 0.014194 0.30027 0.35568 -0.021091 0.15208 0.11484 0.17893 -0.011796 0.019695 0.013442 0.019695 0.025766 -0.016156 0.053341 0.061752 0.018996 -0.036635 0.37024 0.27255 0.0054929 -0.0098088 0.3685 0.43773 -0.0911 0.01488 0.1219 0.086885 0.0024884 -0.0034936 0.011127 0.020352 0.010194 -0.035495 0.079221 0.081473 0.0065407 -0.048557 0.1101 0.10145 -0.016451 -0.015054 0.033489 0.019735
148.79 140.35 3.5518 0.89632 0 0 0 0 0.0068658 0.0035996 0.019331 0.022922 0.0095233 0.0013268 0.16095 0.18639 0.021849 -0.0090049 0.11576 0.14318 0.04255 0.052636 0.045543 0.070863 0.015975 0.15956 0.14972 0.34123 -0.038039 0.029957 0.23993 0.27614 0.0056765 -0.036721 0.060722 0.085254 0.092731 -0.015922 0.15824 0.1391 -0.10703 -0.12587 0.26645 0.39562 -0.055929 -0.0495 0.1017 0.12623 -0.00015642 0.0043868 0.010602 0.013295 0.0079783 -0.022891 0.040867 0.030326 0.046448 0.013499 0.12335 0.11633 0.045657 0.13494 0.13071 0.27209 -0.045677 0.043431 0.16977 0.24577
75.847 160.16 3.4663 5.7002 0.0010374 0.0005079 0.0010374 0.00068509 0.016857 0.024216 0.01821 0.036187 0.010128 0.050772 0.015783 0.073637 -0.013673 0.041027 0.018235 0.04508 0.01171 0.048516 0.05898 0.063877 0.0091606 0.010885 0.13369 0.25079 0.01897 -0.038633 0.099792 0.31222 -0.0059489 -0.029961 0.083248 0.17131 -0.012614 0.119 0.23239 0.18158 -0.060492 0.050711 0.17052 0.30415 -0.034031 0.036489 0.1313 0.20864 -0.010564 0.0041959 0.056244 0.067467 0.026421 -0.076667 0.26419 0.28592 -0.021707 0.053538 0.31965 0.30839 -0.10354 0.037589 0.22528 0.15337 -0.013242 -0.005831 0.027732 0.032085
93.251 166.96 3.5648 4.2541 0.0099275 0.012279 0.012186 0.012526 -0.0056178 0.020711 0.033585 0.033816 0.0038884 0.0019211 0.0055431 0.0046361 0.035858 -0.066913 0.070614 0.15924 0.037049 0.0077888 0.099008 0.041505 -0.042989 0.015945 0.16389 0.10867 -0.012199 0.025329 0.068939 0.058643 0.0079514 0.019165 0.016653 0.039891 0.023593 -0.014952 0.10194 0.042982 0.01618 0.033353 0.24849 0.12845 0.05851 0.11557 0.2773 0.39807 -0.055315 0.0667 0.20208 0.32509 0.018362 -0.006746 0.028327 0.017119 0.10781 0.038374 0.19721 0.17732 -0.082689 -0.0029025 0.34631 0.35542 -0.023989 -0.051492 0.12745 0.19812
168.67 174.53 2.8658 1.0865 -3.7642e-05 -0.039844 0.070936 0.052084 -0.021691 -0.024859 0.067615 0.051158 -0.0056989 -0.010463 0.022551 0.026849 0.00038645 0.00090335 0.0029757 0.002687 0.01812 -0.0022055 0.035994 0.0302 0.092133 0.1095 0.18989 0.26882 -0.0098941 0.17555 0.13184 0.34546 -0.031694 0.096802 0.15049 0.32856 0.015585 -0.0035118 0.019723 0.023125 0.099718 -0.1162 0.13544 0.24012 -0.0033845 -0.16743 0.17653 0.49089 -0.052088 -0.10178 0.13295 0.32722 0.00053691 -0.001157 0.00058126 0.001157 0.0024799 -0.015542 0.0050702 0.015542 -0.0022293 -0.028868 0.0061963 0.028868 -0.0017805 -0.0095034 0.0018751 0.0095034
59.231 181.21 3.3476 5.7615 0 0 0 0 0 0 0 0 0 0 0 0 0 0 0 0 0 0 0 0 0 0 0 0 1.546e-17 -8.8853e-18 1.546e-17 8.8853e-18 3.2631e-18 -1.8754e-18 3.2631e-18 1.8754e-18 0.041896 0.033842 0.057935 0.086307 0.062543 0.10328 0.10609 0.42435 0.0077277 0.1577 0.1203 0.42703 -0.076093 0.10459 0.093524 0.13316 -0.026664 0.085707 0.14388 0.25035 0.0044696 0.021947 0.12437 0.39412 0.0067349 -0.081738 0.2016 0.41204 -0.038595 -0.043758 0.10536 0.14506
151.1 184.65 3.7189 1.2128 -0.011318 -0.050686 0.077534 0.086784 -0.023646 -0.042756 0.064751 0.090409 -0.0025689 -0.004151 0.014237 0.01425 0.002187 -0.005603 0.012622 0.012557 0.059367 0.063977 0.15468 0.19801 -0.019743 0.23376 0.19915 0.50854 -0.092334 0.12615 0.15645 0.28165 -0.0086009 0.0029955 0.011518 0.01065 0.048097 -0.069753 0.069346 0.12485 0.0086471 -0.19258 0.15642 0.46187 -0.085244 -0.10301 0.13202 0.27857 -0.006274 -0.003011 0.0073645 0.0071988 5.6575e-05 -0.00072375 0.00027696 0.00072375 0.00052462 -0.0016255 0.0006226 0.0016255 6.6439e-05 -7.6259e-05 6.6439e-05 7.6259e-05 0 0 0 0
79.908 187.9 3.0476 5.3425 0 0 0 0 0 0 0 0 0 0 0 0 0 0 0 0 0.034049 0.068555 0.038142 0.071364 0.043359 0.20847 0.076099 0.24597 -0.074428 0.14755 0.10123 0.18656 -0.012846 0.014448 0.014224 0.015946 0.046376 0.0014794 0.16386 0.263 -0.0059068 -0.11023 0.16768 0.58646 -0.078791 -0.11809 0.12916 0.33346 -0.015819 -0.0056644 0.022605 0.029074 -0.0072802 0.04264 0.16057 0.19088 -0.040407 0.050316 0.17903 0.21706 -0.02261 0.0074316 0.086493 0.12266 -0.0050603 0.0016188 0.0055237 0.010828
71.229 196.79 3.4853 5.3636 0 0 0 0 0 0 0 0 0 0 0 0 0 0 0 0 0 0 0 0 0 0 0 0 0 0 0 0 0 0 0 0 0.062615 0.11044 0.075944 0.13254 0.051204 0.17893 0.12968 0.44695 -0.143 0.18224 0.18841 0.41142 -0.037198 0.024723 0.041632 0.042951 0.027373 -0.0032838 0.16455 0.23237 -0.0089634 -0.093234 0.1573 0.47508 -0.053778 -0.079767 0.11727 0.28227 -0.014525 -0.011467 0.021308 0.028162
61.63 111.96 6.6386 0.82534 0 0 0 0 0 0 0 0 0 0 0 0 0 0 0 0 0 0 0 0 0 0 0 0 0 0 0 0 0 0 0 0 0.0064461 0.021199 0.014804 0.021199 0.14324 0.16702 0.40859 0.42302 -0.12917 0.10214 0.30233 0.31147 -0.0079125 0.0080028 0.010529 0.0096576 0.030333 0.076308 0.10953 0.1632 0.046913 -0.093953 0.34541 0.34967 -0.042953 -0.058128 0.22508 0.1761 -0.019942 0.0041494 0.053896 0.021625
97.911 113.76 7.1465 2.1838 -0.015924 0.038597 0.025998 0.039116 -0 0 0 0 -0 0 0 0 -0 0 0 0 -0.11578 -0.0043886 0.31366 0.27509 -0.043592 0.043686 0.14236 0.14516 -0.008312 0.0010044 0.008312 0.0045885 -0 0 0 0 -0.02317 -0.022094 0.14092 0.1396 0.10277 0.046047 0.4784 0.50141 -0.14219 0.042957 0.28882 0.26127 -0.00069924 0.00021529 0.00069924 0.00021529 0.0023819 -0.0039805 0.029687 0.038231 0.011069 -0.061283 0.10819 0.15184 -0.045749 -0.048551 0.074485 0.072014 -0.00027538 8.0351e-05 0.00027538 8.0351e-05
167.15 135.28 7.6671 1.0834 0 0 0 0 0 0 0 0 0.0042089 0.0084469 0.021268 0.026712 0.016702 0.040856 0.079596 0.10319 0 0 0 0 0.074991 0.058932 0.13702 0.18311 -0.027388 0.047754 0.19271 0.35275 0.020219 -0.054296 0.17343 0.18344 0 0 0 0 0.1048 -0.05743 0.18103 0.18071 0.0049865 0.054221 0.32542 0.65175 -0.039897 0.0033169 0.076462 0.11758 0 0 0 0 0.018299 -0.0069286 0.018342 0.013917 0.0078193 -0.079727 0.079464 0.19064 -0.015303 -0.01601 0.019781 0.035091
77.399 184.97 5.6967 5.5743 0 0 0 0 0 0 0 0 4.9373e-18 5.7577e-18 4.9373e-18 5.7577e-18 -4.3585e-19 -5.0827e-19 3.7131e-18 4.33e-18 0.0080334 0.0062333 0.0094433 0.01127 0.022242 0.079132 0.040465 0.13636 -0.033619 0.039209 0.046855 0.098024 -0.0017009 0.0005464 0.0017009 0.0005464 0.06647 0.1681 0.1837 0.18996 -0.071904 0.1451 0.20474 0.3092 -0.059396 -0.0084693 0.088144 0.10704 -0.0049686 0.0091072 0.0054025 0.0098504 0.071717 -0.06486 0.2118 0.22134 -0.11293 -0.0038438 0.42796 0.36995 -0.023809 -0.0020059 0.086388 0.049202 -0.02044 0.13531 0.35818 0.27466
62.095 201.24 6.4406 5.4941 0 0 0 0 0 0 0 0 -1.4678e-18 -1.457e-18 1.4678e-18 1.457e-18 -1.6157e-17 -1.6038e-17 1.6157e-17 1.6038e-17 0 0 0 0 0 0 0 0 -3.5786e-17 -3.5523e-17 3.5786e-17 3.5523e-17 -1.4661e-17 -1.4553e-17 1.4661e-17 1.4553e-17 0.033281 0.027779 0.037766 0.04511 0.076715 0.09025 0.14759 0.38503 -0.061191 0.028949 0.11501 0.25928 -0.0034246 6.0616e-05 0.0035924 0.0032626 0.11261 0.16443 0.31804 0.26416 -0.15885 0.20668 0.42382 0.44049 -0.049059 -0.0081314 0.088575 0.12049 -6.4978e-06 0.13156 0.10476 0.14196
193.52 110.23 9.9239 2.3897 -0 0 0 0 -0 0 0 0 -0 0 0 0 -0 0 0 0 -0 0 0 0 -0 0 0 0 -0 0 0 0 -0 0 0 0 0.02278 0.0094396 0.023706 0.0094841 0.065661 0.12892 0.44058 0.38004 -0.083293 0.050982 0.28053 0.20955 -0.00078906 0.0048955 0.0027199 0.0052818 0.051749 -0.0050625 0.051932 0.016964 -0.0038973 -0.10965 0.4904 0.33815 0.048488 0.0025731 0.25216 0.22363 -0.038221 0.02467 0.091171 0.090375
191.5 155.1 11.49 2.7596 -0 0 0 0 -0 0 0 0 -0 0 0 0 -0 0 0 0 -8.6464e-18 3.474e-18 8.6464e-18 3.474e-18 0.011043 0.03004 0.023238 0.03004 -0.0099124 0.095252 0.11427 0.11765 -0.0060907 0.0037236 0.0060907 0.0053208 3.054e-17 -3.1435e-18 5.605e-17 4.2105e-17 0.09185 0.0028708 0.53907 0.29463 -0.082198 -0.022549 0.56811 0.34639 -0.029314 0.0032744 0.038535 0.031524 -0 0 0 0 0.023042 -0.050385 0.094853 0.069805 0.047499 -0.013289 0.20856 0.2124 -0.031681 -0.0019884 0.07775 0.084304
55.174 156.67 9.4957 5.6123 0 0 0 0 0 0 0 0 3.3408e-19 4.2091e-19 3.3408e-19 4.2091e-19 8.3804e-19 1.0558e-18 3.7433e-18 4.7161e-18 0 0 0 0 0.0099915 0.0066397 0.011813 0.0087268 0.0028297 0.037542 0.045808 0.10386 -0.009459 0.0048986 0.011415 0.019424 0 0 0 0 0.15578 0.051679 0.35148 0.3045 -0.1112 0.048259 0.3365 0.39832 -0.019574 0.079819 0.11341 0.12505 0 0 0 0 0.051911 -0.032096 0.087416 0.10187 0.00627 0.021766 0.30083 0.25173 0.017123 0.030236 0.4168 0.26198
161.26 183.15 9.0104 4.2025 -3.915e-19 2.1892e-19 3.915e-19 2.1892e-19 0 -0 0 0 -7.8459e-18 2.7752e-17 7.8459e-18 2.7752e-17 0 -0 0 0 1.1017e-18 -6.1604e-19 2.9288e-18 1.6378e-18 0.096078 0.092065 0.11976 0.34092 -0.065149 0.079468 0.12407 0.26235 -0.0024154 0.00033131 0.0024154 0.00080621 -0.0010198 0.026922 0.052477 0.036711 0.076951 -0.057286 0.14869 0.35628 -0.060838 -0.0059653 0.34343 0.58918 -0.032404 0.0078118 0.041053 0.038003 0.037385 -0.00022263 0.099144 0.098244 -0.026088 -0.0026424 0.17566 0.21172 -0.0065555 -0.038597 0.075486 0.12677 -0.007191 -0.0042341 0.0096502 0.0094074
