53 64
93.857 118.29 2.2861 1.9419 -0.00043657 0.00089461 0.00043657 0.00089461 -0 0 0 0 -0 0 0 0 -0 0 0 0 -0.052526 0.062823 0.079672 0.071243 0.0056485 0.11398 0.020462 0.11508 0.0003016 0.18425 0.024823 0.18425 -0.010964 0.040383 0.012897 0.040383 -0.023634 0.034801 0.27509 0.28453 -0.010322 0.063793 0.14294 0.49 -0.027542 0.072332 0.11101 0.45153 -0.064703 0.038795 0.15992 0.21233 -0.029903 -0.046241 0.19019 0.17854 -0.0043367 -0.12978 0.081121 0.14398 0.037903 -0.066259 0.10785 0.11045 -0.019088 -0.032509 0.10848 0.058027
86.083 119.71 2.0046 1.868 -0 0 0 0 -0 0 0 0 -0 0 0 0 -0 0 0 0 0.013254 0.16155 0.060573 0.19323 0.023686 0.22566 0.083537 0.36206 -0.069662 0.22644 0.14166 0.38205 -0.0466 0.049367 0.054601 0.061212 -0.032863 -0.091275 0.1581 0.3148 -0.011031 -0.14081 0.1475 0.3066 -0.019068 -0.055043 0.2035 0.27022 -0.09192 0.0092209 0.14834 0.088095 -0.04583 -0.041871 0.090433 0.089455 0.057743 -0.050013 0.090505 0.082485 -0.0085476 -0.071959 0.12829 0.1062 -0.022903 -0.0098964 0.095205 0.028209
133.22 122.06 2.0272 1.749 -0 0 0 0 -0 0 0 0 -0 0 0 0 -0 0 0 0 -0.0034606 0.086138 0.06927 0.10263 0.025102 0.13219 0.125 0.3018 -0.04148 0.059545 0.11466 0.17501 -0.0093365 0.073949 0.031577 0.079335 -0.06294 0.052187 0.43153 0.38101 -0.15062 -0.087477 0.26493 0.31397 0.023719 -0.038969 0.12111 0.11034 0.076419 0.050121 0.23455 0.24467 -0.024333 -0.07466 0.13559 0.17334 -0.055171 -0.020349 0.057636 0.0597 0.02071 -0.00040124 0.02071 0.0092168 0.10284 -0.03494 0.12192 0.093073
135.88 127.97 2.0179 5.7404 0.019321 -0.03998 0.13662 0.056506 -0.053677 -0.040578 0.060084 0.049631 -0.0032067 -0.0039856 0.004229 0.0055428 0.0059674 0.0034593 0.0259 0.013481 0.018474 -0.024252 0.073567 0.058113 -0.045624 0.07495 0.11894 0.10567 0.014717 0.083907 0.060247 0.092725 -1.7764e-05 0.04359 0.082874 0.089997 0.025272 -0.010818 0.033536 0.026141 0.050115 -0.042164 0.21024 0.25278 0.12653 0.13308 0.31924 0.61729 -0.078518 0.037647 0.1792 0.26735 3.5045e-06 -1.4162e-05 3.5045e-06 1.4162e-05 0.0066485 -0.011971 0.008481 0.013415 0.12971 -0.0060662 0.26795 0.15678 -0.056212 0.028046 0.12674 0.094977
170.27 127.81 1.9992 4.3611 0.016695 0.0081243 0.035961 0.026039 0.025338 0.039923 0.090433 0.080331 -0.016134 0.058251 0.11358 0.088694 -0.015842 0.0096638 0.038715 0.020009 0.032641 0.10651 0.1187 0.12116 0.0039635 0.058882 0.1103 0.12692 -0.065418 0.042322 0.27905 0.14166 -0.073722 -0.0085374 0.097285 0.026074 0.0041389 -0.065568 0.15358 0.30438 -0.0149 -0.1258 0.12888 0.55482 -0.18137 -0.14498 0.28264 0.37472 -0.036214 -0.017891 0.04043 0.022683 -0.0030604 -0.034199 0.016765 0.039506 0.00043427 -0.072416 0.020973 0.093352 -0.015926 -0.043067 0.02041 0.050797 -0.00055594 -0.00049902 0.00055594 0.00049902
179.47 128.14 2.132 2.6061 -0 0 0 0 -0 0 0 0 -0 0 0 0 -0 0 0 0 0.02658 0.026828 0.032876 0.077294 0.047007 0.19962 0.05813 0.31125 -0.068496 0.22571 0.13242 0.31079 -0.028426 0.033101 0.034821 0.037626 0.059213 -0.0013035 0.079067 0.10598 0.11121 -0.0029646 0.1707 0.28686 0.096677 0.04019 0.355 0.33169 -0.14183 0.07385 0.2843 0.13876 0.016215 -0.0073204 0.064337 0.060496 0.045324 -0.065767 0.11626 0.11238 0.14983 -0.023715 0.16551 0.073143 -0.098632 0.018227 0.21939 0.053604
78.872 131.33 1.8886 4.8126 -0.0039597 0.0099479 0.076279 0.026607 0.011333 0.009686 0.065951 0.031038 -0.0095382 -0.001427 0.084142 0.040474 0.069962 -0.035108 0.083424 0.064877 0.016193 0.0091459 0.1653 0.054498 0.036559 0.10994 0.24014 0.16005 -0.075034 0.096838 0.17435 0.14315 0.059958 0.088605 0.11033 0.14116 0.084033 -0.025732 0.12894 0.060714 0.086564 0.096846 0.29297 0.21793 0.026899 0.18562 0.20378 0.24132 0.044363 0.048924 0.18281 0.35284 0.018722 -0.0094542 0.019137 0.011464 0.070799 -0.11894 0.11879 0.24412 -0.032147 -0.15097 0.10651 0.29673 -0.032312 -0.10175 0.054211 0.13463
99.678 135.13 1.95 5.0701 -0.0044238 0.0074671 0.035155 0.025214 0.034517 -0.015661 0.060103 0.037929 0.031646 -0.029096 0.10617 0.099681 -0.042187 -0.0063091 0.052864 0.039148 -0.045041 0.043778 0.076022 0.076546 0.034739 0.10327 0.11015 0.13671 -0.0018331 0.046539 0.38815 0.34331 -0.053139 0.0055636 0.083272 0.086571 0.0093219 0.015039 0.068123 0.19116 -0.0062171 0.039387 0.16567 0.39433 -0.068738 0.00018861 0.37718 0.34029 -0.082104 0.0038808 0.099 0.064791 -0.00063892 -0.067533 0.015408 0.096872 -0.0131 -0.10137 0.040019 0.13055 0.044843 -0.095322 0.15244 0.13381 -0.045901 -0.0034545 0.076825 0.054838
170.52 135.88 1.876 5.1825 -0.05811 0.019115 0.087253 0.13919 -0.0023491 0.018555 0.045786 0.081138 0.011697 0.02971 0.10741 0.067173 -0.017259 0.0057088 0.046178 0.020468 -0.076056 0.10777 0.23935 0.21019 -0.016718 0.14864 0.10358 0.20514 -0.11459 0.03457 0.2018 0.14965 -0.032928 0.0073601 0.061022 0.042212 0.091668 -0.066008 0.30045 0.28319 -0.082169 0.12329 0.19113 0.24471 -0.11808 0.030082 0.22244 0.3029 -0.07086 -0.0063814 0.094772 0.10333 0.045893 -0.055567 0.06644 0.091891 -0.03578 -0.13373 0.12751 0.30397 -0.053495 -0.087561 0.069211 0.13464 -0.010959 -0.0093157 0.011114 0.011093
183.67 135.7 1.8102 3.0038 -0 0 0 0 -0 0 0 0 -0 0 0 0 -0 0 0 0 -0.0058825 0.0069617 0.028536 0.029373 0.04153 0.060885 0.082952 0.13322 -0.037083 0.19738 0.08327 0.22924 -0.015592 0.030232 0.015634 0.030232 0.018574 0.049289 0.049241 0.091388 0.12285 0.1024 0.16583 0.25452 0.092288 0.070415 0.25259 0.38338 -0.12882 0.15275 0.34612 0.24363 0.01442 -0.018459 0.058572 0.090481 0.092033 -0.04276 0.15079 0.15222 0.069296 0.0098383 0.13899 0.11165 -0.095849 0.012103 0.40771 0.10331
152.46 137.72 2.106 4.1871 0.01729 -0.021031 0.062839 0.058858 -0.057167 -0.0050711 0.081509 0.048791 0.027248 -0.0026531 0.043988 0.038998 -0.0036038 0.026802 0.052973 0.050718 0.030367 -0.029718 0.082937 0.093889 -0.040068 0.051642 0.19645 0.15948 0.088265 0.10181 0.15193 0.12417 -0.00041741 0.038362 0.071714 0.072822 0.039603 -0.025413 0.06427 0.058531 0.13931 0.085468 0.44663 0.31155 0.053506 0.013246 0.33344 0.4262 -0.0023666 -0.029046 0.066699 0.24931 0.020238 0.0087928 0.020599 0.017945 0.0073129 -0.051582 0.22978 0.15609 -0.043285 -0.092266 0.084733 0.12123 -0.0015832 -0.043658 0.011938 0.05549
179.78 140.99 2.0904 3.3695 -0.0029309 0.010692 0.018197 0.034984 -0.0045504 0.0074853 0.018723 0.025706 0.00067653 0.0037916 0.0030095 0.0090299 0 -0 0 0 0.0049927 0.016565 0.030285 0.07206 0.042099 0.06151 0.083158 0.12189 0.034067 0.15589 0.22344 0.26695 -0.035671 0.05109 0.046948 0.05583 0.041006 -0.011324 0.080021 0.14584 0.090266 0.059039 0.17169 0.26123 0.11642 0.095738 0.29659 0.2726 -0.12965 0.13081 0.33272 0.20785 -0.0089643 0.010061 0.042055 0.056477 0.13432 -0.036174 0.1649 0.097851 0.09157 0.05032 0.15679 0.12129 -0.095001 -0.0039947 0.38196 0.17171
108.72 143.8 2.0231 3.9994 -0.0074662 0.032287 0.023512 0.037936 -0.0065622 0.027622 0.012407 0.029804 -0.0019262 0.0068384 0.0057514 0.0099381 0.0022815 -0.0028736 0.0087844 0.0081464 0.017362 0.040671 0.093636 0.10894 -0.088214 0.073093 0.14818 0.1922 -0.02002 0.05835 0.085723 0.11582 -0.0083084 0.015977 0.01503 0.016706 0.017451 -0.08525 0.071205 0.10616 0.05706 -0.026245 0.22087 0.5127 -0.01888 0.15554 0.21863 0.42893 -0.047723 0.10748 0.082426 0.18276 -0.0089848 0.0082928 0.019467 0.027128 0.10885 0.0097284 0.12796 0.13944 -0.033272 -0.032926 0.27255 0.27539 -0.037398 -0.056496 0.056615 0.12541
79.716 146.95 2.1996 3.3557 0.058154 -0.034074 0.094603 0.10379 -0.00432 -0.1563 0.21336 0.26536 -0.035624 -0.15926 0.20688 0.24293 0.14977 -0.092905 0.26261 0.18676 0.0092388 -0.013588 0.012274 0.020376 0.041582 -0.044158 0.13537 0.20067 0.009605 0.073812 0.10983 0.19275 0.1678 0.05993 0.1975 0.17587 -0.025212 0.041465 0.02791 0.043681 0.021465 -0.01032 0.04345 0.079646 0.092178 -0.046965 0.17039 0.19601 0.10249 -0.028069 0.1709 0.23858 -0.0053322 -0.016558 0.037983 0.07417 6.546e-05 0.015384 0.070464 0.13395 0.034004 0.0067091 0.079406 0.27989 0.012576 -0.05871 0.075573 0.19362
105.66 150.14 2.0938 3.7768 0.0010791 0.011936 0.0087109 0.012776 -0.0014411 0.0075699 0.013379 0.012537 0.0010723 0.0058259 0.0045784 0.0076595 -0.0012567 -0.0020938 0.0047547 0.0066125 0.043679 0.057278 0.084805 0.088841 -2.9855e-05 0.16569 0.097106 0.19132 -0.056961 0.063161 0.12623 0.13169 -0.0091899 0.043775 0.041901 0.053725 0.067749 -0.014691 0.12868 0.12307 0.0077177 -0.066096 0.16612 0.25687 -0.012812 -0.037929 0.31404 0.59612 -0.0052815 0.086959 0.16092 0.26821 0.0054882 -0.0029715 0.037061 0.041898 0.0011609 -0.024564 0.036809 0.062874 0.11023 -0.040652 0.15413 0.20482 -0.033841 0.0019299 0.19982 0.18145
154.37 168.45 1.6827 4.1638 0.0079162 0.00061688 0.03202 0.068935 -0.0018559 -0.032336 0.024 0.069069 0.0054252 -0.048705 0.014265 0.052839 -0.00069602 -0.030888 0.013245 0.036532 0.019348 0.021315 0.1024 0.14666 -0.00075915 0.19051 0.087883 0.22083 -0.010587 0.1011 0.1065 0.232 0.00094831 0.011195 0.064783 0.045305 0.11386 -0.0218 0.13704 0.16058 0.036114 -0.033054 0.30588 0.43839 -0.18599 0.056838 0.29944 0.34158 0.0049674 -0.0059007 0.10863 0.069008 0.010058 -0.023596 0.015276 0.029329 0.10288 -0.068463 0.15955 0.14116 -0.10493 -0.043277 0.22012 0.17865 -0.0010164 0.0084213 0.08648 0.047731
61.857 175.87 2.0185 5.7782 0 0 0 0 0 0 0 0 0 0 0 0 0 0 0 0 0.009165 0.027722 0.009165 0.027722 0.011902 0.13239 0.016232 0.13239 -0.0091973 0.085686 0.015977 0.085686 -0.006152 0.022022 0.006152 0.022022 0.083016 0.11119 0.13673 0.26305 0.018382 0.062163 0.1252 0.46821 0.037137 0.17972 0.15388 0.3893 -0.056462 0.25102 0.13406 0.30662 -0.020012 -0.081087 0.059265 0.10878 0.002329 -0.13554 0.043839 0.13669 0.067361 -0.16165 0.073298 0.16855 0.068346 -0.17111 0.095597 0.21117
174.29 176.92 2.0858 1.0028 -0.0028877 -0.042406 0.088211 0.088979 -0.021436 -0.038233 0.13922 0.10692 0.040947 -0.1559 0.17452 0.35199 -0.0064275 -0.17569 0.086328 0.2334 0.0035527 0.036563 0.076947 0.099525 -0.0082255 0.14177 0.062274 0.1634 -0.0096129 0.17341 0.055249 0.1869 0.0069861 0.10429 0.036027 0.11231 0.060205 -0.044597 0.072118 0.084581 0.13461 -0.091032 0.18153 0.2909 0.031032 0.019352 0.16685 0.41613 -0.10205 0.005369 0.12852 0.25683 0.0041846 -0.0055373 0.0041846 0.0055373 0.030638 -0.06386 0.032216 0.06619 0.022946 -0.12839 0.035333 0.13553 -0.020486 -0.068001 0.029207 0.073569
64.207 179.75 2.1756 5.7475 0 0 0 0 0 0 0 0 0 0 0 0 0 0 0 0 0.0056654 0.036562 0.0056654 0.036562 0.0024589 0.098586 0.013137 0.098586 -0.0085795 0.074824 0.013893 0.074824 -0.00049128 0.0042522 0.0016449 0.0042522 0.045522 0.10278 0.10651 0.28793 0.0036803 0.11451 0.12746 0.44573 0.045236 0.27797 0.14153 0.39749 -0.10189 0.25418 0.12984 0.30026 -0.015244 -0.071584 0.035084 0.077807 0.014041 -0.10899 0.041016 0.11052 0.083164 -0.17876 0.087426 0.20484 0.025468 -0.12725 0.089935 0.1996
181.81 184.25 1.8895 3.6398 3.3287e-15 -3.0605e-16 4.4193e-15 5.1039e-15 -4.6347e-16 2.1151e-15 5.3089e-15 6.4406e-15 0 -0 0 0 0 -0 0 0 0.005386 0.015408 0.005386 0.015408 0.030566 0.14783 0.042935 0.14783 -0.0023227 0.15427 0.039042 0.15443 -0.021287 0.054123 0.023369 0.054344 0.16971 0.17421 0.19701 0.22065 -0.033527 0.17346 0.29017 0.4994 -0.14671 -0.015354 0.18189 0.34893 -0.04941 -0.020049 0.093232 0.13328 0.037972 -0.078714 0.13966 0.15939 -0.089688 -0.19017 0.12149 0.20977 -0.037373 -0.070236 0.046543 0.09679 0.013632 0.012911 0.039505 0.06539
98.197 193.55 1.984 2.0469 -1.308e-05 2.5364e-05 1.308e-05 2.5364e-05 -3.7172e-05 7.2081e-05 3.7172e-05 7.2081e-05 0.012837 -0.027991 0.015363 0.028927 -0.0043857 -0.025804 0.024455 0.072297 0.016085 0.013782 0.016471 0.016902 0.060673 0.12727 0.10864 0.201 0.046415 0.28002 0.12004 0.3275 0.080795 0.28353 0.098088 0.31142 0.013077 -0.0055095 0.014835 0.024335 0.076426 -0.10414 0.13015 0.19626 0.16072 -0.21999 0.21303 0.37434 0.029851 -0.21737 0.101 0.35616 -0 0 0 0 0.0015702 -0.0033078 0.0015702 0.0033078 0.0065608 -0.035998 0.012105 0.036315 -0.0030697 -0.028836 0.0050186 0.028971
81.504 198.28 1.9023 5.1081 0 0 0 0 0 0 0 0 0 0 0 0 0 0 0 0 0 0 0 0 0.00486 0.011467 0.00486 0.011467 0.0046608 0.027686 0.0062244 0.027686 -8.4001e-05 0.0016026 0.00013414 0.0016026 0.11539 0.19353 0.11836 0.21177 0.024557 0.35822 0.1438 0.4639 -0.11896 0.20799 0.1766 0.34369 -0.049462 0.075351 0.089416 0.1282 0.017133 -0.071433 0.088815 0.16493 -0.079245 -0.23881 0.12405 0.31592 -0.046373 -0.139 0.069966 0.18003 -0.012731 -0.042448 0.029123 0.06166
105.61 121.3 2.6999 1.7017 -0 0 0 0 -0 0 0 0 -0 0 0 0 -0 0 0 0 -0.00087505 0.021918 0.070189 0.10151 -0.0098525 0.10533 0.088359 0.15319 0.048365 0.17259 0.066593 0.18109 -0.0035283 0.12635 0.063951 0.18645 0.020474 -0.02275 0.077011 0.057789 0.12811 0.023208 0.34084 0.36613 -0.024664 -0.062013 0.25215 0.51818 -0.019117 -0.056358 0.15712 0.20711 0.0031631 -0.0012675 0.011487 0.0094014 0.078044 -0.027609 0.18036 0.18138 -0.061659 -0.011855 0.15527 0.1585 -0.00096057 -0.028589 0.061333 0.048178
148.52 122.8 2.8893 1.3967 0 0 0 0 0 0 0 0 0 0 0 0 0 0 0 0 0.020381 0.091826 0.041352 0.12994 -0.030811 0.16528 0.043045 0.18079 0.011262 0.096926 0.15145 0.18913 0.02393 0.012188 0.091672 0.11411 0.049364 0.011408 0.15378 0.21562 0.019363 -0.020711 0.29326 0.48279 -0.14433 -0.0034477 0.46095 0.34672 -0.0034534 -0.020908 0.059873 0.039824 0.0081928 -0.038252 0.07637 0.059377 0.0021182 -0.048 0.09804 0.10219 -0.031287 -0.0079973 0.1328 0.1223 -0.013425 0.00068976 0.015646 0.017444
168.55 121.51 2.4933 1.4786 0 0 0 0 0 0 0 0 0 0 0 0 0 0 0 0 0.0088955 0.010012 0.0088955 0.010012 0.097125 0.17223 0.11421 0.37239 -0.051018 0.24555 0.10432 0.4478 -0.027631 0.090951 0.034009 0.09976 0.096224 0.04336 0.12351 0.072038 0.063602 -0.0040023 0.21434 0.29013 0.032551 -0.046992 0.11658 0.30799 -0.011069 0.040685 0.2281 0.31813 0.028015 -0.023193 0.073125 0.057368 0.023363 -0.05595 0.10952 0.098113 -0.031118 -0.076999 0.067964 0.10317 0.020544 -0.069268 0.092889 0.10305
97.153 127.9 2.8651 5.1355 -0.0015406 0.01885 0.075341 0.02945 -0.010496 0.016262 0.069689 0.046586 0.053633 0.0083267 0.13016 0.11088 -0.045612 -0.00054997 0.0623 0.040027 0.052928 0.053796 0.15527 0.11191 -0.035225 0.20092 0.13804 0.24607 0.014572 0.13592 0.38011 0.39258 -0.067659 0.0041329 0.11427 0.085346 0.0429 -0.068746 0.064613 0.13143 0.032919 -0.17731 0.063537 0.34967 0.021318 -0.17886 0.26206 0.35229 -0.065887 -0.00093002 0.11299 0.075764 -6.9985e-05 -3.1515e-05 6.9985e-05 3.1515e-05 -0.00010348 -4.6599e-05 0.00010348 4.6599e-05 0.0098283 -0.020616 0.020635 0.023831 0.0080139 -0.010357 0.035174 0.048322
72.627 138.6 2.9796 5.3465 0 0 0 0 0.027856 0.012098 0.046795 0.03658 -0.0054372 -0.022165 0.054264 0.074973 -0.0015214 -0.026838 0.012341 0.036377 0.013034 0.0070725 0.013034 0.0070725 -0.0073844 0.028018 0.2307 0.11697 -0.014172 0.011245 0.12373 0.084532 0.049859 0.062393 0.11019 0.11113 0.057909 0.0098057 0.057909 0.019009 0.059629 0.1295 0.36884 0.2099 -0.11082 0.12555 0.20592 0.20659 0.10535 0.02642 0.27167 0.16792 0.028778 -0.0074633 0.028778 0.011222 0.096747 -0.094269 0.18722 0.26684 0.00065524 -0.038249 0.14944 0.42722 -0.038546 0.00090475 0.23089 0.20116
155.15 137.89 2.7516 4.4598 0.041155 -0.011691 0.05518 0.065514 -0.044774 0.014955 0.10971 0.10356 -7.3379e-05 0.013204 0.067534 0.041808 -0.0087136 0.0045029 0.029248 0.017977 0.049024 -0.010421 0.054356 0.047638 -0.035299 0.043204 0.19398 0.19885 0.056294 0.09744 0.15441 0.16019 -0.051475 0.055655 0.13605 0.085804 0.051395 0.013504 0.065407 0.038929 0.057726 0.012877 0.45625 0.4215 0.0086889 -0.029399 0.19496 0.46057 -0.09927 -0.052682 0.17572 0.18748 0.0004291 -0.024183 0.063742 0.074775 -0.020212 -0.068418 0.08113 0.095497 0.010329 -0.067398 0.028658 0.09708 -0.013587 -0.025756 0.01906 0.038479
61.66 154.47 2.7697 2.9685 -0.0035291 0.0074018 0.054685 0.057817 0.0086714 -0.11638 0.1439 0.1687 0.096853 -0.030791 0.19908 0.24707 0.10261 -0.079376 0.28308 0.2587 -0.052793 0.024433 0.1235 0.20201 -0.039035 0.10742 0.088127 0.26086 0.066039 -0.022124 0.20605 0.44283 -0.026546 -0.14775 0.21459 0.31879 0.017624 -0.065085 0.033053 0.091529 -0.027174 -0.094714 0.050167 0.19647 -0.022746 -0.074006 0.050459 0.13898 -0.0078194 -0.021274 0.011072 0.025481 -0 0 0 0 -0 0 0 0 -0 0 0 0 -0 0 0 0
139.66 159.61 2.7833 0.52589 -0.046819 0.031556 0.12486 0.092867 0.0004862 -0.02632 0.031054 0.044324 0.01669 -0.060357 0.043216 0.071693 -0.0080261 -0.032407 0.026442 0.036113 -0.13341 -0.0090217 0.37054 0.30622 -0.079862 0.11114 0.20665 0.17746 -0.017766 0.047288 0.037605 0.058403 -0.0034721 -0.00019125 0.0059502 0.004487 -0.032204 -0.061479 0.21351 0.12398 0.096041 -0.061162 0.35503 0.35575 -0.12675 0.013433 0.33126 0.30551 -0.020897 -0.0043553 0.066243 0.035057 -0.027132 -0.01604 0.054451 0.076221 -0.00070551 -0.065135 0.082795 0.107 -0.013847 -0.015184 0.080516 0.086138 -0.012294 0.0075082 0.03578 0.027438
65 166.35 2.8125 2.6712 0.017691 -0.013099 0.051615 0.056359 -0.0041857 -0.17712 0.16642 0.21509 0.0015876 -0.058149 0.17886 0.1884 0.09802 -0.070955 0.24562 0.27769 -0.04403 0.072832 0.14937 0.30047 -0.061744 0.18187 0.090437 0.29293 -0.013323 0.081881 0.13424 0.30304 -0.027758 -0.06906 0.2088 0.23021 0.019391 -0.10752 0.042609 0.12517 -0.0066527 -0.15692 0.050405 0.29391 -0.053289 -0.097208 0.072072 0.18584 -0.010834 -0.012995 0.012434 0.017688 -3.3513e-18 1.7042e-18 3.3513e-18 1.7042e-18 -1.1469e-17 5.8322e-18 1.1469e-17 5.8322e-18 -0 0 0 0 -0 0 0 0
145.18 167.89 2.8017 4.373 0.00053181 0.0015064 0.00053181 0.0015064 0.015871 0.0015982 0.036718 0.062256 0.041799 -0.036955 0.060469 0.103 -0.012491 -0.019391 0.04392 0.079026 0.0027001 0.0028419 0.0083503 0.02598 0.095696 0.059218 0.17183 0.26907 -0.0751 0.15352 0.19081 0.33751 -0.0095932 0.0051156 0.052237 0.06864 -0.0032996 -0.00094353 0.0046276 0.0076452 0.1571 -0.063854 0.17566 0.16737 -0.075728 -0.055811 0.40584 0.31903 0.010152 0.017707 0.15321 0.098181 -0.04729 0.016156 0.050904 0.066409 0.035909 -0.009639 0.040809 0.038732 0.069753 0.07506 0.32211 0.24033 0.04528 0.15087 0.1538 0.18678
78.734 184.25 3.1344 2.2316 0.0090902 -0.0018156 0.0092016 0.0034382 0.066359 -0.11687 0.1675 0.17563 -0.073122 -0.13587 0.17513 0.1815 0.015141 -5.0338e-05 0.080413 0.07898 0.036838 0.037799 0.085145 0.13305 0.03314 0.26189 0.093742 0.35236 -0.0087866 0.21827 0.11442 0.34929 -0.025593 -0.0048025 0.16634 0.24348 0.041486 -0.050381 0.047191 0.073401 0.062252 -0.19846 0.102 0.33954 -0.064249 -0.18022 0.089177 0.27961 -0.041025 -0.073466 0.049918 0.092455 -9.8059e-06 -2.8632e-05 2.0041e-05 3.6589e-05 -0.00037827 -0.0015528 0.00039018 0.0015621 -0.00030623 -0.0014932 0.00030623 0.0014932 -2.6373e-19 3.3924e-19 2.6373e-19 3.3924e-19
71.978 194.17 2.9212 5.3845 0 0 0 0 0 0 0 0 0 0 0 0 0 0 0 0 0 0 0 0 0.0026399 0.0057822 0.0026399 0.0057822 0.0015796 0.0068794 0.0015796 0.0068794 0 0 0 0 0.068354 0.114 0.09765 0.2114 0.099684 0.11133 0.16943 0.56324 -0.14309 0.12188 0.20013 0.56177 -0.077986 0.056734 0.091848 0.11829 -0.022498 -0.063361 0.081841 0.13299 0.0023191 -0.12575 0.052227 0.17895 -0.015572 -0.12441 0.052198 0.18014 -0.015457 -0.032365 0.040234 0.060689
77.614 198.01 2.8401 5.2247 0 0 0 0 0 0 0 0 0 0 0 0 0 0 0 0 1.2541e-17 -2.2298e-17 1.2541e-17 2.2298e-17 0.0042277 0.0097825 0.0042277 0.0097825 0.0038265 0.010752 0.0038817 0.010783 -1.2054e-05 4.546e-05 1.5517e-05 6.0966e-05 0.090428 0.13967 0.10954 0.19067 0.060569 0.16895 0.19719 0.63291 -0.16052 0.084088 0.21459 0.47909 -0.050603 0.02114 0.066902 0.09509 -0.02035 -0.063544 0.10565 0.16471 -0.020635 -0.13727 0.059157 0.19613 -0.020268 -0.067189 0.041366 0.12311 -0.0077733 -0.014127 0.015884 0.024233
105.16 119.49 3.5472 1.7782 -0 0 0 0 -0 0 0 0 -0 0 0 0 -0 0 0 0 -0.018984 0.039652 0.070662 0.10814 -0.012517 0.10831 0.084014 0.14531 0.023047 0.17902 0.03733 0.18299 -0.017322 0.061569 0.025249 0.063753 -0.032325 -0.030844 0.10587 0.090917 0.11211 -0.011311 0.36998 0.44029 -0.00012633 -0.025065 0.24417 0.52482 -0.072279 -0.0023253 0.15491 0.13151 -0.013178 -0.0035147 0.01916 0.0143 0.04785 -0.034018 0.18579 0.16521 -0.052919 -0.038575 0.15198 0.132 -0.0038232 -0.018179 0.075543 0.032697
148.67 120.03 3.5665 1.3772 0 0 0 0 0 0 0 0 0 0 0 0 0 0 0 0 0.013852 0.044932 0.018376 0.044932 -0.0052373 0.13714 0.036048 0.13714 0.0055187 0.073384 0.095806 0.12527 0.048219 0.069237 0.098105 0.17208 0.11511 0.028941 0.1768 0.15762 0.01504 0.012206 0.2663 0.55938 -0.13155 -0.024269 0.38643 0.3556 0.083096 -0.054242 0.1309 0.15043 0.032965 -0.028935 0.066416 0.04051 0.023673 -0.058535 0.13472 0.10771 -0.039927 0.026283 0.14914 0.12332 -0.0025114 -0.0006632 0.019127 0.018899
91.791 137.17 3.8638 5.0777 0.01384 0.0031582 0.03317 0.016043 -0.0027131 -0.012159 0.055086 0.048066 6.7079e-05 0.045014 0.061594 0.078581 -0.010153 0.0064656 0.013289 0.012016 0.0348 0.024581 0.12463 0.033337 -0.02458 0.080142 0.1725 0.13481 0.020599 0.039113 0.32178 0.25036 -0.047554 -0.00033896 0.059435 0.038424 0.080222 -0.022979 0.11826 0.099734 0.040162 -0.059486 0.18615 0.51106 -0.073788 -0.060729 0.34543 0.47303 -0.035378 0.014651 0.10966 0.062324 0.0053147 -0.0094564 0.0069073 0.011844 0.0050063 -0.049187 0.01393 0.06127 0.0018563 -0.060273 0.05167 0.07295 0.023202 -0.019432 0.062394 0.083749
71.875 140.63 3.4732 3.5381 -0.01085 0.00057367 0.028988 0.015895 0.030425 -0.070921 0.12371 0.15018 0.067414 -0.091726 0.25024 0.27345 -0.025788 -0.025254 0.30637 0.17809 -0.035804 0.026151 0.072429 0.065186 0.0064243 0.0017944 0.078763 0.12188 0.1568 0.039656 0.22441 0.2307 -0.073721 -0.0099373 0.44124 0.14135 0.0037581 -0.027884 0.038039 0.062 0.02204 -0.012485 0.064552 0.19592 0.0694 -0.1139 0.1243 0.34047 -0.057022 -0.12573 0.19563 0.1955 0.00027231 -0.0011748 0.00027231 0.0011748 0.0034877 -0.010863 0.0034877 0.010863 0.0011501 -0.020081 0.0046895 0.020081 -0.0014567 -0.0087924 0.0019212 0.0087924
79.183 185.14 3.8364 2.2907 0.00093545 -0.0012386 0.0026251 0.0029609 0.14898 -0.070507 0.18352 0.14626 -0.077549 -0.1558 0.28835 0.30008 0.049783 -0.079717 0.21547 0.17318 0.034817 0.0063315 0.050306 0.064397 0.050628 0.10474 0.13561 0.37121 -0.020145 0.091775 0.12888 0.40656 -0.040729 -0.016799 0.17401 0.19875 0.015626 -0.011778 0.017344 0.021458 0.046384 -0.1441 0.079975 0.26106 -0.046672 -0.13627 0.071614 0.24614 -0.021498 -0.027825 0.027013 0.043323 2.5828e-18 2.2648e-18 2.5828e-18 2.2648e-18 1.6362e-17 1.4347e-17 7.3642e-17 6.4574e-17 -3.7046e-17 -2.6257e-17 5.4668e-17 5.2212e-17 5.8314e-19 1.3361e-18 5.8314e-19 1.3361e-18
170.6 185.28 4.2127 0.9979 0.017192 -0.13233 0.1943 0.16653 0.082613 -0.11399 0.30587 0.20877 -0.05559 -0.083756 0.32042 0.46931 -0.023528 0.0032393 0.039043 0.056336 0.033671 -0.010773 0.073123 0.066345 0.058808 0.063646 0.13678 0.29868 -0.057933 0.021128 0.15563 0.39067 -0.02024 -0.0043299 0.031448 0.052368 0.0091698 -0.0040993 0.010305 0.0098575 0.058129 -0.091946 0.077761 0.1949 -0.062448 -0.083456 0.091978 0.1853 -0.0093501 -0.0056546 0.011131 0.012307 0 0 0 0 1.7795e-05 -8.2478e-05 1.7795e-05 8.2478e-05 4.372e-05 -0.00020264 4.372e-05 0.00020264 -3.2046e-18 -4.9678e-18 3.2046e-18 4.9678e-18
101.68 113.14 5.2268 1.8264 -0 0 0 0 -0 0 0 0 -0 0 0 0 -0 0 0 0 -0.035926 0.059465 0.068802 0.10076 -0.011452 0.042525 0.03136 0.048379 -0.00014743 0.051736 0.017931 0.051736 -0.0019699 0.0066481 0.0029879 0.0066481 -0.045804 -0.035515 0.18017 0.18093 0.08241 0.05853 0.36019 0.4766 -0.084367 0.026906 0.30378 0.52982 -0.06004 0.010477 0.082669 0.052904 -0.0138 -0.0088902 0.040889 0.030354 0.02697 -0.05909 0.22328 0.17777 -0.027425 -0.063619 0.16853 0.123 -0.01715 -0.0074488 0.044286 0.015125
79.916 123.45 5.5594 1.6978 -0 0 0 0 -0 0 0 0 -0 0 0 0 -0 0 0 0 0.0046363 0.068196 0.1168 0.16233 0.0064265 0.19671 0.16404 0.46917 -0.076133 0.066686 0.10473 0.12968 -0 0 0 0 0.074745 -0.029994 0.21811 0.16912 -0.053003 -0.12175 0.41102 0.51 -0.079928 -0.036958 0.19613 0.11682 -0.0044812 -0.00032991 0.0044812 0.00052094 0.01396 -0.013616 0.032719 0.028095 0.0064743 -0.0046204 0.11982 0.12337 -0.024634 0.00061706 0.087129 0.047058 -0.0018476 -0.00016363 0.0018476 0.00023549
107.7 129.19 5.8563 1.8416 -0.006336 0.02494 0.014854 0.024941 -3.6216e-06 -1.0053e-06 3.6216e-06 1.0053e-06 -0 0 0 0 -0 0 0 0 -0.054839 0.011506 0.21023 0.32663 0.021072 0.066667 0.21152 0.25532 -0.020558 0.17951 0.11614 0.38718 -0.043284 0.033569 0.047941 0.061303 -0.02568 -0.05018 0.16619 0.16744 0.090056 -0.047154 0.28874 0.20484 -0.025636 -0.1137 0.33832 0.3819 -0.045464 -0.020631 0.1229 0.057879 -0.0057097 -0.015288 0.020857 0.02785 0.024376 -0.016217 0.056021 0.052712 -0.006178 -0.0036832 0.10672 0.11741 -0.012381 -0.0029694 0.03554 0.017732
168.34 128.74 5.9596 1.4482 0 0 0 0 0 0 0 0 0 0 0 0 0 0 0 0 0 0 0 0 0.11057 0.11725 0.16321 0.19834 -0.0651 0.16758 0.24795 0.43318 0.058149 0.046165 0.17703 0.22273 0 0 0 0 0.09229 -0.081871 0.20887 0.16694 -0.044462 -0.082198 0.42093 0.41735 0.035103 -0.045694 0.17612 0.1387 0 0 0 0 0.021135 5.7695e-05 0.060531 0.054119 -0.0093657 -0.026282 0.11013 0.13689 -0.0046428 -0.010665 0.020895 0.022391
99.126 155.13 4.6196 3.579 -0.00089321 0.0030907 0.0043076 0.003638 0.01672 -0.0013527 0.020245 0.011595 0.025887 -0.04263 0.11048 0.11989 0.032155 -0.019556 0.19806 0.1767 -0.0049015 0.027969 0.086766 0.037606 0.054277 0.061776 0.10695 0.13778 -0.0053271 0.12957 0.19386 0.32036 -0.050117 -0.007616 0.16675 0.17242 0.0045488 -0.010241 0.11127 0.058528 0.018137 -0.022184 0.15747 0.14234 0.11142 0.0026356 0.52824 0.35753 -0.12173 -0.0069277 0.22389 0.081488 0.0076894 -0.011285 0.016467 0.017799 0.011322 -0.015853 0.046296 0.10101 0.041081 -0.079991 0.1514 0.17654 -0.030934 -0.021902 0.059313 0.027837
147 161.07 5.411 2.8608 0.0047448 0.014965 0.020607 0.019382 0.0026016 0.0098252 0.04531 0.056986 0.10207 0.052989 0.15438 0.17762 -0.06051 0.034715 0.11213 0.065258 0.0092415 -0.011628 0.099271 0.047246 0.034309 0.022247 0.19941 0.18569 0.14345 -0.069823 0.38458 0.42717 -0.10404 -0.040096 0.27734 0.1981 0.0033642 -0.0088097 0.018945 0.010565 0.041111 -0.05876 0.1344 0.10529 0.018335 -0.057438 0.11438 0.15694 -0.021012 0.057535 0.21367 0.18294 0.001667 0.0017577 0.0025255 0.0024797 0.0079353 0.0055365 0.015247 0.011997 0.065101 0.01573 0.16731 0.16497 0.024563 -0.0066243 0.25782 0.21028
61.527 101.56 7.4159 0.99295 0 0 0 0 0 0 0 0 0 0 0 0 0 0 0 0 0 0 0 0 0 0 0 0 0 0 0 0 0 0 0 0 0.0048544 0.016612 0.0048544 0.016612 0.066582 0.18285 0.4022 0.40059 -0.10843 0.054175 0.20321 0.19357 -0.004552 0.0041776 0.0058823 0.0050034 0.0053354 0.053183 0.15547 0.14898 -0.042006 -0.07196 0.47086 0.40513 -0.07176 0.002419 0.26653 0.16041 -0.012591 0.0073129 0.038092 0.012181
98.37 104.24 5.8283 1.7801 -0 0 0 0 -0 0 0 0 -0 0 0 0 -0 0 0 0 -0.01442 0.035803 0.020144 0.038683 -0.0014151 0.0032571 0.0014151 0.0032571 -0 0 0 0 -0 0 0 0 -0.045408 0.00082974 0.21906 0.25852 0.095153 0.097721 0.34007 0.55525 -0.131 0.068565 0.23234 0.39793 -0.02275 0.0032815 0.022826 0.01288 -0.016327 -0.02411 0.083582 0.056188 0.028307 -0.073788 0.26737 0.2439 -0.049164 -0.050476 0.17198 0.13558 -0.010917 -0.0017061 0.020825 0.0066516
186.16 109.49 6.3319 2.5114 -0 0 0 0 -0 0 0 0 -0 0 0 0 -0 0 0 0 -0 0 0 0 -0 0 0 0 -0 0 0 0 -0 0 0 0 0.027173 0.022333 0.038798 0.035465 0.069041 0.21977 0.39245 0.39679 -0.15046 0.097804 0.22576 0.13889 -0 0 0 0 0.01197 0.015967 0.11399 0.062841 0.06904 -0.045723 0.36963 0.38917 -0.13198 0.010728 0.32978 0.29871 -0.01117 0.013812 0.022424 0.019834
105.44 128.92 7.381 1.8016 -0.00044586 0.0069559 0.0061595 0.0069559 -0 0 0 0 -0 0 0 0 -0 0 0 0 -0.033874 0.031308 0.20556 0.29482 0.016413 0.095786 0.24006 0.25321 -0.055621 0.1464 0.16032 0.38882 -0.025563 0.013337 0.029575 0.031395 -0.016623 -0.045508 0.17549 0.15241 0.065295 -0.066008 0.3533 0.23915 -0.071682 -0.10699 0.32021 0.36066 -0.027275 -0.0072759 0.053781 0.029466 -0.0044244 -0.012267 0.019258 0.023442 0.02443 -0.011018 0.050066 0.06625 -0.012296 -0.005712 0.10242 0.11315 -0.0076638 -0.00147 0.014843 0.00722
167.89 128.96 7.0674 1.4389 0 0 0 0 0 0 0 0 0 0 0 0 0.0011982 -0.00015897 0.0011982 0.00015897 0 0 0 0 0.099351 0.08784 0.14675 0.19161 -0.06908 0.13159 0.25461 0.39311 0.069925 0.064468 0.2436 0.30575 0 0 0 0 0.08555 -0.068278 0.17734 0.16573 -0.053191 -0.088923 0.43396 0.36214 0.021942 -0.069291 0.23406 0.18062 0 0 0 0 0.021672 -0.0024465 0.050967 0.047192 -0.013845 -0.020214 0.093521 0.10886 0.00039611 -0.0088155 0.014899 0.015997
126.09 98.308 13.983 2.143 -0 0 0 0 -0 0 0 0 -0 0 0 0 -0 0 0 0 0.038498 0.014971 0.038498 0.034451 -0.027251 0.084543 0.16688 0.17214 -0.0089523 0.0024122 0.0089523 0.0024122 -0 0 0 0 0.060429 -0.0092782 0.091294 0.080041 0.075624 -0.056988 0.57005 0.55518 -0.082847 0.01496 0.31219 0.36591 -0.0037759 -4.3743e-05 0.0037759 0.0010056 0.002001 -0.0048337 0.0069306 0.0074053 0.025717 -0.037121 0.084603 0.099293 -0.020965 -0.035721 0.068589 0.073274 -0.00037421 -5.6801e-05 0.00037421 0.00013942
