42 64
75.34 126.53 2.2606 1.1285 0 0 0 0 0 0 0 0 0 0 0 0 0 0 0 0 0.029322 0.04388 0.044861 0.054333 0.045285 0.245 0.11816 0.34974 -0.064293 0.15552 0.082725 0.2221 -0.027064 0.030441 0.02743 0.039375 0.15179 0.059054 0.29337 0.23882 -0.051243 -0.10759 0.25795 0.47575 -0.10686 -0.064525 0.15371 0.2373 -0.050388 0.010151 0.081607 0.084226 0.0037421 0.011284 0.15498 0.17652 -0.031773 -0.036391 0.091336 0.1748 -0.029534 -0.027725 0.078482 0.09469 -0.012393 -0.011338 0.04763 0.030947
96.265 128.08 2.0571 2.3392 -0.0013988 0.00075818 0.0015725 0.0016433 -0.00026947 0.0002788 0.00026947 0.0002788 -0 0 0 0 -0 0 0 0 -0.01377 0.07525 0.19898 0.19801 -0.055234 0.097711 0.099734 0.11646 -0.0055703 0.093007 0.022576 0.0936 -0.0031423 0.013782 0.0031423 0.013782 0.06769 -0.040686 0.22792 0.12323 -0.009717 0.021901 0.40584 0.30771 0.059451 0.073707 0.36273 0.47121 -0.079227 0.060752 0.12454 0.13048 0.016867 -0.015487 0.068206 0.053072 -0.014253 -0.047796 0.12756 0.084226 0.069143 -0.067653 0.20067 0.12033 -0.052381 -0.018579 0.11582 0.089421
70.233 135.33 1.9638 5.5985 0 0 0 0 0.02358 0.027888 0.035922 0.031976 -0.0033154 0.03035 0.056699 0.066627 0.00096624 0.0023427 0.045106 0.067245 0.011044 0.003342 0.011044 0.003342 0.062086 0.06951 0.17383 0.087801 -0.037141 0.069354 0.12778 0.11669 -0.010665 0.034779 0.065634 0.082889 0.030004 -0.0026019 0.030004 0.008281 0.14239 0.087697 0.35252 0.22503 -0.13287 0.10129 0.35665 0.18516 -0.026757 0.017512 0.12223 0.070228 0.0025698 -0.00031237 0.0025698 0.0011157 0.17246 -0.10656 0.25651 0.19904 -0.077348 0.028181 0.36597 0.33991 -0.0013825 0.036394 0.21532 0.14203
142.02 136.77 2.1698 1.1599 0 0 0 0 0 0 0 0 0 0 0 0 0.0028151 0.0083708 0.0028684 0.0083708 -0.026829 0.2135 0.083393 0.23026 -0.022193 0.18779 0.15846 0.22783 -0.046698 0.052024 0.092206 0.17821 0.021622 -0.032478 0.1307 0.24539 -0.054204 -0.079966 0.25158 0.34111 -0.16947 -0.10291 0.43587 0.38655 -0.091133 -0.052098 0.1146 0.13931 -0.00151 -0.031289 0.017831 0.038099 -0.046139 -0.042655 0.11912 0.072348 -0.03844 -0.0379 0.10189 0.077482 -0.0072128 -0.0032049 0.0082617 0.0052594 0.00015052 -5.4022e-05 0.00021807 0.00010568
173.81 141.52 1.9841 2.6711 0.0093253 0.0020561 0.019936 0.033378 0.027952 0.014066 0.063031 0.10168 0.0050625 0.082642 0.051322 0.12875 -0.025376 0.027805 0.036872 0.035943 0.0093399 0.0015498 0.017087 0.03402 0.053238 0.042282 0.12221 0.17266 0.067772 0.028008 0.1599 0.16439 -0.046072 0.065682 0.24844 0.12158 0.021279 -0.004161 0.059979 0.11635 0.063143 -0.066773 0.11883 0.33183 0.12827 -0.0081055 0.20687 0.37875 -0.12764 0.062553 0.35392 0.19239 -0.011678 -0.00094498 0.040575 0.039178 0.022989 -0.0072483 0.082375 0.14205 0.12181 -0.042628 0.15558 0.22383 -0.061493 -0.029659 0.25359 0.18663
74.058 146.29 1.6261 5.8087 0.011924 0.017177 0.014014 0.018208 -0.005381 0.039692 0.047951 0.066079 0.016756 0.0032204 0.051539 0.10735 0.0054424 -0.018256 0.02651 0.091821 0.027075 0.071317 0.13201 0.096186 -0.0549 0.046509 0.13185 0.14788 -0.031701 -0.0032111 0.10997 0.21952 -0.0098696 -0.0090388 0.038557 0.10212 0.062987 0.10433 0.27244 0.15853 -0.090239 0.053334 0.32008 0.19807 -0.043136 0.02996 0.1394 0.16126 -0.0083407 0.032904 0.090127 0.097487 0.10599 0.0090421 0.28802 0.1922 -0.14379 0.13564 0.40862 0.23153 -0.049085 0.097077 0.17297 0.17087 -0.01447 -0.012906 0.099281 0.1029
173.78 149.2 2.0685 2.9736 -0.0038718 0.0017673 0.0047749 0.0090758 0.01279 -0.0058509 0.020349 0.060406 0.026938 0.0098946 0.078285 0.11243 -0.0095503 0.051226 0.053004 0.083902 -0.0086991 0.04415 0.027024 0.086631 0.0357 0.095094 0.064101 0.19201 0.07646 0.081442 0.20827 0.23704 0.043933 0.029893 0.117 0.10749 -0.074587 -0.015213 0.094216 0.10435 0.071065 -0.040073 0.096036 0.24153 0.13824 -0.020514 0.29212 0.39676 0.062739 0.11687 0.24233 0.22202 -0.017957 0.017093 0.083201 0.081306 -0.0066873 0.013767 0.098858 0.15704 0.078313 -0.012957 0.13192 0.20177 0.044372 -0.035737 0.32684 0.22542
167.59 151.7 2.0511 5.6184 -0.019889 0.032239 0.031759 0.049312 0.043536 0.0027672 0.09756 0.10553 -0.017655 -0.026433 0.13254 0.08354 0.090418 -0.06067 0.24284 0.10078 -0.145 0.1037 0.233 0.28408 -0.026302 0.051695 0.15334 0.24605 0.0092422 0.049659 0.08345 0.11358 0.035204 -0.074426 0.15174 0.13366 -0.11755 0.0023139 0.23225 0.30377 -0.079526 0.022896 0.14622 0.44416 -0.062822 -0.011825 0.13273 0.25369 -0.01323 -0.022975 0.035694 0.044191 -0.026209 -0.030176 0.10886 0.087944 -0.069848 0.00019369 0.11135 0.13415 -0.015128 0.0025755 0.059227 0.074476 -0.006643 0.0044216 0.015558 0.013129
64.429 158.4 1.9621 2.9318 -0.0038713 0.019167 0.056651 0.092736 0.036149 -0.030807 0.080037 0.16886 0.058992 -0.048699 0.1082 0.234 0.079314 -0.076493 0.1867 0.2065 -0.041527 0.061012 0.1169 0.28251 -0.028641 0.030376 0.10381 0.46682 0.055299 -0.039454 0.13396 0.40033 0.07831 -0.057713 0.16543 0.23962 0.019752 -0.097524 0.052624 0.17025 -0.069281 -0.089868 0.10489 0.27576 -0.0087434 -0.049994 0.069974 0.1303 0.0010562 -0.06508 0.048172 0.092463 0.0015162 -0.0073887 0.0015602 0.0073887 -0.0017353 -0.021549 0.0051553 0.02171 -0.0013501 -0.0028118 0.0014488 0.0028563 -0 0 0 0
97.861 162.44 2.0626 4.2508 -0.017795 -0.0025095 0.05926 0.05625 -0.0030372 -0.00056605 0.010013 0.013489 -0.00011202 0.0052964 0.0012646 0.0052964 0.0004009 0.00055082 0.00041499 0.00055082 -0.016091 -0.0060475 0.065975 0.040845 0.033506 0.041844 0.087422 0.078118 0.043949 0.065866 0.20029 0.16193 -0.022353 0.021348 0.034841 0.033061 0.035066 0.02559 0.092868 0.043459 0.076115 0.038267 0.28581 0.31405 -0.070296 0.0021702 0.2736 0.26665 0.019128 0.044577 0.16267 0.14095 0.032969 0.0139 0.1115 0.05035 0.010747 0.031386 0.15266 0.14543 0.10395 0.15945 0.28384 0.33565 -0.0043191 0.14489 0.15408 0.39784
61.265 165.01 2.113 2.4548 0.0088913 0.012824 0.038933 0.091925 0.0055224 -0.032478 0.14909 0.25383 0.021324 -0.053972 0.21322 0.26718 0.0090089 -0.083925 0.17793 0.15471 -0.0085181 0.11854 0.081251 0.33019 -0.038178 0.13216 0.1727 0.4435 -0.10371 -0.017948 0.18379 0.26954 -0.017689 -0.044605 0.048731 0.060481 -0.029922 -0.12298 0.063905 0.19306 -0.053531 -0.16692 0.089443 0.28359 -0.076852 -0.090936 0.082295 0.14244 -0.0022846 -0.0015573 0.0022846 0.0021905 -0.0011524 -0.011406 0.0020828 0.011406 -0.00095129 -0.0039957 0.00097275 0.0039957 -8.2155e-05 -0.00010019 8.2155e-05 0.00010019 -0 0 0 0
189.55 168.95 1.8936 3.2311 -1.3275e-16 2.7608e-16 4.1808e-16 3.2093e-16 -1.4304e-17 1.5932e-16 1.4304e-17 1.5932e-16 0 -0 0 0 0 -0 0 0 0.0075411 0.013676 0.0075411 0.013676 0.0064561 0.079811 0.035909 0.090741 -0.018164 0.018372 0.020304 0.042178 0.015732 0.026607 0.025309 0.058344 0.057487 0.062194 0.075073 0.086449 -0.066775 0.062453 0.14087 0.2109 -0.040938 0.035301 0.04414 0.093993 0.019038 -0.0056822 0.025679 0.065992 0.1156 0.18473 0.36646 0.29671 -0.1579 0.20316 0.39811 0.44553 -0.050748 -0.0007742 0.11487 0.27468 0.031645 0.054599 0.12454 0.24476
188.02 171.36 2.1844 3.2723 -2.2228e-16 3.6859e-16 1.2249e-15 9.6811e-16 -2.6317e-16 6.427e-16 7.6936e-16 9.2687e-16 0 -0 0 0 0 -0 0 0 0.010548 0.012635 0.010548 0.012635 0.017571 0.083662 0.047199 0.099775 -0.029677 0.028376 0.036928 0.07147 0.010208 0.0071624 0.015812 0.028318 0.056314 0.070425 0.077055 0.088285 -0.036291 0.12129 0.12775 0.23806 -0.062899 0.092666 0.069421 0.1679 0.0060243 0.024006 0.022692 0.055596 0.1354 0.16651 0.38802 0.29566 -0.16329 0.15675 0.43192 0.4231 -0.078524 -0.024801 0.11311 0.21096 0.048632 0.0052647 0.10046 0.18044
165.03 175.81 2.2097 1.0567 -0.009963 -0.0082284 0.042159 0.018648 0.020413 -0.016912 0.056006 0.046349 -0.015111 -0.012465 0.050378 0.064182 -0.00191 0.0022003 0.0044414 0.0046669 0.02557 0.019144 0.065076 0.055498 0.05421 0.19634 0.11794 0.22385 -0.012908 0.19918 0.07693 0.2692 0.022859 0.091439 0.065807 0.1803 0.035857 -0.0047742 0.046845 0.053937 0.091687 -0.11434 0.13477 0.42823 -0.0086538 -0.098731 0.12141 0.55925 -0.045389 -0.069103 0.1141 0.30391 0.0034649 -0.012 0.008454 0.014839 0.010563 -0.042785 0.021925 0.071814 -0.0036201 -0.061835 0.024467 0.11229 -0.0073387 -0.02171 0.013279 0.045688
184.77 175.57 1.8823 3.3789 1.0248e-17 -2.1608e-17 1.1653e-15 7.2336e-16 -3.6619e-16 1.6886e-16 1.4057e-15 9.8524e-16 -2.0597e-16 7.6331e-17 4.5563e-16 3.7296e-16 0 -0 0 0 0.0027035 0.0043184 0.0041455 0.0043184 0.033419 0.052702 0.040431 0.063542 -0.025518 0.038375 0.048259 0.094823 -0.0077254 0.0028692 0.0077989 0.017548 0.039382 0.067774 0.083352 0.093078 0.023952 0.18101 0.16305 0.24816 -0.081548 0.10387 0.10037 0.18682 -0.016673 0.034707 0.017128 0.045027 0.11201 0.11512 0.30509 0.23387 -0.073316 0.12015 0.50124 0.48995 -0.12758 -0.049689 0.14028 0.17521 0.027247 -0.0093387 0.055648 0.09637
70.156 178.24 2.1376 5.7808 0 0 0 0 0 0 0 0 0 0 0 0 0 0 0 0 0.027315 0.051058 0.05086 0.15039 0.017029 0.17195 0.071342 0.2403 -0.039314 0.22064 0.08871 0.25778 -0.041827 0.099923 0.0485 0.10221 0.022457 -0.021278 0.090661 0.26909 0.026574 -0.16706 0.11489 0.48053 0.034482 -0.13098 0.19234 0.40393 -0.035046 -0.02091 0.13354 0.2137 -0.0079261 0.041428 0.064276 0.14657 -0.0058219 -0.001435 0.047896 0.14136 0.013057 -0.041318 0.083355 0.13839 0.0078732 -0.038174 0.071505 0.085919
185.49 182.47 1.9789 3.9615 0 -0 0 0 -3.6891e-16 -8.604e-16 1.4592e-15 1.1385e-15 3.6195e-16 -1.3301e-17 9.7672e-16 6.312e-16 6.8258e-17 -1.2203e-17 9.6342e-17 1.7892e-17 0.0012403 0.018 0.0085964 0.023781 -0.0012765 0.037924 0.014974 0.047045 -0.0060423 0.045771 0.011574 0.045771 -0.0020877 0.0058492 0.0021687 0.0058492 -0.0002567 0.12395 0.12235 0.33802 -0.045283 0.18791 0.13462 0.3217 -0.041351 0.030108 0.063222 0.14232 -0.018992 0.0010986 0.022165 0.030831 0.0052192 0.023369 0.19151 0.53894 -0.16046 -0.040888 0.23233 0.45755 -0.086961 -0.0096888 0.11949 0.13363 -0.0064204 -0.0010892 0.0098729 0.010435
88.242 185.65 2.0484 2.3591 0.00092273 -0.0006092 0.00092273 0.00091918 -0.0095025 0.012661 0.023294 0.029339 0.0099114 -0.0018664 0.046519 0.046772 0.035744 -0.065901 0.081529 0.095645 0.032135 0.028566 0.047145 0.047721 -0.0026595 0.10919 0.13948 0.24711 0.0071168 0.13784 0.13165 0.36061 0.012523 0.090134 0.052907 0.24999 0.049503 -0.038967 0.062471 0.071728 0.155 -0.033756 0.22004 0.33923 -0.015856 0.058951 0.22883 0.46656 0.0029753 0.04242 0.10463 0.30149 0.0014776 -0.0035607 0.0014776 0.0035607 0.029098 -0.055537 0.030404 0.061525 0.01794 -0.11699 0.038637 0.13086 -0.0090978 -0.076098 0.026108 0.082095
138.03 188.36 1.977 5.0366 0 0 0 0 -0.00034987 0.0011583 0.00034987 0.0011583 -0.0010343 0.0032265 0.0010343 0.0032265 -3.5493e-05 0.0001056 3.5493e-05 0.0001056 -0.00010064 0.00029942 0.00010064 0.00029942 0.019981 0.034919 0.033323 0.069721 0.044508 0.074815 0.16325 0.31384 -0.034552 0.055362 0.065904 0.11117 -3.2186e-05 9.576e-05 3.2186e-05 9.576e-05 0.10054 -0.0067119 0.10999 0.20899 0.089704 -0.052888 0.26437 0.61821 -0.01933 0.10769 0.21417 0.41277 0 0 0 0 0.0078508 -0.015896 0.0078508 0.015896 0.048587 -0.069895 0.061011 0.099556 0.091946 -0.060399 0.14735 0.16222
93.422 193.25 2.1743 2.2836 -0 0 0 0 0.0083938 0.0071249 0.013848 0.010798 -0.0017152 0.026959 0.039614 0.057185 0.0014262 -0.004199 0.036878 0.045875 0.0081144 0.004925 0.014728 0.012748 0.061048 0.11165 0.14494 0.16518 0.030188 0.20587 0.17225 0.40713 0.024003 0.11319 0.1074 0.36498 0.0018866 -0.0010163 0.0046352 0.003192 0.057878 -0.066299 0.09616 0.13483 0.20307 -0.13582 0.26058 0.44514 0.002948 -0.093644 0.14286 0.35562 -0 0 0 0 0.00040945 -0.0021413 0.00097796 0.0021413 0.022062 -0.051606 0.024507 0.054532 0.0031644 -0.050209 0.012289 0.051846
108.47 136.22 2.9381 1.9448 -0.0085742 0.010328 0.0085742 0.010328 -0 0 0 0 -0 0 0 0 -0 0 0 0 -0.013349 -0.00071846 0.081211 0.16953 0.04508 0.079115 0.14027 0.24139 0.026692 0.1952 0.14128 0.24766 0.0028813 0.20392 0.16776 0.3036 0.014416 -0.016112 0.029381 0.049648 0.11293 -0.061478 0.19017 0.2419 0.041363 -0.068575 0.35523 0.38653 0.033344 -0.085084 0.23824 0.29423 0.00082453 -0.0001417 0.00082453 0.00025067 0.029083 -0.011893 0.0697 0.058369 0.010352 -0.041283 0.10754 0.1232 -0.0034654 -0.037092 0.067627 0.058267
89.605 148.85 2.6991 4.9286 0.0072016 -0.0086188 0.053591 0.032024 -0.012938 -0.0092741 0.058111 0.052172 -0.0041161 0.010372 0.024234 0.027101 -0.0011092 0.0023011 0.0041764 0.0036987 0.013714 0.024543 0.10385 0.045297 0.02433 0.050529 0.14258 0.1018 -0.015734 0.025767 0.14833 0.15108 -0.018854 0.0051975 0.042163 0.02838 0.054027 0.070074 0.159 0.13022 0.0087906 0.18342 0.28569 0.32532 -0.054923 0.1061 0.33626 0.42032 -0.05356 0.031002 0.12545 0.21429 0.051015 -0.061369 0.069833 0.10586 -0.035888 -0.13151 0.20094 0.32496 -0.027444 -0.095254 0.091448 0.17917 -0.007669 -0.029723 0.043874 0.10518
103.67 148.28 2.8497 4.4996 -0.011811 -0.004215 0.024513 0.024977 0.002086 0.018557 0.027355 0.021616 -0.0046771 0.0059064 0.0090149 0.0059064 0 -0 0 0 0.01836 0.023662 0.075664 0.063179 -0.030379 0.04146 0.16851 0.1869 -0.0099333 0.034279 0.085284 0.10563 0.0046683 0.048947 0.026598 0.055346 0.02136 0.063434 0.12393 0.13009 0.044638 0.095173 0.32016 0.41606 -0.12409 0.0013074 0.22976 0.43386 -0.019011 -0.018176 0.06566 0.15282 0.050687 -0.019944 0.12206 0.2216 -0.13435 -0.097714 0.2835 0.32055 -0.030876 -0.04662 0.037434 0.063008 -0.0014168 -0.0011933 0.0014168 0.0012733
153.57 163.84 2.7549 0.87868 0.0067576 0.043843 0.10825 0.2137 -0.079801 -0.0022005 0.15502 0.15414 -0.0082788 -0.0069576 0.0099409 0.011196 0.00096613 -0.0023834 0.0016779 0.0025423 -0.034069 -0.075071 0.19237 0.10277 -0.03346 0.00085326 0.14274 0.12598 -0.015749 0.015262 0.0276 0.026526 -2.5163e-05 0.018133 0.0082972 0.018133 0.0044763 -0.014866 0.097972 0.063721 0.057206 0.1665 0.13248 0.23954 0.0207 0.22755 0.20479 0.40758 -0.041654 0.062702 0.2334 0.28887 0.021757 -0.00044639 0.026279 0.034215 0.0756 -0.064843 0.11559 0.24402 -0.054862 -0.10827 0.17799 0.33643 -0.034816 -0.043458 0.079748 0.11756
156.56 174.43 2.8157 1.0973 -0.011592 -0.050802 0.114 0.065976 -0.037849 -0.024721 0.088044 0.071697 -0.0071994 0.0018934 0.0096646 0.0065371 4.6823e-06 -2.399e-06 4.6823e-06 2.399e-06 0.0043064 -0.0016301 0.10492 0.057877 0.0013902 0.084236 0.12441 0.20046 0.010957 0.12218 0.074796 0.1664 -0.021589 0.029958 0.051112 0.073597 0.061299 -0.0045793 0.076484 0.086618 0.049304 0.0029822 0.1526 0.47729 -0.072698 -0.03475 0.23849 0.63319 -0.066361 -0.027741 0.1169 0.21639 0.007181 -0.013675 0.0089922 0.016495 0.011234 -0.075412 0.02664 0.079546 -0.018015 -0.05979 0.036554 0.099718 -0.0059551 -0.0096765 0.0089598 0.022162
81.207 188.48 2.6073 2.3458 0.00050989 -0.00052063 0.00050989 0.00052063 0.0070616 -0.0059627 0.027917 0.028503 0.033241 -0.054845 0.12974 0.1309 0.023229 -0.046491 0.14767 0.17722 0.040531 0.010878 0.048831 0.058717 0.080371 0.14104 0.21557 0.36956 -0.0029737 0.22474 0.1636 0.4373 -0.01988 0.062205 0.18242 0.31578 0.010117 -0.0079278 0.011451 0.013025 0.075996 -0.1341 0.10717 0.22257 -0.014407 -0.1955 0.10182 0.34126 -0.032922 -0.083538 0.054053 0.14171 -0 0 0 0 -1.5155e-06 -0.00014549 1.5155e-06 0.00014549 -0.00010265 -0.0015959 0.00010265 0.0015959 -1.8131e-05 -0.00010248 1.8131e-05 0.00010248
71.794 194.34 2.8377 5.36 0 0 0 0 0 0 0 0 0 0 0 0 0 0 0 0 0 0 0 0 0.0059481 0.030525 0.0059481 0.030525 0.0028088 0.02367 0.0028088 0.02367 5.0529e-05 0.0001963 5.0529e-05 0.0001963 0.07698 0.11118 0.13941 0.20813 0.043376 0.12475 0.22872 0.55878 -0.12505 0.043451 0.24681 0.50083 -0.054249 0.016388 0.074982 0.08204 0.0047866 -0.032016 0.17413 0.19403 -0.030246 -0.096511 0.11709 0.23746 -0.020803 -0.078073 0.080345 0.15946 -0.0085798 -0.01057 0.020738 0.026361
71.502 114.42 3.2155 1.1867 0 0 0 0 0 0 0 0 0 0 0 0 0 0 0 0 0 0 0 0 0 0 0 0 0 0 0 0 0 0 0 0 0.036049 0.017508 0.036049 0.017508 0.083102 0.33589 0.22012 0.36482 -0.13727 0.2425 0.17348 0.34303 -0.026458 0.023774 0.028373 0.03081 0.1056 0.087635 0.13999 0.13426 -0.002158 -0.024256 0.35582 0.44087 -0.095153 -0.052118 0.17907 0.19449 -0.038089 -0.00077239 0.061646 0.046308
180.02 144.44 3.5788 3.5544 0.0020306 0.01247 0.0084397 0.018389 -0.0031961 0.003433 0.0038635 0.0088348 0 -0 0 0 0 -0 0 0 -0.076113 0.067404 0.20577 0.25478 -0.023325 0.05008 0.11921 0.15612 -0.025917 0.07823 0.095878 0.10395 -0.0058271 0.00426 0.0058271 0.00426 -0.076989 -0.075546 0.19555 0.25697 0.13798 0.12896 0.34255 0.30881 -0.13953 0.10315 0.35646 0.25616 -0.027649 -0.0010899 0.032933 0.013272 0.00059868 -0.0090483 0.014547 0.018596 0.06655 -0.084776 0.30045 0.22516 -0.096108 -0.091172 0.15974 0.16651 -0.0052487 -0.0028635 0.0060986 0.0037267
76.378 163.83 3.592 2.371 0.013025 -0.0025462 0.017093 0.018448 0.1273 -0.041243 0.25315 0.22639 0.079877 -0.022597 0.38432 0.4865 -0.12392 0.038527 0.21719 0.16451 0.0045311 0.0033231 0.014526 0.018914 0.064872 -0.057553 0.15068 0.14697 0.082461 -0.13592 0.24749 0.27663 -0.071033 -0.076756 0.16221 0.10619 0.029954 0.0041655 0.058207 0.112 -0.0010203 -0.003838 0.089575 0.22482 -0.047448 -0.028293 0.11228 0.15555 -0.0089753 -0.010683 0.017431 0.01478 0.0051045 -0.01259 0.006649 0.01472 -0.0010921 -0.031773 0.010358 0.040707 -0.0053719 -0.011538 0.006034 0.013225 -0.0002828 -0.00027216 0.0002828 0.00027216
164.07 162.88 3.2538 0.9438 0.035557 -0.018154 0.093689 0.11468 -0.081325 -0.076432 0.19296 0.24725 -0.045121 -0.020441 0.06023 0.0571 -8.6654e-05 0.00019372 8.6654e-05 0.00019481 0.017655 -0.05299 0.14052 0.083426 -0.041978 -0.047593 0.19495 0.11754 -0.02153 0.0088311 0.1049 0.1203 0.0066879 0.044881 0.034583 0.057853 0.010805 -0.0087196 0.039462 0.026712 0.099834 0.0483 0.15589 0.19162 0.045583 0.16035 0.1982 0.52895 -0.029173 0.06423 0.23613 0.39862 0.0073446 -0.0017228 0.0080803 0.011643 0.036537 -0.040384 0.047166 0.079902 0.0096647 -0.11666 0.090783 0.20496 -0.029751 -0.057624 0.059741 0.11041
181.71 162.22 3.6348 2.3318 -0 0 0 0 0.0035024 0.002789 0.0044491 0.0047839 0.029499 0.02967 0.03246 0.055358 -0.015552 0.055345 0.042761 0.06736 0.00070538 0.000493 0.00070538 0.000493 0.0091051 0.024499 0.035086 0.031608 0.12596 -0.0028745 0.18267 0.23709 -0.013027 0.046872 0.32312 0.25365 0.01011 0.0003537 0.01011 0.0023302 0.084091 0.13695 0.2555 0.18027 -0.068173 0.058167 0.31894 0.2491 0.024536 -0.099412 0.19066 0.18525 0.0031251 -0.00049874 0.0031251 0.00085331 0.13964 -0.056754 0.23686 0.15804 -0.12095 0.0063667 0.37906 0.25437 -0.014117 -0.0031157 0.025161 0.020498
67.798 169.42 3.8981 2.3853 0.018697 -0.0051795 0.029213 0.024103 0.096514 -0.090848 0.25171 0.25291 0.12635 -0.18136 0.3713 0.4415 -0.11211 -0.052371 0.22012 0.14983 0.016455 0.066109 0.060839 0.10038 0.025039 0.076474 0.14555 0.23134 -0.0099306 -0.07884 0.23659 0.29705 -0.045091 -0.063792 0.093856 0.072107 0.031675 -0.032549 0.05022 0.10832 -0.016386 -0.082077 0.092637 0.25669 -0.042506 -0.03848 0.060201 0.10223 -0.002137 -0.0014662 0.0025093 0.0022749 8.8216e-05 -0.0010701 8.8216e-05 0.0010701 -5.7604e-05 -0.0037712 0.00060687 0.0037712 3.7709e-05 -0.00020794 5.6487e-05 0.00020794 -0 0 0 0
80.149 128.31 4.9747 1.8628 -0 0 0 0 -0 0 0 0 -0 0 0 0 -0 0 0 0 0.030185 0.040966 0.058852 0.10072 0.04018 0.21851 0.26243 0.46404 -0.090566 0.095309 0.14169 0.17994 -0.0010866 0.0002442 0.0010866 0.0002442 0.075078 -0.043543 0.13075 0.17333 0.029684 -0.15762 0.33863 0.49171 -0.12613 -0.070939 0.24796 0.18472 -0.0074993 -0.00029236 0.0074993 0.0013269 0.0093237 -0.0016475 0.022657 0.028428 0.012184 0.0058121 0.082024 0.1096 -0.028519 -0.0090675 0.06046 0.045873 -0.00073567 -0.00020336 0.00073567 0.00020336
157.13 136.46 5.5227 4.9443 -0.016543 0.016041 0.034901 0.042861 0.062898 -0.020855 0.084088 0.12723 -0.020892 0.0078285 0.28828 0.35746 -0.034783 0.0056311 0.042566 0.033596 -0.068215 -0.012673 0.11259 0.17758 0.11333 0.092954 0.22484 0.30218 -0.074087 0.067396 0.37679 0.37534 -0.030782 -0.0085359 0.049186 0.033314 -0.0071174 -0.017557 0.010953 0.020486 0.11079 -0.087305 0.16495 0.21017 -0.082534 -0.12274 0.22186 0.28133 -0.016683 -0.0045516 0.01941 0.015283 0 0 0 0 0.00056692 -0.001052 0.00056692 0.001052 -2.4602e-05 -0.0056628 0.0015545 0.0056628 -3.0087e-05 -0.00017745 3.9006e-05 0.00017745
63.524 195.73 5.1304 5.4265 0 0 0 0 0 0 0 0 0 0 0 0 0 0 0 0 0 0 0 0 1.7946e-05 0.00025121 1.7946e-05 0.00025121 1.2187e-05 0.00017059 1.2187e-05 0.00017059 0 0 0 0 0.033205 0.013867 0.038024 0.042824 0.079978 0.056576 0.18925 0.49119 -0.10843 0.032962 0.19765 0.47192 -0.01539 0.0037073 0.017698 0.020804 0.056471 0.16592 0.22179 0.20747 -0.069519 0.11801 0.28509 0.41197 -0.053092 -0.0145 0.10756 0.15199 0.0098684 0.027416 0.025654 0.03488
61.733 110.38 6.7557 1.0466 0 0 0 0 0 0 0 0 0 0 0 0 0 0 0 0 0 0 0 0 0 0 0 0 0 0 0 0 0 0 0 0 0.010179 0.0086184 0.010179 0.0086184 0.14898 0.21057 0.4971 0.52008 -0.14772 0.065528 0.20948 0.22165 -0.0020883 0.0019015 0.0022726 0.0019015 -0.017592 0.060069 0.097705 0.18266 0.043938 -0.11601 0.31387 0.28665 -0.045121 -0.016263 0.19621 0.10984 -0.012701 0.0027152 0.019719 0.007001
160.94 135.18 6.9216 1.0473 0 0 0 0 0 0 0 0 0.0029279 0.0017339 0.0029279 0.0017339 0.035489 0.042621 0.1173 0.11111 0 0 0 0 0.10962 0.11272 0.16616 0.2631 -0.068385 0.068639 0.1526 0.29625 0.026041 -0.072604 0.14266 0.15981 0 0 0 0 0.12301 -0.082745 0.25764 0.2417 -0.068819 0.13484 0.30553 0.54144 -0.033371 0.025375 0.054697 0.08814 0 0 0 0 0.029751 -0.012928 0.035299 0.032034 -0.0069188 -0.079624 0.12015 0.28118 -0.029018 -0.017507 0.033259 0.052699
54.217 153.29 8.1519 5.5606 0 0 0 0 0 0 0 0 0 0 0 0 -1.6763e-18 -1.9013e-18 7.9586e-18 9.0272e-18 0 0 0 0 0.0067854 0.006113 0.0067854 0.006113 0.017577 0.035221 0.061933 0.16048 -0.020635 0.010166 0.028273 0.051793 0 0 0 0 0.16916 0.03631 0.34035 0.2871 -0.11849 0.081294 0.42965 0.516 -0.025499 0.033078 0.074246 0.10337 0 0 0 0 0.049058 -0.06599 0.086267 0.10339 0.011461 -0.086676 0.21475 0.2208 0.086944 0.089267 0.25852 0.19304
190.18 109.23 9.8086 2.3177 -0 0 0 0 -0 0 0 0 -0 0 0 0 -0 0 0 0 -0 0 0 0 -0 0 0 0 -0 0 0 0 -0 0 0 0 0.016695 0.0066896 0.016695 0.0069227 0.10137 0.12256 0.42855 0.43819 -0.11175 0.016288 0.29814 0.28335 -0 0 0 0 0.039146 -0.0039467 0.039146 0.010635 -0.030278 -0.062163 0.38982 0.34155 0.055552 -0.04282 0.21277 0.2366 -0.051726 0.01915 0.11451 0.13243
87.316 136.01 9.7446 2.7417 0.034261 0.044254 0.2095 0.15314 -0.08493 0.02024 0.42276 0.27156 -0.029086 0.0057515 0.029086 0.0098662 -0 0 0 0 -0.0025352 -0.077473 0.20487 0.1367 0.033536 0.024442 0.42882 0.35668 -0.097671 0.085906 0.20532 0.19102 -0 0 0 0 0.016758 -0.0040982 0.021478 0.031211 0.066495 -0.088062 0.20873 0.26918 -0.072199 -0.069389 0.16276 0.1606 -0 0 0 0 0.0013436 -0.0021807 0.0013436 0.0021807 -0.001749 -0.010164 0.0054647 0.011796 -0.00091642 -0.0012308 0.00091642 0.0013759 -0 0 0 0
129.14 106.84 19.617 2.8959 -0 0 0 0 -0 0 0 0 -0 0 0 0 -0 0 0 0 0.04891 0.021855 0.055937 0.073262 -0.0070635 0.01216 0.38383 0.58642 -0.026666 0.0032998 0.056073 0.065565 -0 0 0 0 0.024676 -0.0069197 0.026279 0.036786 0.019487 -0.09555 0.39399 0.53618 -0.054432 -0.0097834 0.11548 0.12598 -0 0 0 0 0.00075073 -0.00037747 0.00075073 0.0010405 0.0010605 -0.022437 0.021008 0.028053 -0.0028865 -0.0062362 0.0068824 0.0062364 -0 0 0 0
