23 64
116.46 118.82 2.1859 1.5204 0 0 0 0 0 0 0 0 0 0 0 0 0 0 0 0 -0.010856 0.13806 0.041842 0.14467 0.048271 0.20918 0.10459 0.30428 -0.039555 0.20768 0.074069 0.26038 -0.023635 0.038052 0.030299 0.039069 0.01514 -0.070047 0.12909 0.28396 -0.055163 -0.13024 0.24601 0.52907 -0.02067 -0.12814 0.16392 0.3867 -0.065902 -0.014638 0.08411 0.075657 0.0062143 -0.033815 0.014575 0.035127 -0.011631 -0.043924 0.026384 0.055778 0.0069592 -0.024958 0.018399 0.034375 0.0052491 0.010812 0.020342 0.036906
145.56 123.57 2.1642 1.8282 -0 0 0 0 -0 0 0 0 -0 0 0 0 -0 0 0 0 -0 0 0 0 0.10642 0.094425 0.14271 0.19599 0.070648 0.23165 0.20475 0.45064 -0.064143 0.19957 0.13724 0.25692 -0.0024616 0.0092147 0.0049541 0.0092147 0.092047 -0.078528 0.10449 0.1583 0.066623 -0.18962 0.17254 0.37569 0.063522 -0.13545 0.19736 0.31299 -0.064091 0.078467 0.16947 0.135 -0.02746 0.029112 0.049528 0.052355 0.0008162 -0.0046126 0.0034233 0.0062343 0.015539 -0.032315 0.020325 0.036634
113.48 125.78 1.7584 4.7542 -0.015166 -0.046932 0.054052 0.078142 -0.0065359 -0.039298 0.038115 0.14875 0.00078471 -0.039776 0.023175 0.10752 -0.0042616 -0.024058 0.0159 0.049773 0.037692 0.024414 0.040143 0.044404 -0.031622 0.12348 0.082666 0.14005 0.049251 0.15237 0.10639 0.23503 -0.026762 0.10462 0.05634 0.12431 0.048456 -0.021498 0.04855 0.03629 0.093061 -0.082434 0.1713 0.39628 -0.0087883 -0.089897 0.27618 0.57898 0.0067076 -0.043184 0.16319 0.32238 0.0013637 -0.0021726 0.0013705 0.0021726 0.011233 -0.04009 0.012624 0.040381 -0.0043723 -0.056964 0.021606 0.058633 0.009164 -0.044265 0.016673 0.046004
146.03 152.85 1.9846 0.53454 -0.030066 -0.013969 0.031947 0.018717 0.022338 -0.00027223 0.039436 0.025847 0.0011137 -0.015748 0.2602 0.14656 0.037683 -0.005427 0.11105 0.071363 0.023886 0.018024 0.030359 0.033312 -0.0049334 0.050613 0.13828 0.16091 0.027673 0.016393 0.17699 0.2099 0.012048 0.027053 0.14414 0.10579 0.10491 0.11347 0.20341 0.22828 -0.06328 0.22115 0.23603 0.45414 -0.0015142 0.15595 0.16752 0.24185 -0.056391 -0.012574 0.10667 0.10131 0.069517 -0.04932 0.089627 0.089867 0.03028 -0.087956 0.16223 0.22354 -0.059917 -0.07636 0.10992 0.14056 -0.049277 -0.031167 0.057995 0.047703
100.1 160.13 2.1192 5.0563 0.0030978 0.0063551 0.0030978 0.0063551 -0.0020236 0.032118 0.0095551 0.032186 0.00095432 0.017613 0.016824 0.019122 -0.0018652 0.0040417 0.0057468 0.0053568 0.059629 0.044114 0.071178 0.081694 0.016811 0.13425 0.11562 0.22009 -0.056185 0.068099 0.14847 0.18919 0.040571 0.089067 0.10282 0.13794 0.1072 0.068914 0.16694 0.15399 -0.059629 -0.03306 0.2403 0.35232 -0.050349 -0.0088892 0.14347 0.35679 0.045726 -0.020241 0.09676 0.22117 0.038289 -0.050268 0.077553 0.09356 -0.036011 -0.057439 0.14584 0.24811 0.01342 -0.016486 0.12572 0.36722 0.013314 0.004993 0.074625 0.2566
89.094 162.17 1.9474 5.5997 0 0 0 0 0 0 0 0 0 0 0 0 0 0 0 0 0.0022991 0.00089706 0.0022991 0.0020016 0.045315 0.088806 0.05206 0.11699 -0.040351 0.10548 0.05633 0.11706 -0.005298 0.0046636 0.005298 0.0046636 0.10795 0.13247 0.11007 0.15973 0.036478 0.21789 0.20287 0.45229 -0.12376 0.12915 0.21652 0.3051 -0.038537 0.027605 0.07855 0.087306 0.083621 -0.035497 0.11589 0.1732 -0.043783 -0.10666 0.18075 0.37537 -0.061004 -0.062207 0.14684 0.2987 0.0071794 0.053564 0.11465 0.14686
105.19 170.26 1.9842 5.4342 -0.00089465 0.0046545 0.0012341 0.0046545 -0.0002872 0.00032628 0.0002872 0.00032628 0 0 0 0 0 0 0 0 -0.020245 0.093421 0.090561 0.1677 -0.062339 0.1089 0.10521 0.14216 -0.015724 0.032156 0.033488 0.055404 -0.00065147 -0.00018668 0.00077425 0.00038153 -0.053398 0.01786 0.14844 0.34542 -0.13034 0.09203 0.24315 0.36797 -0.0010443 0.20375 0.18875 0.29436 -0.04351 0.092877 0.078931 0.097954 -0.03712 -0.018206 0.16654 0.26554 -0.013531 0.019206 0.18814 0.31977 0.05025 -0.024023 0.17883 0.2259 -0.042616 0.013564 0.10166 0.10366
156.62 171.84 1.6114 4.3955 7.8095e-17 -2.5612e-17 7.8095e-17 2.5612e-17 -2.2941e-16 4.4472e-16 1.7493e-15 1.2123e-15 -1.8836e-16 1.8112e-16 1.8836e-16 1.8112e-16 0 -0 0 0 0.015888 0.032354 0.018192 0.04145 0.016634 0.1191 0.059097 0.14632 -0.016844 0.098492 0.030281 0.099773 -0.002599 0.0051669 0.0028323 0.0051669 0.040032 0.10172 0.13622 0.16457 0.11727 0.17137 0.1967 0.30734 -0.13125 0.27143 0.20261 0.32007 -0.11642 0.11097 0.1214 0.11187 0.005357 -0.055668 0.074206 0.14605 0.082561 -0.13794 0.15017 0.2989 0.042405 -0.0090626 0.19664 0.36417 -0.14194 0.030411 0.16318 0.16256
134.02 120 3.1095 1.6832 -0 0 0 0 -0 0 0 0 -0 0 0 0 -0 0 0 0 0.017651 0.01797 0.020004 0.022656 0.06163 0.18351 0.12324 0.28073 -0.014687 0.21728 0.11614 0.31495 -0.0268 0.10368 0.048438 0.14047 0.028606 0.0082132 0.042897 0.059905 0.062408 -0.12746 0.12609 0.33039 0.00035372 -0.1602 0.20596 0.50958 -0.043368 -0.062165 0.14222 0.29547 -0.056076 0.048909 0.13467 0.11156 0.0039721 0.02172 0.055946 0.098181 -0.0024979 0.031262 0.040265 0.13871 0.0071774 0.012501 0.040981 0.08766
104.71 122.59 2.8873 4.7969 0.042736 -0.01028 0.049877 0.024015 -0.021403 -0.086041 0.16692 0.16867 -0.0039667 -0.052168 0.068929 0.20055 -0.0049051 -0.032149 0.03677 0.1348 0.0037988 -0.0061728 0.0052386 0.0063577 0.086061 0.017446 0.13089 0.15654 0.020354 0.24439 0.16842 0.3697 -0.021661 0.17673 0.094911 0.23306 0 0 0 0 0.061421 -0.045284 0.066127 0.089338 0.047836 -0.15922 0.18387 0.51946 0.0010609 -0.11399 0.12662 0.33803 0 0 0 0 0 0 0 0 0.00011336 -0.0013388 0.00011336 0.0013388 0.00025122 -0.0072958 0.0012166 0.0072958
123.4 148.07 2.8127 1.7976 0.020428 -0.0074265 0.038345 0.078008 0.055533 -0.084142 0.11579 0.25486 0.0090397 -0.090494 0.16566 0.33061 -0.041003 -0.0034244 0.088782 0.12714 -0.071244 0.02918 0.13137 0.11618 0.019517 0.054776 0.070417 0.17822 -0.0095071 0.029137 0.082722 0.25032 0.0035887 0.028696 0.066775 0.13114 -0.075041 0.033455 0.13343 0.15295 0.018249 0.076318 0.14651 0.37118 -0.0091669 0.052211 0.15273 0.43298 0.030507 0.032036 0.15064 0.20666 0.0043874 -0.043081 0.037685 0.060046 0.0097605 -0.070244 0.076759 0.12866 -0.015209 -0.060122 0.089204 0.11074 -0.0027722 -0.050124 0.046175 0.074549
105.26 153.77 2.6762 2.7387 3.7558e-05 0.0016747 0.10337 0.075044 -0.050414 0.047431 0.24505 0.14241 0.020411 -0.0077147 0.13216 0.068598 0.012942 -0.028621 0.25298 0.1341 0.058321 -0.053907 0.13177 0.11318 -0.061003 0.0031891 0.38118 0.26419 -0.068891 0.074961 0.32053 0.19712 0.011146 -0.040979 0.12977 0.09784 0.01529 -0.022656 0.018986 0.029255 0.1049 -0.042788 0.19118 0.22546 -0.05423 -0.017703 0.24309 0.40728 -0.052211 -0.0029196 0.060956 0.072309 0.0001228 -0.00054437 0.00013235 0.00054437 0.02042 -0.03729 0.030915 0.042542 -0.0156 -0.062552 0.03157 0.073407 -0.0060227 -0.0081174 0.0061337 0.011101
119.84 165.43 3.0563 5.0115 -9.0747e-05 0.00138 0.00066178 0.00138 -0.00021069 0.0035477 0.000813 0.0035477 -2.7924e-05 0.00074971 0.00037651 0.0010007 -7.229e-05 8.789e-05 0.0004545 0.00049179 -0.021969 0.092151 0.096518 0.14547 0.025803 0.13217 0.16136 0.23472 -0.033965 0.13671 0.12915 0.19915 -0.020633 0.075653 0.049064 0.079905 -0.055897 -0.056878 0.17583 0.22586 0.027983 -0.044062 0.19603 0.51904 -0.0097482 -0.04659 0.19979 0.40399 0.082617 -0.0017829 0.15678 0.16456 -0.0094875 -0.0059838 0.050711 0.077777 0.0039362 -0.041038 0.054771 0.16234 -0.0064286 -0.038149 0.053402 0.12715 0.098133 -0.032664 0.14607 0.12272
98.145 168 2.7858 5.0052 0 0 0 0 0 0 0 0 0 0 0 0 0 0 0 0 0.0073185 0.0068787 0.0073185 0.0068787 0.0093784 0.096433 0.042186 0.098034 -0.010728 0.055686 0.05786 0.07666 0.00022207 0.049614 0.018327 0.051401 0.08415 0.035159 0.086952 0.046798 0.0071329 0.11769 0.31655 0.38802 -0.018711 0.059669 0.26065 0.40907 -0.022181 0.0063486 0.14177 0.24866 0.058935 -0.023391 0.069405 0.04753 -0.029852 -0.13608 0.17875 0.27058 0.0097821 -0.049913 0.14936 0.34711 -0.0083282 -0.046693 0.098905 0.25237
136.49 171.58 2.8597 4.6406 0 -0 0 0 0 -0 0 0 0 -0 0 0 0 -0 0 0 0.013293 0.041933 0.020637 0.041933 0.018828 0.11431 0.055285 0.13307 0.01649 0.16381 0.080791 0.16858 -0.026662 0.10247 0.041549 0.10247 0.049235 0.032757 0.14775 0.23169 -0.023857 -0.0038375 0.19339 0.41859 0.13304 -0.048713 0.24273 0.34469 -0.071545 0.084506 0.22657 0.24307 -0.008479 -0.032917 0.073529 0.20758 -0.017404 -0.0556 0.074286 0.27127 0.039183 -0.06016 0.12648 0.16417 -0.0014763 -0.091885 0.20841 0.17716
133.3 120.97 3.2041 1.6009 -0 0 0 0 -0 0 0 0 -0 0 0 0 -0 0 0 0 0.020544 0.025127 0.025341 0.028455 0.061793 0.17718 0.12236 0.30386 -0.0029053 0.23292 0.14627 0.40264 -0.041949 0.10411 0.068988 0.18873 0.028385 -0.0025555 0.036021 0.052988 0.045398 -0.13137 0.11493 0.32995 -0.0075826 -0.17539 0.16094 0.43081 -0.03227 -0.082058 0.10704 0.2244 -0.045928 0.055322 0.12603 0.10535 -0.0045938 0.025519 0.041944 0.079933 0.0046482 0.025521 0.042435 0.22166 0.014299 0.021263 0.048191 0.10225
91.994 144.87 3.6907 2.0561 0.042421 -0.052779 0.11108 0.1797 -0.044046 -0.025057 0.28794 0.38511 -0.048323 0.0073554 0.072014 0.065448 -0 0 0 0 -0.0218 0.076611 0.16648 0.27205 0.0097408 0.14144 0.28637 0.35814 -0.074989 0.032545 0.11509 0.098283 -0 0 0 0 0.0034908 -0.077579 0.13905 0.20788 -0.036148 -0.13732 0.28959 0.35305 -0.10383 -0.045843 0.12645 0.094498 -0 0 0 0 0.0020749 -0.0084986 0.0051262 0.0087234 -0.00038309 -0.02817 0.015825 0.028257 -0.0028051 -0.0028166 0.0029903 0.0028166 -0 0 0 0
157.71 145.88 3.1375 0.8756 0 0 0 0 0.036975 -0.068598 0.16151 0.17617 -0.038658 -0.069194 0.084373 0.10001 0.027275 0.016716 0.10086 0.11156 0 0 0 0 0.09701 0.10755 0.19504 0.16296 -0.054641 0.18097 0.21187 0.31456 0.033292 0.059498 0.15889 0.1954 0 0 0 0 0.23386 -0.082615 0.28853 0.23227 -0.0065281 -0.019601 0.28495 0.42155 -0.077496 -0.016144 0.13246 0.19062 0 0 0 0 0.019791 -0.022755 0.020232 0.030785 0.0159 -0.11511 0.052169 0.12622 -0.02224 -0.036179 0.023418 0.039573
120.14 166.48 3.7549 4.8724 0 0 0 0 0 0 0 0 0 0 0 0 0 0 0 0 0.019702 0.0658 0.051735 0.074087 0.029955 0.13402 0.12275 0.17337 -0.0099297 0.13908 0.10901 0.18878 -0.021538 0.11005 0.047655 0.11263 0.036639 -0.02361 0.18985 0.1808 -0.011573 -0.064541 0.19954 0.43254 0.010196 -0.08547 0.19439 0.37919 0.026178 0.040043 0.27406 0.21006 0.025815 -0.013416 0.062935 0.087298 -0.010344 0.1424 0.11766 0.271 -0.028102 0.12414 0.074192 0.18687 0.018772 -0.064076 0.14276 0.12138
169.19 169.17 3.5194 3.9179 0 -0 0 0 0 -0 0 0 0 -0 0 0 0 -0 0 0 1.638e-16 -1.4815e-18 1.638e-16 1.4815e-18 0.0014006 0.039836 0.0095558 0.039836 -0.0018237 0.015111 0.0039986 0.015111 0 -0 0 0 0.071222 0.055813 0.074264 0.068614 0.17632 0.17118 0.27237 0.48025 -0.22102 0.19549 0.34291 0.36512 -0.018302 0.005435 0.018537 0.011236 0.0371 0.037044 0.16592 0.13771 0.0064539 -0.13392 0.2047 0.23763 -0.052776 -0.12618 0.18095 0.23757 -0.010568 0.00039825 0.011292 0.010868
107.69 172.63 5.7795 4.8632 5.5856e-18 8.4872e-19 5.5856e-18 8.4872e-19 -3.6763e-18 -5.586e-19 2.9959e-17 4.5521e-18 0 0 0 0 0 0 0 0 0.001082 0.00016441 0.001082 0.00016441 0.012076 0.064018 0.019597 0.064018 -0.0042106 0.12107 0.042434 0.12107 -0.0075057 0.040788 0.0095097 0.040788 0.04848 0.0021545 0.04848 0.01638 0.055073 -0.013384 0.30852 0.31975 0.042926 -0.051456 0.2455 0.38706 -0.053724 0.044847 0.33459 0.26174 0.0069834 -0.0020864 0.0069834 0.0031172 0.054008 -0.034282 0.14701 0.28521 -0.023292 0.0093829 0.15343 0.44017 -0.016514 -0.056664 0.1113 0.1009
96.189 152.89 6.6411 1.7988 0.020521 0.021368 0.029002 0.10204 -0.021335 0.073029 0.10705 0.31616 -0.014363 0.014577 0.021896 0.038845 -0 0 0 0 -0.024912 0.059174 0.30235 0.33617 -0.016347 0.064123 0.31287 0.58986 -0.070683 0.031632 0.15339 0.14701 -0 0 0 0 0.012481 -0.086606 0.086815 0.15385 -0.033408 -0.12187 0.15363 0.25897 -0.039979 -0.035534 0.07323 0.068091 -0 0 0 0 -1.7745e-07 7.6486e-07 1.7745e-07 7.6486e-07 -3.7761e-08 1.6276e-07 3.7761e-08 1.6276e-07 -0 0 0 0 -0 0 0 0
135.91 178.92 7.0164 4.8825 0 0 0 0 0 0 0 0 0 0 0 0 0 0 0 0 0.0043262 0.027464 0.007039 0.027464 -0.0071997 0.12817 0.036018 0.1285 -0.0097812 0.058091 0.0099004 0.058198 -0.00013753 0.00030095 0.00013753 0.00030095 0.052724 -0.0012497 0.15922 0.15415 0.013337 -0.057512 0.24133 0.39645 -0.10392 0.037528 0.48659 0.39865 -0.036797 0.0034791 0.037019 0.019287 0.030858 -0.020312 0.058422 0.11371 -0.0098898 -0.054265 0.14465 0.44326 -0.030527 -0.072883 0.13111 0.11689 -0.0068665 -0.0035871 0.0070435 0.0043391
