42 64
116.61 112.33 1.7025 1.8206 -0 0 0 0 -0 0 0 0 -0 0 0 0 -0 0 0 0 -0.051776 0.13969 0.070883 0.1731 0.016181 0.18622 0.061389 0.18622 -0.042885 0.23847 0.074134 0.24004 -0.012193 0.028746 0.012193 0.028746 0.0012908 -0.052664 0.098812 0.19358 0.015359 -0.063383 0.14073 0.30529 0.05141 -0.022528 0.25252 0.54315 -0.12478 0.061194 0.21377 0.29284 0.0089063 -0.023017 0.030225 0.038012 -0.002317 -0.05141 0.069588 0.076818 0.034049 -0.059762 0.090047 0.1039 0.014164 -0.041748 0.12247 0.093571
73.862 118.98 2.3407 2.6753 0.0033482 -0.059998 0.23736 0.35124 -0.14797 -0.065475 0.18403 0.19957 -0.0010057 -0.00066178 0.0010057 0.00072537 -0 0 0 0 -0.022008 -0.085917 0.29117 0.49139 -0.062306 0.034823 0.25741 0.42131 -0.058682 0.053838 0.086409 0.079552 -5.5059e-05 -6.8759e-05 5.5059e-05 6.8759e-05 -0.011554 -0.073382 0.055991 0.13453 0.055528 -0.08816 0.15214 0.18648 -0.051825 -0.038354 0.098909 0.063315 -4.4111e-05 -4.781e-05 4.4111e-05 4.781e-05 9.4499e-05 -0.00049753 0.00073777 0.0024463 0.0003906 -0.0065293 0.0049888 0.011048 -0.00051877 -0.0029739 0.0015151 0.003004 -0 0 0 0
112.05 119.74 1.7822 4.6948 0.016323 0.0032172 0.053625 0.033903 -0.031638 -0.041525 0.060782 0.080952 -0.013658 -0.011292 0.055194 0.061266 0.00075977 -0.0022561 0.030923 0.03638 -0.01082 0.048299 0.16622 0.11588 -0.031272 0.11859 0.13745 0.22787 0.032068 0.14079 0.13321 0.19876 0.0021466 0.10515 0.057408 0.11477 0.094384 -0.072318 0.14499 0.20444 0.0056333 -0.078244 0.17314 0.61634 -0.06241 -0.085418 0.17018 0.37417 -0.01254 -0.087704 0.066763 0.18415 0.0064455 -0.015516 0.0064592 0.015516 0.0058682 -0.073592 0.014458 0.079815 -0.013754 -0.051198 0.015265 0.055272 -0.0022075 -0.011786 0.002886 0.011786
156.52 121.56 2.1423 2.5356 -0.00059542 4.6872e-05 0.00080985 0.00063063 -0 0 0 0 -0 0 0 0 -0 0 0 0 -0.0017554 0.068697 0.061948 0.11696 -0.032845 0.077388 0.053564 0.083898 -0.0099055 0.015434 0.010403 0.015434 -0.0001105 0.00032697 0.0001105 0.00032697 0.029171 -0.038344 0.20104 0.18913 -0.029637 -0.0063926 0.28805 0.31034 0.033693 0.20266 0.38599 0.5137 -0.12049 0.14453 0.18008 0.1994 0.03219 0.0050805 0.066014 0.059978 -0.02651 -0.012775 0.095581 0.089753 0.086466 -0.076758 0.14748 0.13674 -0.03482 -0.0027147 0.18471 0.14992
75.633 126.46 1.9625 5.8117 0 0 0 0 0.00011925 0.001716 0.00084315 0.001716 -0.00027679 0.0010309 0.00049187 0.0010309 0.0044793 -0.002018 0.0067479 0.0084194 0.027898 0.013502 0.029956 0.014765 -0.037724 0.088972 0.12189 0.1135 0.013782 0.10415 0.060816 0.13755 -0.0039866 0.043907 0.066045 0.12297 0.0278 -0.010218 0.028683 0.018494 0.041977 -0.045532 0.14926 0.22943 0.078915 0.15857 0.33773 0.53892 -0.09306 -0.021265 0.15869 0.20347 4.4053e-05 -0.00035344 5.3153e-05 0.00035344 0.082252 0.014503 0.087739 0.079266 0.026843 0.055653 0.32043 0.40198 -0.0050485 0.034858 0.093462 0.11933
145.57 126.34 1.9415 4.7416 0.023195 -0.023439 0.051968 0.066246 0.014124 -0.040346 0.056925 0.074231 -0.012142 0.016026 0.11526 0.063705 0.0010646 0.035766 0.090593 0.077034 -0.00011991 0.030944 0.039659 0.060387 0.03224 0.02232 0.075006 0.11419 0.057031 0.008627 0.27481 0.14598 -0.032771 -0.042694 0.21208 0.12566 0.027666 0.043721 0.089535 0.22168 -0.0053819 0.06325 0.20039 0.63235 -0.13621 -0.056783 0.24058 0.34479 -0.017235 -0.025586 0.035647 0.031975 0.0072518 -0.059276 0.018303 0.078798 -0.013987 -0.10908 0.038916 0.15789 -0.019717 -0.03368 0.021554 0.039557 -0.00018408 -0.00028264 0.00018408 0.00028264
92.753 130.32 2.1094 3.6213 0.027788 -0.0082984 0.041143 0.018687 0.0098364 -0.027138 0.1182 0.089515 -0.034987 0.015409 0.096829 0.077981 0.088678 0.041875 0.1213 0.09805 -0.0040455 0.019118 0.071866 0.07812 0.02623 0.00055381 0.10604 0.16821 0.073248 0.048615 0.18572 0.20819 0.11009 0.031782 0.3688 0.28836 0.025063 -0.016222 0.079566 0.083301 0.06484 0.02951 0.21295 0.37049 -0.036975 -0.07357 0.26875 0.41384 -0.042229 -0.12579 0.13676 0.18342 0.0073375 -0.0057035 0.010562 0.010454 0.028282 -0.030756 0.10476 0.096814 -0.034984 -0.018157 0.063275 0.060435 -0.0017246 -0.0022721 0.0017422 0.0032253
154.09 132.1 1.7402 3.3344 0.012288 0.0030471 0.016647 0.010021 0.029052 0.039842 0.12677 0.15527 -0.037334 0.033539 0.062635 0.068737 -0.00012714 0.00011588 0.00012714 0.00011588 0.027923 0.034189 0.05006 0.059333 0.085437 0.026088 0.17575 0.39638 -0.10772 0.052495 0.21769 0.33089 -0.015967 0.0071653 0.016115 0.013433 0.024861 0.050038 0.089863 0.075445 -0.025321 -0.025332 0.1042 0.19026 0.080024 0.059119 0.37198 0.32064 -0.086888 0.072503 0.16998 0.086263 -0.013972 -0.025127 0.088974 0.071716 -0.021854 -0.02856 0.065106 0.053782 0.18515 0.0048557 0.27651 0.11133 -0.10828 -0.00032068 0.21017 0.054175
148.02 134.89 1.9026 0.38918 0.074755 0.026241 0.29552 0.11055 -0.13227 -0.041744 0.18006 0.091115 0.035105 0.025605 0.074261 0.072687 -0.0029893 0.02787 0.097686 0.075199 0.050086 -0.13232 0.3265 0.20143 -0.10194 0.015131 0.21602 0.19943 0.081646 0.070999 0.12626 0.11868 -0.030076 0.01065 0.13339 0.14401 0.068704 -0.029513 0.12588 0.14415 -0.045273 0.031056 0.2032 0.42587 -0.014915 -0.07949 0.12802 0.21048 -0.034217 -0.0515 0.062677 0.064315 0.046397 -0.013167 0.051195 0.037074 -0.017842 -0.039535 0.17822 0.24878 -0.032872 -0.021918 0.061515 0.075622 -0.00026013 -0.0030397 0.0044422 0.0075883
167.87 135.74 1.8529 3.8811 6.7075e-05 -7.3536e-05 7.763e-05 8.5108e-05 0.0082736 0.00067708 0.0096509 0.023462 -0.004872 0.01092 0.014457 0.041575 -0.00094953 0.00048466 0.0010288 0.0015701 0.012385 0.0065509 0.022526 0.024913 0.045663 0.063415 0.14823 0.26905 -0.055473 0.030908 0.10785 0.13587 -0.0018601 -0.001153 0.002355 0.0034682 0.012363 0.051545 0.12606 0.15456 0.025856 0.0049676 0.44423 0.56255 -0.13762 -0.0044921 0.21301 0.13972 0 -0 0 0 -0.019773 -0.02539 0.076085 0.096972 -0.012671 -0.037508 0.27885 0.31327 -0.070254 -0.024033 0.11716 0.085988 0 -0 0 0
147.9 144.32 1.991 3.8437 -0.00028906 0.0025965 0.0097987 0.010499 0.00055271 -0.0013796 0.0070357 0.010042 0.02049 0.0099432 0.033846 0.042328 0.0049722 0.026924 0.065895 0.1009 0.0032167 0.033679 0.055914 0.072651 0.045163 0.13682 0.092104 0.15763 0.034737 0.086131 0.19389 0.28548 0.0071388 0.02443 0.25542 0.32017 0.070399 0.018832 0.15377 0.17662 -0.046604 -0.005194 0.18784 0.19771 -0.033037 -0.059801 0.16719 0.21715 -0.0099597 -0.051205 0.27012 0.31981 0.028071 -0.023781 0.10461 0.081827 -0.039648 -0.080482 0.10805 0.11723 0.06431 0.011113 0.11362 0.083611 0.010789 0.070367 0.32235 0.20272
113.94 146.47 2.0374 3.8217 0.0055853 0.0081411 0.056715 0.046759 -0.028842 0.0043819 0.16476 0.11181 0.059862 -0.013302 0.20758 0.15091 -0.0093946 -0.057907 0.14159 0.13173 0.020556 -0.010731 0.10159 0.075747 -0.051181 0.02044 0.22475 0.20655 -0.03488 -0.012135 0.30512 0.25425 -0.032442 -0.058209 0.1415 0.15476 0.019077 -0.010975 0.080555 0.045661 0.095708 0.10665 0.28052 0.26508 -0.14134 0.048329 0.30369 0.21331 0.031329 0.020898 0.12074 0.10517 -0.0016939 0.0049385 0.054822 0.032128 0.083405 -0.07825 0.14534 0.1049 -0.071337 -0.00011674 0.15082 0.12662 0.08381 0.09852 0.14478 0.16347
130.13 148.27 1.8826 5.677 -0.051648 -0.029252 0.12425 0.11299 0.017713 -0.029202 0.14353 0.11631 -0.016457 -0.0090692 0.12258 0.11475 -0.0018428 0.0061266 0.05077 0.036906 0.010723 -0.047241 0.14252 0.12178 0.031944 0.017395 0.29163 0.24265 0.013953 0.019121 0.19774 0.22467 -0.024782 0.00074588 0.085915 0.064788 -0.014798 0.01172 0.091921 0.085043 0.15818 0.014064 0.31451 0.26066 -0.16409 0.073232 0.42529 0.25346 -0.041597 -0.011082 0.098072 0.066716 -0.079271 0.069184 0.09631 0.091462 0.098782 -0.0058458 0.12448 0.11186 -0.055931 -0.031388 0.1604 0.11643 -0.034407 -0.0080048 0.047142 0.023647
121.35 151.96 1.9989 1.7292 -0.043049 0.064995 0.088057 0.12466 -0.045349 0.048296 0.14881 0.17967 0.029089 0.032203 0.14488 0.15468 0.031901 0.065654 0.081069 0.12124 -0.048157 -0.093068 0.25348 0.23446 -0.06616 -0.051503 0.20532 0.34809 0.099265 -0.035998 0.23294 0.32831 0.0056568 -0.10929 0.20416 0.21689 0.016085 -0.030823 0.12928 0.1161 0.024907 0.016518 0.13704 0.25316 -0.0056163 0.0061792 0.11946 0.26344 -0.026546 -0.024941 0.093235 0.12467 -0.011303 0.0099394 0.039572 0.04526 0.0075768 -0.022384 0.070223 0.11407 0.012729 -0.011129 0.055399 0.099625 -0.004954 0.015428 0.035581 0.048459
142.15 152.87 1.9919 4.2726 0.011114 -0.023375 0.03718 0.053612 -0.022499 -0.0075398 0.04172 0.039975 -3.2068e-05 0.0091038 0.014646 0.01281 -0.0012718 0.00081157 0.0063633 0.0031389 0.01169 0.038812 0.092556 0.12273 -0.035841 0.055961 0.12859 0.18322 -0.0039637 0.078906 0.061998 0.14488 0.01145 0.035582 0.02617 0.047339 0.0030395 0.0015542 0.13709 0.14045 0.12031 0.13301 0.36103 0.40169 -0.065794 0.11883 0.19904 0.29344 0.008177 0.072483 0.23796 0.22126 0.0079124 -0.014667 0.10851 0.14654 0.037796 -0.10733 0.20093 0.24777 -0.0060821 -0.11501 0.12197 0.14968 0.0035935 -0.0057135 0.18354 0.15966
71.979 160.09 2.1436 5.7019 0 0 0 0 0 0 0 0 0 0 0 0 0 0 0 0 0.0022217 0.0021604 0.0022217 0.0021604 0.036399 0.067576 0.05293 0.10415 -0.01007 0.067362 0.058351 0.12061 -0.0055051 0.041877 0.014451 0.045474 0.010501 -0.0022074 0.014041 0.010834 0.046459 0.018944 0.23097 0.2361 0.036822 0.12149 0.24961 0.316 -0.018633 0.043164 0.12027 0.22439 0.028258 0.06848 0.094969 0.11558 0.048978 0.0077847 0.31277 0.44653 0.0028251 -0.056088 0.30981 0.36874 -0.021326 -0.014483 0.090065 0.15822
135.59 159.87 1.9657 4.2156 0.025029 0.0033916 0.039264 0.035366 -0.010245 5.3686e-05 0.083728 0.10797 -0.034123 -0.0026388 0.035351 0.030921 0.0016238 -0.00064771 0.010198 0.0061292 0.012055 0.011493 0.078152 0.10185 0.017682 0.010286 0.10722 0.16992 -0.02105 0.025123 0.095031 0.11832 -0.0086967 0.0053239 0.029136 0.031982 0.012635 0.03998 0.13853 0.18236 0.026789 -0.0073179 0.2558 0.21969 0.063983 0.17014 0.31771 0.42475 -0.044223 0.13664 0.13099 0.18644 -0.015781 -0.021984 0.098443 0.11621 0.02891 -0.0041086 0.21016 0.23651 0.07904 -0.11175 0.25249 0.30596 -0.016563 -0.087635 0.097241 0.12903
132.07 164.3 2.1609 4.2866 0.011935 0.0075604 0.016462 0.012509 0.041976 0.024921 0.06107 0.082721 -0.05093 0.020653 0.077413 0.082748 -0.008604 0.00019416 0.0096341 0.0053946 -0.004297 0.0087112 0.081855 0.072981 0.015136 -0.02598 0.11536 0.16991 -0.027951 -0.0015099 0.092671 0.15556 -0.011581 0.0072412 0.03456 0.058374 0.025692 0.048896 0.10265 0.1429 -0.062744 0.027393 0.23925 0.26901 0.068812 0.0899 0.3275 0.35186 -0.0036758 0.15376 0.10324 0.24163 0.012979 -0.012029 0.087057 0.12277 -0.014373 -0.012254 0.17204 0.2436 0.16266 -0.020815 0.29618 0.30725 0.0012214 -0.038174 0.12844 0.18078
92.558 170.1 1.9511 3.2707 0.049394 -0.0070118 0.049677 0.028808 0.051675 0.02042 0.17244 0.15809 -0.030661 0.03366 0.18908 0.12608 0.028887 -0.038029 0.20044 0.13062 0.017083 -0.00038526 0.027121 0.026631 0.068265 -0.11078 0.13835 0.25181 0.0028459 -0.091755 0.18697 0.21926 -0.017662 -0.021602 0.16142 0.094816 0.012499 -0.0096176 0.041158 0.031772 0.068664 0.0081141 0.15992 0.23108 0.019057 0.022529 0.17377 0.4851 -0.033888 0.042727 0.23219 0.28964 0.00020274 -0.00076312 0.00069739 0.00076312 0.03883 -0.038677 0.047472 0.05645 0.027515 -0.033253 0.10219 0.16979 -0.011348 -0.031072 0.11831 0.19006
114.06 169.51 2.106 2.4582 -0.038691 0.0023811 0.087932 0.076774 0.060327 -0.0040397 0.19858 0.18705 -0.0081187 0.050715 0.26756 0.27893 0.053032 0.023359 0.23984 0.19011 0.0039354 -0.031253 0.071663 0.092668 0.034974 -0.009101 0.20192 0.21397 0.061871 -0.06489 0.28607 0.28132 0.0047772 -0.011911 0.22397 0.22592 0.028398 -0.001088 0.029268 0.023281 0.12253 0.097362 0.16639 0.18508 -0.059527 0.11712 0.16186 0.23009 -0.032023 -0.0054497 0.11099 0.1186 0.0080279 -0.0030549 0.0084703 0.0063459 0.057097 -0.082617 0.060405 0.103 -0.026557 -0.091151 0.073938 0.13883 0.021531 0.019358 0.069269 0.09158
142.21 118.04 3.0415 1.8288 -0 0 0 0 -0 0 0 0 -0 0 0 0 -0 0 0 0 0.007167 0.020997 0.0098029 0.020997 0.096481 0.15136 0.11639 0.31706 -0.054658 0.21071 0.092066 0.32928 -0.0074931 0.13726 0.036019 0.14311 0.027219 0.016888 0.22834 0.13998 0.034919 -0.085849 0.27278 0.35214 0.0071294 -0.13903 0.13906 0.41176 0.034055 -0.072218 0.11192 0.2774 0.02124 -0.030151 0.05956 0.043182 -0.00053771 -0.0037056 0.11932 0.11372 -0.027832 -0.0041629 0.093965 0.10708 0.017106 0.0072885 0.054636 0.073855
85.457 128.34 3.0892 0.74205 0 0 0 0 0.01421 0.014262 0.021038 0.022152 -0.011256 0.014268 0.02602 0.028908 -0.00039667 0.00019568 0.00039667 0.00019568 0.0087031 0.12204 0.057883 0.12353 0.022967 0.16349 0.24647 0.2839 -0.071831 0.055534 0.15469 0.12284 -0.0014086 0.00090397 0.0021023 0.0015722 -0.049701 -0.024623 0.36345 0.41078 -0.057142 -0.032534 0.31245 0.39395 -0.052092 -0.0095566 0.20409 0.20789 -0.0085177 0.01354 0.049371 0.053856 -0.047616 -0.051069 0.1094 0.088658 -0.0016271 -0.02246 0.16153 0.14424 -0.027551 -0.00075811 0.096999 0.072762 -0.0016229 0.0013813 0.052844 0.05156
137.14 144.8 2.9772 4.2787 0.0082044 0.0028831 0.025058 0.032427 -0.01184 0.00086054 0.040983 0.059873 -0.0042905 0.0022253 0.00876 0.01237 0.00036525 0.00050766 0.00036525 0.00073081 0.0010862 0.011033 0.065606 0.10286 0.052662 0.064333 0.18404 0.21882 -0.051438 0.11625 0.14481 0.20411 0.0005755 0.084071 0.20191 0.17465 -0.028331 0.037237 0.1232 0.14207 0.017161 -0.049751 0.15537 0.21398 0.057666 -0.0045067 0.19757 0.25806 -0.045004 0.019434 0.2785 0.22338 -0.022777 -0.0010949 0.09112 0.088535 0.05739 0.113 0.14032 0.18138 0.039829 -0.0063628 0.25493 0.4186 -0.077979 -0.051378 0.14475 0.16085
85.768 170.01 2.7708 5.6833 7.3294e-18 -5.013e-18 7.3294e-18 5.013e-18 3.6021e-05 4.9799e-05 6.8076e-05 0.000121 4.3447e-06 4.9657e-05 2.7009e-05 7.1102e-05 7.9747e-18 1.166e-17 2.3177e-17 3.3886e-17 0.018762 0.024702 0.063764 0.056702 0.0062027 0.084251 0.08854 0.1379 -0.035542 0.032784 0.065738 0.10298 -0.0025232 -0.0012553 0.0040851 0.0036924 0.011366 0.0054299 0.20823 0.27528 -0.027825 -0.055922 0.30584 0.39013 0.033143 0.082702 0.18601 0.30253 -0.061193 0.048666 0.077998 0.097923 -0.033883 0.089825 0.22747 0.29718 -0.00059304 0.15667 0.22808 0.30138 0.0078241 0.021267 0.20213 0.21007 -0.028736 -0.008654 0.073275 0.085058
128.96 169.1 2.7762 4.4196 2.4402e-05 -6.2185e-06 3.195e-05 2.5167e-05 0.0045819 0.0086475 0.0055189 0.0086475 -0.0021484 0.024059 0.0096443 0.024059 -0.00091326 0.0016915 0.00096796 0.0016915 -0.009883 0.060108 0.078108 0.07985 0.022574 0.021105 0.10565 0.12713 -0.010123 -0.01047 0.12798 0.19172 -0.014729 0.0059238 0.019815 0.021125 0.0048139 -0.018759 0.12434 0.11876 -0.033664 0.018911 0.17345 0.32898 0.0079981 0.088684 0.28794 0.33758 -0.045946 0.13263 0.10417 0.18286 0.034219 0.033979 0.11368 0.1093 -0.047638 0.048365 0.21994 0.31488 0.10336 -0.073289 0.29868 0.32536 -0.0085583 -0.022876 0.1879 0.1864
83.753 115.8 3.5402 0.92325 0 0 0 0 0 0 0 0 0 0 0 0 0 0 0 0 0.00036197 0.0021672 0.00036197 0.0021672 0.0059695 0.022468 0.014559 0.023755 -0.0077007 0.024871 0.082706 0.068384 -0.005933 0.00066968 0.005939 0.0041001 0.10666 0.10245 0.23721 0.30035 -0.086004 0.050407 0.39107 0.5842 -0.090412 0.015528 0.26329 0.244 -0.014628 0.0092113 0.020526 0.017299 -0.03868 -0.042944 0.16761 0.19299 -0.014475 -0.052168 0.19434 0.18336 -0.039583 -0.016772 0.1314 0.1069 -0.0074497 0.0017014 0.033552 0.029237
157.71 119.52 3.0205 2.2795 -0 0 0 0 -0 0 0 0 -0 0 0 0 -0 0 0 0 0.0029492 0.020469 0.010744 0.022161 0.00078763 0.04795 0.01394 0.04795 7.2126e-05 0.049251 0.0053776 0.049251 -0.00030484 0.0026713 0.00053281 0.0026713 0.056346 0.0013138 0.10426 0.093267 -0.00081495 0.045534 0.3375 0.31964 0.07623 0.026931 0.40457 0.59457 -0.10561 0.11769 0.17555 0.23538 0.018263 -0.0096366 0.026213 0.015787 0.028964 0.0018099 0.15772 0.10318 0.0016387 -0.053319 0.13935 0.13738 0.032199 -0.049427 0.10113 0.14442
104.73 140.75 3.59 5.6058 0.00093703 0.005867 0.0049211 0.0061749 0.013517 0.0083588 0.040113 0.051708 0.0014786 0.010829 0.049083 0.067883 -0.0080792 0.013347 0.019112 0.03032 0.031242 0.024708 0.12632 0.15296 -0.02169 0.084877 0.21346 0.24677 -0.0061612 0.035876 0.13664 0.15964 -0.011879 -0.00048996 0.055034 0.057252 0.11922 -0.0050886 0.26772 0.16404 -0.095253 0.07584 0.39963 0.35678 0.0081552 -0.0010496 0.17968 0.19016 -0.013032 0.020214 0.099466 0.096601 0.041253 -0.033112 0.058489 0.044959 0.043672 -0.045674 0.26664 0.26578 -0.02976 0.091186 0.2357 0.2092 -0.030885 0.0079111 0.093908 0.06642
137.42 144.5 3.1704 1.2908 0.073577 0.016072 0.13855 0.1657 -0.028342 -0.052896 0.19713 0.44124 -0.047786 -0.1218 0.12256 0.22593 0.01086 -0.044743 0.097681 0.11916 0.0038474 -0.0035555 0.35509 0.22009 -0.035233 0.039195 0.20486 0.23081 -0.047843 0.044566 0.17822 0.18638 0.026669 -0.033952 0.13715 0.13446 0.0044774 -0.063709 0.10606 0.097332 0.052984 -0.12237 0.13184 0.22008 -0.030936 -0.05464 0.19087 0.20361 -0.0027167 -0.011185 0.072441 0.11047 -2.6513e-05 -0.00018369 0.00048397 0.00028849 0.016235 -0.0075867 0.02203 0.031484 0.0036201 0.0010392 0.050745 0.071266 0.0028136 -0.0094677 0.028164 0.034604
119.72 148.13 3.8 5.4884 0.0085107 0.012784 0.028193 0.042592 0.0094457 -0.00088145 0.056291 0.066703 -0.012067 0.0093939 0.04597 0.062932 -0.0060564 0.003183 0.0071984 0.006393 -0.014519 0.03421 0.18473 0.16533 -0.028607 0.005705 0.16491 0.19575 -0.017819 -0.0070693 0.11509 0.11186 -0.0071262 0.00083974 0.053965 0.041149 -0.0053639 0.023183 0.33841 0.31379 -0.056541 0.046549 0.20557 0.22338 -0.025271 0.048166 0.23687 0.19008 -0.028751 -0.00049374 0.049984 0.035266 0.043045 -0.067135 0.091731 0.11544 -0.019841 0.008217 0.30428 0.39345 -0.015651 0.0063758 0.23984 0.26826 -0.027056 0.0067807 0.054511 0.052004
105.23 175.25 3.5447 5.5205 0.00039032 0.0073449 0.0027821 0.0073449 -0.00037366 0.0087137 0.0036281 0.0099697 -0.00022222 0.00038017 0.00045912 0.00082751 -2.9215e-09 1.2868e-07 2.9215e-09 1.2868e-07 0.018633 0.030397 0.10667 0.12679 0.003015 0.079283 0.15349 0.20937 -0.052396 0.048044 0.074275 0.084578 -0.0013698 0.00057411 0.0013745 0.00057857 -0.021933 0.11699 0.22633 0.30027 0.0071556 0.059862 0.26034 0.33211 -0.051537 0.023421 0.17748 0.18287 -0.02035 0.021867 0.036955 0.025456 -0.087245 0.031978 0.29933 0.31323 0.0085413 0.043792 0.27794 0.30635 -0.057807 0.039364 0.21963 0.21263 -0.02106 -0.0084669 0.044524 0.030916
136.86 175.69 3.6361 4.2741 0 -0 0 0 0 -0 0 0 0 -0 0 0 0 -0 0 0 0.00086637 0.01044 0.0035235 0.01044 0.029781 0.042564 0.047191 0.084881 -0.032677 0.035233 0.054402 0.076039 0 -0 0 0 0.014371 0.04013 0.14253 0.111 0.010079 0.078888 0.17462 0.25704 -0.039275 0.19738 0.18652 0.33644 0.0075636 0.1195 0.076248 0.12708 0.026921 -0.0083001 0.1246 0.0946 -0.013207 0.063555 0.24674 0.27169 0.070867 -0.03508 0.30193 0.3499 -0.024193 0.071485 0.34743 0.32255
126.75 106.6 4.7435 1.6786 -0 0 0 0 -0 0 0 0 -0 0 0 0 -0 0 0 0 0.0054163 0.0098302 0.0054163 0.0098302 0.004298 0.11557 0.027027 0.11557 -0.0029394 0.13062 0.025708 0.13062 -0.0037646 0.012461 0.0038972 0.012461 0.064265 0.033831 0.091923 0.1504 0.010803 0.0082701 0.16096 0.53989 -0.0055402 -0.016536 0.24384 0.60588 -0.058266 0.026188 0.16623 0.16754 0.025933 -0.027041 0.035019 0.049137 -0.014433 -0.04068 0.1063 0.14679 -0.0032772 -0.043294 0.12635 0.16025 -0.019224 -0.021199 0.090015 0.066317
92.46 145.62 5.0388 5.6777 0 0 0 0 0.0017984 0.0047984 0.0026102 0.0066083 -5.5479e-05 0.011999 0.0083423 0.013974 -0.00032698 0.00064116 0.0014093 0.0015037 0.015006 0.014594 0.037386 0.038789 0.0049651 0.055903 0.11545 0.13323 0.0097547 0.019156 0.095413 0.12657 -0.01786 0.010067 0.036405 0.040866 0.097126 0.0028781 0.11275 0.065402 -0.021805 0.091687 0.4781 0.38906 -0.030077 0.012679 0.20258 0.22573 -0.017905 0.007257 0.081935 0.071412 0.044283 -0.01613 0.044283 0.023778 0.026788 -0.036712 0.39906 0.33947 -0.03235 0.076776 0.25206 0.2258 -0.033269 0.0036525 0.075343 0.053628
96.097 154.17 5.3157 5.5558 0.00011536 0.00012958 0.00011536 0.00012958 0.0027989 0.0074173 0.004249 0.0074959 -0.00065452 0.0066787 0.0074902 0.0094373 -0.00012869 -4.7119e-05 0.00027834 0.00030249 0.0079652 0.038334 0.021501 0.039031 0.00043323 0.020675 0.085974 0.12696 -0.0063115 0.017641 0.099813 0.13772 -0.014261 0.0068228 0.020106 0.025079 0.075065 0.033994 0.20713 0.15172 -0.063447 0.07786 0.36813 0.36823 -0.023164 0.01058 0.18558 0.2279 -0.018863 0.005179 0.074084 0.066607 0.07525 -0.039743 0.12641 0.08891 -0.014875 -0.012571 0.42197 0.39551 -0.02118 0.067609 0.25518 0.2156 -0.033155 0.0032177 0.067791 0.04574
82.77 158.7 5.2917 5.7005 0 0 0 0 0 0 0 0 0 0 0 0 0 0 0 0 0.00095968 0.0017849 0.00095968 0.0017849 0.017711 0.025355 0.034931 0.045527 -0.011715 0.043776 0.058708 0.09494 -0.0038831 0.010075 0.0070205 0.013003 0.056986 0.047249 0.15439 0.15134 -0.038038 0.11578 0.31951 0.36027 -0.0054272 0.045337 0.18292 0.21719 -0.030227 0.011664 0.054527 0.053195 0.12114 -0.0042235 0.24338 0.14209 -0.095315 0.04936 0.46537 0.40871 -0.016702 0.035913 0.21472 0.21197 -0.022459 0.0076976 0.080066 0.059607
91.638 180.41 5.2011 5.6004 0 0 0 0 0 0 0 0 0 0 0 0 0 0 0 0 0.0090588 0.017331 0.016509 0.024179 -0.010228 0.041853 0.056509 0.076042 -0.0057543 0.003756 0.010459 0.014246 0 0 0 0 0.0078449 0.088042 0.21637 0.23816 0.0098094 0.076475 0.23474 0.33434 -0.080635 0.035812 0.15495 0.17595 -0.0062821 0.0052297 0.0073247 0.0062374 -0.044551 0.10721 0.44909 0.35302 -0.043768 0.048052 0.30097 0.34282 -0.054511 0.021183 0.22077 0.18504 -0.018247 -0.001484 0.034998 0.020188
86.097 102.86 6.5699 0.98473 0 0 0 0 0 0 0 0 0 0 0 0 0 0 0 0 0 0 0 0 0 0 0 0 -0.0037444 0.011132 0.017713 0.016353 -0.0014053 0.00099439 0.0014053 0.0011094 0.034994 0.050561 0.059205 0.0702 -0.0057828 0.12834 0.44453 0.59376 -0.12975 0.048182 0.27313 0.26167 -0.010569 0.0052512 0.013534 0.0084768 0.042851 -0.019148 0.13749 0.13301 -0.057295 -0.074566 0.26474 0.31643 -0.045534 -0.015081 0.152 0.11844 -0.0096936 -0.00056789 0.017354 0.0099396
125.95 102.28 6.786 1.7896 -0 0 0 0 -0 0 0 0 -0 0 0 0 -0 0 0 0 0.0024246 0.0045104 0.0024246 0.0045104 0.0019567 0.093412 0.032077 0.093412 0.00043156 0.031223 0.010933 0.031223 -0 0 0 0 0.061408 0.0094653 0.084992 0.10218 0.046156 -0.013075 0.2413 0.58541 -0.08641 0.037084 0.34917 0.57168 -0.035917 0.0097502 0.063444 0.049505 0.017711 -0.01082 0.020329 0.025913 0.016662 -0.046763 0.10023 0.14632 -0.01871 -0.047485 0.17281 0.14125 -0.012842 -0.007012 0.028225 0.01817
80.236 160.82 6.7838 5.6494 0 0 0 0 0 0 0 0 1.5073e-19 2.0509e-19 3.7703e-18 5.13e-18 -3.5068e-19 -4.7714e-19 7.3509e-18 1.0002e-17 0 0 0 0 0.0086866 0.017071 0.016353 0.021823 -0.011792 0.041265 0.030547 0.053422 -0.0016181 0.0036877 0.0022187 0.0042913 0.05575 0.0044272 0.069035 0.029161 0.032483 0.13143 0.35636 0.33296 -0.054261 0.039982 0.21283 0.22268 -0.022339 0.0081598 0.04228 0.02799 0.037595 -0.0049946 0.038446 0.0078679 0.03026 -0.0083059 0.51731 0.40251 -0.099075 0.073839 0.34764 0.23121 -0.024248 0.0012667 0.03897 0.021384
85.698 185.44 6.2833 5.4922 0 0 0 0 0 0 0 0 4.6205e-18 4.5691e-18 4.6205e-18 4.5691e-18 6.1672e-17 6.0987e-17 6.3468e-17 6.2763e-17 0.0014722 0.0028261 0.0014722 0.0028261 0.0006224 0.024342 0.0049333 0.027187 -0.00058568 0.0029667 0.0012605 0.0049744 8.0102e-17 7.9212e-17 8.0102e-17 7.9212e-17 0.021739 0.061855 0.08124 0.09606 0.025609 0.063823 0.18712 0.27018 -0.051229 0.047506 0.12799 0.15376 -0.0037208 0.0046291 0.0053541 0.0049198 0.080629 0.080189 0.37872 0.29791 -0.060405 0.088058 0.4525 0.48971 -0.073451 0.04546 0.25624 0.21258 -0.014571 -0.00052334 0.027538 0.019084
162.52 101.45 9.5 1.9632 -0 0 0 0 -0 0 0 0 -0 0 0 0 -0 0 0 0 -0 0 0 0 -0 0 0 0 -0 0 0 0 -0 0 0 0 -0 0 0 0 0.10992 0.020231 0.14904 0.22613 -0.013393 0.096968 0.39688 0.79451 -0.062813 0.026664 0.098027 0.13646 -0 0 0 0 0.028067 -0.026562 0.051513 0.049902 0.0098366 -0.085761 0.16328 0.19322 -0.02433 -0.016379 0.040504 0.048501
