44 64
89.962 115.96 2.1421 0.91331 0 0 0 0 0 0 0 0 0 0 0 0 0.0027798 0.0027963 0.0034533 0.0047426 0.00061602 0.00094867 0.00061602 0.00094867 0.0018226 0.029441 0.010759 0.029441 -0.0047082 0.059861 0.021915 0.059861 0.0059437 0.033481 0.02838 0.047859 0.074838 0.22437 0.18421 0.32213 -0.078144 0.15668 0.27306 0.40729 -0.013728 0.046002 0.28424 0.35665 -0.029635 0.023064 0.22692 0.16946 -0.045358 -0.070676 0.15881 0.21032 -0.028017 -0.098464 0.1816 0.16168 -0.014711 -0.0021845 0.18161 0.15994 -0.028411 -0.03095 0.12429 0.086104
103.61 122.38 1.6432 4.7702 0.00026191 0.020311 0.11559 0.065359 -0.0019754 0.0078276 0.10148 0.075493 -0.022789 -0.017465 0.054177 0.059928 -0.0097723 -0.0095917 0.018884 0.025936 0.014818 -0.0026533 0.21758 0.11646 -0.037715 0.069451 0.21116 0.18037 -0.022815 0.088285 0.098063 0.13134 0.0065879 0.07371 0.042698 0.080201 0.0428 -0.042443 0.064756 0.065024 0.12074 -0.099838 0.23186 0.38855 0.00055927 -0.016245 0.19206 0.62793 -0.0424 -0.024938 0.10509 0.21601 0.00091191 -0.0012485 0.00091191 0.0012485 0.021501 -0.0464 0.022137 0.049979 0.00505 -0.090886 0.022468 0.11289 -0.011544 -0.039994 0.013429 0.044297
67.37 123.51 1.9083 0.71956 0 0 0 0 0 0 0 0 0 0 0 0 0 0 0 0 0 0 0 0 0.02336 0.025551 0.048629 0.079785 -0.017148 0.018454 0.029681 0.039592 -2.1573e-05 2.4619e-05 2.1573e-05 2.4619e-05 -0.0072608 0.046659 0.015748 0.046659 0.044764 0.13211 0.17685 0.2457 -0.057884 0.037628 0.093147 0.10775 -4.5216e-05 5.16e-05 4.5216e-05 5.16e-05 -0.0063369 0.037628 0.26171 0.39804 -0.029814 0.027809 0.60786 0.44399 -0.11257 0.0083541 0.16702 0.094253 0 0 0 0
144.47 125.94 2.0733 4.6745 0.0026541 -0.004468 0.016229 0.026356 0.021219 0.0038729 0.076413 0.066758 0.0047072 0.039377 0.11945 0.090235 -0.0023039 0.033999 0.13592 0.092825 0.0070585 0.042207 0.035898 0.060108 0.00574 0.011168 0.11839 0.11159 0.02218 -0.031321 0.25882 0.1994 -0.013001 -0.06316 0.29954 0.17367 0.0032951 0.018211 0.067849 0.17864 0.0098369 0.027059 0.18101 0.60502 -0.12078 -0.037497 0.22926 0.35877 -0.017868 -0.028263 0.043034 0.037875 -0.0067873 -0.047825 0.018291 0.05782 0.0018146 -0.081046 0.031405 0.11048 -0.023381 -0.044544 0.030583 0.054501 -0.00081469 -0.00083479 0.00089255 0.00084884
92.003 127.15 2.044 3.285 0.021724 0.00027132 0.052532 0.045326 -0.017456 0.032008 0.079096 0.079142 0.16276 0.042527 0.19779 0.11244 -0.088086 -0.028334 0.26932 0.093667 0.038763 -0.018621 0.084149 0.10608 -0.0062016 -0.0028785 0.12748 0.2374 0.10101 -0.045309 0.32457 0.33588 -0.10468 -0.090318 0.17405 0.11639 0.049123 -0.00084323 0.10283 0.093668 0.024658 -0.0074 0.27703 0.40831 -0.088016 -0.10133 0.1872 0.25762 -0.017137 -0.014064 0.01855 0.015128 0.022228 -0.0127 0.03055 0.023313 -0.011492 -0.056117 0.12576 0.12293 -0.018594 -0.015124 0.02348 0.029638 -0.00015124 -0.00020152 0.00015124 0.00023376
77.681 130.42 2.1239 0.51631 0 0 0 0 0.010848 -0.0030237 0.02265 0.039728 -0.0088861 0.0019713 0.015834 0.023795 -0.0001151 0.00010266 0.0001151 0.00010266 0.002237 0.021299 0.0051569 0.021299 0.079598 0.10104 0.13427 0.16072 -0.056682 0.087803 0.12422 0.1423 -0.0014718 0.00060773 0.0014718 0.00060773 0.015446 0.12261 0.14375 0.26785 0.03011 0.037351 0.48385 0.51538 -0.087651 -0.024469 0.27491 0.19089 -0.0064582 0.01297 0.027556 0.023408 -0.052164 -0.01925 0.1459 0.13825 -0.011226 -0.01385 0.17024 0.2284 -0.023462 0.002766 0.12193 0.11342 -0.00059069 -0.00044583 0.046616 0.044562
155.95 134.2 1.9056 3.1628 -0.010157 -0.0013776 0.03031 0.035737 0.0027677 0.073921 0.037504 0.088452 -0.017461 0.068225 0.027755 0.069081 -0.0009148 0.0023042 0.001059 0.0023042 0.031682 0.0067383 0.092036 0.081603 0.07608 0.020398 0.21117 0.43864 -0.11577 0.02677 0.22968 0.44827 -0.018728 0.0083609 0.022214 0.023913 0.035275 -0.0095433 0.059079 0.069701 0.060121 -0.031939 0.1608 0.25747 -0.015608 -0.045232 0.25758 0.28979 -0.050812 0.090567 0.19154 0.12299 0.019059 -0.0010408 0.0361 0.026516 -0.0037825 -0.038104 0.06876 0.092683 0.052826 -0.0090216 0.11919 0.091229 -0.031059 -0.0033597 0.26903 0.078762
141.14 139.05 2.0518 0.42032 -0.012865 0.012237 0.22519 0.1163 -0.10648 -0.046235 0.12487 0.091423 0.018678 -0.0014403 0.054099 0.033263 0.00017727 -0.015932 0.069425 0.047594 -0.09995 -0.051988 0.36213 0.22182 -0.013259 0.064906 0.13075 0.19769 -0.019813 0.059392 0.10997 0.1178 -0.0096679 -0.011007 0.061643 0.053577 0.032393 -0.015869 0.26599 0.24272 -0.063094 0.050778 0.21986 0.27827 -0.083236 -0.02044 0.12041 0.13822 -0.00045506 -0.0056973 0.033464 0.032259 -0.0073731 -0.0047094 0.21839 0.32404 -0.089103 -0.028368 0.18701 0.26641 -0.036288 0.01433 0.095668 0.10377 -0.0077878 0.0034892 0.012962 0.01853
152.73 140.86 2.0198 4.4996 -0.0020377 -0.00074397 0.013338 0.01204 0.028711 0.0011708 0.048564 0.034411 -0.0044865 -0.00027682 0.083334 0.080663 0.0046911 -0.030311 0.048469 0.044832 0.0046435 0.034801 0.045866 0.062519 0.044416 0.081888 0.14448 0.11383 0.019303 0.10172 0.20929 0.20231 -0.047422 0.028229 0.10328 0.063586 0.035164 -0.017851 0.075205 0.070781 0.083676 0.015216 0.2273 0.16742 0.084538 -0.0040997 0.56987 0.33427 -0.089026 -0.017159 0.27311 0.13701 0.0035055 0.046972 0.047931 0.070806 0.055802 0.077482 0.15719 0.2322 -0.043895 -0.037468 0.19611 0.16055 -0.015346 -0.025065 0.05148 0.029011
109.83 142.36 2.0916 2.3599 -0.011385 -0.0070046 0.051934 0.053988 0.021503 -0.023087 0.052517 0.068977 0.07603 -0.095005 0.097097 0.12482 0.1618 -0.13524 0.26317 0.25095 0.026069 0.00027426 0.10884 0.11025 0.021465 0.062333 0.16104 0.18187 0.016234 0.10343 0.14326 0.21636 0.14235 -0.018597 0.21249 0.26756 0.044872 -0.010835 0.084086 0.069022 0.014145 -0.046812 0.15326 0.20961 0.07605 -0.083494 0.22249 0.28019 -0.019966 -0.063057 0.28326 0.29183 0.023806 0.017305 0.050148 0.054001 -0.027154 -0.013732 0.07082 0.085145 0.016114 -0.01692 0.10265 0.115 0.011377 -0.03891 0.085636 0.13567
104.47 146.49 2.0962 5.3781 0.012936 -0.007098 0.076111 0.096505 -0.018863 0.014986 0.077926 0.090511 0.042563 -0.0027765 0.088928 0.090731 -0.024034 -0.026402 0.050094 0.060036 -0.013384 0.080193 0.2469 0.21446 -0.045037 0.069066 0.19382 0.24442 0.031555 0.038858 0.1502 0.20288 -0.032618 0.0084744 0.069462 0.062004 0.024708 0.033669 0.28667 0.24059 -0.061862 -0.013571 0.20983 0.33058 -0.04364 0.022185 0.2033 0.30064 -0.060801 0.029222 0.11485 0.1436 -0.098211 0.067901 0.19014 0.24574 -0.037412 -0.024856 0.098757 0.15834 -0.0073231 -0.0394 0.070939 0.11165 -0.004037 -0.025286 0.061808 0.089212
146.62 145.17 2.2316 4.2525 -0.00082417 -0.0034203 0.018362 0.025346 0.01543 -0.0017227 0.024743 0.018824 0.0041114 -0.0039037 0.11874 0.12273 0.005337 -0.020474 0.045516 0.064362 -0.0011234 0.0017326 0.035052 0.039965 0.016942 0.038846 0.053321 0.06899 0.074321 0.061922 0.20773 0.19638 -0.019538 0.1233 0.20688 0.21142 0.0022441 -0.0019872 0.05636 0.076171 0.033864 0.010041 0.14528 0.19508 0.09024 0.050422 0.30055 0.24914 0.061129 -0.051237 0.50016 0.36017 -0.0028622 -0.0032918 0.025647 0.029346 0.025157 0.012505 0.077852 0.088131 0.070891 0.023866 0.16274 0.21174 -0.033839 -0.0068139 0.15449 0.13675
85.702 154.33 2.011 5.6792 0 0 0 0 0.0047884 0.0059244 0.0054909 0.014203 -0.0022738 0.0046093 0.010708 0.021932 -0.0005463 -0.00211 0.0019633 0.0033952 0.036041 0.018451 0.037179 0.048774 0.0023206 0.043365 0.14648 0.20942 -0.017348 0.025615 0.061452 0.13317 0.025659 0.041072 0.041635 0.055011 -0.11012 0.098965 0.26992 0.33086 0.01266 0.018043 0.2541 0.24247 -0.042127 0.02658 0.13018 0.22506 0.067915 0.0073152 0.12385 0.16471 -0.020206 0.022148 0.28471 0.38269 -0.090447 0.087329 0.26199 0.26782 -0.0086641 0.029614 0.13834 0.16437 -0.0033036 -0.00077983 0.079223 0.11662
100.55 165.52 2.0749 0.4234 -0.064596 0.0023559 0.17865 0.17583 -0.036683 -0.029913 0.15963 0.16584 -0.013562 0.0011031 0.045725 0.048949 0.002 -0.0023889 0.0044245 0.003841 -0.065119 0.052751 0.24603 0.1918 0.059242 0.12906 0.31673 0.32044 -0.067765 0.16883 0.16522 0.20811 -0.022953 0.017 0.032333 0.027648 -0.048822 -0.047107 0.20188 0.20729 0.094759 -0.1306 0.29797 0.30656 -0.06849 -0.10059 0.22344 0.21376 -0.061041 -0.0095236 0.065161 0.039544 -0.018628 -0.016871 0.046129 0.038761 0.026579 -0.020156 0.053143 0.041391 -0.022004 -0.059314 0.057695 0.067721 -0.0055983 -0.0069233 0.007431 0.0082159
65.748 167.95 2.0289 2.5915 -0.0093267 -0.04007 0.03248 0.05754 0.047576 -0.033802 0.18033 0.29704 -0.046845 -0.28292 0.27756 0.47662 -0.030409 -0.048526 0.045305 0.054571 0.013057 0.0043383 0.096297 0.27984 -0.025367 0.11395 0.12132 0.36838 -0.063193 0.082124 0.097899 0.19883 -0.0020409 0.00092312 0.0020409 0.00092312 0.016116 -0.088416 0.043421 0.16033 -0.0071714 -0.13332 0.087722 0.27244 -0.043371 -0.043801 0.070679 0.13831 -0.0011368 0.00043353 0.0011368 0.00043353 -0 0 0 0 -0 0 0 0 -0 0 0 0 -0 0 0 0
71.747 175.99 1.7348 2.6178 0.015567 -0.074867 0.050001 0.13087 -0.03417 -0.094395 0.073628 0.12597 0.078436 -0.043592 0.20711 0.26922 0.0054154 -0.11615 0.22706 0.34762 0.018025 0.056195 0.079596 0.19692 0.029175 0.11408 0.14372 0.38374 0.023701 0.09218 0.12342 0.29522 -0.018105 0.01044 0.060877 0.063473 0.0095002 -0.0076473 0.022452 0.059219 0.053363 -0.12216 0.10415 0.29611 0.021239 -0.17079 0.1169 0.32307 -0.03315 -0.04844 0.064612 0.089903 -0 0 0 0 -0 0 0 0 -0 0 0 0 -0 0 0 0
107.93 114.92 2.6035 1.3925 0 0 0 0 0 0 0 0 0 0 0 0 0 0 0 0 0.016088 0.036943 0.016088 0.036943 0.079897 0.22874 0.10521 0.35386 -0.070712 0.1973 0.11347 0.30991 -0.018103 0.033443 0.022907 0.035116 0.00032121 0.0051313 0.095677 0.27656 -0.011177 -0.1377 0.17188 0.4222 -0.045882 -0.077272 0.28231 0.36488 -0.013406 0.01642 0.21765 0.15111 -0.022589 -0.027574 0.047543 0.066755 0.015596 -0.0080315 0.046964 0.072113 0.0048046 -0.024954 0.08859 0.08206 -0.012232 -0.023493 0.076789 0.063837
79.822 123.57 2.7924 0.9073 0 0 0 0 0 0 0 0 -0.00011875 0.003614 0.00027088 0.003614 -2.587e-05 0.00031031 2.587e-05 0.00031031 0.0082867 0.037571 0.0118 0.037571 0.0086954 0.093661 0.050444 0.09466 -0.014045 0.065189 0.07821 0.10848 -0.0041063 0.0010163 0.0049676 0.0055033 -0.028263 0.093733 0.30208 0.42298 -0.077124 0.065717 0.43784 0.46978 -0.12041 0.00095259 0.28083 0.23083 -0.0099496 0.001865 0.013245 0.0072732 -0.025288 -0.066944 0.11905 0.10211 -0.040938 -0.030748 0.16521 0.13856 -0.028338 -0.019821 0.10959 0.10961 -0.0063619 -0.0010672 0.020913 0.016141
87.577 140.69 2.9572 5.2251 1.1287e-05 -1.0729e-05 1.1287e-05 2.3184e-05 0.0084464 0.0076354 0.018065 0.013184 0.0037822 0.0046849 0.028525 0.019874 0.0094857 0.0085439 0.034889 0.032408 0.014448 0.025614 0.021605 0.025614 -0.00049591 0.085032 0.13138 0.16983 -0.014403 0.048154 0.13905 0.13862 -0.0078292 0.0020732 0.078778 0.065373 0.05855 -0.014505 0.084223 0.070513 0.043397 0.071974 0.46257 0.40138 -0.033018 0.05659 0.24152 0.24901 -0.017676 -0.007585 0.084617 0.11536 0.0080605 -0.0029679 0.0085543 0.0036583 0.14408 -0.026523 0.30665 0.2266 -0.084786 0.12729 0.24198 0.28805 -0.030225 0.048096 0.042436 0.092177
133.79 150.44 2.7916 4.7026 -0.015682 0.0022545 0.023066 0.026284 -0.00034309 -0.00043691 0.007984 0.021486 0.030546 -0.015347 0.05954 0.042125 0.069455 -0.057825 0.13974 0.14526 -0.011875 0.027246 0.063674 0.064312 -0.0097578 0.042635 0.051552 0.067387 -0.003847 0.01822 0.037003 0.044668 0.0386 -0.023075 0.12005 0.097833 -0.0299 -0.0073596 0.087868 0.10295 -0.006068 -0.011287 0.084387 0.12906 0.10207 0.072548 0.21475 0.19482 -0.013678 0.1132 0.37347 0.22608 -0.011621 0.13316 0.076394 0.16549 0.01494 0.14173 0.088934 0.25832 0.024804 0.0814 0.23756 0.46668 -0.040534 -0.061237 0.29213 0.17326
174.02 152.61 2.4478 0.50989 0.064245 -0.09509 0.14375 0.21026 -0.10085 -0.11055 0.22069 0.3428 -0.022351 -0.027265 0.17592 0.16107 -0.023116 0.009019 0.041517 0.061111 0.0103 -0.01685 0.011091 0.01685 0.067556 0.027064 0.12097 0.19654 0.02487 0.2052 0.13427 0.33322 0.062458 0.23103 0.10292 0.31726 0 0 0 0 0.10118 -0.063646 0.10547 0.1182 0.15008 -0.10585 0.17996 0.25558 0.01662 -0.10664 0.12501 0.24825 0 0 0 0 0.0018154 -0.0024114 0.0018154 0.0024114 0.023057 -0.041267 0.023057 0.041267 -0.0077637 -0.048584 0.021935 0.048584
97.76 155.6 2.7287 0.56301 -0.026273 0.038087 0.2594 0.39198 -0.090153 -0.0078223 0.26987 0.29588 -0.018334 0.019308 0.059715 0.061475 0.00080938 0.0024661 0.011034 0.008836 -0.028736 -0.092385 0.29064 0.2409 -0.12607 -0.033796 0.31778 0.27293 -0.03898 0.0092466 0.11622 0.13937 0.0023743 -0.00045825 0.014773 0.014597 0.023018 -0.049617 0.18737 0.11082 -0.056441 -0.052055 0.18969 0.20274 -0.021427 0.031868 0.1588 0.18978 -0.031039 0.0063411 0.036402 0.023893 -0.012696 -0.017925 0.063966 0.071299 -0.0017176 -0.023568 0.038192 0.041615 -0.0044046 -0.045488 0.055441 0.054014 -0.0084972 -0.0074926 0.0094515 0.0086364
165.99 157.82 3.1886 0.71073 0.066024 -0.0022237 0.17764 0.17133 -0.072298 -0.0037791 0.28202 0.33225 -0.043904 -0.016712 0.073072 0.093798 -0.00052298 9.4585e-05 0.015774 0.01545 0.050771 -0.052363 0.081751 0.085675 -0.0077314 -0.0050638 0.21524 0.30541 -0.020783 0.12807 0.11059 0.22007 -0.0062141 0.082815 0.04775 0.1149 0.016632 -0.0046437 0.016826 0.010352 0.13982 -0.036551 0.17216 0.22386 0.055147 -0.034855 0.16402 0.43581 -0.08814 -0.03729 0.14062 0.30784 4.9539e-05 -5.7551e-05 4.9539e-05 5.7551e-05 0.020068 -0.027492 0.021313 0.027509 0.0010556 -0.078862 0.029804 0.079588 -0.0085448 -0.027608 0.013452 0.029577
159.03 176.24 3.132 0.7384 -0.040792 -0.047484 0.15315 0.16602 -0.028197 -0.0070399 0.065273 0.063066 -0.00048785 0.0025177 0.024287 0.025935 -0.0021913 -0.0019909 0.0073224 0.0075299 0.042655 0.072678 0.12498 0.20855 0.024761 0.3317 0.1299 0.40089 -0.10746 0.1812 0.17578 0.35396 -0.026667 0.010696 0.027789 0.038097 0.068054 -0.086553 0.083759 0.13527 0.0019001 -0.1896 0.13079 0.38096 -0.11013 -0.14664 0.14911 0.28843 -0.018826 -0.01143 0.021445 0.025912 0.00095386 -0.0050362 0.0017659 0.0050362 -0.0013372 -0.0092186 0.0024063 0.0093458 -0.00033296 -0.0011937 0.00053638 0.0014887 -1.6456e-05 -5.3836e-05 1.6456e-05 6.3711e-05
169.97 177.81 2.708 3.9895 0 -0 0 0 1.0899e-15 1.0512e-15 2.3113e-15 1.4452e-15 -1.0986e-16 7.7769e-17 8.0864e-16 6.7907e-16 0 -0 0 0 0.0049343 0.026781 0.013671 0.027864 0.020569 0.18145 0.050845 0.18591 -0.01642 0.13893 0.034826 0.13893 -0.0062269 0.011095 0.0064556 0.011095 0.098529 -0.025443 0.11405 0.18649 0.061993 -0.087437 0.20348 0.63296 -0.10004 -0.019085 0.20725 0.45037 -0.085199 0.029398 0.097233 0.083609 0.011318 -0.015363 0.028299 0.03638 0.017531 -0.078181 0.05725 0.11542 0.015676 -0.049842 0.13592 0.1914 -0.030066 0.016881 0.066672 0.077555
73.634 181.86 2.8785 2.8514 0.0013285 -0.0031347 0.0014269 0.0031641 0.13581 -0.1021 0.15643 0.16952 -0.10391 -0.2389 0.30648 0.44022 0.086709 -0.065403 0.4081 0.45264 -5.619e-17 -5.2452e-17 8.8206e-17 1.8189e-16 0.022708 0.0098387 0.060656 0.097697 -0.0043747 0.046236 0.088185 0.18441 0.017311 -0.062586 0.14321 0.25949 -0 0 0 0 0.014293 -0.011769 0.022507 0.031441 0.0026742 -0.025424 0.060004 0.14175 -0.019683 -0.0054028 0.025135 0.044848 -0 0 0 0 -0 0 0 0 4.1932e-05 -7.7636e-05 4.1932e-05 7.7636e-05 2.4141e-05 -4.4696e-05 2.4141e-05 4.4696e-05
129.32 111.14 3.6841 1.6514 -0 0 0 0 -0 0 0 0 -0 0 0 0 -0 0 0 0 0.0090058 0.019853 0.009029 0.019853 -0.0040796 0.14595 0.034208 0.14595 0.0088909 0.17798 0.033501 0.17798 -0.01243 0.056156 0.015927 0.056156 0.041643 0.066454 0.28186 0.17878 -0.0012878 -0.033547 0.18847 0.4904 0.040207 -0.067202 0.13605 0.53805 -0.062926 0.026719 0.18851 0.25457 -0.0032474 -0.038086 0.14288 0.094672 -0.015202 -0.035607 0.076172 0.086831 0.024508 -0.02164 0.054289 0.094339 -0.0029253 -0.031818 0.069761 0.075184
156.81 119.69 3.6375 2.3241 -0 0 0 0 -0 0 0 0 -0 0 0 0 -0 0 0 0 0.0078742 0.0080272 0.0078742 0.0080272 0.0070179 0.08786 0.072945 0.094913 -0.012961 0.073294 0.022897 0.074288 -0.00061532 0.0021747 0.00061532 0.0021747 0.033628 0.028649 0.13432 0.098689 0.027329 0.0066871 0.39779 0.3806 0.014691 0.041832 0.46088 0.4861 -0.06288 0.10466 0.10789 0.14753 -0.040902 -0.0058108 0.10593 0.043794 0.010815 -0.046733 0.089811 0.073067 0.030852 -0.05043 0.10897 0.12052 0.029852 -0.007669 0.18023 0.19893
164.39 149.6 3.2453 0.65622 0.067603 0.0077411 0.10441 0.081873 0.0056008 0.034868 0.28565 0.32486 -0.060266 -0.0039516 0.11072 0.13623 -0.0064892 -0.0082976 0.022928 0.025953 0.085545 -0.046855 0.10884 0.11264 -0.0041816 -0.14643 0.34857 0.39405 -0.066884 -0.018992 0.18275 0.16356 -0.0033828 0.0069515 0.02695 0.031406 0.0027343 -0.0021995 0.0027343 0.002263 0.078265 0.016022 0.12118 0.16681 0.067379 0.15908 0.14253 0.31885 -0.021147 0.094065 0.10437 0.27961 0 0 0 0 0.0298 -0.02715 0.030965 0.033215 0.029578 -0.09666 0.061864 0.13445 -0.026444 -0.074432 0.043111 0.10749
91.949 159 3.4664 0.55137 -0.033561 0.017291 0.28499 0.3992 -0.098518 0.010004 0.19051 0.14535 -0.0050879 0.0087186 0.01845 0.016937 -0.00014466 0.0033932 0.010683 0.0076538 -0.070045 -0.074297 0.3307 0.3557 -0.097752 -0.029454 0.27665 0.27468 -0.024913 -0.0054032 0.05779 0.068021 0.0016909 -0.0026293 0.031866 0.016481 -0.0279 -0.044625 0.22371 0.17401 -0.021077 -0.0076675 0.20876 0.24875 -0.052996 0.068082 0.12503 0.14672 -0.0062589 -0.00047859 0.019686 0.010338 -0.018677 -0.036876 0.068431 0.078481 0.013068 -0.045443 0.068035 0.069866 -0.023467 -0.052042 0.066506 0.070462 -0.0051904 -0.0025805 0.0057804 0.0035331
170.5 166.71 4.1125 3.6121 -1.2839e-17 -2.0208e-17 1.6561e-16 2.0794e-16 1.2188e-18 -1.3425e-16 4.5278e-16 5.8063e-16 -1.3973e-17 -7.1058e-18 1.3973e-17 7.1058e-18 0 -0 0 0 0.020402 0.034988 0.02147 0.035888 0.055188 0.23794 0.12893 0.27473 -0.079802 0.11871 0.10386 0.16908 -0.006086 0.0044344 0.006086 0.0059622 0.084521 -0.018802 0.10192 0.14013 -0.017327 -0.17071 0.23162 0.49014 -0.02005 -0.0076782 0.23695 0.38997 -0.037938 0.064711 0.090879 0.12135 0.0052918 -0.0098566 0.012325 0.0143 0.0099624 -0.014893 0.039914 0.040448 0.10665 -0.0024811 0.19261 0.23541 -0.064832 0.021801 0.18645 0.19843
159.22 176.15 3.5771 0.70178 -0.00091585 -0.028367 0.24783 0.26817 -0.067918 -0.023716 0.10044 0.11151 -0.0040046 -0.0083461 0.02426 0.032895 -0.0014196 -0.01199 0.013575 0.015583 0.038027 -0.016724 0.16983 0.20156 0.011977 0.23865 0.17644 0.4267 -0.10966 0.11646 0.16132 0.29983 -0.011235 0.0029475 0.01188 0.012408 0.059476 -0.041393 0.067749 0.085477 0.017475 -0.20231 0.14088 0.42917 -0.09269 -0.10601 0.11348 0.23898 -0.0065905 -0.0021799 0.006999 0.0069837 0.00021009 -0.00066212 0.00024319 0.00066212 0.00016614 -0.0016083 0.00031306 0.0016563 -8.0741e-05 -1.7441e-06 0.00016717 0.00013411 -2.5524e-06 3.0194e-06 2.5524e-06 3.0194e-06
94.565 103.7 5.0914 1.1666 0 0 0 0 0 0 0 0 0 0 0 0 0 0 0 0 0 0 0 0 0 0 0 0 0.0013975 0.00098127 0.0016737 0.00098127 -0.0004886 0.0034807 0.0033705 0.0035282 0.058435 0.10396 0.076073 0.13635 0.033749 0.1177 0.31079 0.62139 -0.13161 0.073726 0.28707 0.37888 -0.026368 0.009108 0.050213 0.050793 0.0062481 0.012734 0.18984 0.235 -0.0089422 -0.076214 0.15137 0.22111 -0.041888 -0.043717 0.1348 0.12976 -0.012306 -0.001556 0.02473 0.02116
79.259 115.3 5.0884 0.94487 0 0 0 0 0 0 0 0 0 0 0 0 0 0 0 0 0 0 0 0 0 0 0 0 -0.00092828 0.004824 0.013857 0.015553 -0.00091462 0.00020314 0.00097832 0.0010223 0.11237 0.10943 0.22769 0.28868 -0.05289 0.11421 0.39389 0.61067 -0.097049 0.032914 0.20991 0.22074 -0.0052826 0.0012867 0.0068511 0.0021946 -0.011933 -0.018307 0.20497 0.25987 -0.020342 -0.082361 0.16629 0.17002 -0.049174 -0.011125 0.097347 0.080681 -0.0027188 0.0011525 0.012466 0.0043224
126.82 135.98 5.1946 4.7822 0.0099075 0.0050171 0.022256 0.015474 -0.012074 0.0094194 0.034274 0.035213 0.039796 -0.0050969 0.054729 0.044542 -0.0031496 0.01129 0.13137 0.11443 0.023456 0.04097 0.07574 0.097855 -0.035579 0.028746 0.084212 0.12601 0.041971 0.073558 0.10353 0.13806 -0.012303 0.0024119 0.16731 0.12431 0.072569 -0.032456 0.1322 0.21743 -0.026914 -0.0030696 0.15733 0.54857 -0.01394 -0.0402 0.2517 0.57406 -0.052178 -0.034413 0.11213 0.10458 0.010284 -0.016904 0.010427 0.023803 -0.0032194 -0.051746 0.020469 0.078608 -0.0071647 -0.034933 0.019089 0.067767 -0.0027093 -0.0029947 0.0031099 0.0053916
156.77 134.92 5.5041 4.9955 -0.0039641 0.022292 0.048236 0.04189 0.026075 0.0096045 0.053898 0.039061 -0.033267 0.055233 0.25174 0.17076 -0.020745 0.008061 0.023637 0.012814 -0.04309 0.11353 0.14994 0.25122 0.016534 0.17727 0.22167 0.30447 -0.065519 -0.056123 0.39251 0.24881 -0.025423 -0.0080525 0.040367 0.018296 0.016674 -0.097717 0.10721 0.29081 -0.019744 -0.14052 0.25975 0.41031 -0.05391 -0.052529 0.12615 0.093959 -0.00064462 -0.00081036 0.0013073 0.00081036 0.00013448 -0.00020501 0.00013448 0.00020501 -0.0010609 -0.0056741 0.0017328 0.0056769 -8.5931e-05 -0.00019484 8.5931e-05 0.00019873 0 0 0 0
112.89 148.24 4.8518 4.5958 0.0017875 0.0012387 0.0045872 0.0025486 -0.0017064 0.015324 0.020313 0.020599 0.012858 0.0019208 0.022609 0.015982 0.030071 0.018046 0.11616 0.15327 0.0083035 0.0025953 0.034857 0.019255 0.0090257 0.033526 0.12078 0.10512 -0.009776 0.038506 0.067121 0.086354 0.045109 0.019214 0.12893 0.15622 0.043529 0.012055 0.10658 0.094401 0.029372 0.17159 0.26621 0.33118 0.014515 0.1798 0.15201 0.43641 -0.027148 -0.0057576 0.23588 0.31252 0.0093491 -0.014038 0.030767 0.026702 0.042193 -0.087699 0.11782 0.29011 -0.03166 -0.092828 0.082558 0.32177 -0.022277 -0.039614 0.038719 0.089009
117.29 159.81 5.7049 4.5287 -3.2958e-05 6.1214e-06 3.2958e-05 6.1214e-06 -0.00010453 1.9415e-05 0.00010453 1.9415e-05 0.029968 0.023383 0.040279 0.04418 -0.012189 0.049374 0.037632 0.062408 0.0059986 0.0012182 0.012071 0.0049233 -0.0013208 0.024609 0.076187 0.06104 0.065323 -0.0088992 0.10891 0.11889 -0.014268 -0.024197 0.22995 0.26778 0.024548 0.018431 0.047203 0.041877 0.012728 0.099927 0.18703 0.22127 0.074995 0.17454 0.21438 0.32944 -0.058441 0.01353 0.30629 0.23572 0.01683 -0.0071385 0.025006 0.031017 0.063118 -0.07722 0.15229 0.3605 -0.036244 -0.091792 0.14836 0.41299 -0.028162 -0.038339 0.059749 0.072721
103.14 171.14 4.6082 5.7383 0.00098767 -0.00016546 0.0010083 0.0018592 0.00054059 0.00059028 0.0041163 0.0094472 -0.0005592 0.00046373 0.0005783 0.0013004 9.392e-20 1.5495e-19 3.2173e-18 5.3081e-18 -0.016279 0.072435 0.10625 0.11975 0.010645 0.052485 0.099578 0.12439 -0.025469 0.019813 0.043795 0.042518 -7.2681e-05 -0.00011991 7.2681e-05 0.00011991 -0.050016 0.10966 0.38954 0.34283 -0.10397 0.0067432 0.24232 0.20415 -0.035204 -0.0046268 0.063989 0.051197 -0.0019754 0.025509 0.017443 0.025662 -0.0034539 -0.01884 0.42762 0.30312 -0.095505 0.090424 0.23774 0.19789 0.08454 0.065909 0.17568 0.09882 -0.062117 0.065589 0.26791 0.10449
86.235 103.14 6.5953 0.96345 0 0 0 0 0 0 0 0 0 0 0 0 0 0 0 0 0 0 0 0 0 0 0 0 0.00010086 0.0015113 0.0034706 0.0067126 -0.0002556 0.00032775 0.00056864 0.0013078 0.037291 0.053138 0.045938 0.062693 0.066026 0.16912 0.42388 0.61455 -0.1192 0.047086 0.2145 0.29677 -0.010367 0.0011234 0.013425 0.010741 0.056182 0.0048324 0.1555 0.15078 -0.056548 -0.082309 0.26944 0.30021 -0.037319 -0.037011 0.10925 0.1039 -0.0057999 0.0011887 0.0089624 0.008296
76.779 148.91 10.213 5.4243 0 0 0 0 0 0 0 0 3.1249e-07 4.2476e-06 3.1249e-07 4.2476e-06 2.8065e-18 2.4218e-18 4.6289e-18 3.9944e-18 0 0 0 0 -0.0029446 0.029955 0.011713 0.029955 -0.0041477 0.034844 0.047956 0.050304 -0.00061426 0.0031724 0.006928 0.0054735 0 0 0 0 0.12642 0.01191 0.28869 0.26743 -0.13505 0.18878 0.4537 0.51151 -0.037691 0.060053 0.27562 0.17744 0 0 0 0 0.032288 -0.033106 0.056505 0.059378 -0.0038322 -0.088311 0.23241 0.31071 -0.031679 -0.036099 0.10012 0.086786
130.85 153.52 10.313 4.9215 5.3982e-05 0.00027548 0.00034408 0.00033704 -5.3206e-05 0.00015953 0.00031076 0.00023677 0.00039064 0.00011995 0.00069536 0.00011995 -1.3084e-05 4.0551e-07 1.3084e-05 4.0551e-07 0.010502 0.016859 0.012608 0.018026 -0.0068505 0.065677 0.10066 0.10441 0.0074668 0.049485 0.29562 0.24612 -0.023926 0.0031725 0.045407 0.028784 0.058415 -0.0125 0.058839 0.069574 0.035172 -0.0261 0.29149 0.66896 -0.0895 -0.046009 0.28082 0.41627 -0.017808 -0.0079704 0.029529 0.016762 0.0033127 -0.0027746 0.0033127 0.0027746 0.0076301 -0.043299 0.024331 0.073601 -0.0069941 -0.021836 0.013059 0.032467 -0.00038137 -0.00028758 0.00038137 0.00028758
108.41 126.33 13.64 1.3641 0 0 0 0 0 0 0 0 0 0 0 0 0 0 0 0 0.011645 0.0056453 0.011645 0.0056453 0.067363 0.19052 0.1984 0.44373 -0.083289 0.067106 0.12199 0.22953 -2.7138e-05 -0.00012945 2.7138e-05 0.00012945 0.059434 0.0029949 0.059434 0.031717 0.027313 -0.097863 0.46529 0.59049 -0.086243 -0.057277 0.13579 0.15765 -4.2145e-05 -4.4858e-05 0.00019383 0.00028053 0.0062985 -0.001129 0.0062985 0.0029286 -0.0031792 -0.019726 0.053327 0.050997 -0.0031319 -0.0016394 0.0043092 0.003535 -8.5623e-06 -1.1141e-05 2.8186e-05 1.6737e-05
127.2 161.11 13.364 4.816 0 0 0 0 -6.372e-20 -6.6251e-21 1.8703e-18 1.9446e-19 -1.3375e-19 -1.3906e-20 1.3375e-19 1.3906e-20 0 0 0 0 0.0035201 0.00045404 0.0040618 0.0010962 0.0071048 0.071996 0.072897 0.0748 -0.013599 0.086758 0.30539 0.2496 -0.019644 0.0033802 0.022867 0.015014 0.018184 0.0013698 0.018387 0.0099028 0.090265 -0.027725 0.35339 0.57038 -0.14018 -0.061214 0.34674 0.45412 -0.017746 -0.0045403 0.020585 0.011301 0.00033921 -0.0003458 0.00035015 0.0003458 0.0072794 -0.041826 0.029061 0.063719 -0.009834 -0.024231 0.015698 0.033579 -0.00021518 -0.00015063 0.00021518 0.00015063
