58 64
140.46 115.99 1.868 1.5848 -0 0 0 0 -0 0 0 0 -0 0 0 0 -0 0 0 0 0.0026446 0.00083987 0.0026446 0.00083987 0.003305 0.044549 0.018673 0.044549 -0.00059174 0.104 0.014018 0.104 0.016658 0.070991 0.02378 0.072036 0.047168 0.01442 0.047214 0.023503 0.10585 0.18016 0.29395 0.3302 -0.086391 0.11723 0.18494 0.55256 0.04321 0.064014 0.11303 0.2819 0.050977 0.012122 0.076014 0.032776 0.010447 -0.09316 0.33202 0.18357 0.0025101 -0.066266 0.15554 0.21382 0.0093029 -0.027591 0.071461 0.13008
96.336 123.85 2.0341 0.42798 0 0 0 0 0 0 0 0 0.0032541 -0.00083484 0.0066686 0.0050232 0.059928 0.050702 0.10565 0.077641 0.0047699 0.013164 0.0049614 0.013164 0.020257 0.092485 0.063902 0.092485 -0.017518 0.058335 0.040596 0.067319 0.085218 -0.055277 0.13042 0.11962 0.17845 0.16183 0.21838 0.20318 -0.157 0.15264 0.36103 0.43669 -0.058776 0.019721 0.17887 0.19838 0.017972 0.00022674 0.1549 0.18462 0.10359 -0.03256 0.23892 0.11385 -0.10871 -0.048774 0.26919 0.22059 -0.042927 0.032903 0.10478 0.1159 -0.019627 -0.017213 0.056714 0.071164
102.22 129.02 2.074 4.9119 -0.060022 -0.046031 0.12023 0.085068 0.0087561 -0.0028944 0.18087 0.1207 -0.0089639 0.025014 0.091333 0.067096 -0.012229 0.025152 0.025718 0.036922 -0.017161 -0.038253 0.048137 0.04517 0.011895 0.0065889 0.159 0.11936 0.071299 0.036759 0.18313 0.11138 -0.018193 0.067433 0.10386 0.12301 0.0080225 0.00038915 0.0090727 0.0079066 0.18958 0.048183 0.28076 0.18717 0.0053197 0.26221 0.32409 0.38612 -0.046133 0.035591 0.16965 0.23503 0.00046353 -0.00046909 0.00046353 0.00046909 0.089026 -0.056895 0.090937 0.07003 0.025193 -0.19136 0.14225 0.32221 -0.034532 -0.069245 0.05181 0.1513
131.36 129.61 1.9004 4.4751 0.0038012 0.015041 0.019928 0.024293 0.0089895 0.029967 0.040991 0.042836 -0.0050325 0.021833 0.044246 0.033203 -0.00054556 0.009224 0.15525 0.057134 0.000286 0.061444 0.079506 0.11184 0.043733 0.10548 0.1445 0.22221 0.038898 0.12164 0.20465 0.19654 -0.063464 0.061003 0.31918 0.13356 0.0049592 0.046148 0.14709 0.16483 -0.022687 -0.032241 0.17752 0.31343 0.052799 -0.062478 0.23918 0.46947 -0.085725 -0.076554 0.17515 0.16079 -0.053462 -0.036916 0.10362 0.17719 -0.054315 -0.058286 0.07952 0.14656 -0.007033 -0.050783 0.036444 0.10526 -0.0081224 -0.02043 0.012916 0.024209
109.46 136.3 1.8556 5.8129 0.0044387 -0.0011321 0.017561 0.031369 0.018711 -0.018115 0.14153 0.18145 -0.045114 -0.011553 0.11074 0.10629 -0.0077564 -0.0073736 0.017729 0.013135 0.0042236 0.11741 0.16404 0.1609 0.021987 0.089511 0.16989 0.20572 -0.044637 0.048173 0.12314 0.1443 -0.014809 0.0001443 0.043048 0.030558 0.00031268 0.085601 0.35638 0.2598 -0.12745 0.14257 0.27826 0.30348 -0.09259 0.031478 0.18237 0.16302 -0.018214 0.010172 0.041129 0.034724 0.052731 -0.098218 0.17538 0.14562 -0.04248 -0.058857 0.25758 0.21854 -0.044869 0.045692 0.18575 0.14546 -0.020035 0.017982 0.044409 0.047327
68.512 138.1 1.7521 0.90243 0 0 0 0 0 0 0 0 0 0 0 0 0 0 0 0 0.025555 0.048679 0.032342 0.050473 0.025277 0.19595 0.076078 0.21945 -0.059361 0.095816 0.068763 0.11121 -0.0014793 0.0017619 0.0014793 0.0017619 0.16795 0.013601 0.21732 0.10886 -0.13878 0.051132 0.47265 0.38427 -0.066757 -0.0093125 0.19691 0.23124 -0.040782 0.033171 0.053168 0.042793 0.047099 0.0022064 0.18022 0.11018 -0.086254 -0.0051338 0.42319 0.15138 -0.031223 -0.014237 0.11799 0.052465 -0.020996 0.010434 0.093145 0.050895
74.243 142.78 1.8934 5.8205 0 0 0 0 0.016917 0.025129 0.019805 0.026196 0.021664 0.032276 0.037932 0.087313 -0.0089286 -0.0030313 0.029598 0.066464 0.031502 0.0070565 0.031502 0.0096305 -0.0028392 0.069213 0.24505 0.17265 -0.048207 0.012929 0.084282 0.1742 -0.0013356 0.036118 0.017233 0.09091 0.060455 -0.0043974 0.060455 0.019308 0.091766 0.013651 0.31911 0.38212 -0.017554 0.026227 0.1392 0.58511 -0.053492 -0.049378 0.095653 0.27881 0.0056218 -0.0028952 0.0071771 0.0070013 0.018323 -0.064643 0.044042 0.096571 0.038165 -0.035191 0.13178 0.24915 -0.015788 -0.011799 0.072135 0.11287
123.72 141.49 1.8484 4.6418 0.0037506 0.0025681 0.014155 0.02213 0.0013652 -0.010649 0.064354 0.078194 -0.010415 -0.0031181 0.022847 0.025999 0.00051185 0.00030085 0.0012816 0.00041591 -0.0022668 0.048665 0.052 0.077912 -0.0030621 0.078686 0.076295 0.11333 0.0090116 0.070981 0.090752 0.10238 -0.0033171 0.031018 0.059771 0.035091 0.038586 0.02273 0.13302 0.092086 -0.011503 0.14557 0.23413 0.31456 0.0096011 0.16175 0.22168 0.29961 0.062769 0.1348 0.21881 0.17166 0.043411 0.11754 0.14086 0.16053 -0.057397 0.060458 0.22195 0.28141 -0.0031526 -0.044623 0.15287 0.3637 0.062013 -0.030852 0.1545 0.26656
134 141.16 1.8891 3.7958 0 -0 0 0 0.0026066 -0.0031274 0.0067411 0.0063854 0.041479 0.02189 0.20787 0.14391 -0.033729 0.00064547 0.11483 0.085216 -0.010194 0.00042128 0.031868 0.024872 0.03271 0.032276 0.054604 0.042858 0.074943 0.022777 0.21054 0.17781 -0.017541 0.10732 0.34133 0.27257 0.020352 0.0075032 0.045561 0.032831 0.064532 0.030341 0.16768 0.11926 0.063061 0.10524 0.23389 0.2798 0.038306 -0.03864 0.36454 0.25901 0.019948 0.034566 0.043629 0.043153 0.052296 0.051567 0.18579 0.14718 -0.036232 -0.0012636 0.21956 0.19102 -0.028998 -0.046904 0.20439 0.13795
102.39 143.09 1.9124 3.2777 0.0062345 -0.0052545 0.028875 0.026015 0.024783 0.014314 0.064244 0.041826 0.072803 0.033676 0.16229 0.10378 0.030922 0.0078873 0.18071 0.15021 0.0053052 0.010093 0.02379 0.019606 0.054615 0.015893 0.11661 0.097084 0.063126 -0.081079 0.149 0.20323 0.16765 -0.071734 0.2307 0.22175 -0.014373 0.066135 0.070021 0.14438 0.10147 0.0049703 0.19503 0.32582 -0.0701 -0.026463 0.22166 0.29811 0.078446 -0.096088 0.15627 0.20998 0.048787 -0.017973 0.080915 0.17503 -0.03514 0.10725 0.17423 0.33431 -0.068022 0.068836 0.10776 0.16075 -0.0027885 -0.013632 0.012334 0.024953
91.756 146.79 1.9841 2.9324 6.8969e-05 -0.004234 0.01272 0.010882 0.036625 -0.0039999 0.068853 0.044 0.00077124 -0.02674 0.078025 0.1316 0.070264 -0.057391 0.11674 0.11859 0.00018447 0.016946 0.043187 0.045841 0.052424 -0.018364 0.13071 0.14232 -0.032169 -0.028822 0.21468 0.31098 -0.00863 -0.030456 0.079611 0.096467 0.034262 0.0098463 0.066623 0.1708 0.056927 0.07474 0.11202 0.43587 -0.01303 0.1724 0.16614 0.48424 -0.077671 0.10813 0.11261 0.17043 0.0033329 -0.011991 0.012964 0.051 0.028971 -0.073732 0.034548 0.13734 0.071354 -0.080524 0.10677 0.21337 -0.062103 -0.028717 0.13495 0.085517
84.133 148.31 2.0613 2.9125 0.0030268 0.015994 0.020344 0.020186 0.04016 0.0036201 0.084174 0.091801 -0.030022 0.0042281 0.14464 0.18987 -0.0020759 -0.034157 0.055181 0.067807 0.028068 0.042332 0.06716 0.14496 0.040831 0.15592 0.10304 0.36943 -0.035561 0.17733 0.13936 0.39713 -0.052096 0.090166 0.07466 0.12144 0.014751 -0.045328 0.028334 0.098911 0.055974 -0.14615 0.067154 0.2927 0.096518 -0.13787 0.17851 0.40886 -0.10435 -0.020821 0.216 0.14142 0.0013715 0.023383 0.019154 0.04362 0.00035907 0.024317 0.026344 0.094939 0.023542 -0.022789 0.069903 0.12092 -0.026097 -0.031203 0.052782 0.043282
168.51 153.79 1.6596 0.8555 0.034503 0.041031 0.10539 0.11375 -0.08507 0.015594 0.13033 0.16238 -0.027842 -0.028959 0.10724 0.11213 -0.0067176 -0.004523 0.015789 0.011789 0.029963 -0.082579 0.093364 0.099219 -0.097794 -0.028199 0.17403 0.11564 -0.044346 0.032359 0.067461 0.087839 -0.0074009 0.0075104 0.015807 0.014657 0.0067318 -0.039496 0.058635 0.051691 0.090009 0.010115 0.15135 0.11611 0.011242 0.23969 0.12723 0.26103 0.029003 0.26501 0.10657 0.26727 -0.00083121 -0.0018944 0.0025008 0.0031962 0.11501 -0.048525 0.1156 0.084544 0.086127 -0.10555 0.17616 0.4178 0.00039818 -0.072895 0.1375 0.40914
67.294 160.31 2.1494 2.9245 0.0033458 -0.013398 0.043361 0.1017 0.057844 -0.12985 0.082389 0.29331 0.077351 -0.21202 0.10312 0.44454 0.069008 -0.080802 0.17954 0.33392 -0.0070726 0.034174 0.063721 0.10628 0.0097087 0.14186 0.091829 0.23422 0.01099 0.080386 0.081827 0.28534 0.02538 -0.096439 0.17787 0.26363 0.022423 -0.06418 0.030584 0.083759 0.010046 -0.1325 0.073461 0.22253 -0.037228 -0.12764 0.0538 0.20232 -0.020848 -0.05475 0.027585 0.060398 -0 0 0 0 -4.9891e-05 -0.0002262 4.9891e-05 0.0002262 -1.0745e-05 -4.8717e-05 1.0745e-05 4.8717e-05 -0 0 0 0
95.332 169.91 2.03 3.0903 0.0085392 0.0021573 0.0174 0.012011 0.0068362 0.01996 0.066734 0.0651 -0.021038 -0.0012375 0.039811 0.044318 0.017664 0.0031151 0.046338 0.026792 -0.0060371 0.036283 0.048148 0.11043 -0.0030641 0.0085947 0.12649 0.16885 0.0078309 0.032472 0.14864 0.16336 0.011945 0.019503 0.10804 0.11187 -0.016576 0.03524 0.094352 0.14397 0.025084 -0.00057763 0.14 0.24646 0.10875 0.023836 0.18327 0.52141 0.053523 0.13267 0.14853 0.52077 0.019114 -0.023024 0.058401 0.062068 -0.036872 0.034866 0.077662 0.10494 0.0054129 -0.02281 0.051957 0.15007 0.058626 -0.090824 0.06822 0.18577
70.192 171.84 2.0683 5.8004 0 0 0 0 0 0 0 0 0 0 0 0 0 0 0 0 0.049272 0.14241 0.061099 0.14241 0.040634 0.22814 0.092384 0.29242 -0.033974 0.14021 0.054578 0.15907 -0.019332 0.085922 0.030463 0.086295 0.0026783 -0.03371 0.11263 0.27896 -0.026771 -0.14435 0.11907 0.31921 0.020393 -0.086981 0.10278 0.21026 0.015575 -0.026917 0.078879 0.15662 -0.0051881 0.22494 0.051718 0.29188 -0.032473 0.18375 0.09632 0.35054 -0.042593 0.00075406 0.11604 0.25916 -0.0085687 -0.0067156 0.044869 0.16282
87.622 172.79 2.1202 2.8452 0.0091266 -0.00024414 0.022946 0.024758 0.0018253 -0.024758 0.078113 0.069885 0.01323 0.028823 0.087162 0.087797 0.004974 0.017299 0.088854 0.096007 -0.00095776 0.01709 0.061618 0.14222 0.033961 0.018117 0.10212 0.25279 0.10361 0.018626 0.18779 0.43559 0.091927 0.023171 0.17041 0.54352 0.038775 0.0044686 0.089333 0.11329 -0.042621 0.068076 0.12108 0.19283 -0.017704 -0.032051 0.089244 0.24962 0.022753 -0.10273 0.048714 0.22583 0.021668 -0.03466 0.024837 0.035757 0.029582 -0.062698 0.058681 0.097973 0.0064454 0.00058303 0.058111 0.13668 -0.00082649 0.013319 0.047366 0.14539
160.18 174.29 2.2213 1.0307 -0.0136 0.0095176 0.017286 0.020962 -0.009193 0.0054764 0.010051 0.010179 -0.0010033 0.00018372 0.0012201 0.00077866 6.0247e-05 4.1532e-05 6.0247e-05 4.1532e-05 0.0051337 0.092806 0.054364 0.10125 -0.0079254 0.22375 0.07715 0.22532 -0.052447 0.18883 0.070021 0.22359 -0.01039 0.060355 0.018164 0.06538 0.035064 -0.038655 0.092341 0.22995 0.021673 -0.034348 0.14155 0.52746 -0.027053 -0.013302 0.16714 0.53097 -0.024811 0.0030607 0.078173 0.17414 0.01039 -0.018097 0.017978 0.044636 0.010989 -0.040433 0.025208 0.12505 -0.0079161 -0.078087 0.033218 0.15423 -0.01195 -0.040311 0.016425 0.050855
90.053 182.07 2.0632 2.6894 0.0020768 0.0079572 0.018801 0.018562 0.041369 -0.012529 0.058877 0.083089 -0.0050444 -0.0072324 0.1194 0.11794 0.043133 0.078028 0.13029 0.17121 0.050034 0.018354 0.086684 0.10997 -0.026082 0.037259 0.15204 0.37386 0.053294 0.016328 0.14203 0.41837 0.073001 -0.060804 0.17455 0.39057 0.057504 -0.035988 0.067492 0.055746 0.066535 -0.0060787 0.19109 0.27621 -0.042474 0.062422 0.13794 0.2788 -0.028701 0.04392 0.069431 0.17186 0.0028374 -0.0018594 0.0028374 0.0018594 0.027289 -0.053801 0.033102 0.054906 0.020699 -0.1055 0.045605 0.12391 0.012417 -0.066539 0.042189 0.12055
73.876 184.23 2.1421 5.5786 0 0 0 0 0 0 0 0 0 0 0 0 0 0 0 0 0.026612 0.095076 0.030842 0.095076 -0.004564 0.14831 0.022483 0.14861 -0.0037465 0.13683 0.035634 0.13683 -0.0093923 0.021324 0.0095484 0.021324 -0.0089642 0.040137 0.18021 0.33438 -0.011735 0.0052444 0.14611 0.3912 0.0040604 0.024988 0.15066 0.40382 -0.094624 0.050388 0.13961 0.18926 -0.018184 -0.041512 0.077805 0.14051 0.062241 0.085679 0.15017 0.28812 -0.016611 -0.011362 0.15303 0.32358 -0.0079039 -0.037552 0.11335 0.18605
135.66 187.94 2.1481 0.54058 -0.00042514 -0.0012432 0.0023461 0.0023073 -0.0015515 0.0021854 0.024128 0.017532 -0.0013419 -0.00057486 0.0037297 0.0026176 -4.5749e-05 -0.00011266 0.00081865 0.0011244 0.0021754 0.00098139 0.0026888 0.0030968 0.011431 0.04468 0.056201 0.066175 -0.0103 0.016769 0.016745 0.02454 -2.6862e-05 0.00011803 0.00014539 0.00022341 0.048977 0.17344 0.092319 0.27893 -0.1131 0.21974 0.30186 0.3633 -0.11227 0.018234 0.12206 0.073664 -0.00080827 -0.00040089 0.0013127 0.00090796 -0.033854 -0.025951 0.36176 0.45728 -0.18575 -0.15276 0.26898 0.27249 -0.045795 -0.021318 0.0482 0.027402 -4.0277e-05 -2.4175e-05 6.5302e-05 3.9195e-05
90.65 194.63 2.0305 4.8443 0 0 0 0 0 0 0 0 0 0 0 0 0 0 0 0 0.0027841 0.0072747 0.0027841 0.0072747 0.0055129 0.12214 0.022149 0.12214 -0.011126 0.083287 0.040084 0.088836 -0.0055041 0.0065491 0.0089454 0.010937 0.13904 0.14987 0.15025 0.17853 -0.082959 0.1151 0.29766 0.41148 -0.10909 0.030828 0.37292 0.2631 -0.039284 -0.00094516 0.074388 0.063309 -0.016656 -0.043646 0.13063 0.14425 -0.01989 -0.0084028 0.30587 0.27331 -0.073625 -0.0076685 0.29233 0.1971 -0.017371 0.038498 0.043518 0.062743
108.07 119.34 2.8998 1.5421 0 0 0 0 0 0 0 0 0 0 0 0 0 0 0 0 0.0094346 0.050942 0.034241 0.14421 0.079029 0.22134 0.15546 0.38007 -0.10385 0.13487 0.1354 0.17244 -0.0029976 0.0023088 0.0029976 0.0023088 -0.0019935 0.015874 0.14764 0.32757 0.012575 -0.08771 0.30189 0.41819 -0.14827 -0.049524 0.24719 0.23805 0.017431 0.059323 0.077497 0.079264 -0.00016708 -0.047639 0.056308 0.072168 -0.00060075 -0.066153 0.078835 0.099452 -0.015203 -0.022237 0.16408 0.098879 0.021609 0.007994 0.18938 0.088938
109.86 139.11 2.7135 4.5464 -0.013942 0.014191 0.085382 0.040886 -0.0061544 -0.0023946 0.028119 0.029233 0.00073634 -0.0024541 0.025411 0.029836 -0.0011576 -0.00031518 0.0030106 0.0026408 -0.0448 0.023899 0.2767 0.10259 0.00015901 0.060647 0.16241 0.13928 -0.0062043 0.093286 0.094733 0.1517 -0.0030682 0.081782 0.076531 0.10211 -0.036456 -0.048885 0.19183 0.10943 0.11392 0.11172 0.27039 0.21982 -0.0020729 0.16376 0.27629 0.36232 0.016569 -0.020479 0.1721 0.34716 0.002592 -0.0077953 0.010586 0.0089959 0.10322 -0.076338 0.12838 0.17147 -0.073679 -0.13403 0.15481 0.27864 -0.010385 -0.04644 0.031432 0.095044
180.36 153.09 2.9436 2.983 -0 0 0 0 0.000106 0.0006629 0.000106 0.0006629 0.00044014 0.0027526 0.00044014 0.0027526 8.6589e-06 5.4153e-05 8.6589e-06 5.4153e-05 0.013196 0.041385 0.015226 0.041385 -0.0051406 0.10784 0.035928 0.11308 0.044818 0.098174 0.093977 0.14107 -0.034382 0.051819 0.056856 0.053332 0.12314 0.13227 0.35606 0.20329 -0.16514 0.058075 0.31705 0.28715 0.10004 -0.033062 0.17712 0.20738 -0.087214 -0.027032 0.17698 0.11642 0.019229 -0.028376 0.47493 0.14642 -0.11619 -0.088391 0.17497 0.10623 0.030571 -0.035988 0.086631 0.13442 1.4149e-05 0.023725 0.077541 0.14577
89.899 160.1 3.0899 3.2711 0.0057141 0.008601 0.013292 0.013503 -0.0044066 0.0069663 0.03518 0.029021 0.019973 0.0042948 0.058925 0.039251 0.071716 -0.0011851 0.10222 0.097756 -0.00063831 0.019548 0.070523 0.086151 0.01632 0.065353 0.1038 0.18812 0.039625 0.094037 0.15401 0.27914 0.012237 -0.03191 0.15452 0.23331 0.010027 -0.006479 0.071558 0.067337 0.028728 -0.015015 0.10995 0.22231 0.11209 -0.04329 0.28658 0.56807 -0.092866 0.045709 0.2206 0.2736 0.012226 -0.014112 0.016117 0.020341 0.011686 -0.027863 0.048145 0.11424 0.042542 -0.056549 0.071846 0.18861 -0.036154 -0.050261 0.099079 0.096119
107.17 172.38 3.0533 3.1981 0.0098045 -0.020766 0.018321 0.020766 -0.012052 -0.02858 0.063536 0.040825 0.005741 0.011008 0.0388 0.026843 0.041979 0.0084727 0.064754 0.05168 0.00053158 0.0030675 0.0048729 0.0041713 0.021752 0.028408 0.066307 0.051298 -0.00082575 0.0051101 0.095499 0.083007 0.10867 0.020056 0.16431 0.10802 0.017486 0.030422 0.072787 0.068876 0.011131 0.053717 0.16151 0.22442 -0.011439 0.12383 0.16933 0.27417 0.051601 0.027956 0.21744 0.33448 0.038341 -0.015331 0.060888 0.045499 -0.013786 0.016475 0.12646 0.16536 0.087969 -0.040103 0.16005 0.39738 0.042745 0.010113 0.22264 0.48723
73.739 175.43 2.7092 5.7372 0 0 0 0 0 0 0 0 0 0 0 0 0 0 0 0 0.03269 0.063089 0.04472 0.090384 0.0079848 0.10071 0.075903 0.17187 -0.021082 0.10669 0.039413 0.13591 -0.0167 0.028879 0.018071 0.029654 -0.0085075 0.077364 0.15685 0.2856 0.0070753 0.10648 0.121 0.3861 0.0029165 -0.028258 0.11546 0.29821 -0.034295 -0.010524 0.074861 0.11155 -0.020276 -0.019574 0.13455 0.44549 -0.086574 -0.049649 0.18757 0.44435 -0.023495 -0.025767 0.10216 0.14648 -0.012498 -0.0080514 0.028557 0.035656
140.63 179.41 2.535 0.85994 -0.023423 -0.0089298 0.047618 0.034099 0.00010236 -0.0070992 0.013854 0.014209 0.001265 -0.0044288 0.012639 0.014342 0.00022 -0.0036027 0.010924 0.0095527 -0.013099 0.029658 0.019222 0.039984 0.0033977 0.020175 0.0061593 0.020318 -0.0035531 0.011882 0.019451 0.021206 -0.00066928 -0.00030696 0.002613 0.0023774 0.012452 0.14797 0.22647 0.4711 -0.038935 0.18667 0.28526 0.58574 -0.12767 0.028721 0.15529 0.17684 -0.005913 -0.000166 0.0059377 0.0030827 0.010164 -0.090695 0.083294 0.20241 -0.035082 -0.12451 0.12685 0.25842 -0.032218 -0.035515 0.036398 0.042995 -0.00055285 -0.0001852 0.00055285 0.0001852
83.551 186.46 2.6307 5.4251 0 0 0 0 0 0 0 0 0 0 0 0 0 0 0 0 0.025682 0.069915 0.039745 0.083722 0.012968 0.107 0.046205 0.17543 -0.056601 0.08834 0.072759 0.15576 -0.0070173 0.010359 0.0074383 0.011033 -0.008496 -0.010055 0.14639 0.22754 0.0079186 0.016061 0.2034 0.38063 -0.068369 -0.034581 0.18762 0.28656 -0.016149 -0.0025825 0.027918 0.028698 -0.0381 0.095154 0.31782 0.4519 -0.096481 -0.024929 0.27689 0.29312 -0.019191 -0.0090452 0.10647 0.12218 -0.0088179 0.0034072 0.013735 0.013921
96.595 188.98 2.4002 2.7045 -0.00016833 0.00076999 0.0012628 0.0023109 0.0066771 0.0067037 0.025756 0.022099 0.083399 -0.031862 0.10609 0.1074 -0.0084518 0.0027398 0.11289 0.080083 0.0053782 -0.0015061 0.0082007 0.0092035 0.059591 0.053542 0.14581 0.21818 0.0010274 0.053927 0.13725 0.43523 0.058223 0.071656 0.14348 0.32723 0.0041066 -0.0020456 0.0041066 0.0031991 0.13874 -0.066165 0.18683 0.17778 -0.0053172 0.10569 0.22822 0.41763 -0.014418 0.059953 0.13835 0.29206 -0 0 0 0 0.026306 -0.015526 0.02778 0.019372 0.070428 -0.12432 0.09725 0.17769 0.0082866 -0.059307 0.058171 0.13896
108.39 119.54 3.3012 1.7029 -0 0 0 0 -0 0 0 0 -0 0 0 0 -0 0 0 0 -0.013165 0.093338 0.074198 0.2521 0.073854 0.21798 0.18032 0.41342 -0.12817 0.12678 0.16294 0.19317 -0.0021648 0.0020699 0.0021648 0.0020699 0.017353 -0.04888 0.15422 0.26952 0.0023009 -0.12374 0.28607 0.36464 -0.13043 -0.064608 0.24342 0.2158 -0.003557 0.046845 0.045607 0.053974 0.0091158 -0.028979 0.035334 0.045545 -5.6012e-05 -0.054912 0.076705 0.086795 0.010818 -0.0077388 0.17256 0.11465 0.0080766 0.015491 0.16571 0.11954
143.66 125.04 3.7151 2.8997 0.031133 0.044084 0.088838 0.11214 -0.073657 0.034496 0.14389 0.10117 -0.0010292 -4.4682e-05 0.0010292 4.7869e-05 -0 0 0 0 -0.0070993 -0.081425 0.1341 0.18371 -0.017081 0.029557 0.26157 0.41125 -0.057932 0.065833 0.090067 0.10045 -0 0 0 0 0.0083254 -0.012663 0.029723 0.039843 0.12639 -0.026957 0.33739 0.3006 -0.14019 0.0657 0.35606 0.19277 -0.01117 0.0063291 0.012251 0.0063291 0.0031155 0.0011888 0.019682 0.010339 0.071367 -0.031475 0.13409 0.10663 -0.046391 -0.021468 0.33166 0.22635 -0.038868 0.0010237 0.04731 0.025441
78.556 136.86 2.8992 2.7816 0.038335 -0.0025566 0.061498 0.044035 0.04 -0.065689 0.17194 0.21337 -0.048139 -0.104 0.17302 0.13182 -0.0097073 -0.0025674 0.0097073 0.0038711 0.056237 0.041304 0.11049 0.23311 -0.022993 0.10345 0.18662 0.58354 -0.077342 0.041941 0.10305 0.1223 -0.00029315 -2.4492e-05 0.00029315 7.4157e-05 0.025854 -0.027293 0.045571 0.19066 0.039946 -0.11294 0.20284 0.43261 -0.10521 -0.054434 0.18963 0.11963 -6.5896e-05 -8.3648e-06 6.5896e-05 2.486e-05 -0.0013766 -0.016037 0.015777 0.063697 -0.015055 -0.033142 0.036047 0.073753 -0.0078437 -0.0096111 0.011165 0.011735 -0 0 0 0
169.7 135.97 3.9286 1.9324 -0 0 0 0 -0 0 0 0 -0 0 0 0 -0 0 0 0 0.0053853 -4.2492e-05 0.0087557 0.0086659 0.068312 0.12547 0.13655 0.22904 -0.015663 0.10051 0.1616 0.15534 -0.0042215 0.092718 0.1296 0.20045 0.028745 0.019957 0.03679 0.032944 0.056667 0.023514 0.27532 0.25695 -0.06091 -0.060403 0.33688 0.23395 0.026649 -0.075509 0.20046 0.24381 0.089522 -0.0089524 0.093363 0.051098 -0.058444 0.078448 0.41081 0.36363 -0.077157 0.017478 0.097317 0.06623 0.0045233 -0.012646 0.018522 0.024923
75.851 156.23 3.5403 5.838 0 0 0 0 0.0013296 0.0030028 0.0013296 0.0030028 0.0023179 0.017192 0.0038712 0.017192 -0.00020239 0.0015732 0.00033913 0.0015732 0.021055 0.019129 0.034989 0.021312 0.015686 0.077862 0.13346 0.2185 0.008529 0.045568 0.061269 0.21931 -0.012503 0.028095 0.042525 0.085923 0.068714 -0.015019 0.096119 0.066388 0.0096217 -0.013827 0.27108 0.65583 -0.070452 -0.034811 0.14864 0.3636 -0.015604 -0.017368 0.054321 0.087394 0.050956 0.054224 0.092332 0.065377 -0.0023603 0.076259 0.21481 0.27857 -0.044593 -0.0065595 0.0911 0.089497 -0.0047842 -0.0037183 0.017748 0.014454
107.99 171.91 3.5727 3.2765 0.02341 -0.00465 0.02341 0.0095546 -0.0050757 -0.15671 0.22915 0.18252 -0.034097 -0.041621 0.042833 0.046637 0.096031 0.013992 0.12462 0.15416 0.0012331 0.0031705 0.0034607 0.0034658 0.01024 0.011423 0.040197 0.03079 0.0051886 0.0074971 0.061829 0.041337 0.17876 0.040823 0.23593 0.13757 0.025351 0.0096339 0.046639 0.030133 0.023576 0.033227 0.15762 0.19123 0.015592 0.14286 0.1814 0.32413 0.061057 -0.016462 0.23096 0.29662 0.015824 -0.0082683 0.019717 0.013507 0.023273 -0.018805 0.098097 0.12021 0.070573 -0.016637 0.18435 0.38496 -0.060836 0.0012093 0.21733 0.28466
99.538 181.34 3.5909 3.5917 0 -0 0 0 0.00096106 0.00034769 0.00096106 0.00034769 0.015128 -0.095471 0.10059 0.11771 -0.019377 -0.05359 0.028577 0.060711 0.0054302 0.0022954 0.005454 0.0022954 0.006276 0.032026 0.06248 0.063662 -0.0066659 0.023982 0.073978 0.070826 0.014664 0.021215 0.090687 0.053483 0.025021 0.0022081 0.025024 0.0076212 0.018236 0.029946 0.25882 0.17076 0.0028681 0.091265 0.28034 0.36028 0.039547 0.06608 0.24317 0.2907 0.0021363 -0.00064229 0.0021363 0.00073285 0.042227 -0.023617 0.12137 0.093775 0.11557 -0.025081 0.30527 0.35611 -0.07178 0.020049 0.31804 0.3089
70.923 188.68 3.3578 5.5339 0 0 0 0 0 0 0 0 0 0 0 0 0 0 0 0 0 0 0 0 2.4509e-17 -2.2798e-17 2.4509e-17 2.2798e-17 6.754e-18 -6.2826e-18 6.754e-18 6.2826e-18 0 0 0 0 0.066401 0.11337 0.15204 0.2309 0.01727 0.048785 0.12484 0.38321 -0.070377 0.045805 0.15595 0.35035 -0.045116 0.037552 0.060835 0.069236 0.0052434 0.096754 0.19159 0.33484 -0.031024 0.056823 0.25505 0.4473 -0.056225 -0.059053 0.17008 0.32211 -0.026341 -0.016264 0.049603 0.069732
148.7 187.5 3.4163 4.6283 0 -0 0 0 0 -0 0 0 5.5848e-17 -4.7074e-18 5.5848e-17 4.7074e-18 2.1384e-17 -1.8024e-18 2.1384e-17 1.8024e-18 0.0046893 0.0011472 0.0046893 0.0034757 0.079148 0.099135 0.095032 0.17132 -0.030822 0.15468 0.086971 0.31064 -0.027634 0.049808 0.030258 0.062475 0.0037907 -0.0011373 0.0071654 0.0085123 0.10376 -0.081015 0.11729 0.15934 0.10778 -0.069939 0.25629 0.6709 -0.089623 0.095616 0.16894 0.35325 -0.0013111 0.0018495 0.0042238 0.010232 0.0029535 -0.0033743 0.0040921 0.0043535 0.058942 -0.063875 0.067203 0.093996 -0.0026971 -0.0584 0.09969 0.12087
95.121 106.84 5.1318 1.0066 0 0 0 0 0 0 0 0 0 0 0 0 0 0 0 0 0 0 0 0 -0.00031033 0.0001964 0.00031033 0.0001964 -9.9012e-05 6.2661e-05 9.9012e-05 6.2661e-05 0 0 0 0 0.016849 0.024704 0.01889 0.028658 0.073486 0.18023 0.35555 0.47636 -0.019265 0.099127 0.35884 0.28449 -0.038959 0.060851 0.20402 0.13873 0.054705 0.013867 0.16074 0.12879 -0.044975 -0.091302 0.2577 0.30799 -0.0040566 -0.056705 0.20196 0.15229 -0.012153 -0.023658 0.1724 0.076462
127.75 111.9 5.2843 1.74 -0 0 0 0 -0 0 0 0 -0 0 0 0 -0 0 0 0 0.0057248 0.0062641 0.0057248 0.0062641 -0.010283 0.092119 0.039585 0.092119 -0.015902 0.11744 0.031499 0.11744 -0.0047715 0.0098754 0.005262 0.0098754 -0.0066454 0.023723 0.24024 0.18376 0.033909 0.0076382 0.31349 0.46324 -0.069045 0.041378 0.35624 0.50001 -0.05396 0.041667 0.096666 0.10345 -0.065345 0.029063 0.14965 0.11996 0.006891 -0.054857 0.056684 0.081195 0.0081283 -0.057041 0.12191 0.11102 -0.0045778 0.0012347 0.19571 0.11952
90.432 128.53 5.0768 5.6166 0 0 0 0 0.02004 0.030862 0.046016 0.04402 0.0064242 0.06208 0.080465 0.1634 -0.010044 0.0072454 0.029429 0.067293 0 0 0 0 0.072738 -0.024593 0.13229 0.15278 -0.044656 -0.030492 0.24873 0.45041 -0.027827 -0.0086413 0.057836 0.0702 0 0 0 0 0.14964 0.014868 0.21675 0.15974 -0.040027 0.11438 0.40914 0.41909 -0.054528 0.040804 0.075549 0.069563 0 0 0 0 0.035274 -0.024408 0.040643 0.034233 0.078781 -0.094521 0.20022 0.21404 -0.033126 0.0050595 0.15342 0.17341
158.8 126.33 5.0192 2.9835 0.0026949 0.0036199 0.0030914 0.0043877 -0.0034413 0.026181 0.014578 0.026892 -0.0010498 0.0014545 0.00109 0.0014545 -0 0 0 0 -0.049758 0.075073 0.26946 0.25135 -0.093447 -0.000297 0.3064 0.28319 -0.042141 0.0013949 0.042396 0.028365 -0 0 0 0 -0.11268 -0.10362 0.21711 0.14656 0.090842 -0.0099845 0.27498 0.43237 -0.11687 0.053805 0.23083 0.19071 -0.0023509 -0.0002173 0.0023509 0.00059109 -0.0081444 -0.0053096 0.017042 0.01272 0.095754 -0.029982 0.14896 0.10933 -0.096953 0.01803 0.32397 0.19305 -0.024061 0.003169 0.024086 0.012957
123.52 143.68 4.7391 4.5988 -0.0057225 0.0072701 0.04107 0.028893 -0.0035453 0.0029756 0.01634 0.013691 0.11326 -0.056095 0.13438 0.21735 -0.030463 0.0025757 0.19205 0.26034 -0.014817 0.033529 0.19723 0.072514 -0.022637 0.048859 0.079285 0.090768 0.01205 0.035251 0.069508 0.089144 0.042196 -0.031125 0.21856 0.20031 0.0080155 -0.03382 0.21938 0.1238 0.048424 0.056802 0.30733 0.35572 -0.059377 -0.0028625 0.30027 0.40233 -0.015564 -0.057843 0.1611 0.15431 0.010212 -0.0087505 0.014279 0.014162 -2.5113e-05 -0.076929 0.083894 0.13115 -0.020949 -0.05837 0.040596 0.076078 -0.0048256 -0.006122 0.0067973 0.0068469
103.1 153.15 5.3169 4.4718 0.0079421 0.0096192 0.016591 0.01462 -0.0098249 0.014565 0.033775 0.032217 0.027185 -0.0031215 0.037121 0.038303 0.086075 -0.055357 0.13958 0.24177 0.038471 0.0056388 0.11542 0.03101 -0.035503 0.043474 0.2082 0.10347 -0.0067998 0.032299 0.03554 0.065887 0.033333 -0.0031252 0.11311 0.079597 0.089029 -0.010256 0.1612 0.080644 -0.03146 -0.0085052 0.50164 0.21227 0.068414 0.17607 0.27387 0.30651 -0.041992 0.018229 0.27986 0.25699 0.0090774 -0.011098 0.011425 0.017386 0.015192 -0.035806 0.071521 0.055865 0.0095694 -0.11177 0.16764 0.23219 -0.026267 -0.051017 0.04295 0.073626
67.451 171.72 4.546 5.7697 0 0 0 0 0 0 0 0 0 0 0 0 0 0 0 0 0.0015375 0.0027267 0.0015375 0.0027267 0.023638 0.063573 0.031346 0.074722 -0.0074655 0.063845 0.020654 0.073109 -0.0025549 0.0061808 0.0029251 0.0061808 0.071417 0.038291 0.128 0.1179 -0.017351 0.13191 0.27292 0.65875 -0.043611 0.011806 0.13148 0.29624 -0.022673 -0.0025798 0.032866 0.040077 0.047503 0.015217 0.085499 0.099481 -0.039655 0.010682 0.26602 0.43734 -0.044157 -0.018894 0.091663 0.10143 -0.0038874 0.010748 0.019326 0.024833
169.78 171.02 5.5535 0.75433 0.016618 0.012625 0.02092 0.019599 0.026977 -0.02132 0.20846 0.19588 -0.041567 -0.04393 0.067418 0.068604 0.0048439 -0.01277 0.02801 0.025311 0.04229 -0.020632 0.055062 0.059239 0.073356 0.025975 0.31604 0.40962 -0.079161 0.17231 0.26248 0.51801 -0.041813 0.011096 0.055053 0.058376 0.00184 -0.004428 0.0019684 0.004428 0.077327 -0.1202 0.10655 0.2029 -0.052622 -0.16362 0.15797 0.32807 -0.021997 -0.013098 0.026113 0.027848 0 0 0 0 7.2406e-06 -7.7051e-06 7.2406e-06 7.7051e-06 0.00011745 -0.00012498 0.00011745 0.00012498 4.6657e-06 -4.965e-06 4.6657e-06 4.965e-06
59.039 180.82 5.1283 5.6992 0 0 0 0 0 0 0 0 0 0 0 0 0 0 0 0 0 0 0 0 0 0 0 0 0 0 0 0 0 0 0 0 0.025701 0.040243 0.05163 0.0604 0.028213 0.10924 0.16867 0.3537 -0.022079 0.067526 0.11358 0.28242 -0.020345 0.0077694 0.029868 0.033288 0.080986 -0.0072755 0.14141 0.14627 -0.05957 -0.0206 0.31933 0.71073 -0.051599 -0.047443 0.14098 0.2004 -0.009087 -0.0063526 0.018984 0.020359
85.196 181.82 5.3565 5.6457 0 0 0 0 0 0 0 0 0 0 0 0 0 0 0 0 0.021621 0.030305 0.047176 0.076263 0.005725 0.0571 0.062354 0.20006 -0.029129 0.037809 0.052944 0.084606 -0.0019062 0.00079513 0.0019819 0.0012066 0.040304 0.046939 0.27501 0.47202 -0.09686 -0.0090801 0.25099 0.46854 -0.046257 -0.026005 0.092811 0.10974 -0.0026334 -0.00062906 0.0028851 0.001924 0.046349 0.081445 0.21418 0.26674 -0.09219 0.048207 0.18605 0.20938 -0.0070398 -0.0024006 0.027897 0.025307 0.017103 0.11747 0.24749 0.14654
85.379 119.28 6.5051 0.70076 0 0 0 0 0 0 0 0 0 0 0 0 0 0 0 0 0 0 0 0 -0.0019988 0.013509 0.0027443 0.014393 0.0011915 0.078758 0.090193 0.10091 -0.007801 0.010896 0.010897 0.015365 0.038685 0.032099 0.038685 0.034556 0.03353 0.11045 0.49747 0.40917 -0.058137 -0.011549 0.46191 0.3628 -0.040009 0.010581 0.11164 0.075788 0.051359 0.041753 0.12095 0.10811 -0.068852 -0.067698 0.26282 0.22662 -0.0098983 -0.036755 0.069284 0.064722 -0.0077314 -0.010898 0.035103 0.019647
159.82 118.22 6.7916 2.5885 -0 0 0 0 -0 0 0 0 -0 0 0 0 -0 0 0 0 0.037905 0.061625 0.041977 0.074006 -0.046614 0.090086 0.14924 0.16425 -0.010114 0.0070479 0.010695 0.0093084 -0 0 0 0 0.044988 0.091745 0.43027 0.26315 -0.019246 -0.032499 0.36917 0.40663 -0.093657 0.16397 0.26412 0.26587 -0.012441 0.013498 0.015618 0.013498 -0.0013386 -0.056993 0.15325 0.080422 0.038959 -0.03027 0.10261 0.059973 -0.016586 -0.015979 0.24206 0.26815 -0.021553 -0.0021975 0.030352 0.026378
186.88 152.2 6.8733 3.04 -0 0 0 0 -0 0 0 0 -0 0 0 0 -0 0 0 0 -0 0 0 0 0.0093779 0.075275 0.026806 0.075275 -0.0064713 0.065729 0.034315 0.065729 -0.001495 0.0017216 0.0015539 0.0017216 0.085491 0.035284 0.11145 0.054132 -0.039932 0.044359 0.565 0.47821 -0.079387 0.029979 0.31926 0.3832 -0.0228 0.01547 0.028462 0.030467 0.031806 -0.020665 0.06312 0.031026 -0.03252 -0.079613 0.15099 0.10275 0.056628 0.0033268 0.22176 0.17865 -0.047745 0.016644 0.084378 0.054954
167.44 173.29 7.2813 0.78672 0.0077475 0.0081257 0.0097585 0.011094 0.052924 -0.012662 0.24716 0.21309 -0.035912 -0.051797 0.1211 0.11852 -0.0030933 -0.016547 0.059317 0.044883 0.049827 -0.0093173 0.059032 0.054756 0.070839 0.034854 0.37334 0.47987 -0.10589 0.11161 0.20258 0.42793 -0.017275 -0.0024973 0.026703 0.029341 0.0027177 -0.0042454 0.0029084 0.0042454 0.083943 -0.13221 0.11561 0.2374 -0.072898 -0.13284 0.13183 0.28627 -0.010951 -0.0057084 0.011242 0.012879 0 0 0 0 0 0 0 0 1.2703e-20 -9.6006e-18 1.2703e-20 9.6006e-18 2.5974e-21 -1.9631e-18 2.5974e-21 1.9631e-18
85.044 102.63 9.9374 0.66547 0 0 0 0 0 0 0 0 0 0 0 0 0 0 0 0 0 0 0 0 -1.4211e-05 1.8105e-05 1.4211e-05 1.8105e-05 -0.0038161 0.038821 0.028392 0.041448 -0.0031788 0.0064867 0.0051847 0.0064867 0 0 0 0 0.085931 0.11543 0.37652 0.27143 -0.082121 0.020893 0.43276 0.3774 -0.037462 0.0034421 0.074061 0.052691 0.0051385 -0.0024015 0.0051385 0.0024015 0.052905 0.036975 0.34482 0.38131 -0.096478 0.049966 0.20075 0.3026 -0.012129 -0.0065297 0.021674 0.016002
143.45 153.96 10.035 0.61355 0 0 0 0 0.0207 0.048961 0.082493 0.066306 -0.017347 0.046907 0.12618 0.11841 -0.0096188 0.0051266 0.013412 0.013155 0.0065189 0.00067132 0.0065189 0.00092736 0.0521 0.028011 0.35282 0.30769 -0.052068 -0.05501 0.19651 0.18283 -0.013917 -0.0076075 0.028121 0.023029 0.017879 -0.001883 0.017879 0.0042452 0.12392 -0.050278 0.32817 0.49815 -0.1276 -0.035918 0.25939 0.43133 -0.0088748 -0.0023321 0.0095124 0.0057982 0 0 0 0 0.012395 -0.029972 0.017691 0.035598 -0.0097014 -0.033384 0.018264 0.035837 -0.00035045 -0.00026119 0.00035045 0.00026119
183.92 201.29 9.708 4.0299 0 -0 0 0 0 -0 0 0 0 -0 0 0 0 -0 0 0 0 -0 0 0 -0.00075582 0.00061437 0.00075582 0.00061437 -0.0005019 0.00040797 0.0005019 0.00040797 0 -0 0 0 0.00020469 0.0030164 0.002 0.0030164 0.15254 0.019754 0.20295 0.57412 -0.12141 0.074987 0.30234 0.48841 -0.011234 0.0054563 0.011304 0.009341 0.012486 0.015888 0.054706 0.03935 0.053614 0.045258 0.20349 0.25063 -0.086989 -0.030543 0.2617 0.25221 -0.0066098 -0.0014013 0.0075983 0.0061272
125.32 158.89 12.955 4.331 0 -0 0 0 -0.00061795 0.0011508 0.00061795 0.0011508 -0.0045282 0.0089978 0.0045282 0.0089978 -0.00010899 0.00013565 0.00010899 0.00013565 0.0083392 0.0044756 0.0089434 0.0044756 0.06309 0.047095 0.12729 0.15027 -0.02371 0.049566 0.48349 0.57504 -0.033702 0.0042912 0.050959 0.028496 0.012421 -0.000264 0.013341 0.0045539 0.065874 -0.050377 0.28725 0.27715 -0.067559 -0.11432 0.28971 0.33425 -0.015004 -0.0063995 0.024938 0.012899 0.00034315 -6.2126e-05 0.00034315 6.2126e-05 0.004665 -0.020218 0.017963 0.021555 -0.003751 -0.013331 0.010439 0.013907 -6.4912e-05 -2.6977e-05 6.4912e-05 2.6977e-05
