56 64
85.018 121.13 1.6076 1.8766 -0.0024167 0.0023185 0.0024167 0.0023472 -0 0 0 0 -0 0 0 0 -0 0 0 0 -0.038005 0.0023735 0.063746 0.095125 0.00070901 0.011723 0.0095086 0.014841 -0.0010066 0.0017706 0.0043571 0.0042609 -0.00010091 -9.8274e-06 0.00011391 5.8005e-05 0.0054416 0.03111 0.064431 0.080405 0.18973 0.1822 0.27577 0.51761 -0.19292 0.20779 0.2548 0.4341 -0.046411 0.033369 0.046423 0.042174 -0.023232 0.021442 0.14048 0.099485 0.092744 -0.090476 0.17991 0.23013 -0.057984 -0.098364 0.14926 0.19731 -0.057079 0.01098 0.080306 0.048545
81.754 128.27 2.3839 1.672 -0.0020342 0.0057161 0.0020842 0.0057161 2.5755e-05 4.6233e-05 5.0783e-05 4.6233e-05 0.00017207 0.00033583 0.00024204 0.00034001 -1.3776e-06 -1.3983e-07 1.3776e-06 1.3983e-07 -0.0032202 -0.0022935 0.032064 0.047447 0.12379 0.23832 0.17539 0.30305 -0.10918 0.24101 0.14693 0.30334 -0.022083 0.024066 0.022083 0.02663 0.028874 0.061509 0.11314 0.11209 0.15838 -0.099969 0.29089 0.43745 -0.11751 -0.083576 0.20967 0.34061 -0.071517 0.021921 0.10052 0.080369 -0.042365 -0.01147 0.12022 0.086039 0.01966 -0.027174 0.10713 0.070518 -0.023227 -0.049684 0.12513 0.078379 -0.021092 -0.011965 0.063662 0.035443
84.377 137.37 2.0166 4.6034 -0.0026909 0.0075928 0.069579 0.019848 0.0050076 0.016221 0.10193 0.041616 0.036947 0.010925 0.13461 0.062316 -0.014322 0.059175 0.085461 0.075212 0.034444 0.027384 0.11018 0.064723 -0.01912 0.078257 0.17219 0.14735 0.010891 0.036261 0.24307 0.18196 0.014952 -0.08565 0.15118 0.1829 0.077143 -0.017965 0.10918 0.12022 0.087578 0.049092 0.25713 0.45686 -0.2168 -0.029145 0.34069 0.36092 -0.0036988 -0.011218 0.057127 0.072871 0.021016 -0.030794 0.02158 0.036307 0.022296 -0.15066 0.076254 0.20032 -0.043551 -0.058609 0.053994 0.081286 0.0044827 -0.0058595 0.014094 0.025547
105.3 138.84 2.2399 1.275 0.0017662 0.034886 0.099891 0.22454 -0.067795 0.029086 0.13321 0.21559 0.02708 0.0054246 0.05987 0.046945 0.10019 0.0014704 0.19553 0.21802 -0.0093233 -0.073313 0.10308 0.22961 0.016539 0.041425 0.17705 0.28944 0.03445 0.18147 0.17901 0.25247 0.010716 -0.037732 0.15829 0.15363 -0.029878 -0.02299 0.087565 0.11698 0.10035 -0.0052097 0.17838 0.24798 0.033834 -0.072653 0.26823 0.35017 -0.035833 -0.01557 0.15517 0.10371 0.0066672 0.00097933 0.028602 0.034622 -0.00066784 -0.026856 0.078013 0.10834 0.018396 -0.058081 0.05421 0.069575 -0.0009369 -0.019393 0.048565 0.044549
146.06 139.79 2.0564 0.94725 0.0024031 -5.0531e-05 0.0026003 0.0012238 0.031299 -0.017947 0.12877 0.099869 -0.015276 -0.026183 0.11372 0.10672 -0.01806 -0.014265 0.090823 0.093481 -0.016867 0.15624 0.069104 0.16598 0.040857 0.14054 0.17606 0.20422 -0.058515 0.051935 0.18571 0.16186 -0.0032229 0.025592 0.074554 0.12646 -0.039517 -0.050251 0.22161 0.31085 -0.011569 -0.12091 0.4645 0.40012 -0.13713 -0.075804 0.2414 0.17398 0.0038826 -0.019927 0.04378 0.074502 -0.035627 -0.028137 0.1035 0.049985 -0.0056786 -0.04883 0.054521 0.062059 -0.015393 -0.016854 0.031463 0.04214 -0.00062478 7.8633e-05 0.00093249 0.00087204
89.983 149.03 2.1838 5.8431 -0.017955 0.035987 0.066449 0.079322 -0.020571 0.041102 0.067796 0.1265 -0.0076922 0.030688 0.03127 0.12369 0.0067942 -0.0031266 0.034175 0.073244 -0.11876 0.05203 0.20727 0.16128 -0.046243 -0.0097646 0.11889 0.17953 -0.012947 0.022446 0.11704 0.2072 -0.017332 0.0088553 0.059986 0.074744 -0.092722 -0.083911 0.24347 0.30276 0.083503 0.11877 0.34649 0.34557 -0.084232 0.096813 0.24862 0.23093 -0.02193 -0.004432 0.060526 0.048723 -0.0019503 -0.011068 0.029176 0.039112 0.10105 -0.044867 0.24699 0.13992 -0.10552 -0.022011 0.21264 0.13947 -0.023776 0.010329 0.03719 0.030322
66.23 152.02 1.918 5.8443 0 0 0 0 0.0026042 0.001047 0.0026042 0.0014119 0.024438 0.036128 0.025101 0.048494 0.00030134 0.039957 0.016647 0.054865 0.020915 0.04821 0.02835 0.04821 -0.00027358 0.079963 0.099178 0.15235 0.063441 0.077066 0.093225 0.24881 0.017017 0.015437 0.056766 0.1906 0.030539 0.092061 0.20755 0.17792 -0.036828 0.12379 0.23594 0.32671 -0.020652 0.045738 0.15336 0.38889 0.0099991 -0.010565 0.05955 0.22538 0.018104 0.14157 0.25342 0.17691 -0.09565 0.066613 0.25575 0.21515 -0.03487 0.025491 0.10069 0.23689 -0.027965 0.019521 0.055616 0.1251
170.17 154.25 1.8072 5.8466 -0.088697 0.031372 0.15318 0.17109 -0.017164 -0.0051371 0.054884 0.038852 0.025011 0.0090852 0.053739 0.02367 0.12637 0.044914 0.25952 0.10337 -0.13027 -0.0094324 0.24812 0.27602 -0.010183 0.04409 0.064722 0.11952 0.068323 0.02845 0.11365 0.15231 0.11557 -0.1166 0.37755 0.21152 -0.11582 0.063409 0.22909 0.24884 -0.072718 0.04454 0.15282 0.31535 -0.026481 -0.052686 0.10087 0.16285 0.0099312 -0.10017 0.10875 0.12799 -0.027854 -0.060276 0.11781 0.1127 -0.068371 -0.012473 0.089339 0.12449 -0.01255 0.0031455 0.023073 0.040009 0.0029482 -0.0041075 0.0077725 0.011119
61.231 159.66 2.1238 0.28178 0 0 0 0 0 0 0 0 0 0 0 0 0 0 0 0 -0.073956 0.072132 0.11437 0.18252 -0.0023386 0.061376 0.073139 0.11255 -0.021795 0.07209 0.047351 0.080377 -0.0069099 0.010055 0.0069511 0.010414 -0.094378 -0.024466 0.17707 0.35336 -0.014752 0.043555 0.22739 0.44596 0.031711 0.055012 0.22951 0.25214 -0.07601 0.070133 0.095674 0.087585 -0.071172 0.032458 0.13172 0.19911 0.0027381 -0.017606 0.19326 0.27025 0.053635 -0.019522 0.28668 0.23172 -0.021469 0.036656 0.12319 0.10153
87.828 160.55 1.7656 5.6015 0.013897 0.013854 0.064066 0.1133 0.010179 -0.023539 0.057593 0.22477 0.0059871 -0.047262 0.0683 0.22294 -0.0069614 -0.043206 0.052794 0.10871 -0.010429 0.063661 0.13461 0.20636 -0.0064256 0.069346 0.0974 0.27665 -0.017065 -0.0011937 0.10983 0.20087 -0.015403 -0.0018318 0.051648 0.078 -0.062838 0.0053645 0.15883 0.1702 -0.007496 0.02791 0.24038 0.28438 -0.0429 0.039565 0.18151 0.1471 -0.015992 0.0033693 0.068769 0.09951 0.035088 -0.010049 0.22425 0.17808 -0.03047 0.14212 0.37125 0.29926 -0.10081 0.007237 0.12875 0.087228 -0.0051546 -0.011769 0.015369 0.019735
176.09 159.59 2.0358 3.0742 0.0016727 0.013401 0.017477 0.023677 -0.0084806 0.0020695 0.010187 0.017368 0.008248 -0.0006242 0.0086686 0.030824 0.01394 0.0092169 0.032491 0.066213 0.01709 0.13487 0.10095 0.16128 -0.081417 0.11304 0.11348 0.21482 0.032149 0.044782 0.061914 0.12148 0.078152 0.054792 0.12525 0.156 -0.039893 0.079748 0.48595 0.34545 -0.20865 -0.038761 0.23407 0.26117 0.0079602 -0.027871 0.083433 0.18414 0.095808 -0.050148 0.19719 0.16056 -0.10515 -0.071099 0.22936 0.13282 -0.055671 -0.036892 0.074805 0.059619 0.0043877 -0.0047314 0.025882 0.032584 0.070563 0.03704 0.10553 0.13792
65.277 162.32 1.7233 2.8582 -0.0051412 0.0097704 0.12421 0.18095 0.0096957 0.00018483 0.083399 0.25529 0.04525 -0.014434 0.096166 0.29761 0.066263 -0.054556 0.16327 0.20038 -0.03405 0.025125 0.12521 0.25829 -0.036385 0.052649 0.14123 0.44439 -0.0021441 -0.026553 0.12758 0.42838 0.049317 -0.06174 0.13525 0.23367 0.025871 -0.099364 0.053735 0.12935 -0.024027 -0.11016 0.077341 0.20468 -0.052525 -0.043688 0.070834 0.11763 -0.00040285 -0.038745 0.026303 0.052196 0.0010546 -0.0034854 0.0010546 0.0034854 -0.00063406 -0.017266 0.0039445 0.017266 -0.0018085 -0.0057571 0.001959 0.0057571 -3.3067e-05 -4.1414e-05 3.3067e-05 4.1414e-05
94.218 162.68 2.1845 4.1796 -0.042395 0.0037405 0.089815 0.053606 0.0015488 0.013521 0.042091 0.033159 -0.0032314 0.026226 0.083493 0.054127 -0.0089417 -0.0021355 0.013514 0.0072764 -0.019255 0.011478 0.24718 0.11534 -0.0155 0.033727 0.17064 0.10648 -0.013363 0.018716 0.13115 0.14212 0.00094208 0.029242 0.047469 0.039884 -0.019708 -0.0047131 0.23414 0.050549 0.0060838 0.07129 0.28571 0.14577 0.11253 0.11159 0.26486 0.27822 -0.013592 0.20742 0.16366 0.23985 -0.00342 0.0065047 0.14478 0.056448 0.054677 0.021997 0.23828 0.089673 0.12753 0.022672 0.2641 0.23873 -0.0038817 -0.059389 0.16125 0.287
67.526 165.83 1.9402 2.5809 0.000605 0.024462 0.067705 0.12672 0.014964 -0.02862 0.069014 0.20804 0.040977 -0.024226 0.11545 0.25924 0.023738 -0.051708 0.15075 0.14838 0.0021867 0.020102 0.12689 0.31194 -0.019379 -0.01095 0.11003 0.46266 -0.01501 -0.0049274 0.15989 0.39042 0.014842 -0.060929 0.11144 0.16524 -0.0085795 -0.11397 0.054165 0.19933 -0.02458 -0.13878 0.090503 0.30541 -0.065541 -0.063267 0.089792 0.18808 -0.016942 -0.021598 0.024163 0.032898 0.00088673 -0.023026 0.0035758 0.023026 -0.00026968 -0.039822 0.007762 0.042717 -0.0055646 -0.017886 0.0062504 0.019197 -0.00060673 -0.0010711 0.00060673 0.0011089
63.777 168.76 2.0897 5.7909 0 0 0 0 0 0 0 0 0 0 0 0 0 0 0 0 0.018894 0.019761 0.018894 0.025426 0.055381 0.13307 0.064118 0.1786 -0.0039382 0.13473 0.049911 0.16386 -0.01759 0.12517 0.037935 0.12805 0.017367 0.033109 0.087097 0.14529 0.052008 -0.019163 0.11879 0.39822 0.038245 -0.011661 0.11513 0.47119 0.02087 -0.030094 0.11084 0.25182 -0.019393 0.037579 0.1305 0.17716 -0.028307 -0.013725 0.11042 0.34854 0.017194 -0.0077294 0.080311 0.31534 0.0019546 -0.036791 0.10515 0.19196
188.17 170.59 1.9514 3.0389 1.3188e-16 4.8791e-17 1.3188e-16 3.2569e-16 -5.3425e-17 2.583e-16 7.656e-16 1.5685e-15 -0 0 0 0 -0 0 0 0 0.0011901 0.0010056 0.0011901 0.0010056 0.01494 0.038014 0.037641 0.046178 -0.016424 0.012419 0.025682 0.041009 0.0044269 0.0003967 0.0071767 0.017954 0.025819 0.019333 0.038907 0.03532 0.056108 0.16769 0.13849 0.20678 -0.075546 0.14585 0.12358 0.24979 0.0036377 0.030013 0.037762 0.076652 0.07522 0.050447 0.1427 0.093393 0.12512 0.17585 0.58192 0.40462 -0.20672 0.015378 0.27708 0.25836 -0.0054247 -0.014651 0.036187 0.086547
168.23 174.36 2.2938 1.1148 0.0056415 -0.0088763 0.04527 0.018995 -0.012546 0.0086579 0.02828 0.016084 -0.0010059 -0.0067856 0.013817 0.019802 -0.0010966 -0.00035814 0.0012501 0.0012427 0.052863 0.0053247 0.066091 0.055786 0.051625 0.2037 0.13746 0.22952 -0.037949 0.19204 0.08165 0.20778 0.026621 0.14666 0.060044 0.18742 0.046832 -0.013711 0.054221 0.051862 0.095454 -0.12471 0.1589 0.43845 -0.03254 -0.082103 0.13821 0.42558 0.0054703 -0.081593 0.14588 0.44628 0.0040871 -0.0094141 0.0059369 0.011279 0.013 -0.036451 0.027579 0.070656 -3.5495e-05 -0.066339 0.026751 0.12012 -0.00079724 -0.040158 0.014023 0.078832
70.408 176.96 2.0373 5.7557 0 0 0 0 0 0 0 0 0 0 0 0 0 0 0 0 0.031701 0.053817 0.037235 0.084468 0.0069096 0.15063 0.066299 0.18701 -0.027403 0.24619 0.079542 0.28053 -0.042544 0.094305 0.052955 0.10499 0.029899 -0.0039166 0.090168 0.25139 0.034628 -0.054311 0.12784 0.44855 0.0023405 -0.048124 0.16391 0.40001 -0.024368 -0.015887 0.13761 0.20114 -0.010462 0.015593 0.065543 0.18772 0.013444 -0.00095944 0.073487 0.25603 -0.0096936 -0.030309 0.14344 0.25654 -0.0058362 -0.039932 0.060069 0.086862
84.064 182.09 2.0161 2.25 0.0054821 -0.0067324 0.011242 0.020328 0.0088476 -0.013269 0.068709 0.10537 0.017919 0.0072534 0.10452 0.17077 0.0069586 -0.002286 0.074727 0.15172 0.017371 0.025673 0.027165 0.037779 0.071412 0.058288 0.1111 0.30854 0.019681 0.08783 0.10745 0.56565 0.0047031 0.044576 0.11396 0.32735 0.071592 -0.016522 0.080377 0.092883 0.05299 -0.018365 0.14643 0.30842 -0.015476 -0.020216 0.12718 0.33879 -0.03668 -0.051828 0.088726 0.17413 0.0072107 -0.013858 0.0074415 0.014919 0.01035 -0.063079 0.020274 0.064996 -0.0087268 -0.060202 0.019594 0.065779 -0.01026 -0.025703 0.01138 0.026202
149.21 182.12 2.1047 1.2812 -0.0028515 0.001584 0.008376 0.0092602 -0.0034606 -0.0018717 0.0054087 0.0038612 0.0005559 0.0011287 0.0005559 0.0011287 0.00023087 0.0014068 0.0012002 0.0024382 -0.038935 0.092311 0.061986 0.13096 0.013991 0.22887 0.048459 0.23038 -0.038877 0.13225 0.076911 0.22391 -0.017568 0.031311 0.032085 0.050255 0.007594 -0.065337 0.060266 0.2178 0.016742 -0.10378 0.10586 0.61312 -0.079902 -0.015678 0.14902 0.5035 -0.040325 -0.0098296 0.064266 0.079301 0.0043853 -0.03027 0.0092899 0.049441 0.0039925 -0.066359 0.010441 0.12186 -0.011574 -0.044815 0.013356 0.085108 -0.0069911 -0.0093098 0.0074913 0.012972
87.601 183.83 2.1129 2.2522 0.0056255 -0.0054208 0.0097537 0.013605 0.0086882 -0.027147 0.053515 0.090029 0.017111 -0.016248 0.11942 0.13606 0.0045278 -0.04187 0.075409 0.12992 0.011718 0.0109 0.015401 0.020272 0.019352 0.07374 0.073734 0.16067 0.059602 0.061972 0.13054 0.48742 0.0010837 0.050792 0.089499 0.37544 0.041864 -0.0096741 0.052495 0.055764 0.11796 0.0097406 0.16737 0.29572 0.0049551 -0.0086395 0.18256 0.429 -0.035208 -0.045669 0.097775 0.26231 0.0036702 -0.0046184 0.0041798 0.0058584 0.023289 -0.057535 0.028947 0.066433 -0.00084727 -0.10728 0.032981 0.12028 -0.015991 -0.050564 0.018366 0.054204
135.84 187.92 1.9549 0.88107 9.0618e-05 0.00010986 9.0618e-05 0.00010986 0.00033344 0.0019506 0.0058304 0.0058467 -0.00080211 -0.001175 0.0017034 0.0018846 5.1397e-05 -1.9729e-05 0.0006939 0.00081051 0.028905 0.098415 0.031556 0.098578 0.0086077 0.14211 0.083442 0.21673 -0.035489 0.035632 0.045455 0.053621 -0.00078592 -0.0001655 0.00078592 0.00077644 0.0075956 0.11245 0.31103 0.48555 -0.10279 0.034588 0.32846 0.53929 -0.080503 -0.017762 0.10328 0.088357 -0.00057997 -0.00024329 0.00057997 0.00038804 -0.019816 -0.084888 0.11749 0.24098 -0.05571 -0.072739 0.08419 0.14288 -0.012072 -0.011222 0.012779 0.015805 0 0 0 0
73.583 192.5 1.9718 5.353 0 0 0 0 0 0 0 0 0 0 0 0 0 0 0 0 0 0 0 0 0.0021271 0.026143 0.0033626 0.026143 1.4151e-05 0.028264 0.0063472 0.029051 -0.0010875 0.00083112 0.0015367 0.0018987 0.07244 0.13393 0.087941 0.15552 0.051838 0.2157 0.15126 0.35796 -0.049785 0.18208 0.16762 0.38916 -0.088235 0.054179 0.099383 0.11502 0.014588 -0.026167 0.1074 0.25681 -0.029749 -0.13298 0.099899 0.4767 -0.052842 -0.14332 0.10442 0.33942 -0.028815 -0.04085 0.046248 0.065873
125.67 117.38 2.8542 1.8807 -0 0 0 0 -0 0 0 0 -0 0 0 0 -0 0 0 0 0.002566 0.040405 0.023798 0.042822 -0.013003 0.097551 0.039085 0.098701 -0.0023385 0.0040522 0.0050615 0.0041309 5.0379e-05 5.7021e-05 5.0379e-05 5.7021e-05 -0.046693 0.048318 0.17671 0.23339 0.014685 -0.0018229 0.24709 0.5054 -0.017573 0.020649 0.28888 0.54592 -0.041142 0.010222 0.056278 0.075149 -0.039781 -0.033089 0.096953 0.15021 -0.0093704 -0.016415 0.097325 0.17077 0.019934 0.007881 0.17799 0.2073 0.013523 0.041336 0.10871 0.1129
114.11 123.57 2.865 1.3668 0 0 0 0 0 0 0 0 0 0 0 0 2.6879e-05 2.7671e-05 2.6879e-05 2.7671e-05 0.0024004 0.059146 0.032443 0.059435 0.057452 0.091363 0.14026 0.31426 -0.079631 0.068772 0.14534 0.22952 0.10797 0.069319 0.13518 0.14717 0.0061215 -0.01559 0.12615 0.2149 -0.0071328 -0.093806 0.21987 0.48246 0.013646 0.012684 0.20768 0.34269 0.042484 0.021573 0.2045 0.20073 -0.031177 0.0017059 0.10328 0.14348 0.0019141 -0.019819 0.079525 0.1435 0.062449 -0.048691 0.12368 0.1453 -0.014801 -0.028416 0.11094 0.085879
135.23 124.56 2.7971 1.8823 -0.00084381 0.0028721 0.0010478 0.0028721 -0 0 0 0 -0 0 0 0 -0 0 0 0 -0.11893 0.091165 0.17673 0.14968 0.042746 0.042247 0.086004 0.18682 -0.0098175 0.08668 0.1319 0.21677 -0.019203 0.07702 0.035771 0.080347 -0.040821 -0.037987 0.28665 0.3225 -0.031571 -0.014911 0.20234 0.31854 0.055848 -0.059874 0.23396 0.44082 -0.049595 -0.0033631 0.16978 0.26316 0.0062589 -0.056058 0.049482 0.079 -0.0095925 -0.031675 0.085606 0.1394 0.015348 -0.018464 0.078298 0.15617 0.0092739 0.030859 0.13303 0.11475
125.88 127.93 3.1265 4.6549 -0.024202 0.044648 0.0849 0.096347 -0.013273 0.011574 0.04842 0.081647 0.031984 0.015926 0.089123 0.12821 0.0025488 0.07221 0.12353 0.13149 -0.01801 -0.027828 0.15555 0.19647 -0.01167 0.10062 0.18844 0.41327 0.016095 0.074549 0.18026 0.37049 0.068188 -0.080025 0.21366 0.26369 0.053028 -0.033258 0.0917 0.12265 -0.03477 -0.094314 0.17129 0.38995 -0.022498 -0.071351 0.1243 0.28758 -0.0098217 -0.015368 0.029206 0.043392 0.0011119 -0.0039366 0.0015018 0.0039366 -0.001068 -0.0092823 0.0027685 0.0093267 -0.0001189 -0.0001667 0.00014156 0.00017355 0 -0 0 0
106.64 152.41 2.7133 3.9146 0.00048497 0.0039217 0.009196 0.0051021 -0.0043889 0.003336 0.012314 0.0062786 0.011263 -0.0012717 0.011623 0.014331 0.063998 0.010637 0.10193 0.068712 0.0031256 0.012207 0.064793 0.04696 -0.008748 0.055578 0.053093 0.079022 -0.0021732 0.024687 0.12196 0.13575 0.024743 0.0015693 0.21783 0.19903 0.010876 0.016999 0.11324 0.06871 0.10837 0.032788 0.24428 0.32524 -0.10239 -0.0031229 0.25452 0.40256 0.0059211 0.025327 0.30778 0.32787 0.02902 0.0076275 0.087344 0.075722 0.034535 0.076961 0.2245 0.21931 -0.070695 0.01133 0.17342 0.14383 -0.009047 -0.057712 0.099183 0.11836
87.913 173.77 2.8803 2.3153 0.0027077 0.0012369 0.0053547 0.01218 0.040784 0.0022696 0.077263 0.069273 0.073334 -0.096898 0.35888 0.24686 0.087734 -0.051676 0.23006 0.20847 0.0060141 -0.0047269 0.0072248 0.013291 0.025775 -0.003585 0.10076 0.15414 0.026766 -0.013686 0.1877 0.27695 0.022909 -0.056527 0.19877 0.23829 0.03041 0.0037408 0.036085 0.044949 0.063881 0.082966 0.13541 0.32253 -0.014996 0.044781 0.12142 0.44479 -0.038026 -0.0099965 0.11204 0.17451 0.0086436 -0.0074773 0.0086836 0.011023 0.017576 -0.057949 0.033617 0.096728 -0.017017 -0.065143 0.027504 0.10155 -0.010708 -0.019715 0.012799 0.026446
74.31 181.87 2.4072 5.6585 0 0 0 0 0 0 0 0 0 0 0 0 0 0 0 0 0.018023 0.086973 0.040154 0.11775 0.028943 0.19526 0.065502 0.21687 -0.037992 0.18735 0.099809 0.23372 -0.042094 0.076261 0.050631 0.08082 0.016668 -0.010626 0.089395 0.28707 0.020084 -0.044837 0.13139 0.50338 0.016391 -0.088614 0.18476 0.36576 -0.059794 -0.032847 0.12169 0.17037 -0.0044263 0.014062 0.053841 0.16863 0.017109 -0.012237 0.090776 0.26457 -0.032314 -0.052769 0.12236 0.21751 -0.0091569 -0.027266 0.032596 0.04375
83.589 188.74 2.6275 2.306 -0.00082408 -0.0021284 0.0048512 0.0031662 0.024575 -0.01645 0.053459 0.089245 0.03008 0.0026729 0.17029 0.20233 0.01225 -0.034275 0.15326 0.22456 0.00899 0.0012901 0.010468 0.010597 0.098897 0.096423 0.1437 0.26174 0.014091 0.16688 0.19081 0.56535 -0.026085 0.0085607 0.17243 0.35806 0.0036061 -0.0010679 0.0040324 0.0033789 0.071244 -0.090584 0.091048 0.15573 -0.0026222 -0.16534 0.087766 0.29219 -0.02963 -0.082302 0.044066 0.12242 -0 0 0 0 -4.45e-06 -8.8608e-05 4.45e-06 8.8608e-05 -1.0654e-06 -2.1213e-05 1.0654e-06 2.1213e-05 -0 0 0 0
175.57 187.95 2.8169 4.0915 0 -0 0 0 0 -0 0 0 0 -0 0 0 0 -0 0 0 -3.761e-05 -5.2586e-05 9.6681e-05 0.00013518 0.0040511 0.02882 0.0099885 0.029071 -0.00012491 0.027541 0.0093649 0.027541 -0.0019755 0.0052819 0.0026559 0.0052819 0.077491 0.13985 0.17431 0.33131 0.049587 0.21328 0.25606 0.53661 -0.15116 0.11275 0.22557 0.33546 -0.031462 0.0060835 0.035411 0.037307 0.028478 -0.075278 0.12829 0.26295 -0.020548 -0.13654 0.09317 0.24886 -0.03886 -0.083619 0.10773 0.14994 -0.011421 0.0090658 0.037149 0.027825
161.58 193.8 2.7626 4.3278 0 -0 0 0 0 -0 0 0 0 -0 0 0 0 -0 0 0 0.00055435 0.0023094 0.00055435 0.0023094 0.0017957 0.046614 0.0034494 0.048138 -0.0025368 0.052565 0.010077 0.054259 -0.001913 0.0079896 0.003394 0.0088303 0.059692 0.023306 0.082042 0.15284 0.032797 0.087454 0.22277 0.7334 -0.016663 0.11003 0.16197 0.42901 -0.06422 0.051326 0.083175 0.12645 0.018288 -0.020556 0.026362 0.052194 0.009187 -0.10484 0.053642 0.19874 0.024086 -0.099707 0.06015 0.15621 -0.025784 -0.035082 0.06007 0.071232
75.4 196.02 2.837 5.3155 0 0 0 0 0 0 0 0 0 0 0 0 0 0 0 0 0 0 0 0 0.0017619 0.0013685 0.0017619 0.0013685 0.0019043 0.0020969 0.0024072 0.0026811 -6.9241e-05 -4.6031e-05 6.994e-05 4.9819e-05 0.071064 0.10233 0.10611 0.1913 0.044691 0.098093 0.18797 0.51933 -0.15586 0.045285 0.20066 0.37627 -0.023002 0.0013197 0.024269 0.028251 0.022024 -0.014866 0.17587 0.24397 -0.033352 -0.076766 0.15541 0.48893 -0.054424 -0.046859 0.079407 0.19194 -0.0055298 -0.0025276 0.0068838 0.0088767
113.45 122.92 2.8468 1.4188 0 0 0 0 0 0 0 0 0 0 0 0 0 0 0 0 0.005086 0.062206 0.036305 0.062206 0.043496 0.13667 0.12992 0.29797 -0.063525 0.079846 0.087385 0.17037 0.072385 0.08033 0.095558 0.13158 0.01205 -0.014191 0.13807 0.23219 0.012833 -0.07101 0.2344 0.49863 -0.041295 0.057277 0.19976 0.33974 0.071548 0.0092505 0.20199 0.21732 -0.02906 -0.0057699 0.10339 0.132 -0.0011039 -0.014291 0.088306 0.13995 0.061624 -0.044594 0.14023 0.20328 -0.018295 -0.022512 0.11098 0.085507
80.306 128.99 3.2185 1.0445 0 0 0 0 0 0 0 0 0 0 0 0 0 0 0 0 0.0009623 0.00072253 0.00098159 0.0011202 0.14045 0.18214 0.22272 0.26512 -0.074178 0.19305 0.16116 0.30063 -0.025773 0.020649 0.031336 0.035524 -0.062695 0.029507 0.1239 0.17991 0.17024 -0.053876 0.37867 0.30637 -0.10327 -0.095707 0.27736 0.27676 -0.045746 -0.0065574 0.096056 0.063498 0.024723 -0.0041812 0.093509 0.14724 -0.03769 -0.010151 0.17808 0.23276 -0.035219 -0.025857 0.14153 0.077759 0.00065831 0.00078802 0.082602 0.03273
97.259 131.64 3.7078 2.487 -0.0056762 -0.034767 0.14037 0.13062 -0.023425 0.032674 0.26014 0.18913 -0.021161 0.01387 0.039124 0.025903 -0 0 0 0 0.04954 -0.015845 0.087645 0.091447 -0.011962 0.024447 0.36527 0.30634 -0.052868 0.044034 0.10052 0.1309 -0.00081629 0.0030471 0.00081629 0.0030471 0.049309 -0.0033927 0.068543 0.05554 0.048586 -0.019197 0.29305 0.26281 -0.059433 0.021516 0.42068 0.39493 -0.0524 0.0020659 0.058771 0.030831 0.0057587 0.019031 0.030585 0.056069 0.017051 -0.013017 0.079342 0.13688 -0.026501 -0.078451 0.11762 0.10951 -0.015175 -0.007941 0.018238 0.0088491
148.44 140.77 3.2756 1.1689 0 0 0 0 0.033797 0.0043768 0.034077 0.047815 0.0014778 0.0041137 0.13907 0.21553 -0.0055853 -0.02181 0.084529 0.15257 0.030929 0.14341 0.13778 0.25119 -0.032561 0.17556 0.26881 0.40605 -0.048892 0.01834 0.20478 0.2996 -1.9844e-05 -0.0018111 0.080455 0.12536 -0.017427 -0.0826 0.17297 0.18537 -0.026446 -0.14665 0.30121 0.32444 -0.062697 -0.072593 0.1396 0.16937 -0.0043625 -0.012334 0.017503 0.037919 0.0058708 -0.0095735 0.06526 0.044256 -0.019992 0.043915 0.065965 0.075547 -0.0049436 0.019531 0.014169 0.033383 -0.00013665 0.0056031 0.0024551 0.0066768
92.863 167.22 3.5776 4.0671 0.0054246 0.011495 0.0097163 0.011673 -0.0046399 0.01179 0.017176 0.016135 0.012839 -0.014253 0.020283 0.024009 0.0024321 -0.056645 0.040159 0.080311 0.038679 0.014624 0.11632 0.042291 -0.047396 0.022653 0.17465 0.08679 -0.00081414 0.051078 0.081525 0.073232 0.014169 0.026073 0.047239 0.091977 0.03851 -0.022818 0.11292 0.029366 -0.0015083 0.008509 0.27839 0.12806 0.084998 0.066547 0.30678 0.3907 -0.014678 0.054164 0.24429 0.33502 0.0072346 -0.0097855 0.016882 0.011114 0.086123 -0.0051863 0.1519 0.13685 -0.0076256 0.010451 0.37555 0.36546 -0.026638 -0.030863 0.13393 0.12249
156.88 171.53 3.925 1.105 0.018465 0.016101 0.095091 0.12745 -0.062402 -0.021911 0.16261 0.20395 -0.017757 -0.015068 0.065966 0.085135 0.0052731 -0.015792 0.014604 0.022272 0.010602 -0.039816 0.092269 0.08377 -0.024398 0.084321 0.11162 0.17805 0.002708 0.13281 0.039049 0.15355 -0.0069949 0.027259 0.011644 0.030249 0.06479 -0.0080465 0.071894 0.055469 0.09638 -0.053197 0.24894 0.39276 -0.10999 -0.11214 0.2734 0.63252 -0.062381 -0.02399 0.074703 0.11139 0.0039854 -0.0052096 0.0042019 0.0066331 0.0079536 -0.046378 0.017834 0.048846 -0.009797 -0.05082 0.017683 0.062669 -0.0036257 -0.0057982 0.0041282 0.0079702
63.03 185.4 3.3683 5.7008 0 0 0 0 0 0 0 0 0 0 0 0 0 0 0 0 0 0 0 0 0 0 0 0 0 0 0 0 0 0 0 0 0.052766 0.02883 0.074055 0.14094 0.05219 0.11135 0.098097 0.48535 -0.026649 0.17242 0.16139 0.46448 -0.064254 0.064964 0.080732 0.10227 -0.015033 0.062241 0.13304 0.24709 0.02159 -0.060804 0.12911 0.37907 -0.022637 -0.10305 0.16817 0.33821 -0.034592 -0.029946 0.061215 0.078503
152.19 184 3.7461 1.1379 -0.014246 -0.044291 0.095597 0.10349 -0.033434 -0.039394 0.086451 0.10055 0.00037765 -0.0040289 0.011746 0.017309 0.0016382 -0.0061388 0.01092 0.011243 0.059874 0.060628 0.1467 0.16105 0.014207 0.26035 0.18372 0.44275 -0.093242 0.14093 0.17733 0.32558 -0.014994 0.0049703 0.017761 0.016824 0.066371 -0.079121 0.086585 0.1339 0.015917 -0.20109 0.16497 0.42886 -0.10196 -0.12041 0.16331 0.3125 -0.011231 -0.0058077 0.012421 0.011164 0.00068521 -0.0019634 0.0007639 0.0019634 0.00095772 -0.0057583 0.0012391 0.0057583 0.00019548 -0.00071985 0.00021656 0.00071985 0 0 0 0
71.906 196.62 3.46 5.362 0 0 0 0 0 0 0 0 0 0 0 0 0 0 0 0 0 0 0 0 0 0 0 0 0.00017135 0.0012545 0.00017135 0.0012545 7.7679e-06 5.6871e-05 7.7679e-06 5.6871e-05 0.05866 0.10472 0.070252 0.13764 0.055612 0.16432 0.15565 0.46826 -0.15027 0.14156 0.20501 0.42017 -0.030471 0.018875 0.030489 0.037607 0.035525 -0.0001357 0.16118 0.24886 -0.015378 -0.09186 0.16306 0.46651 -0.059389 -0.081417 0.1053 0.244 -0.0091933 -0.0022761 0.011911 0.014852
150.12 123.06 5.0075 1.1223 0 0 0 0 0 0 0 0 0.002314 0.0046438 0.002314 0.0047431 0.0029828 0.01986 0.0087844 0.019909 0 0 0 0 0.0026077 0.0029222 0.0067217 0.0049797 0.059146 0.012732 0.1919 0.29033 0.038101 0.021624 0.16775 0.28419 0.059937 0.011131 0.059937 0.042295 0.051149 0.052862 0.31476 0.45561 -0.1014 -0.016875 0.22237 0.42742 0.020663 -0.038538 0.071358 0.12052 0.015472 -0.010004 0.018946 0.014718 0.052376 -0.029509 0.16419 0.15781 -0.006992 0.16317 0.12258 0.26196 -0.017743 0.055657 0.033478 0.082114
162.79 151.18 5.0742 4.4731 0.052086 0.0082542 0.05513 0.12421 -0.0062899 0.084615 0.15945 0.40364 -0.077672 0.046101 0.10113 0.11776 -0.0022361 0.0004913 0.0023313 0.0016135 0.023646 -0.029812 0.029163 0.071703 0.064402 -0.14501 0.14769 0.33376 -0.075785 -0.019318 0.21184 0.1906 -0.0097184 0.006178 0.014821 0.0083051 -0.016263 0.022833 0.073776 0.12178 0.10737 0.015479 0.25672 0.39154 -0.082349 -0.011964 0.25906 0.34724 -0.033529 -0.0015511 0.036651 0.025217 -0.0051651 -0.011363 0.072979 0.13611 7.7198e-07 -0.04262 0.067416 0.10687 -0.010016 -0.046528 0.028426 0.052244 -0.0025499 -0.0022945 0.0025629 0.0023703
91.3 175.44 5.1985 2.6913 -0.0064491 -0.10484 0.26022 0.15837 -0.055062 -0.023482 0.091821 0.045064 0.056995 0.063364 0.25468 0.16805 -0.030714 0.017887 0.19968 0.16163 0.0016059 -0.014513 0.014035 0.015331 0.01405 0.015487 0.045971 0.060501 0.10705 -0.054065 0.2951 0.3367 -0.0077441 0.009311 0.40328 0.39031 0.0048065 5.3164e-05 0.0049463 0.00059168 0.053672 -0.010102 0.12037 0.17884 -0.011259 -0.043572 0.11351 0.26131 -0.015421 -0.096111 0.11831 0.13879 -6.2824e-06 -1.2997e-05 6.2824e-06 1.2997e-05 0.0057127 -0.015811 0.0076491 0.019296 -0.0048237 -0.020686 0.0098706 0.030793 -0.002714 -0.0038653 0.0030092 0.004921
96.441 112.58 7.0439 2.1916 -0.014469 0.033041 0.023354 0.0349 -0 0 0 0 -0 0 0 0 -0 0 0 0 -0.072536 -0.019856 0.3244 0.28102 -0.044273 0.035798 0.20264 0.21144 -0.0075957 0.0003311 0.0075957 0.0033219 -0 0 0 0 0.0098935 -0.024857 0.15366 0.12658 0.086367 0.043676 0.47253 0.52593 -0.11583 0.033767 0.23656 0.22048 -0 0 0 0 0.010656 -0.0063727 0.031299 0.038579 0.00726 -0.056001 0.11117 0.15147 -0.035431 -0.030684 0.055349 0.053161 -0 0 0 0
150.93 113.97 6.493 1.0443 0 0 0 0 0 0 0 0 0 0 0 0 0.011782 0.012485 0.01182 0.012507 0 0 0 0 3.3117e-05 -1.9249e-05 3.3117e-05 1.9249e-05 0.045663 0.039943 0.12849 0.22489 0.052447 0.035842 0.20253 0.24171 0 0 0 0 0.097659 0.082873 0.25359 0.33535 -0.089411 0.03473 0.27794 0.48862 0.0033708 -0.045466 0.10926 0.12027 0 0 0 0 0.07102 -0.065274 0.15583 0.1472 0.025494 0.12876 0.21167 0.36574 -0.039757 0.064931 0.078542 0.12368
168.29 135.37 7.5392 1.1057 0 0 0 0 0 0 0 0 0.0052872 0.01622 0.023366 0.042262 0.015577 0.030736 0.06967 0.091381 0 0 0 0 0.067987 0.059457 0.13879 0.17965 -0.026626 0.046775 0.20674 0.37112 0.026255 -0.044065 0.16448 0.1852 0 0 0 0 0.10871 -0.053907 0.17413 0.17075 0.016255 0.049156 0.30277 0.65674 -0.036803 0.0026315 0.069419 0.12078 0 0 0 0 0.018353 -0.0069006 0.018353 0.013684 0.0085559 -0.082909 0.076138 0.19764 -0.01635 -0.018008 0.020728 0.03984
78.51 184.94 6.0361 5.4704 0 0 0 0 0 0 0 0 0 0 0 0 0 0 0 0 0.0082445 0.0051842 0.010425 0.0088374 0.026863 0.078492 0.052685 0.15014 -0.029544 0.027824 0.044707 0.097205 -0.0010184 7.6785e-05 0.0010184 0.00053605 0.058328 0.11634 0.14126 0.14165 -0.047347 0.11946 0.22174 0.31598 -0.043699 -0.01587 0.069656 0.11982 -0.002064 0.052522 0.042885 0.053257 0.056527 -0.061143 0.1996 0.19148 -0.098053 -0.016461 0.394 0.393 -0.062911 0.0098951 0.078391 0.074646 0.10406 0.0754 0.41456 0.30981
62.385 200.71 6.4454 5.5068 0 0 0 0 0 0 0 0 0 0 0 0 0 0 0 0 0 0 0 0 0 0 0 0 0 0 0 0 0 0 0 0 0.036223 0.032833 0.039783 0.040458 0.071645 0.088532 0.13907 0.35855 -0.076332 0.03246 0.11577 0.23807 -0.0026523 0.00022252 0.0028088 0.0016006 0.13165 0.13329 0.34822 0.29983 -0.15354 0.16442 0.43211 0.45036 -0.062475 -0.0059587 0.092141 0.11034 -0.012311 0.12866 0.10574 0.13284
54.419 109.88 10.044 0.72236 0 0 0 0 0 0 0 0 0 0 0 0 0 0 0 0 0 0 0 0 0 0 0 0 0 0 0 0 0 0 0 0 0.013771 0.0022327 0.013771 0.0022327 0.15343 0.13046 0.45439 0.42076 -0.11143 0.10137 0.29663 0.27985 -0.0065087 0.0071021 0.0098338 0.0079263 0.054696 0.059514 0.14812 0.16271 0.01606 0.042413 0.35716 0.39047 -0.021963 -0.043307 0.15483 0.15023 -0.0083328 -0.002506 0.014444 0.0087399
193.7 110.12 9.9461 2.401 -0 0 0 0 -0 0 0 0 -0 0 0 0 -0 0 0 0 -0 0 0 0 -0 0 0 0 -0 0 0 0 -0 0 0 0 0.026729 0.010769 0.0279 0.011325 0.075345 0.12662 0.44332 0.36949 -0.092469 0.07362 0.28073 0.23029 -0.0045638 0.0081145 0.0062995 0.010158 0.057565 -0.0058614 0.057796 0.01828 -0.013528 -0.093755 0.49135 0.29482 0.0096683 0.021647 0.27823 0.24258 -0.03644 0.029521 0.084309 0.083578
191.37 154.27 11.278 2.7947 -0 0 0 0 -0 0 0 0 -0 0 0 0 -0 0 0 0 -0 0 0 0 0.011403 0.032816 0.024912 0.032816 -0.0072856 0.082927 0.08775 0.087918 -0.0039638 0.0031321 0.0039638 0.0035281 -0 0 0 0 0.068195 0.0098708 0.61161 0.27596 -0.061884 -0.016738 0.55063 0.30598 -0.022946 0.0068261 0.040731 0.027716 -0 0 0 0 0.012386 -0.03734 0.1153 0.059242 0.0305 0.006579 0.22536 0.19171 -0.024487 0.0050545 0.068053 0.060505
55.345 157.2 9.5098 5.7452 0 0 0 0 0 0 0 0 0 0 0 0 0 0 0 0 0 0 0 0 0.011807 0.014854 0.012527 0.016988 0.0058403 0.042386 0.042715 0.083447 -0.0051474 0.0041247 0.0062849 0.0095585 0 0 0 0 0.13869 0.047784 0.2931 0.35453 -0.094198 0.0021409 0.30367 0.32091 -0.016047 0.067157 0.058351 0.084155 0 0 0 0 0.055686 -0.047032 0.11814 0.13548 0.00628 0.056604 0.41696 0.26405 -0.054671 0.0065678 0.45827 0.19611
160.91 182.7 8.621 4.1966 1.4711e-18 -8.3411e-19 9.3577e-18 5.3059e-18 7.3275e-19 -4.1548e-19 4.6327e-18 2.6268e-18 0 -0 0 0 0 -0 0 0 1.2102e-18 -6.862e-19 1.2102e-18 6.862e-19 0.092078 0.09119 0.12305 0.32826 -0.074373 0.077254 0.13484 0.26675 -0.0025825 0.0002817 0.0025825 0.00076035 -0.0023592 0.02366 0.047718 0.028331 0.076822 -0.051362 0.15033 0.35286 -0.079145 -0.014604 0.3435 0.58525 -0.034146 0.0072092 0.043231 0.040484 0.031065 0.0014095 0.086299 0.085506 -0.020754 -0.0023035 0.17139 0.22784 -0.015245 -0.043312 0.085667 0.14595 -0.007305 -0.0044825 0.0098342 0.009392
