47 64
173.59 121.77 2.0109 1.8051 -0 0 0 0 -0 0 0 0 -0 0 0 0 -0 0 0 0 0.0013163 0.0018822 0.0013163 0.0018822 -0.001278 0.069878 0.017315 0.069878 -0.0089218 0.067578 0.01514 0.067578 -0.00032681 0.00127 0.00032681 0.00127 0.062354 0.040214 0.072744 0.078423 0.065583 0.12786 0.15355 0.28243 -0.060576 0.26412 0.30539 0.47661 -0.1017 0.10958 0.13675 0.12365 0.030691 -0.016034 0.078861 0.060677 0.058042 -0.042746 0.11147 0.17162 0.097719 -0.088683 0.21542 0.35303 -0.077964 0.052529 0.25674 0.26072
85.481 127.74 1.7169 1.6758 -2.4573e-06 2.3314e-05 2.4573e-06 2.3314e-05 -7.1445e-05 0.00067786 7.1445e-05 0.00067786 -4.8335e-05 0.0004586 4.8335e-05 0.0004586 -0 0 0 0 0.0055502 0.0067293 0.0088963 0.012028 0.13008 0.19798 0.20077 0.28562 -0.078343 0.21802 0.12877 0.3325 -0.048934 0.063131 0.04934 0.080031 0.0060807 0.090142 0.17322 0.20564 0.0728 -0.087112 0.33938 0.38821 -0.032259 -0.12372 0.1995 0.32484 -0.072174 -0.00041094 0.10921 0.11321 -0.011818 -0.044958 0.13422 0.11177 -0.009664 -0.023935 0.11892 0.081453 -0.0060296 -0.037097 0.10084 0.075909 -0.0032914 -0.020451 0.044389 0.031028
70.077 136.6 1.8583 5.6674 0 0 0 0 0.019351 0.027207 0.027963 0.028474 -0.00014094 0.026861 0.041681 0.044828 0.0043802 0.0042231 0.037511 0.066515 0.025302 0.0055613 0.025302 0.0070767 0.049054 0.081564 0.19565 0.11286 -0.038265 0.049987 0.14002 0.11757 -0.01158 0.032526 0.059224 0.096805 0.071263 -0.0096208 0.071263 0.01431 0.14904 0.090011 0.3585 0.18101 -0.12021 0.068367 0.33252 0.1563 -0.010761 0.014078 0.10132 0.081288 0.012639 -0.0038707 0.012639 0.004245 0.24785 -0.12142 0.3086 0.23966 -0.099066 0.018242 0.33895 0.31156 -0.0099081 0.044227 0.17772 0.12553
181.42 139.98 2.0151 3.743 -0.0096619 -0.0011558 0.012026 0.02052 0.022922 0.0065203 0.037478 0.038957 -0.010863 0.022938 0.029726 0.032513 -0.00014595 0.00021269 0.00014595 0.00021269 0.020522 0.034401 0.089591 0.125 0.0070115 0.098342 0.15206 0.17579 -0.057449 0.098561 0.22988 0.1556 -0.020299 0.011955 0.024279 0.012213 0.092029 0.0066012 0.13296 0.079973 0.042519 0.11643 0.33127 0.22567 -0.10145 0.14186 0.27616 0.22374 -0.063399 0.015708 0.070346 0.029232 0.10946 0.10283 0.19652 0.12755 0.021741 0.16159 0.32451 0.21184 -0.15541 -0.027423 0.3104 0.23796 -0.044106 -0.012894 0.051467 0.025029
106.06 144.17 1.8871 4.1207 0.0059763 0.0099004 0.021051 0.018706 -0.010168 0.017653 0.025201 0.02721 -0.0083751 0.02462 0.032485 0.035198 0.012279 0.035473 0.030581 0.048002 0.0024743 0.0089224 0.059967 0.065146 -0.0016371 0.060059 0.098297 0.139 -0.034295 0.065937 0.11369 0.21246 0.069577 -0.0092261 0.39604 0.35702 0.033231 0.014083 0.092769 0.10915 0.072559 -0.0053681 0.23875 0.42294 -0.14175 -0.047849 0.21071 0.34025 -0.020228 -0.030194 0.13692 0.17354 0.024989 0.028782 0.050546 0.10646 -0.049955 0.0028126 0.19454 0.19727 -0.025386 -0.02331 0.041172 0.038675 -0.0024928 -0.0073156 0.021372 0.033049
175.88 146.22 1.9787 3.4641 -0.019624 0.012334 0.020247 0.031856 0.0095367 -0.00070213 0.016349 0.026118 0.0069168 0.020031 0.066277 0.092206 -0.0090922 0.010941 0.01519 0.016149 -0.041022 0.0042358 0.060239 0.11782 0.026939 0.088459 0.10295 0.18208 0.04653 0.10142 0.16338 0.21778 -0.056272 0.085125 0.13365 0.11093 -0.0014912 -0.0031847 0.01898 0.056463 0.156 -0.04806 0.22537 0.14949 0.088154 0.068694 0.35178 0.18846 -0.066507 0.043409 0.2081 0.12582 -0.0020554 -0.00078999 0.046873 0.076429 0.098248 0.088345 0.16339 0.16574 0.086549 0.099531 0.40021 0.3012 -0.11702 -0.040853 0.22266 0.17563
74.719 147.1 1.6682 5.8936 0.012879 0.026752 0.020992 0.027937 -0.012561 0.034985 0.042869 0.055994 0.016701 0.012687 0.036732 0.096258 0.0080218 -0.0080318 0.023356 0.073922 0.025402 0.077136 0.15459 0.11075 -0.05723 0.050342 0.12929 0.15824 -0.02359 0.020477 0.073105 0.2168 -0.0027059 -0.00432 0.033585 0.12388 -0.022362 0.10409 0.28668 0.14356 -0.1325 0.029216 0.31692 0.18575 -0.035618 0.022243 0.13705 0.19571 -0.040177 0.034453 0.084329 0.085999 0.04023 -0.050652 0.3317 0.24677 -0.11153 0.05381 0.33321 0.24435 -0.073979 0.057458 0.21171 0.20904 -0.00948 -0.0019057 0.088038 0.065263
114.13 147.62 1.8611 4.3482 -0.0034319 0.010002 0.017298 0.017892 -0.0041477 0.0049429 0.0050395 0.0055361 -7.9622e-05 -0.00032826 0.00015906 0.00032826 0.00029248 0.0058966 0.013893 0.0095633 -0.0079998 0.0072126 0.048658 0.052842 0.0046579 0.029727 0.070712 0.098975 -0.030485 0.023378 0.057371 0.071327 0.003446 0.045776 0.039633 0.075751 0.037485 0.076408 0.13412 0.15539 -0.045177 0.17391 0.14557 0.32836 0.13693 0.036168 0.29625 0.37574 -0.079277 0.0179 0.31735 0.44786 0.009013 -0.02296 0.14109 0.15841 -0.057204 -0.10342 0.11998 0.23841 0.0050567 -0.041558 0.11827 0.1745 -0.022938 -0.043236 0.058254 0.090738
90.507 149.52 2.3115 5.4789 -0.0079389 0.010965 0.046285 0.046494 0.0035754 0.028867 0.057966 0.086192 -0.017715 0.019298 0.032825 0.061722 0.00081258 -0.0010071 0.01158 0.019631 -0.023715 0.035536 0.13796 0.082218 -0.034876 -0.0013662 0.14591 0.12895 -0.02422 0.016627 0.14191 0.1201 -0.019337 0.025532 0.040128 0.044953 -0.080741 0.13328 0.26423 0.18361 -0.0046044 0.11678 0.36545 0.22214 -0.07884 0.073001 0.24287 0.22099 -0.02963 -0.010454 0.056526 0.052868 -0.029267 -0.10034 0.13667 0.20657 0.1274 -0.11137 0.32945 0.24175 -0.10352 0.0024932 0.33202 0.14861 -0.029011 0.0010121 0.072636 0.056376
102.09 151.8 2.0547 4.1537 0.0026572 -0.00040563 0.01655 0.013047 -0.0015658 0.023896 0.034123 0.03896 -0.0060068 0.0092196 0.0083121 0.010736 -0.00032979 0.00028954 0.0013444 0.00085365 0.020147 0.043792 0.04436 0.057679 -0.012196 0.041031 0.11077 0.10442 0.01771 0.01804 0.11503 0.1314 0.0083263 0.01238 0.11337 0.10794 0.0040833 0.018996 0.083938 0.091073 0.099961 0.033266 0.26352 0.24237 0.019844 0.19445 0.23755 0.49513 -0.0767 0.040323 0.19665 0.30025 0.013648 -0.0085105 0.058301 0.062818 0.086005 -0.012108 0.17129 0.2054 -0.038897 -0.098852 0.21588 0.33731 -0.022732 -0.044738 0.076326 0.098418
75.429 154.15 2.2319 5.859 0.0025779 0.020948 0.014592 0.026441 0.020981 0.016045 0.045785 0.077752 0.030238 0.017414 0.040997 0.13791 0.015026 -0.0035393 0.030526 0.091866 -0.030479 0.049088 0.10489 0.11402 -0.046034 -0.021034 0.11991 0.26752 0.0022699 -0.036091 0.090876 0.28263 0.016337 -0.047457 0.065898 0.17282 -0.11916 0.064563 0.25573 0.18108 -0.054535 0.067856 0.18677 0.28145 -0.040033 0.092308 0.1202 0.22715 -0.03077 0.018445 0.059763 0.074868 -0.16236 0.060979 0.3704 0.17132 -0.07816 0.023307 0.26377 0.20611 -0.016894 -0.00641 0.1992 0.15653 -0.047506 0.015527 0.076441 0.056601
64.839 155.12 1.9669 3.0282 -0.004926 0.020172 0.079172 0.1037 0.053124 -0.069126 0.088512 0.18312 0.059681 -0.072176 0.1299 0.23048 0.13129 -0.024211 0.25684 0.21106 -0.041503 0.038113 0.12894 0.23878 -0.0035113 -0.0058861 0.0936 0.45784 0.092496 -0.019573 0.13601 0.35949 0.096398 -0.080714 0.20555 0.25302 0.0069822 -0.070437 0.061642 0.14699 -0.063457 -0.068859 0.09555 0.19115 0.034194 -0.079674 0.077754 0.14901 -0.0051252 -0.098627 0.062856 0.13072 0.0020592 -0.010619 0.0023855 0.010619 -0.0044088 -0.019002 0.0077718 0.020236 -0.0010363 -0.0010007 0.0010363 0.0012207 -2.5755e-06 -2.2611e-05 2.5755e-06 2.2611e-05
92.09 157.08 2.068 4.623 -0.020623 -0.014574 0.081415 0.070979 -0.011789 -0.0066644 0.042919 0.052728 0.0041514 -0.00029411 0.043004 0.027023 -0.0046647 0.00055496 0.014294 0.011644 0.00051201 0.0044857 0.1246 0.049296 0.032339 0.077897 0.11401 0.14213 -0.0073744 0.078425 0.10236 0.15948 -0.027299 0.021272 0.053885 0.060333 0.053071 0.029921 0.14222 0.050831 -0.015881 0.032908 0.19413 0.16713 0.0023806 0.13559 0.27704 0.3189 -0.021762 0.052113 0.12549 0.15668 0.0074761 0.049952 0.1063 0.09472 0.03675 0.02686 0.18138 0.1615 0.088165 0.054781 0.39173 0.39092 -0.077473 0.027637 0.15858 0.32428
60.139 160.97 2.1727 2.4534 0.019256 -0.0098297 0.067312 0.16235 0.030888 -0.023089 0.22273 0.31795 0.061634 -0.084499 0.21855 0.23962 -0.052343 -0.10144 0.17465 0.13482 -0.010278 0.08634 0.095544 0.35659 -0.030888 0.083567 0.20677 0.42768 -0.064605 -0.072471 0.15904 0.20523 -0.022829 -0.047425 0.038477 0.050773 -0.027504 -0.099518 0.057999 0.20254 -0.077139 -0.13216 0.10636 0.27157 -0.050563 -0.045194 0.051694 0.077149 -7.2132e-05 -3.9067e-06 7.2132e-05 7.1528e-05 -0.0018906 -0.017464 0.0024666 0.017464 -0.0024642 -0.0080093 0.0025616 0.0080093 -0.00022471 -0.00027938 0.00022471 0.00027938 -0 0 0 0
104.28 159.71 1.9359 4.5243 -0.0093174 -0.0064089 0.02884 0.03713 0.00080352 0.0051249 0.0353 0.025632 -0.004522 0.00069937 0.0083948 0.0075461 8.5985e-05 -0.0002634 0.00015733 0.00083007 -0.0060604 0.029766 0.046714 0.054063 0.02659 0.054068 0.088355 0.10584 -0.027078 0.024655 0.042587 0.045834 -0.00098287 0.00025152 0.00098287 0.00025152 0.017216 0.029142 0.11272 0.13831 -0.049265 0.03091 0.18507 0.23647 -0.002645 0.026413 0.16302 0.20623 -0.032677 0.026612 0.061321 0.12751 0.00063334 0.024529 0.11429 0.091099 0.10891 0.080664 0.35511 0.348 -0.10101 0.18125 0.2202 0.48068 0.082655 0.043923 0.20662 0.28623
96.455 162.07 2.1582 4.4724 -0.026204 -0.0094461 0.080811 0.081676 -0.0064784 -0.0057402 0.050515 0.052274 0.0019335 0.0091859 0.037234 0.031385 -0.0015401 3.5286e-05 0.0030011 0.0024357 -0.021251 -0.0069414 0.1162 0.080078 0.0060359 0.045375 0.071385 0.075234 0.022323 0.070208 0.10677 0.12799 -0.018329 0.016632 0.028671 0.027257 0.042212 0.03442 0.13726 0.066978 0.015755 0.050022 0.17161 0.25432 -0.044635 0.050451 0.20724 0.2536 0.019032 0.033212 0.12461 0.19097 0.043308 0.017019 0.11146 0.047017 -0.0029694 0.040201 0.19499 0.16502 0.11004 0.10564 0.40019 0.42936 -0.062692 0.11034 0.15068 0.36172
153.36 162.03 2.0249 3.5603 0.01492 -0.056251 0.27369 0.27915 -0.17551 -0.23659 0.25567 0.37818 -0.048485 -0.06274 0.059792 0.12879 0.031935 -0.0083236 0.04884 0.072128 -0.14411 -0.12013 0.21357 0.18486 0.0094537 -0.029296 0.097292 0.16724 -0.025809 0.038078 0.14277 0.18844 0.013739 0.022352 0.080172 0.077617 -0.034356 -0.025218 0.037331 0.026068 0.032046 -0.041049 0.047152 0.083761 0.0089103 -0.037158 0.10057 0.10323 0.1212 0.11523 0.24263 0.21951 -0.0002731 -5.6447e-05 0.00030892 0.00010686 0.0038975 -0.0020596 0.0059164 0.0072996 0.0080501 0.0071174 0.047602 0.029448 0.077781 -0.033097 0.29429 0.13706
174.74 161.53 1.9236 2.33 0.0011501 0.0029371 0.0025638 0.0034538 0.0078712 -0.0059365 0.020799 0.020216 0.074659 0.025275 0.1015 0.11106 0.042961 -0.025727 0.086938 0.16753 -0.0011491 0.024445 0.053029 0.032396 -0.011948 0.036901 0.087344 0.064403 0.019138 -0.043061 0.13978 0.11886 0.023192 -0.057975 0.061689 0.14624 0.077664 0.053299 0.1098 0.070725 -0.081662 0.21322 0.33709 0.23537 -0.094611 0.01359 0.14473 0.076855 0.017356 0.018928 0.079046 0.1097 0.10825 0.0034559 0.21413 0.074188 -0.081348 0.066275 0.5928 0.24678 -0.13519 0.027272 0.17995 0.045679 -0.0044211 -0.018267 0.065517 0.052609
61.787 165.63 1.9856 5.9717 0 0 0 0 0 0 0 0 0 0 0 0 0 0 0 0 0.014793 0.0044903 0.014793 0.014094 0.050379 0.10267 0.057101 0.18661 -0.021677 0.14633 0.053582 0.18995 -0.02558 0.10543 0.032494 0.10612 -0.013322 0.086876 0.09231 0.18246 0.047408 0.0098499 0.12283 0.44787 0.04137 -0.019251 0.15701 0.46067 0.026955 0.0077807 0.10908 0.25709 -0.044165 0.053094 0.095934 0.18124 -0.020316 0.040106 0.082868 0.30228 0.013775 -0.037922 0.10046 0.25773 0.026435 -0.068579 0.12087 0.1809
80.49 165.62 1.9157 2.6662 -0.0026522 -0.0081907 0.032584 0.04442 0.12168 -0.032863 0.14524 0.11102 0.029183 0.0080695 0.24717 0.18849 0.015373 -0.0096706 0.16956 0.12988 -0.0068837 0.01829 0.10027 0.11284 0.028873 0.010949 0.10672 0.17662 0.068079 -0.14143 0.14181 0.28581 0.031756 -0.054596 0.12392 0.20002 -0.013221 0.082135 0.10555 0.19116 -0.032082 0.087741 0.12385 0.40348 -0.0056253 0.032156 0.0986 0.37572 0.002094 -0.029292 0.092274 0.20879 0.019377 -0.056518 0.037489 0.10282 -0.02054 -0.066763 0.052093 0.19517 -0.02392 -0.037571 0.047235 0.18251 -0.027562 -0.019919 0.033377 0.064695
188.37 169.98 2.0311 3.0125 1.0056e-17 2.3642e-16 2.8441e-16 2.3642e-16 -2.8954e-17 3.7574e-18 2.8954e-17 3.7574e-18 -0 0 0 0 0.00045352 0.0034948 0.00045352 0.0034948 0.0047394 0.0042461 0.0047394 0.0042461 0.0184 0.062008 0.056624 0.084361 -0.024561 0.018827 0.037648 0.060021 0.017278 -0.0011632 0.019021 0.040295 0.04571 0.032741 0.051413 0.037502 0.018703 0.14002 0.14251 0.18992 -0.076203 0.096648 0.11267 0.21076 0.039514 0.038174 0.06251 0.10446 0.088447 0.063759 0.20838 0.10283 0.048472 0.25686 0.58958 0.39496 -0.19633 0.031421 0.2349 0.25246 0.0032559 -0.018811 0.038302 0.073421
165.16 176.12 2.2926 1.0128 -0.0078279 0.0018499 0.020747 0.018161 0.0090226 -0.0065697 0.028191 0.025079 -0.0096531 -0.0030324 0.02999 0.021408 0.0015591 0.0082067 0.0047763 0.0086826 0.039144 0.027458 0.06239 0.063426 0.032618 0.21886 0.1133 0.24106 -0.013452 0.19999 0.061103 0.25245 0.032121 0.079881 0.11591 0.24329 0.054518 -0.011667 0.062001 0.055889 0.090047 -0.088607 0.15485 0.44708 -0.046284 -0.088265 0.13702 0.48156 -0.030941 -0.10587 0.12105 0.33007 0.0067151 -0.014276 0.010508 0.017226 0.0095168 -0.044706 0.025896 0.089763 -0.0082582 -0.068993 0.026177 0.11001 -0.0089727 -0.028834 0.01291 0.042181
70.156 177.86 2.1042 5.7554 0 0 0 0 0 0 0 0 0 0 0 0 0 0 0 0 0.024768 0.063922 0.035477 0.12425 0.021929 0.16141 0.060405 0.21892 -0.033595 0.23965 0.071554 0.29307 -0.044014 0.086286 0.046987 0.096612 0.024043 -0.041018 0.095398 0.25789 0.050731 -0.11071 0.12583 0.46959 0.010338 -0.1009 0.14637 0.40501 -0.021328 -0.0090662 0.10183 0.18248 -0.012859 0.026385 0.064832 0.18026 -0.014508 -0.015002 0.073495 0.24415 0.0016023 -0.041317 0.10679 0.17523 0.0068234 -0.03731 0.064695 0.092562
80.592 179.67 1.9274 2.3015 0.0048455 0.0041465 0.010993 0.021765 -0.0044977 -0.0037777 0.037899 0.056659 0.031773 -0.068977 0.07328 0.12187 -0.0061177 -0.040304 0.087834 0.13094 0.0065488 0.054533 0.046685 0.10937 0.017009 0.086659 0.12421 0.37816 0.0068912 0.14138 0.086004 0.44734 0.0055428 0.069344 0.12751 0.28 0.044969 -0.049008 0.0768 0.15163 0.057431 0.0065203 0.14169 0.33811 -0.016653 -0.01396 0.11853 0.4089 -0.036126 -0.052395 0.082914 0.19553 0.0066435 -0.022611 0.0084745 0.023073 0.010084 -0.064158 0.024087 0.070323 -0.01282 -0.088874 0.021158 0.095535 -0.0069349 -0.023822 0.0078013 0.024314
65.905 181.79 2.0499 5.7253 0 0 0 0 0 0 0 0 0 0 0 0 0 0 0 0 0.016055 0.080266 0.017601 0.080266 0.003923 0.10013 0.010214 0.10013 -0.010361 0.094741 0.018363 0.094741 -0.0022392 0.010496 0.0022392 0.010496 0.047398 0.010066 0.075191 0.25749 0.068601 0.0060763 0.11245 0.42348 -0.013504 0.11061 0.11005 0.42492 -0.097631 0.13636 0.12141 0.18838 -0.0035734 -0.030584 0.091391 0.24463 0.024725 -0.12172 0.10268 0.36322 0.0070616 -0.094674 0.1544 0.32101 0.0026926 -0.056469 0.088584 0.13894
183.86 182.75 1.7864 3.9507 -3.7449e-17 6.0114e-16 1.1137e-15 8.4973e-16 1.3557e-17 1.4214e-17 1.2374e-16 1.2974e-16 7.2549e-16 -2.0207e-16 9.2764e-16 1.2811e-15 6.1789e-17 -6.4309e-17 1.5975e-16 2.3546e-16 0.0031442 0.0067291 0.0043277 0.0092334 -0.0010835 0.030098 0.011134 0.037483 -0.0069276 0.034999 0.0097423 0.035188 -0.0023968 0.0058795 0.0023968 0.0058795 0.022559 0.12267 0.11149 0.31228 -0.04944 0.21043 0.13342 0.41285 -0.058512 0.071345 0.076094 0.12594 -0.019263 -0.0011873 0.023931 0.037214 0.045636 0.016304 0.17769 0.37442 -0.13673 -0.026992 0.23778 0.54807 -0.10908 -0.024854 0.12517 0.15033 -0.0079193 -0.0031413 0.013123 0.016155
88.686 185.66 2.1093 2.2442 0.00068851 0.00022802 0.00068851 0.00091688 0.0038775 -0.015017 0.038578 0.05361 -0.0030195 -0.00728 0.055181 0.059028 0.025843 -0.056198 0.054722 0.10063 0.013331 0.026637 0.022005 0.028354 0.02011 0.085509 0.079002 0.18187 0.028196 0.13426 0.12917 0.43333 0.025069 0.10499 0.083163 0.39713 0.049001 -0.022794 0.05377 0.06575 0.11075 -0.077867 0.15998 0.3362 0.073312 -0.0038291 0.19295 0.39725 -0.0098019 -0.018323 0.10726 0.32509 0.0030619 -0.0043194 0.0030619 0.0043194 0.020545 -0.055928 0.022327 0.060055 0.015723 -0.089515 0.042332 0.097262 -0.012741 -0.068013 0.021599 0.074049
140.16 188.39 2.0111 5.0644 0 0 0 0 0.00041194 0.0067904 0.0011443 0.0067904 -0.0011118 0.0082079 0.0016083 0.0082079 3.3537e-18 2.9252e-18 4.047e-17 3.2543e-17 0.0030295 -0.00048146 0.0030295 0.00069571 0.038707 0.0415 0.10756 0.12751 0.013432 0.087698 0.21512 0.3228 -0.038201 0.053039 0.064303 0.090194 0.00088148 -0.00093558 0.0015415 0.0024544 0.10815 -0.035377 0.14673 0.19974 0.072483 -0.066599 0.29924 0.64364 -0.048142 0.050147 0.21092 0.29961 4.7633e-06 -0.00011331 1.9147e-05 0.00011331 0.0098327 -0.01566 0.0099653 0.016128 0.052703 -0.082001 0.062478 0.092309 0.064847 -0.019165 0.14274 0.13878
84.555 190.43 2.0375 2.3032 0.0013754 0.0037347 0.0033067 0.0039002 0.0041238 0.024982 0.032654 0.076415 -0.00044017 0.0215 0.072764 0.18322 0.012428 0.0096985 0.042282 0.15895 0.055313 0.0092119 0.066242 0.077332 0.056628 0.15073 0.13511 0.27815 0.013134 0.18961 0.15467 0.45015 0.00020726 0.11917 0.079087 0.38803 0.018302 -0.021896 0.018526 0.025101 0.078129 -0.12846 0.090661 0.19015 0.070994 -0.20036 0.1575 0.35546 -0.041915 -0.15083 0.078572 0.24507 -0 0 0 0 0.00050074 -0.0014708 0.00050074 0.0014708 0.0028236 -0.020475 0.0073975 0.020475 -0.0023121 -0.011001 0.0031082 0.011001
176.5 131.21 3.0676 2.1505 -0 0 0 0 -0 0 0 0 -0 0 0 0 -0 0 0 0 0.016154 0.014186 0.023291 0.027633 0.074736 0.11773 0.10845 0.17299 -0.08316 0.18598 0.17357 0.24666 -0.019889 0.016341 0.022366 0.01757 0.026982 -0.0065346 0.056021 0.052956 0.13145 -0.055576 0.21827 0.23957 -0.0069149 0.0086262 0.5177 0.42197 -0.11455 0.048595 0.16827 0.087588 0.0090364 0.037083 0.057074 0.045263 0.0074991 -0.02886 0.092519 0.088554 0.070732 -0.11042 0.19834 0.20018 -0.053265 -0.039123 0.13411 0.17427
104.58 137.61 2.7086 1.7565 -0.0001563 0.00036909 0.00054267 0.0033517 -0.0028449 0.011813 0.012293 0.033931 -0.0014996 0.0032572 0.0023333 0.004833 0.00053811 0.011222 0.0034733 0.011222 0.017102 0.032409 0.22193 0.38268 -0.0062015 0.075534 0.20173 0.40397 0.070883 0.1299 0.2172 0.2473 0.0057896 0.04816 0.17438 0.27669 0.014825 -0.047251 0.065676 0.11746 0.087752 -0.069039 0.19697 0.28254 0.0004749 -0.065657 0.28708 0.24517 -0.0017704 -0.07386 0.13334 0.11435 0.00062533 -0.0010422 0.00063672 0.0011028 0.013352 -0.015086 0.029192 0.039177 0.011978 -0.035617 0.050957 0.077037 -0.0047998 -0.014152 0.057236 0.031141
143.43 137.67 2.4627 1.1532 0 0 0 0 0 0 0 0 0.0056102 0.0044207 0.0056102 0.0044207 0.045881 0.13057 0.1413 0.18789 -0.033291 0.16335 0.078378 0.19785 0.010707 0.15652 0.13436 0.22648 -0.022608 0.045417 0.15174 0.23228 0.03103 -0.062033 0.25435 0.33998 -0.010231 -0.075504 0.23745 0.27863 -0.087253 -0.10415 0.37849 0.32361 -0.08526 -0.058743 0.14429 0.17337 -0.010818 -0.0083203 0.037061 0.047071 -0.0051129 -0.030765 0.066429 0.044023 -0.016501 -0.032157 0.091454 0.068431 -0.0044486 -0.0021753 0.016714 0.012248 -0.0012163 -0.0012929 0.0047357 0.0031987
182 145.39 2.8021 3.5398 -0.0033043 0.010345 0.0098693 0.024406 -0.0029742 0.0031405 0.0033397 0.0084556 -0.00070078 0.0021558 0.00082657 0.0021558 0 -0 0 0 -0.10642 0.041965 0.13955 0.15228 0.01417 0.054234 0.065128 0.11883 -0.0062732 0.063416 0.13569 0.14381 -0.0063324 0.0068791 0.0086893 0.0075828 -0.065042 -0.044306 0.095028 0.12949 0.11275 0.061277 0.24906 0.20297 -0.063478 0.14324 0.34512 0.24963 -0.063035 0.015497 0.076431 0.032105 0.022546 -0.012155 0.049622 0.059204 0.16318 0.065759 0.31611 0.30317 -0.15051 -0.12004 0.33596 0.35327 -0.041622 -0.019438 0.051855 0.027814
84.541 167.75 2.8606 4.7672 0.02002 0.015889 0.021318 0.016434 0.012465 0.048523 0.097052 0.12135 -0.04184 -0.0055558 0.058865 0.101 -0.004847 -0.00074613 0.0049321 0.0051367 0.049 0.01259 0.12162 0.075967 -0.060207 -0.057954 0.21139 0.22425 -0.020768 -0.023177 0.066573 0.093659 -0.0034497 0.00042814 0.014469 0.015539 0.012007 -0.0099597 0.1789 0.062929 0.028853 0.05642 0.2676 0.14688 -0.016364 0.074582 0.16018 0.23051 -0.035359 0.024281 0.075527 0.069883 0.04555 0.043809 0.12027 0.059993 0.039798 0.10952 0.24223 0.17178 0.056481 0.12032 0.4079 0.34774 -0.059866 0.064481 0.22512 0.31474
75.611 184.47 2.5681 5.5426 0 0 0 0 0 0 0 0 0 0 0 0 0 0 0 0 0.037289 0.070749 0.042765 0.10082 0.034072 0.175 0.060923 0.30614 -0.07678 0.18389 0.10063 0.25029 -0.019546 0.027735 0.022425 0.030422 0.022968 -0.033087 0.19111 0.29997 -0.0065166 -0.1908 0.15566 0.44935 -0.028478 -0.11338 0.16165 0.3827 -0.034686 -0.017764 0.053577 0.077384 -0.016649 0.050516 0.16178 0.18353 -0.070855 0.072212 0.17148 0.19221 -0.010909 0.010808 0.051343 0.08796 -0.0018312 -0.0028614 0.0040826 0.008098
133.78 184.95 2.6318 1.0995 -0.016629 -0.0073877 0.02687 0.025534 -0.0020229 -0.0010436 0.0031484 0.0028736 0.0016156 -0.0032847 0.0029914 0.0044439 0.00063351 -0.00158 0.0076904 0.0062431 0.0019776 0.07479 0.048549 0.1023 -0.023404 0.12237 0.085893 0.19403 -0.012172 0.010382 0.012956 0.023134 -1.9613e-05 -0.00013962 0.00017993 0.000314 -0.0025813 0.033453 0.14754 0.49173 -0.15232 -0.0091829 0.32839 0.69533 -0.047529 -0.004939 0.064671 0.082872 2.181e-18 4.2793e-18 2.181e-18 4.2793e-18 -0.0073814 -0.058848 0.026254 0.099733 -0.019207 -0.045285 0.030245 0.088842 -0.0057508 -0.0053289 0.0058305 0.0098839 -6.4028e-18 7.7761e-18 1.0054e-17 7.7761e-18
96.908 127.55 3.6703 2.1175 -0.0083405 0.007354 0.0083405 0.007354 -0 0 0 0 -0 0 0 0 -0 0 0 0 -0.024502 0.011599 0.25781 0.32543 -0.052493 0.10825 0.13694 0.21299 -0.012558 0.15593 0.070751 0.15593 -0.0076825 0.011785 0.0081149 0.011785 0.040265 -0.02021 0.11971 0.112 0.066749 -0.006656 0.35743 0.3437 -0.027024 -0.0032447 0.35133 0.47926 -0.068508 0.0066617 0.083551 0.063009 0.01045 -0.006043 0.01623 0.016762 0.02024 -0.040249 0.078976 0.092355 -0.018046 -0.064078 0.10992 0.094822 -0.020074 -0.015166 0.032115 0.019251
163.69 146.38 3.6772 4.6905 0.029128 -0.027728 0.032437 0.10575 0.073536 -0.10062 0.13823 0.34872 -0.086053 -0.032151 0.17194 0.20529 -0.013418 -0.00052735 0.017906 0.01123 0.0092736 0.031423 0.013045 0.04156 0.017755 0.082604 0.13365 0.16533 -0.016871 0.012697 0.18605 0.14025 -0.015724 0.0034884 0.037491 0.012508 0.017233 -0.022866 0.12957 0.24112 0.08855 -0.042792 0.31982 0.50746 -0.12033 -0.00059834 0.26766 0.28963 -0.035169 -0.0029886 0.048773 0.026441 -0.00042551 -0.010747 0.0039542 0.011181 0.021559 -0.050729 0.034476 0.055873 -0.017742 -0.060337 0.040048 0.067177 -0.0034951 -0.0032907 0.0034951 0.0035262
75.605 162.69 3.4718 5.51 0.0025383 0.0033823 0.0025383 0.0033823 0.020286 0.04385 0.023036 0.053827 0.017286 0.067784 0.02466 0.10302 -0.016509 0.037632 0.022667 0.05111 0.02169 0.033404 0.039803 0.05045 0.024732 -0.004265 0.14648 0.24202 -0.0047256 -0.07612 0.088151 0.28912 -0.014643 -0.043425 0.051677 0.13123 -0.0043232 0.10368 0.17509 0.14116 -0.013159 0.099552 0.20414 0.25806 -0.067219 0.07603 0.156 0.17441 -0.010175 0.007975 0.034083 0.047302 0.047071 0.048722 0.30943 0.27101 -0.060644 0.13156 0.35781 0.3001 -0.075019 0.049557 0.24136 0.19208 -0.024082 -0.0013054 0.039395 0.034367
96.068 164.34 3.4184 4.5505 0.00527 0.018424 0.062482 0.054674 -0.036403 -0.0082544 0.057814 0.068702 -0.0024548 0.0011868 0.0050092 0.0051073 0.0041598 -0.0013124 0.004593 0.0050565 -0.029276 -0.021337 0.1235 0.082929 -0.019022 0.012023 0.076126 0.086984 -0.0062568 0.037098 0.061184 0.061268 -0.0028834 0.0021919 0.0035267 0.0033698 0.012438 0.0036262 0.14404 0.046626 0.025687 0.081519 0.1827 0.20506 -0.048955 0.12769 0.20062 0.28673 -0.011615 0.059565 0.06215 0.14217 0.031932 0.045685 0.104 0.064386 0.03494 0.11655 0.22392 0.24791 -0.038368 -0.002881 0.30572 0.48028 0.032698 -0.020849 0.20255 0.38671
66.802 115.93 5.2129 1.0359 0 0 0 0 0 0 0 0 0 0 0 0 0 0 0 0 0 0 0 0 0 0 0 0 0 0 0 0 0 0 0 0 0.0074283 0.0069944 0.0074283 0.0069944 0.14146 0.18939 0.43807 0.48814 -0.16967 0.083934 0.21098 0.23869 -0.0079116 0.0025887 0.0079116 0.0056156 0.037807 0.021988 0.16032 0.28213 0.0074627 -0.083225 0.30466 0.35076 -0.058361 -0.029608 0.16643 0.11282 -0.014225 0.0063169 0.033012 0.012558
87.567 173.02 4.9753 2.6159 -0.046853 -0.061624 0.20959 0.1394 -0.00039493 -0.001091 0.042591 0.021057 0.068224 0.043021 0.44473 0.27011 -0.046434 0.098151 0.13074 0.13979 0.0018673 -0.0073464 0.012777 0.015007 0.029138 0.011631 0.041201 0.036787 0.13647 -0.084097 0.31188 0.28642 -0.059186 -0.06307 0.38825 0.32557 0.0095988 -0.0022223 0.0099438 0.0072002 0.040667 -0.0088227 0.086074 0.17445 -0.02036 -0.028605 0.10309 0.23867 -0.017651 -0.067344 0.073993 0.093415 7.2789e-05 -0.00013846 7.2789e-05 0.00013846 0.0041416 -0.012632 0.0052579 0.016079 -0.0026426 -0.014522 0.0062182 0.024219 -0.0011544 -0.00073419 0.0011961 0.0017478
179.86 192.04 5.0753 4.1856 -1.4097e-19 8.1989e-20 1.4097e-19 8.1989e-20 0 -0 0 0 0 -0 0 0 0 -0 0 0 -6.7325e-18 -1.2002e-17 1.2441e-17 1.5106e-17 0.0012785 0.012373 0.002284 0.012373 -0.0012394 0.01184 0.0023018 0.01184 -5.124e-05 0.00016099 5.124e-05 0.00016099 0.09216 0.027673 0.14091 0.25422 0.009621 0.089322 0.34515 0.7033 -0.15957 0.024689 0.19305 0.23306 -0.0052636 6.4139e-05 0.0052636 0.0033509 0.018995 -0.036184 0.039332 0.076565 0.014521 -0.081683 0.11987 0.21878 0.021006 0.086089 0.1915 0.1919 -0.028566 0.028852 0.061462 0.033693
61.798 111.19 6.7706 0.83319 0 0 0 0 0 0 0 0 0 0 0 0 0 0 0 0 0 0 0 0 0 0 0 0 0 0 0 0 0 0 0 0 0.00056522 0.00084255 0.00056522 0.00084255 0.15974 0.14774 0.3953 0.39354 -0.15184 0.10296 0.30116 0.3272 -0.0080925 0.0075022 0.010422 0.010589 0.031523 0.10377 0.075942 0.14692 0.067177 -0.050841 0.35454 0.38693 -0.067204 -0.061898 0.22696 0.15645 -0.021823 0.0029966 0.054214 0.01964
62.021 201.51 6.4129 5.4337 0 0 0 0 0 0 0 0 0 0 0 0 0 0 0 0 0 0 0 0 0 0 0 0 0 0 0 0 0 0 0 0 0.027696 0.013166 0.03028 0.027865 0.041968 0.086724 0.15108 0.36019 -0.083249 0.052731 0.12058 0.26492 -0.0053179 0.00071389 0.0054262 0.0062856 0.12018 0.18962 0.23662 0.24531 -0.089116 0.29404 0.35075 0.52212 -0.063032 0.013191 0.087241 0.12326 0.013148 0.13178 0.14114 0.14137
192.16 109.82 9.8107 2.3653 -0 0 0 0 -0 0 0 0 -0 0 0 0 -0 0 0 0 -0 0 0 0 -0 0 0 0 -0 0 0 0 -0 0 0 0 0.021452 0.007606 0.02276 0.0079099 0.086243 0.13244 0.4383 0.3929 -0.094599 0.054329 0.29364 0.2415 0.00010288 0.00032799 0.00010288 0.00032799 0.044171 -0.0049338 0.044441 0.013641 -0.012756 -0.090258 0.42614 0.32284 0.084117 2.906e-05 0.26503 0.2618 -0.03831 0.030427 0.10546 0.11562
54.542 156.69 9.5862 5.73 0 0 0 0 0 0 0 0 0 0 0 0 -5.3383e-20 -8.6447e-20 2.0752e-18 3.3605e-18 0 0 0 0 0.01146 0.014899 0.012279 0.018443 0.0042308 0.035731 0.046653 0.095965 -0.0050026 0.0034778 0.0061489 0.0098731 0 0 0 0 0.18137 0.019358 0.3569 0.36578 -0.11047 -0.0075812 0.31649 0.33342 -0.0093029 0.054318 0.075289 0.071285 0 0 0 0 0.040727 -0.055906 0.064373 0.078025 0.0011012 0.024842 0.44586 0.22197 -0.023765 0.017181 0.39554 0.18293
