48 64
75.29 126.28 2.3758 1.1257 0 0 0 0 0 0 0 0 0 0 0 0 0 0 0 0 0.037472 0.045533 0.042923 0.053066 0.051037 0.2197 0.11598 0.32071 -0.050207 0.14555 0.084371 0.20134 -0.025066 0.028479 0.02562 0.033884 0.1559 0.08825 0.29509 0.2368 -0.036623 -0.079664 0.25815 0.48021 -0.11188 -0.053483 0.16667 0.25075 -0.048622 0.018387 0.090314 0.090589 -0.0020775 0.019654 0.17844 0.17272 -0.033692 -0.055912 0.093541 0.19909 -0.032486 -0.032531 0.093041 0.1222 -0.0135 -0.01114 0.05312 0.035599
88.39 127.68 1.8658 2.3498 -0.020269 0.036457 0.027698 0.040761 -0.0014745 0.0031915 0.0016762 0.0031915 9.9123e-06 0.00015824 2.769e-05 0.00015824 -0 0 0 0 -0.016441 0.059392 0.23446 0.18069 0.026439 0.1741 0.27309 0.37244 -0.1135 0.18471 0.18606 0.29381 -0.027765 0.023715 0.031062 0.028345 0.025424 -0.077415 0.15178 0.10344 0.068695 -0.12208 0.32868 0.26222 -0.043999 0.010204 0.31013 0.2716 -0.089723 0.035172 0.11188 0.069044 0.012439 -0.0026343 0.041481 0.032853 0.032087 -0.0086789 0.12088 0.065903 0.021444 -0.066206 0.1052 0.085667 -0.043691 -0.014022 0.06655 0.029869
69.962 135.28 1.9916 5.6412 0 0 0 0 0.030424 0.032438 0.042516 0.038107 -0.012091 0.029994 0.067926 0.066208 2.1346e-05 -0.0023735 0.03992 0.063483 0.017723 0.0052173 0.017723 0.0052852 0.072251 0.088232 0.22061 0.12925 -0.049273 0.047352 0.15244 0.13627 -0.010848 0.040889 0.085222 0.090491 0.056031 -0.0057639 0.056031 0.01128 0.16576 0.075582 0.38696 0.20538 -0.11497 0.073452 0.32707 0.16552 -0.031838 0.00044109 0.15361 0.065224 0.0075307 -0.0020115 0.0075307 0.0022255 0.1634 -0.075762 0.27759 0.17853 -0.069679 0.025472 0.3593 0.30709 -0.038685 0.063488 0.18135 0.11877
87.733 135.85 2.225 4.6664 0.012463 0.013383 0.053944 0.018424 -0.013111 0.020722 0.077203 0.042147 -0.002841 0.014353 0.096059 0.082005 -0.0088366 0.014972 0.030688 0.037471 0.021362 0.039049 0.10286 0.068574 -0.024369 0.035611 0.13611 0.19071 0.0898 0.095435 0.25634 0.18102 -0.030053 0.057557 0.12897 0.23037 0.048523 0.032323 0.10988 0.15227 0.043864 0.13364 0.22692 0.37193 -0.11885 -0.060505 0.37582 0.40751 -0.028372 -0.090387 0.068293 0.13187 0.028567 -0.05932 0.037135 0.080795 -0.00026151 -0.13323 0.074026 0.20349 -0.056171 -0.07513 0.080025 0.095907 -0.0010474 -0.0010036 0.0011343 0.0012448
172.33 141.82 2.1102 2.6384 0.0039275 -0.0014894 0.024007 0.045831 0.020218 -0.00029053 0.052716 0.081782 0.0093632 0.041178 0.058043 0.12177 -0.028124 0.042851 0.064772 0.058449 0.010519 0.01861 0.02036 0.050602 0.032395 0.064707 0.11672 0.1896 0.069921 0.0063448 0.1452 0.15629 -0.090166 0.076439 0.28172 0.1263 0.036398 -0.004289 0.067321 0.16076 0.043775 0.050173 0.11333 0.36224 0.11011 0.038551 0.18525 0.35778 -0.085832 0.034031 0.33986 0.16705 0.010735 -0.0069428 0.065755 0.081636 0.012302 -0.053903 0.11062 0.16619 0.074896 -0.083223 0.14125 0.20702 -0.02502 -0.057048 0.2291 0.21303
172.5 150.43 2.0248 2.8505 -0.0014734 0.0031285 0.0067303 0.0099274 0.0051878 -0.015324 0.031131 0.070054 0.032542 0.013666 0.075328 0.10582 0.0049419 0.037578 0.049643 0.087368 0.0078781 0.046326 0.031759 0.076131 0.03502 0.14272 0.066842 0.22837 0.04836 0.1134 0.17909 0.26226 0.06667 0.027449 0.11569 0.11626 -0.048378 0.0087651 0.11808 0.16003 0.082646 -0.054747 0.11963 0.28693 0.060406 0.022572 0.21611 0.40496 0.10031 0.077433 0.24302 0.23603 -0.045005 0.0060727 0.12949 0.089822 -0.011907 0.00079684 0.14515 0.18014 0.01558 -0.081257 0.11392 0.16522 0.091978 -0.045118 0.22564 0.21325
73.79 152.05 1.9533 5.7828 0.010509 0.031321 0.021638 0.032596 0.021724 0.014694 0.047703 0.064091 0.030457 -0.022232 0.05107 0.1529 0.0067815 -0.010866 0.028454 0.11614 -0.017127 0.041747 0.15028 0.14698 -0.043504 0.020575 0.15174 0.23906 -0.020852 -0.039288 0.10326 0.25505 0.0048129 -0.052019 0.030121 0.12394 -0.092035 0.13114 0.22411 0.19426 -0.060406 0.11059 0.28711 0.28151 -0.063655 0.048152 0.1386 0.22683 -0.029679 0.027782 0.053024 0.077105 -0.1258 0.05537 0.3091 0.1399 -0.071193 0.038909 0.31744 0.14085 -0.010956 0.0094209 0.17665 0.15998 -0.02558 -0.0096887 0.10834 0.11711
64.583 158.51 2.0414 2.7321 0.012135 -0.0097471 0.023424 0.049618 0.048247 -0.061183 0.083999 0.19232 0.041802 -0.067656 0.18656 0.23637 0.06796 -0.073763 0.16414 0.17104 -0.012261 0.086694 0.072869 0.29884 -0.015146 0.042004 0.12358 0.41231 0.039456 -0.030055 0.16016 0.34578 0.034276 -0.086162 0.17635 0.2432 0.0059194 -0.075562 0.059967 0.23278 -0.067524 -0.063895 0.12006 0.34477 -0.057623 -0.031864 0.088548 0.12699 -0.0081218 -0.043817 0.033182 0.054424 0.0044883 -0.024019 0.0056072 0.025835 -0.0042202 -0.049606 0.015006 0.056487 -0.0066348 -0.010176 0.0066348 0.011832 -4.5341e-05 -1.7902e-05 4.5341e-05 1.7902e-05
60.81 165.17 2.1711 2.3812 0.013733 -0.0019222 0.036015 0.085948 0.055346 0.011155 0.1832 0.24228 0.0086985 -0.057242 0.23973 0.26484 -0.017152 -0.078477 0.16308 0.12616 0.01043 0.098231 0.10691 0.35603 0.010871 0.17589 0.19604 0.43545 -0.075536 0.031979 0.19857 0.24169 -0.01418 -0.026588 0.033529 0.036206 -0.024688 -0.095231 0.089144 0.21826 -0.045898 -0.15446 0.094763 0.2641 -0.067284 -0.076378 0.072331 0.12087 -0.0022874 -0.0010536 0.0022874 0.0013712 -0.0031745 -0.015734 0.0042231 0.015734 -0.0018724 -0.0060528 0.0021745 0.0060528 -9.8631e-05 -0.0001037 9.8631e-05 0.0001037 -0 0 0 0
154.34 166.16 2.2253 0.55278 -0.045504 -0.010857 0.084595 0.053416 -0.0036333 0.0025364 0.0064203 0.0039855 -5.3002e-06 8.5911e-06 1.5502e-05 2.5127e-05 0.00055116 0.00084625 0.00055116 0.00084625 -0.037392 0.046979 0.12965 0.11444 0.016896 0.10575 0.1259 0.14862 -0.043066 0.039906 0.055658 0.061745 0.094301 0.07556 0.10772 0.087194 -0.044549 -0.017031 0.11059 0.1114 0.012366 -0.033576 0.10785 0.2398 0.063531 0.1665 0.16499 0.27121 0.04118 0.10734 0.31148 0.25133 0.0048716 -0.019006 0.055639 0.073758 0.099541 0.062309 0.13186 0.20736 0.034159 0.013398 0.27134 0.421 -0.069438 -0.065804 0.22838 0.2465
187.62 172.25 2.2593 3.4715 -8.5906e-18 -3.5381e-16 3.669e-16 6.8889e-16 6.6444e-17 -1.9402e-16 6.6444e-17 1.9402e-16 0 -0 0 0 0 -0 0 0 0.012475 0.026512 0.015375 0.026894 0.020009 0.10771 0.050411 0.1204 -0.028972 0.043402 0.036142 0.085882 -0.0032748 0.0044117 0.0036327 0.0077662 0.035319 0.10836 0.084067 0.14039 -0.050439 0.10622 0.12908 0.28368 -0.046704 -0.0036937 0.061278 0.11348 0.02374 -0.0055373 0.031179 0.054379 0.054174 0.18731 0.40412 0.43238 -0.19944 0.05343 0.30054 0.38349 0.010006 0.050504 0.12476 0.24936 -0.030838 0.086727 0.091076 0.1345
67.615 174.4 2.1213 5.7633 0 0 0 0 0 0 0 0 0 0 0 0 0 0 0 0 0.057589 0.061617 0.066131 0.13153 0.0058707 0.14998 0.07665 0.25904 0.0055928 0.20208 0.06724 0.29539 -0.033301 0.12894 0.061069 0.1473 0.021998 -0.017573 0.10754 0.23681 0.03544 -0.16077 0.10928 0.39378 0.034829 -0.18621 0.13854 0.47206 0.0014406 -0.076323 0.13986 0.23002 -0.024326 0.04665 0.090096 0.16756 -0.022489 0.023059 0.05838 0.13597 0.0013931 -0.035664 0.03506 0.097713 0.0093646 -0.024496 0.045827 0.066395
164.53 176.34 2.2373 1.1151 -0.011237 -0.017595 0.068809 0.026669 0.019008 -0.027527 0.084285 0.076118 -0.032399 -0.005244 0.076373 0.089583 -0.0095458 -0.00091515 0.0096479 0.0074046 0.033047 0.00050634 0.083616 0.056812 0.034123 0.17331 0.12183 0.2138 -0.035471 0.18207 0.097961 0.27425 0.01673 0.10481 0.055785 0.16155 0.027257 -0.0039886 0.047834 0.055838 0.087323 -0.092061 0.12 0.3624 -0.00053826 -0.088647 0.10605 0.59662 -0.054345 -0.057799 0.11776 0.33097 0.0028824 -0.010207 0.0074476 0.012115 0.008819 -0.028166 0.018852 0.052832 -0.0048027 -0.058086 0.02518 0.12469 -0.0055374 -0.022212 0.016531 0.068599
184.76 175.18 2.0276 3.5579 -2.9354e-16 -1.0678e-16 7.4415e-16 6.0434e-16 -2.4052e-16 5.1982e-16 2.4052e-16 5.1982e-16 0 -0 0 0 0 -0 0 0 0.0096438 0.020984 0.014171 0.023807 0.026719 0.076433 0.039664 0.095466 -0.035605 0.028704 0.048287 0.092978 -0.0090546 0.0042974 0.0094267 0.018736 0.055417 0.13233 0.12953 0.186 -0.022716 0.20162 0.15722 0.31642 -0.080972 0.047724 0.096018 0.17931 -0.0044227 -0.0010893 0.01215 0.02511 0.068245 0.12477 0.33732 0.43036 -0.16028 -0.032283 0.28374 0.41047 -0.021278 -0.0011374 0.11859 0.21645 -0.014222 0.057409 0.086604 0.10753
69.927 178.13 1.9905 5.7721 0 0 0 0 0 0 0 0 0 0 0 0 0 0 0 0 0.033031 0.085157 0.060385 0.1586 -0.0005105 0.17993 0.078202 0.25524 -0.02225 0.22465 0.079508 0.27277 -0.03946 0.091347 0.052942 0.095451 0.020775 -0.052775 0.086106 0.23658 0.024626 -0.16053 0.11045 0.47422 0.061788 -0.1362 0.20094 0.41203 -0.052849 -0.037546 0.13739 0.20952 -0.016171 0.047008 0.064604 0.1495 -0.0030834 0.0038298 0.042646 0.14692 0.0017414 -0.039884 0.049684 0.099076 0.0099668 -0.032629 0.064527 0.067389
64.086 180.01 2.0968 5.7655 0 0 0 0 0 0 0 0 0 0 0 0 0 0 0 0 0.015917 0.067105 0.018954 0.067105 -0.0014014 0.10083 0.017614 0.10083 -0.0052061 0.071127 0.015428 0.071127 -0.0036805 0.0066904 0.004016 0.0066904 0.049054 -0.036797 0.082546 0.22524 0.013774 -0.026795 0.12281 0.45873 0.015714 0.070477 0.17756 0.4339 -0.079221 0.1298 0.1307 0.20366 -0.004816 -0.035542 0.077803 0.20841 0.014245 -0.10145 0.064786 0.37021 0.037807 -0.12534 0.13392 0.29568 0.011427 -0.09143 0.10094 0.14531
186.01 182.23 2.0815 3.8602 -4.7293e-16 -5.0414e-16 2.6779e-15 2.3914e-15 -3.0281e-16 -1.2454e-15 1.6328e-15 1.9088e-15 -4.1702e-17 -4.9308e-16 1.2106e-15 9.7056e-16 -4.3431e-17 1.7777e-17 4.3431e-17 1.7777e-17 0.0036054 0.011548 0.004097 0.011548 0.00078565 0.038325 0.015373 0.038325 -0.0070787 0.047318 0.0099338 0.047318 -0.0016849 0.0063057 0.0016922 0.0063057 0.023843 0.1305 0.097334 0.20302 -0.021504 0.098617 0.10357 0.18788 -0.034137 0.0069505 0.073757 0.1562 -0.027347 0.0063488 0.036624 0.054006 0.030361 0.13189 0.24902 0.52878 -0.18628 0.011258 0.30315 0.51285 -0.10495 0.024228 0.14985 0.21454 -0.01269 0.0093081 0.021441 0.027231
141.53 183.64 1.7624 1.3559 -0.018352 -0.012262 0.056361 0.059899 -0.013165 -0.00029701 0.013356 0.010036 0 0 0 0 0 0 0 0 -0.041836 0.14252 0.062982 0.19887 0.0018071 0.1817 0.05167 0.29534 -0.05903 0.049263 0.075619 0.21123 -0.0040981 -0.0004407 0.0040981 0.0053437 -0.018493 -0.086229 0.073325 0.43795 -0.053028 -0.1075 0.12547 0.63429 -0.080298 -0.04783 0.09755 0.26677 -0.003993 -0.0013486 0.003993 0.0050762 -0.0020646 -0.029171 0.012794 0.078735 -0.0018189 -0.037686 0.013007 0.098237 -0.010303 -0.015593 0.012424 0.040707 -0.00072283 -0.00041771 0.00072283 0.00089373
88.05 185.73 2.0461 2.36 0.0027662 -0.0011871 0.0029107 0.0025578 -0.0022384 0.0093598 0.022088 0.027719 0.01022 -0.00073685 0.021162 0.021682 0.035435 -0.055249 0.076258 0.083317 0.032184 0.038765 0.08366 0.089827 -0.0056791 0.099504 0.15695 0.24075 0.0017723 0.12836 0.10977 0.27829 0.013435 0.075146 0.059866 0.24997 0.055154 -0.035469 0.088407 0.095155 0.12757 -0.029407 0.20629 0.30619 0.029372 0.065612 0.25976 0.50076 -0.0017509 0.032595 0.12652 0.34325 0.0018246 -0.0040775 0.0018246 0.0040775 0.027066 -0.049385 0.030598 0.05542 0.013742 -0.12855 0.047726 0.14482 -0.0073576 -0.071757 0.02787 0.080412
71.911 190.25 1.9913 5.4628 0 0 0 0 0 0 0 0 0 0 0 0 0 0 0 0 0.0038753 0.013818 0.0038753 0.013818 0.0055166 0.096311 0.027353 0.096311 -0.0068805 0.077922 0.01586 0.077922 -0.0010092 0.0051259 0.0011446 0.0051259 0.048938 0.12166 0.10545 0.24884 0.065001 0.079565 0.19524 0.44759 -0.086015 0.10932 0.21219 0.46169 -0.062557 0.076856 0.090675 0.1312 -0.0022817 -0.0678 0.093251 0.24167 -0.013271 -0.12501 0.093376 0.34591 -0.015013 -0.11954 0.094809 0.23331 -0.011233 -0.036563 0.082382 0.11686
92.638 193.5 2.1218 4.8853 0 0 0 0 0 0 0 0 0 0 0 0 0 0 0 0 0.037463 0.16536 0.095824 0.17803 -0.016767 0.21645 0.12119 0.25539 -0.067936 0.076597 0.21139 0.15056 -0.0027622 0.0024017 0.021855 0.01254 -0.060012 -0.033599 0.27523 0.36949 -0.15049 -0.16326 0.23773 0.45051 -0.06755 -0.066585 0.1744 0.1945 -0.002894 -0.0028327 0.012203 0.0079145 -0.062991 -0.076515 0.14274 0.23493 -0.018731 -0.0556 0.053515 0.16185 -0.0031 -0.021994 0.016633 0.054107 -0.00018344 -0.0001608 0.0003752 0.0004128
87.937 197.68 2.0782 4.8513 0 0 0 0 0 0 0 0 0 0 0 0 0 0 0 0 0.00051829 0.0043166 0.0027294 0.0043354 0.008527 0.087204 0.018921 0.087248 -0.006443 0.10348 0.044566 0.10734 -0.007946 0.013786 0.014838 0.017401 0.13009 0.21883 0.21063 0.27505 -0.10869 0.17503 0.27802 0.40794 -0.12895 -0.038138 0.27282 0.26712 -0.034863 -0.010924 0.06671 0.03033 -0.03003 -0.065367 0.2016 0.24316 -0.12422 -0.14905 0.18433 0.30532 -0.023792 -0.046147 0.069195 0.19952 -0.0045769 -0.0028693 0.0079008 0.023132
109.54 136.85 2.8498 2.191 -0.066263 0.0041196 0.19225 0.17799 -0.018163 0.0099336 0.038854 0.03724 -0 0 0 0 -0 0 0 0 -0.0026686 -0.066537 0.16143 0.17452 0.052073 0.057568 0.16933 0.22829 -0.041381 0.16903 0.13954 0.22053 -0.0051744 0.13994 0.040367 0.13994 0.0070122 -0.00074965 0.0084601 0.0051908 0.12519 -0.034678 0.17206 0.18726 0.038275 -0.063711 0.35908 0.39998 0.029475 0.0086456 0.2609 0.35191 0.0077441 0.00065702 0.0087315 0.0044144 0.025964 -0.015548 0.089326 0.088153 0.026494 -0.047465 0.12326 0.11785 0.018124 -0.048238 0.096883 0.082185
146.15 136.07 2.771 1.0135 0 0 0 0 0 0 0 0 0.0010635 0.001034 0.0033023 0.005972 0.025567 -0.00049991 0.033082 0.040686 0.036994 0.11998 0.053323 0.15534 -0.0028985 0.24758 0.12719 0.30982 -0.072265 0.0079728 0.34523 0.3028 0.0025451 -0.015103 0.067777 0.066181 0.097305 -0.0091201 0.15654 0.19602 -0.11195 -0.057809 0.34685 0.42132 -0.11046 -0.070424 0.17164 0.15723 -0.0046316 -0.0024408 0.0079117 0.0064643 0.036181 -0.033757 0.1133 0.054432 -0.034408 -0.044681 0.20191 0.10684 -0.035406 0.021573 0.094803 0.11313 -0.0060523 0.0048987 0.0083778 0.0093095
104.59 146.01 2.8158 4.4566 -0.0059958 0.0024375 0.013837 0.016693 -0.0017978 0.026339 0.034651 0.02952 -0.0060116 0.0056824 0.0099802 0.0064028 3.6949e-05 0.00023006 3.6949e-05 0.00023006 0.015152 0.026982 0.097925 0.070966 -0.025667 0.055249 0.16852 0.18672 -0.026284 0.041224 0.087336 0.1041 0.018299 0.036769 0.069465 0.078863 0.017567 0.067074 0.1228 0.17164 0.037146 0.1255 0.29802 0.50239 -0.13708 -0.012464 0.19175 0.40354 0.0055954 -0.024991 0.093858 0.11121 0.050763 -0.030599 0.12059 0.20257 -0.1164 -0.11275 0.25754 0.27488 -0.026581 -0.039347 0.029166 0.04404 -0.00095432 -0.0015442 0.0011736 0.0015442
163.96 146.21 2.7842 5.2645 0.00045814 0.0033603 0.0028306 0.0040216 0.051169 0.012073 0.058175 0.040693 0.10624 -0.053781 0.25455 0.13618 -0.024799 -0.05102 0.16548 0.1119 0.0068927 0.065406 0.15331 0.21692 0.019595 0.17327 0.19533 0.23941 -0.04159 0.045446 0.22982 0.22712 -0.02674 -0.04297 0.099823 0.074434 0.12823 -0.055143 0.19227 0.13149 -0.083468 -0.0086621 0.36601 0.34967 -0.1221 -0.023623 0.17129 0.25261 -0.018305 -0.004117 0.060846 0.051121 0.025978 -0.015677 0.026717 0.015677 0.032407 -0.10163 0.13561 0.14691 -0.04557 -0.041022 0.065727 0.10056 -0.0092302 -0.0073192 0.017454 0.018113
89.992 148.47 2.7296 4.7689 -0.0016323 -0.011679 0.061899 0.034336 -0.016052 -0.0051082 0.047932 0.042442 7.12e-05 0.027565 0.02683 0.030802 -0.0032609 0.0053688 0.0090413 0.0058906 0.014472 0.018454 0.1044 0.039531 0.012733 0.052852 0.15879 0.10203 -0.023257 0.021767 0.16252 0.17359 -0.014602 0.0031513 0.038241 0.043336 0.057971 0.069096 0.15007 0.09863 0.022721 0.19503 0.2532 0.33882 -0.026048 0.10868 0.29716 0.44575 -0.071367 0.010047 0.10529 0.17944 0.057313 -0.050459 0.074206 0.089392 -0.013067 -0.1162 0.21036 0.34218 -0.063422 -0.10846 0.1327 0.19887 -0.012294 -0.02173 0.01824 0.033384
80.016 163.65 2.7811 5.184 0.011595 0.013734 0.012817 0.014605 0.033865 0.053754 0.07146 0.10292 -0.0050654 0.027586 0.088374 0.17321 -0.021136 0.0063335 0.040287 0.062422 0.038655 0.0010292 0.08626 0.075153 -0.011558 -0.064181 0.19673 0.2149 -0.036674 -0.064639 0.078917 0.14362 -0.0012827 -0.016927 0.020668 0.035107 0.01872 0.069361 0.17674 0.10052 -0.014566 0.10146 0.24318 0.2064 -0.0099581 0.052465 0.21761 0.21528 -0.030376 0.023579 0.07563 0.063386 0.057256 0.073744 0.20181 0.1549 -0.050466 0.21008 0.31281 0.33565 -0.10142 0.15919 0.28614 0.26977 -0.031968 0.0016221 0.064938 0.0652
97.819 164.05 2.8528 4.9121 0.0054637 0.0007606 0.079344 0.091989 -0.035354 -0.038431 0.063533 0.1182 -0.007637 -0.0077452 0.016119 0.034708 -0.000208 -3.4669e-05 0.00023691 0.0001026 -0.030168 -0.028297 0.12705 0.094169 -0.012794 0.044737 0.064173 0.094596 -0.0043123 0.032371 0.044968 0.040254 -0.0018641 0.0010461 0.0018641 0.001083 0.013133 0.071088 0.16419 0.10735 -0.022846 0.068428 0.3141 0.28221 -0.047239 0.018094 0.15465 0.15853 -0.00736 0.00351 0.0082814 0.0073508 0.0016126 0.12277 0.19785 0.22679 -0.029065 0.11152 0.31032 0.47502 -0.12686 0.035199 0.19572 0.35813 0.00098854 0.039393 0.06794 0.079223
164.29 165.48 2.8971 0.98038 0.044029 -0.027814 0.097676 0.087171 -0.079649 -0.053577 0.18646 0.17363 -0.038719 -0.0091888 0.050383 0.043217 -0.00045935 0.00022276 0.0010553 0.0010481 0.047441 -0.03969 0.14287 0.063649 -0.034964 -0.055759 0.24766 0.14726 -0.047031 0.01357 0.13316 0.17218 0.0022963 0.05617 0.038305 0.071443 0.023398 -0.0083784 0.04064 0.032506 0.11825 0.0065163 0.21543 0.22185 0.035109 0.1018 0.1914 0.54314 -0.061963 0.029672 0.21084 0.38026 0.0089248 -0.003205 0.0095906 0.012813 0.031264 -0.045114 0.044054 0.072639 -0.00042887 -0.12075 0.063731 0.18182 -0.028165 -0.050352 0.043639 0.085943
154.22 176.09 2.8569 1.1647 -0.0017001 -0.03113 0.116 0.066651 -0.047591 0.00058587 0.073532 0.075072 -0.0040087 0.0038174 0.0054364 0.0060614 0.00016494 -3.4499e-06 0.00016494 1.3928e-05 0.012148 0.0017356 0.12281 0.087319 -0.032814 0.088944 0.16046 0.25863 -0.009982 0.1231 0.082117 0.17106 -0.017021 0.023897 0.031954 0.049401 0.073493 -0.020474 0.09862 0.12648 0.017818 -0.030563 0.17441 0.53668 -0.10744 -0.054172 0.23405 0.57241 -0.047519 -0.014395 0.064017 0.1174 0.0065648 -0.015711 0.0096238 0.019173 0.0051796 -0.065214 0.028769 0.079482 -0.013961 -0.040277 0.025709 0.066463 -0.0030878 -0.0031067 0.0036797 0.0078108
147.96 177.75 2.9436 1.2627 -0.016186 -0.023876 0.097299 0.065526 -0.028767 0.006991 0.045285 0.04501 -0.0013392 0.00062531 0.0018919 0.0016482 0.0031391 -0.0011687 0.003167 0.0020724 0.013665 0.05139 0.12175 0.13626 -0.045593 0.085043 0.11466 0.20951 -0.014078 0.10146 0.050174 0.12055 -0.0052999 0.0046689 0.0059602 0.0090899 0.075054 -0.034783 0.10593 0.22267 -0.071591 -0.035967 0.1765 0.63553 -0.11735 -0.062852 0.18664 0.51701 -0.015656 -0.0031953 0.01649 0.026 0.0072462 -0.022648 0.010613 0.029622 -0.0050108 -0.058396 0.028408 0.098775 -0.010668 -0.024124 0.015389 0.058939 -0.0011831 -0.0011274 0.0012319 0.0029167
156.48 184.07 2.9347 1.1952 -0.0032891 -0.025671 0.091526 0.050213 -0.03223 0.0046042 0.089913 0.091941 -0.012338 0.0020238 0.012889 0.011256 4.1224e-06 -1.6256e-06 4.1224e-06 1.6256e-06 0.074741 0.014367 0.12307 0.14798 -0.015923 0.13277 0.16812 0.45798 -0.050446 0.12249 0.1902 0.519 -0.025736 0.016602 0.043134 0.086905 0.040281 -0.05388 0.047019 0.079989 0.020146 -0.18053 0.097159 0.32192 -0.068245 -0.1305 0.11746 0.37123 -0.017839 -0.013487 0.025696 0.063786 0.0011241 -0.0030168 0.0012602 0.0031174 -0.00023697 -0.012022 0.0037156 0.015855 -0.0010728 -0.0034855 0.0014846 0.0061933 1.4946e-18 3.7903e-18 1.4946e-18 3.7903e-18
179.38 144.27 3.6598 3.2005 -7.83e-05 0.0013268 7.83e-05 0.0013268 -3.6894e-05 0.00062518 3.6894e-05 0.00062518 0 -0 0 0 0 -0 0 0 -0.0096697 0.065982 0.057218 0.091859 0.0041184 0.064087 0.061216 0.11845 -0.0096177 0.079987 0.1033 0.11579 -0.012193 0.010599 0.014862 0.010644 -0.07255 0.012502 0.31164 0.26286 0.07824 0.042258 0.27851 0.34101 -0.084553 0.11381 0.4584 0.32254 -0.059218 -0.00085725 0.075142 0.029122 -0.037555 -0.041772 0.14229 0.069892 0.099348 -0.048315 0.13695 0.11609 -0.073574 -0.08959 0.29891 0.19225 -0.015079 -0.0076217 0.015894 0.0094037
76.139 162.99 3.6152 5.2148 0 0 0 0 0.015282 0.023526 0.017401 0.025458 0.0025916 0.043625 0.038696 0.09323 -0.010973 0.010618 0.015176 0.032357 0.013497 0.0041614 0.016346 0.0086611 0.030809 -0.0086576 0.14456 0.15419 -0.03045 -0.047325 0.087656 0.14184 -0.013843 -0.014933 0.019244 0.038053 0.039332 0.043127 0.093249 0.047897 0.0024694 0.12231 0.24879 0.21872 -0.026812 0.071586 0.21877 0.22875 -0.026434 0.0031863 0.045264 0.044062 0.078002 -0.018585 0.089641 0.073301 0.024632 -0.018256 0.36769 0.47084 -0.11568 0.029779 0.28874 0.41621 -0.034886 0.0038904 0.050413 0.055432
152.85 163.14 3.433 0.72204 0.0070723 0.081977 0.12128 0.17543 -0.069303 -0.011018 0.16046 0.11337 -0.0032638 -0.0026151 0.0067183 0.0061762 0.00052222 -0.001764 0.0010357 0.0018851 -0.053928 -0.051635 0.2126 0.15686 -0.067076 0.052727 0.14473 0.13309 -0.024587 0.038506 0.034624 0.038913 0.0058739 0.033976 0.028975 0.04143 0.019861 -0.061824 0.16784 0.10274 0.0080502 0.034362 0.17617 0.29581 0.04851 0.21564 0.22481 0.4042 -0.051814 0.047336 0.26402 0.27109 0.014384 -0.0087002 0.028449 0.032445 0.074192 -0.027046 0.11825 0.18235 -0.029096 -0.10153 0.17366 0.2938 -0.040044 -0.039445 0.076796 0.091224
163.81 163.14 3.0785 0.87813 0.04717 -0.012719 0.10195 0.12283 -0.090581 -0.029555 0.19832 0.19782 -0.031351 -0.0086472 0.046901 0.039095 -8.8574e-05 2.1705e-05 0.0002832 0.00032294 0.060166 -0.053238 0.16664 0.077429 -0.053583 -0.045693 0.24978 0.14722 -0.052842 0.018063 0.13017 0.17415 0.013879 0.062944 0.066008 0.083139 0.015512 -0.014498 0.044294 0.033645 0.068534 0.0046839 0.17884 0.18919 0.07855 0.10473 0.21859 0.52246 -0.037205 0.046816 0.23737 0.36799 0.0064503 -0.0022499 0.0080052 0.011226 0.028872 -0.032896 0.041683 0.077335 0.021542 -0.098167 0.083515 0.19332 -0.024644 -0.043449 0.048523 0.079482
67.711 169.41 3.7441 2.4263 0.0094531 -0.0028265 0.017607 0.023173 0.085202 -0.065648 0.224 0.22413 0.16106 -0.16098 0.39929 0.42706 -0.13225 -0.038482 0.24727 0.17167 0.017636 0.050347 0.059009 0.091665 0.025845 0.087071 0.14677 0.23033 0.0043887 -0.073893 0.22182 0.30216 -0.046806 -0.070476 0.10542 0.0886 0.035661 -0.043488 0.054311 0.10351 -0.012691 -0.097323 0.083261 0.24163 -0.045289 -0.049969 0.062073 0.11793 -0.0032275 -0.0026399 0.0039263 0.0037364 3.7254e-07 -0.00038566 1.219e-05 0.00038566 -0.00011342 -0.0014556 0.00014324 0.0014556 -0 0 0 0 -0 0 0 0
96.829 115.83 4.711 1.967 -1.4894e-05 -6.2314e-06 1.4894e-05 6.2314e-06 -0 0 0 0 -0 0 0 0 -0 0 0 0 -0.04926 0.014679 0.078037 0.079733 0.0012501 0.00019229 0.0012501 0.00075518 0.0019771 0.00082716 0.0019771 0.00082716 -0 0 0 0 0.023607 -0.030997 0.09629 0.096308 0.15562 0.032902 0.29947 0.5726 -0.13397 0.091088 0.36252 0.47333 -0.032778 0.0091709 0.03502 0.022955 0.013341 -0.0046998 0.01992 0.022773 0.047831 -0.091212 0.14545 0.19834 -0.040225 -0.090436 0.17729 0.15045 -0.019102 -0.0056671 0.02718 0.011642
157.51 135.63 4.9648 1.3124 0 0 0 0 0 0 0 0 0 0 0 0 0.0029481 0.0036035 0.0029481 0.0036035 0.026363 0.01081 0.026363 0.01602 0.07684 0.14734 0.1703 0.36945 -0.097677 0.09407 0.16152 0.36394 0.0301 -0.0019689 0.072065 0.10701 0.02224 -0.012452 0.037477 0.02035 0.096002 -0.099985 0.30211 0.2535 -0.11601 -0.064216 0.20588 0.27393 0.00057492 -0.01192 0.020008 0.023438 0.0050884 -0.00067215 0.0070525 0.0042167 0.091526 -0.008553 0.14564 0.17227 -0.047735 0.042219 0.1783 0.43918 -0.026623 0.0065237 0.035061 0.084531
84.718 171 5.0245 2.513 -0.059126 -0.043185 0.17941 0.12176 0.017263 0.0077631 0.039007 0.041378 0.090867 0.056868 0.33085 0.31302 -0.072679 0.092719 0.16778 0.18768 0.00023393 -0.0049065 0.016287 0.016705 0.047704 0.0039434 0.069059 0.088545 0.16051 -0.13868 0.33462 0.34285 -0.07473 -0.10938 0.35675 0.28547 0.013809 -0.0033633 0.016868 0.017339 0.034235 -0.015881 0.099331 0.22259 -0.022113 -0.039297 0.091912 0.22372 -0.01681 -0.039294 0.051914 0.056971 0.00034574 -0.00031957 0.0003497 0.00031957 0.0037015 -0.018409 0.0073326 0.020742 -0.0053603 -0.016636 0.0067197 0.021351 -0.00068874 -0.00094444 0.00068874 0.0011412
60.442 191.95 5.2288 5.6101 0 0 0 0 0 0 0 0 0 0 0 0 0 0 0 0 0 0 0 0 0 0 0 0 0 0 0 0 0 0 0 0 0.041385 0.046551 0.066789 0.08322 0.083647 0.05403 0.15514 0.48511 -0.089614 0.036256 0.18713 0.42921 -0.01833 0.0058559 0.023697 0.022629 0.027942 0.19335 0.31978 0.27085 -0.098016 0.089983 0.29155 0.37781 -0.039927 -0.027053 0.090029 0.12478 -0.0042991 -0.0028957 0.007873 0.0081712
174.96 192.95 4.8743 4.1655 4.3853e-18 -2.67e-18 1.8912e-17 1.1515e-17 4.1644e-17 2.6833e-17 4.4227e-17 2.7706e-17 2.9138e-17 1.9948e-16 1.0558e-16 1.9948e-16 -2.1359e-18 8.7857e-18 2.1359e-18 8.7857e-18 -1.0893e-17 1.9497e-18 4.8643e-17 3.1767e-17 -0.0034742 0.026507 0.0062546 0.026507 -0.0063728 0.028136 0.0073332 0.028136 -0.00049406 0.0011851 0.00049406 0.0011851 0.052826 0.020957 0.078265 0.090813 0.1103 0.063272 0.30689 0.70704 -0.12789 0.047596 0.21403 0.33943 -0.012801 0.0057682 0.020692 0.01451 0.0087437 -0.0073109 0.021084 0.026751 0.0346 -0.073891 0.11286 0.20615 -0.004458 0.071444 0.25416 0.21093 -0.037876 0.039112 0.074149 0.051691
61.784 110.3 6.8291 1.047 0 0 0 0 0 0 0 0 0 0 0 0 0 0 0 0 0 0 0 0 0 0 0 0 0 0 0 0 0 0 0 0 0.011073 0.0086537 0.011073 0.0086537 0.14737 0.2204 0.4883 0.51884 -0.14936 0.066844 0.20289 0.21434 -0.0020955 0.0018762 0.0025156 0.0019321 -0.025195 0.04786 0.11477 0.19901 0.040882 -0.12079 0.31992 0.28156 -0.044593 -0.019021 0.20077 0.10452 -0.012219 0.0022063 0.02034 0.0060531
160.93 135.14 6.7895 1.0781 0 0 0 0 0 0 0 0 0.00037574 -0.00020171 0.00037574 0.00020171 0.035352 0.045173 0.089035 0.092197 0 0 0 0 0.11097 0.10341 0.17417 0.2558 -0.056894 0.071424 0.17633 0.30316 0.018362 -0.065263 0.13841 0.15856 0 0 0 0 0.15799 -0.069553 0.27017 0.21786 -0.099194 0.12895 0.33079 0.53001 -0.029952 0.025614 0.049413 0.077889 0 0 0 0 0.031237 -0.014569 0.03574 0.03258 -0.01566 -0.07578 0.11974 0.27745 -0.024245 -0.010691 0.028651 0.042464
161.21 182.33 5.9182 4.1928 -1.2458e-18 7.1253e-19 1.5726e-17 8.9945e-18 -6.0687e-18 1.8604e-17 3.0585e-17 3.2626e-17 1.144e-16 1.1956e-16 3.2574e-16 4.1512e-16 -1.9951e-17 -8.3584e-20 2.3394e-17 3.1005e-17 0.0048003 -8.988e-05 0.0048003 0.0013415 0.093651 0.13019 0.16421 0.36148 -0.096414 0.085714 0.14263 0.28012 -0.008232 0.0010289 0.008232 0.0074342 0.0024149 0.00044318 0.011925 0.0063253 0.08922 -0.12769 0.17227 0.37832 -0.038299 0.035413 0.34406 0.39945 -0.045937 0.03983 0.066536 0.052538 0.0036291 0.036788 0.049473 0.058143 0.010458 0.032497 0.067694 0.10372 0.020735 -0.070078 0.18708 0.36801 -0.049694 -0.017058 0.06178 0.078156
87.408 135.52 9.6988 2.7465 0.049515 0.0382 0.17928 0.15337 -0.087409 0.029424 0.43257 0.30507 -0.029804 0.0060023 0.029804 0.010539 -0 0 0 0 0.0068335 -0.084033 0.18157 0.13292 0.023412 0.019156 0.41417 0.36789 -0.096906 0.088343 0.20288 0.19394 -0 0 0 0 0.015081 -0.00010434 0.02163 0.028721 0.068249 -0.083916 0.20169 0.26886 -0.071887 -0.070294 0.1599 0.16177 -0 0 0 0 0.0011325 -0.001741 0.0012106 0.001741 -0.0018878 -0.0096944 0.005106 0.011689 -0.00087632 -0.0012181 0.00087632 0.0014219 -0 0 0 0
187.1 156.49 8.8364 3.6392 3.0459e-18 1.029e-17 3.0459e-18 1.029e-17 -8.1187e-18 2.6322e-17 2.1138e-17 2.6322e-17 0 -0 0 0 0 -0 0 0 0.032801 0.036474 0.032906 0.036474 -0.041499 0.13952 0.15495 0.19498 -0.013996 0.022562 0.020136 0.026141 0 -0 0 0 0.062758 -0.017697 0.12397 0.10433 0.079757 -0.077361 0.55439 0.51976 -0.14035 0.015273 0.32058 0.29106 -0.0033419 0.00085788 0.0033419 0.00085788 0.013799 0.019106 0.060012 0.035519 -0.011207 0.031337 0.22554 0.12536 -0.032812 -0.037238 0.065058 0.050732 -0.00018606 4.594e-05 0.00018606 4.594e-05
