38 64
123.48 113.8 1.6245 1.663 -0 0 0 0 -0 0 0 0 -0 0 0 0 -0 0 0 0 0.0018557 0.12175 0.040263 0.20384 -0.0038462 0.16508 0.097179 0.43134 0.021184 0.12798 0.1623 0.37754 -0.028828 0.087528 0.088974 0.26639 -0.0054103 -0.071993 0.1364 0.21445 -0.046039 -0.12986 0.20059 0.3466 0.013976 -0.10182 0.18929 0.25834 0.0099059 -0.083264 0.11365 0.17046 0.0074919 -0.021261 0.040441 0.045895 0.0037388 -0.0050364 0.092897 0.098361 -0.016778 -0.008234 0.076268 0.066801 0.0052126 -0.0077509 0.030253 0.025313
145.8 116.26 2.1554 1.9688 -0 0 0 0 -0 0 0 0 -0 0 0 0 -0 0 0 0 0.0046787 0.017787 0.0057813 0.017787 0.064868 0.15094 0.096552 0.15949 -0.026877 0.231 0.083003 0.24218 -0.025553 0.072045 0.02781 0.073317 0.060155 0.0032236 0.063379 0.062913 0.080026 -0.099124 0.2682 0.33772 0.022573 -0.051403 0.31754 0.46851 -0.016675 0.0050821 0.2107 0.40775 0.010607 -0.006978 0.012127 0.0092108 -0.0033019 -0.028216 0.071686 0.055132 0.029781 -0.04531 0.12858 0.12359 -0.0072648 -0.014777 0.079253 0.083663
152.77 123.87 2.3773 2.6569 9.2289e-05 0.00018896 9.2289e-05 0.00018896 -0 0 0 0 -0 0 0 0 -0 0 0 0 -0.026917 0.0055844 0.039225 0.047071 0.066425 0.076948 0.098468 0.11377 -0.013806 0.19151 0.12592 0.2025 -0.02225 0.037124 0.026739 0.03742 -0.0029573 -0.0065026 0.012445 0.013676 0.094698 -0.043466 0.18007 0.12786 0.19731 -0.05837 0.42562 0.44076 -0.12356 0.12154 0.29247 0.2427 -0.0056511 0.0082496 0.021966 0.013428 0.0063601 -0.0076102 0.051336 0.042795 0.10863 -0.048635 0.17838 0.16151 0.070384 -0.059277 0.3022 0.18801
118.49 130.33 2.1079 5.1001 -0.0017586 -0.0058295 0.01536 0.030805 -0.0026995 -0.010154 0.032744 0.085076 0.0084794 0.0019304 0.030598 0.068444 -0.00013663 0.0010808 0.032161 0.10058 -0.01172 0.0089481 0.070953 0.053846 0.028422 0.032295 0.071507 0.096383 -0.010204 0.06523 0.096892 0.15019 -0.0081692 0.0029073 0.028251 0.056455 -0.028955 0.15763 0.15233 0.23325 -0.029591 0.030387 0.15586 0.14857 0.020339 -0.019773 0.19308 0.22256 -0.031328 0.032132 0.10092 0.095459 0.028387 -0.042006 0.13426 0.24964 0.012385 0.051396 0.18229 0.47673 0.019165 0.089548 0.20903 0.43144 -0.039642 0.10538 0.12693 0.18745
142.26 134 1.9805 4.2253 -0.00019546 0.002179 0.058442 0.086526 -0.016672 -0.016525 0.03907 0.082069 0.0039316 -0.005558 0.014799 0.022107 0.0050258 -0.059714 0.084888 0.088052 -0.03205 -0.037809 0.080872 0.10961 0.013985 -0.0099283 0.048954 0.052854 0.016654 0.043252 0.04299 0.077534 -0.0075107 0.049337 0.038449 0.05249 0.014138 0.04198 0.086996 0.11833 -0.0115 0.068189 0.14997 0.19543 0.13554 0.16008 0.25505 0.33572 -0.099585 0.064745 0.21198 0.187 -0.0078755 -0.013053 0.094315 0.084819 0.12675 0.11858 0.22492 0.2732 -0.010351 0.014105 0.3588 0.42655 -0.084892 -0.043488 0.11325 0.091557
82.631 137.8 2.2115 0.97572 -0.034212 0.014342 0.034408 0.037556 0 0 0 0 0 0 0 0 0 0 0 0 -0.056391 -0.0053086 0.07421 0.05852 0.11435 0.12619 0.17292 0.16573 -0.068605 0.17113 0.15743 0.21918 -0.015183 0.029569 0.02754 0.029569 -0.0077904 -0.014365 0.045657 0.046855 0.12832 -0.053674 0.47213 0.25722 -0.0070995 -0.012847 0.44019 0.29918 -0.088264 0.040833 0.16766 0.078031 -0.0017832 -0.00023895 0.080929 0.089228 -0.019981 -0.034734 0.23062 0.13084 0.052612 -0.0033428 0.17908 0.10239 -0.053203 0.0014741 0.10054 0.056179
165.68 142.42 1.862 2.7521 -0.00031065 0.0015047 0.00031065 0.0015047 -0.00016771 0.00072044 0.00016771 0.00072044 -0 0 0 0 -0 0 0 0 0.0043712 0.10468 0.17741 0.14888 0.00038099 0.2733 0.23916 0.41207 -0.084936 0.058128 0.10526 0.12523 0.0035873 0.01867 0.0051563 0.01867 0.0057113 -0.044739 0.21194 0.17058 -0.019748 -0.18193 0.40807 0.44003 -0.07428 -0.06063 0.10369 0.13174 0.11877 -0.0083657 0.13639 0.12723 -0.048552 -0.017738 0.11406 0.068297 -0.0087416 -0.00020259 0.073515 0.048318 -0.0047077 0.015839 0.028771 0.023207 0.017411 -0.02198 0.076245 0.056906
90.268 147.59 2.0819 3.4049 -0.034725 -0.02291 0.087482 0.083767 -0.041787 -0.024318 0.10965 0.083295 -0.0020746 -0.0019991 0.1997 0.066328 -0.0011183 0.0021644 0.047276 0.024803 -0.027553 0.0066572 0.11785 0.089286 -0.052992 0.053265 0.21568 0.17903 -0.019826 0.052919 0.28426 0.21357 -0.0016346 -0.0019915 0.064693 0.059406 0.049243 -0.041306 0.1133 0.093441 -0.018214 0.064112 0.26096 0.26289 -0.016677 0.090814 0.40124 0.46309 -0.060568 0.00099986 0.075366 0.065368 0.020071 -0.027787 0.022354 0.031069 0.010729 -0.089655 0.14006 0.14876 -0.03201 -0.11339 0.10753 0.1647 -0.014965 -0.011245 0.016308 0.016291
109.12 161.92 2.275 1.2597 -0.0056294 0.025503 0.040844 0.076813 0.0061993 -0.023267 0.099424 0.22169 0.0082253 -0.011751 0.15377 0.16821 0.028636 0.0017152 0.1252 0.077809 -0.040633 -0.034307 0.079146 0.16915 0.075492 0.065607 0.14147 0.23764 0.014842 0.1413 0.17996 0.25884 0.054357 0.059448 0.1461 0.12006 0.022431 0.093918 0.043108 0.11883 0.15341 0.16553 0.19718 0.27428 -0.014976 0.033859 0.26992 0.2546 -0.065969 -0.038796 0.2196 0.14167 0.0039495 -0.01759 0.096124 0.10676 -0.0019281 -0.10155 0.11312 0.21265 -0.025025 -0.10468 0.14382 0.19313 -0.035497 -0.039706 0.058823 0.05227
90.495 169.05 2.1574 5.4194 0 0 0 0 0 0 0 0 0 0 0 0 0 0 0 0 0.023599 0.11596 0.062905 0.12695 0.018272 0.18974 0.09862 0.20669 -0.027917 0.18255 0.11683 0.22624 -0.022273 0.11574 0.046031 0.11872 -0.0021636 -0.0080276 0.14542 0.22983 0.01635 -0.090091 0.20223 0.28646 0.079657 -0.029186 0.25908 0.34001 -0.028687 0.098334 0.13516 0.29321 -0.049259 -0.011676 0.12877 0.21516 -0.015802 -0.065499 0.13692 0.18636 0.088978 -0.057663 0.17676 0.17545 0.01547 -0.070912 0.10626 0.15738
111.59 170.4 1.9492 1.8592 -0.010319 0.031134 0.032739 0.081838 0.0039366 -0.0003642 0.04257 0.10897 0.0021779 0.04813 0.076515 0.16024 0.0051631 -0.00053413 0.060732 0.11589 0.011297 0.03112 0.1371 0.16662 0.02829 0.21367 0.15897 0.28525 -0.085664 0.13497 0.19097 0.29511 -0.025222 0.095233 0.13341 0.15616 0.037548 -0.086167 0.087576 0.13739 0.091188 -0.17827 0.15886 0.36715 0.00096826 -0.099185 0.20386 0.38033 -0.032003 -0.056622 0.17516 0.17534 0.0026564 -0.0084929 0.0053598 0.011171 0.025174 -0.046169 0.031958 0.068764 -0.00012948 -0.07435 0.030462 0.098079 -0.0075698 -0.032359 0.018618 0.034913
121.28 171.57 2.0524 4.5291 0.0015285 0.016202 0.0045984 0.016202 0.0044354 0.030955 0.013926 0.036468 0.0063186 0.032434 0.034826 0.038336 0.025813 0.053354 0.045949 0.063236 0.013866 0.10933 0.14171 0.20762 0.014714 0.23295 0.15001 0.33212 0.025885 0.15464 0.25175 0.2564 0.0037543 0.028071 0.18906 0.16347 0.045542 0.0055499 0.17484 0.18594 -0.10765 -0.11221 0.19469 0.31094 -0.030928 -0.16756 0.12545 0.25272 -0.047287 -0.074985 0.081313 0.13015 0.010912 -0.062475 0.067682 0.12856 -0.048839 -0.056012 0.075521 0.16124 0.02837 0.059232 0.065262 0.18961 0.0085227 0.026621 0.064836 0.16135
165.92 171.66 2.1987 3.9019 0 -0 0 0 2.3435e-16 2.8974e-16 5.3574e-16 6.8957e-16 -2.9676e-16 2.9444e-16 8.8514e-16 8.6519e-16 -1.3786e-16 7.391e-17 1.7005e-16 1.0352e-16 0.0049634 0.011257 0.0049634 0.011257 0.014634 0.097717 0.022404 0.097717 -0.011983 0.10512 0.015833 0.10694 -0.004927 0.025951 0.0050735 0.025995 0.10348 0.12334 0.12746 0.16742 -0.049375 0.1261 0.22305 0.31497 0.031793 0.063836 0.18381 0.33296 -0.081558 0.080811 0.19069 0.30402 -0.014904 -0.054333 0.10442 0.15956 -0.055104 -0.1176 0.17391 0.19512 0.017295 -0.099955 0.18601 0.23072 0.073026 -0.077363 0.28555 0.33272
160.06 175.95 1.7376 4.185 0 -0 0 0 1.1306e-16 7.0047e-17 1.6556e-16 1.6018e-16 3.8329e-16 -1.5495e-16 6.3747e-16 5.7314e-16 -3.5001e-17 -8.305e-18 3.109e-16 3.3862e-16 0.002848 0.024365 0.013879 0.024365 0.0047289 0.14585 0.052949 0.14585 -0.029908 0.12918 0.041862 0.13158 -0.0053336 0.011221 0.0067017 0.013422 0.023119 0.070047 0.15608 0.19864 0.035133 0.068311 0.29814 0.3975 -0.081784 0.058783 0.26132 0.34358 -0.042661 0.15421 0.13291 0.22364 -0.051783 -0.033148 0.11859 0.12255 -0.017773 -0.12454 0.12138 0.20141 0.038264 -0.073686 0.14612 0.22184 0.062527 0.038161 0.17587 0.29437
117.67 107.29 2.8459 1.669 -0 0 0 0 -0 0 0 0 -0 0 0 0 -0 0 0 0 0.0028471 0.063967 0.0085283 0.063967 0.0057292 0.14734 0.019702 0.14734 -0.012069 0.13765 0.030672 0.13765 -0.0044238 0.01436 0.0044238 0.01436 0.0041594 -0.0048668 0.13022 0.34844 -0.020406 -0.068694 0.25309 0.5425 -0.017875 -0.058032 0.24274 0.51383 -0.063475 -0.00064258 0.09827 0.12461 0.0041837 -0.044656 0.049042 0.06939 -0.0043435 -0.043452 0.086512 0.13462 -0.00066368 -0.043588 0.069455 0.068895 -0.0063609 -0.003085 0.034093 0.035899
124.65 122.71 2.9788 4.8966 -0.0092532 -0.0025501 0.02385 0.040638 0.000362 0.0023291 0.016173 0.064587 -0.0070762 -0.0068446 0.021491 0.10925 0.00080934 -0.0020703 0.013502 0.038263 -0.0040754 0.052944 0.08186 0.078434 0.0097786 0.023519 0.12494 0.13466 -0.015148 0.063696 0.12327 0.14748 -0.0093282 0.049226 0.062063 0.063835 0.034834 -0.042617 0.12673 0.29487 0.0035508 -0.039835 0.20387 0.54999 0.030454 -0.036361 0.1959 0.55141 -0.067607 -0.023744 0.12641 0.2161 0.0040163 -0.022542 0.0062132 0.023086 0.0017887 -0.043758 0.0099567 0.051189 0.004487 -0.050397 0.009167 0.063486 -0.0048748 -0.018411 0.0072084 0.019314
140.99 125 2.7796 4.6956 0.0028634 -0.0044943 0.0098209 0.040338 -0.0015633 -0.0094982 0.020872 0.10489 -0.00098482 -0.0043883 0.012827 0.041886 0.011103 -0.015467 0.10628 0.059871 0.016379 0.0098912 0.073576 0.089889 -0.0082964 0.081517 0.11257 0.17376 -0.017612 0.095501 0.11835 0.15383 -0.012252 -0.011146 0.046304 0.03356 0.008845 0.028303 0.17957 0.38601 0.018235 -0.037056 0.21041 0.65643 -0.12301 -0.068128 0.20849 0.33383 -0.016834 -0.0051548 0.017175 0.013232 -0.0062696 -0.044186 0.02297 0.081064 -0.0068505 -0.057396 0.013629 0.084651 -0.0084491 -0.022638 0.008738 0.02328 -0.00020639 -0.00017555 0.00020639 0.00017555
127.96 131.81 3.0394 4.8338 -0.0029331 -0.011708 0.033055 0.066447 -0.00058991 -0.0076271 0.028788 0.093826 -0.0021118 -0.012458 0.031353 0.10771 0.0052345 -0.01059 0.022933 0.044364 0.002585 0.0034715 0.032599 0.050436 0.0094472 0.032391 0.063273 0.16059 -0.0095465 0.0091966 0.050072 0.11595 -0.0024576 0.00051996 0.01476 0.027765 -0.0017465 0.12573 0.13389 0.20481 0.036807 0.19774 0.23219 0.4165 -0.0064008 0.22691 0.21042 0.42098 -0.064552 0.042975 0.12724 0.15196 0.0081167 -0.061773 0.060049 0.18707 0.0027493 -0.10044 0.079244 0.296 -0.013634 -0.13892 0.063666 0.28178 -0.027675 -0.032209 0.034474 0.057822
172.04 163.73 3.0732 3.7115 1.2173e-17 2.8647e-17 8.0808e-17 5.8218e-17 7.037e-17 9.7938e-17 1.7478e-16 1.5937e-16 1.0125e-17 6.488e-18 1.0125e-17 6.488e-18 0 -0 0 0 0.004517 0.0099263 0.004517 0.0099263 0.007668 0.10066 0.021531 0.1017 -0.020014 0.11232 0.040249 0.11243 -0.0037998 0.0046985 0.0048585 0.0046985 0.066628 0.088249 0.14465 0.19323 -0.0065108 -0.044079 0.26017 0.36491 -0.025226 0.042736 0.47455 0.54335 -0.066977 0.025866 0.098871 0.088795 -0.031453 -0.021735 0.11442 0.12955 -0.032455 -0.043559 0.12881 0.12002 0.018867 -0.082011 0.15679 0.17307 -0.026402 -0.0017819 0.047043 0.050587
132.39 168.18 2.7321 1.7345 -0.062245 -0.0083603 0.10511 0.083973 0.0048159 0.018699 0.067074 0.16064 -0.0091505 -0.016032 0.058308 0.23188 -0.0044993 -0.01209 0.031349 0.073363 -0.056057 0.07677 0.18011 0.20165 0.0065142 0.12256 0.16956 0.25979 -0.0094753 0.14436 0.10388 0.32809 -0.0073279 0.11925 0.1128 0.17894 0.046035 -0.090108 0.11519 0.16625 -0.004585 -0.10594 0.23819 0.26629 0.079756 -0.082106 0.19555 0.35555 -0.015659 -0.055437 0.16842 0.28725 0.0025845 -0.0060775 0.0025853 0.0060825 0.00070765 -0.021399 0.012142 0.021656 0.010049 -0.037294 0.017798 0.038354 -0.0007459 -0.041904 0.023035 0.051936
155.05 171.5 2.7807 4.2863 2.2783e-06 -1.0341e-06 2.2783e-06 1.0341e-06 5.3501e-07 -2.4285e-07 5.3501e-07 2.4285e-07 -6.32e-05 0.00016827 6.32e-05 0.00016827 -2.9576e-05 7.8743e-05 2.9576e-05 7.8743e-05 0.045612 0.053619 0.062816 0.083217 0.028957 0.15902 0.16054 0.30564 -0.066543 0.15033 0.14595 0.21774 -0.032002 0.047419 0.039683 0.051655 -0.012079 0.00049452 0.17495 0.21228 -0.030199 -0.15682 0.20338 0.29694 0.09627 -0.14995 0.25179 0.32994 -0.1089 0.055419 0.25396 0.24064 -0.024329 -0.02352 0.078457 0.12355 -0.022147 -0.011328 0.11395 0.25101 0.050596 -0.028101 0.079915 0.090785 -0.018542 -0.047789 0.17893 0.10779
143.46 177.26 2.6042 4.6665 0 -0 0 0 6.6592e-18 -3.0605e-19 6.6592e-18 3.0605e-19 -2.1142e-18 1.2753e-17 2.1983e-17 1.3666e-17 -7.2124e-18 3.3148e-19 7.2124e-18 3.3148e-19 -0.0053549 0.10048 0.036142 0.10843 0.031812 0.14968 0.12159 0.1945 -0.031346 0.18584 0.095086 0.20589 -0.019004 0.041961 0.021831 0.04213 -0.040266 -0.041937 0.12275 0.27251 -0.046714 -0.10154 0.25069 0.30032 0.039412 -0.10613 0.2651 0.39153 -0.06891 0.059206 0.18189 0.18205 -0.0035942 -0.021118 0.05012 0.16516 -0.0082 -0.012037 0.095845 0.3151 0.011359 -0.029861 0.06659 0.14352 0.021847 0.0075619 0.22904 0.14955
150.31 180.07 2.6131 4.4908 0 -0 0 0 0 -0 0 0 0 -0 0 0 3.3466e-18 1.7842e-17 4.0023e-17 1.7842e-17 0.0088463 0.023922 0.012456 0.023922 0.018466 0.1379 0.055925 0.1379 -0.013172 0.11704 0.039869 0.11704 -0.0028526 0.0077641 0.003025 0.0078559 0.0010151 0.11555 0.14486 0.21488 0.019269 -0.0041066 0.33368 0.39959 -0.0048842 -0.026996 0.30726 0.42885 -0.079984 0.10193 0.15869 0.16769 -0.029333 -0.050625 0.0656 0.14544 -0.011166 -0.027717 0.11117 0.21645 0.048215 -0.077479 0.099965 0.14077 -0.014542 0.013595 0.26309 0.17325
116.04 181.5 2.9451 4.5593 0 -0 0 0 0 -0 0 0 0 -0 0 0 0 -0 0 0 0.0084695 0.010718 0.0084695 0.010718 0.0063079 0.099422 0.041719 0.10691 0.0086503 0.097192 0.041634 0.10164 0.026294 0.094951 0.089537 0.13642 0.084534 0.096585 0.14501 0.13619 0.025324 0.14837 0.29799 0.44562 -0.05868 0.018704 0.21724 0.44167 -0.03515 -0.078543 0.17334 0.22668 -0.027043 -0.02355 0.11601 0.10985 -0.025962 -0.10798 0.14871 0.20136 -0.013636 -0.03944 0.091353 0.23766 0.0016295 -0.013043 0.060721 0.2131
123.49 123.38 3.5535 4.8241 -0.015358 -0.012175 0.056093 0.051555 -0.0042696 -0.026979 0.036366 0.066842 -0.0049187 -0.019171 0.022304 0.11944 0.026873 -0.0092171 0.036616 0.041084 0.0039938 0.019203 0.062991 0.071975 0.0071216 0.078633 0.099516 0.15329 0.0066826 0.12078 0.1084 0.2179 0.0069649 0.035825 0.075628 0.082615 0.055171 -0.024273 0.075896 0.141 0.01253 -0.079709 0.15754 0.61235 -0.0015852 -0.12195 0.11746 0.58223 -0.055452 -0.030766 0.075354 0.12195 0.0014497 -0.0049691 0.0014497 0.0049691 0.0014479 -0.026997 0.0036578 0.026997 -0.00034155 -0.03164 0.0024523 0.03164 -0.00099294 -0.0041204 0.0010027 0.0041204
83.427 140.13 3.2843 0.45943 0 0 0 0 0 0 0 0 0 0 0 0 0 0 0 0 -0.0296 0.063487 0.053967 0.084102 0.090402 0.088255 0.18209 0.18414 -0.039188 0.16367 0.24546 0.28367 -0.030491 0.031867 0.040298 0.038341 -0.15028 -0.0097221 0.23043 0.23313 0.10174 -0.085591 0.28096 0.28123 0.0716 -0.089501 0.33466 0.33591 -0.085767 0.04156 0.13385 0.075024 -0.044822 -0.0012319 0.12863 0.080005 0.0076136 -0.015226 0.14934 0.093626 0.09933 0.035682 0.17942 0.16025 -0.048657 0.017113 0.12763 0.085375
98.731 157.05 3.5398 2.2811 -0.019483 0.017109 0.081456 0.091259 0.019057 -0.02448 0.12827 0.16417 0.090928 -0.14482 0.2186 0.27832 -0.050197 -0.049485 0.15434 0.14913 0.011426 0.041351 0.18226 0.22081 -0.076121 0.12324 0.21917 0.26963 0.050673 0.097811 0.21216 0.25418 -0.054454 0.021342 0.11246 0.099734 0.077698 -0.07831 0.10406 0.1226 -0.017134 -0.090845 0.22351 0.31649 -0.015197 -0.050492 0.20828 0.30524 -0.062696 -0.029006 0.094272 0.078648 0.0027132 -0.0048086 0.0027132 0.0048086 0.0054213 -0.034795 0.013846 0.036682 -0.0069247 -0.032219 0.013497 0.033793 -0.002128 -0.0043734 0.0021739 0.0043965
84.375 160.16 3.3926 5.6441 0 0 0 0 0 0 0 0 0 0 0 0 0 0 0 0 0.0433 0.031507 0.0433 0.047743 0.025877 0.16093 0.11051 0.23396 -0.041431 0.16121 0.093623 0.21744 -0.029994 0.071152 0.041346 0.079722 0.1172 -0.003259 0.22901 0.18729 -0.045329 -0.096015 0.32432 0.43205 0.099543 -0.095914 0.25778 0.26791 -0.053456 0.091115 0.1953 0.23499 0.018358 0.0044744 0.062856 0.075627 -0.013422 -0.036947 0.13226 0.14983 0.043683 -0.043739 0.14965 0.13742 0.049575 -0.070977 0.12668 0.12358
90.399 180.89 3.439 5.2273 0 0 0 0 0 0 0 0 0 0 0 0 0 0 0 0 0 0 0 0 0 0 0 0 0 0 0 0 0 0 0 0 0.063692 0.11562 0.08427 0.14002 0.057259 0.20834 0.15772 0.33093 -0.039387 0.28768 0.19818 0.4663 -0.066234 0.10212 0.077562 0.13461 -0.0077466 0.024308 0.17894 0.17484 0.0039119 -0.10309 0.19002 0.20848 0.05229 -0.13964 0.22165 0.33457 -0.034853 0.0011267 0.1367 0.19535
116.83 184.05 3.5844 4.5678 0 -0 0 0 0 -0 0 0 0 -0 0 0 0 -0 0 0 0.0014352 0.00081901 0.0014352 0.00081901 0.0066795 0.063962 0.017585 0.063962 0.025782 0.081023 0.043129 0.084771 -0.0019684 0.10773 0.059587 0.11181 0.085659 0.07707 0.11273 0.11459 0.052933 0.092805 0.28322 0.49879 -0.060275 -0.022787 0.23194 0.46122 0.013214 -0.066095 0.18248 0.27331 0.010529 0.011234 0.15424 0.10554 -0.047109 -0.090471 0.13715 0.18215 -0.026399 -0.061261 0.074387 0.24602 -0.005266 -0.013743 0.036558 0.12309
123.84 106.14 4.645 1.6464 -0 0 0 0 -0 0 0 0 -0 0 0 0 -0 0 0 0 0.0044737 0.012505 0.0044737 0.012505 0.0058581 0.16451 0.011825 0.16451 -0.013709 0.16442 0.02821 0.16442 -0.0047567 0.013488 0.0047567 0.013488 0.053006 0.0025684 0.077739 0.10777 0.011716 -0.062451 0.20227 0.63004 -0.048707 -0.058553 0.1946 0.58336 -0.030735 -0.002223 0.04122 0.059392 -0.015803 0.0047111 0.058939 0.052153 0.0016176 -0.021573 0.032802 0.10665 0.0081089 0.0035193 0.047325 0.081873 -0.0065482 0.012868 0.072745 0.058687
83.624 146.78 5.3635 2.7418 -0.010897 0.026505 0.13621 0.078023 0.0046739 0.0030468 0.15341 0.088661 0.039069 -0.07491 0.59485 0.34896 -0.067575 0.0057113 0.14155 0.062286 0.039025 -0.033313 0.21045 0.13923 -0.049971 0.10761 0.22701 0.23246 -0.029248 -0.036205 0.27316 0.26329 -0.019058 -0.019399 0.042687 0.02749 0.025724 -0.040599 0.038564 0.046001 0.012109 -0.10491 0.10176 0.21244 -0.053735 -0.048009 0.08731 0.10539 -0 0 0 0 -0 0 0 0 -0.00017028 -0.00040302 0.00017028 0.00040302 -5.3981e-05 -0.00012776 5.3981e-05 0.00012776 -0 0 0 0
108.64 170.38 5.2794 1.7532 0.0031178 -0.019823 0.10963 0.12272 -0.0069553 -0.11016 0.1253 0.38406 -0.0043859 -0.06756 0.15263 0.27197 -0.020598 0.014864 0.049768 0.049589 -0.036041 0.023441 0.16325 0.2339 -6.9632e-05 0.12639 0.18011 0.41567 0.037989 0.09159 0.24943 0.32943 -0.063674 -0.01791 0.1368 0.098155 0.0087442 -0.056046 0.048589 0.094857 0.043566 -0.12794 0.106 0.22182 -0.046674 -0.12831 0.1113 0.21318 -0.01877 -0.023113 0.023468 0.028427 -7.2543e-19 -1.338e-19 7.2543e-19 1.338e-19 -0.0001753 -0.0002034 0.0001753 0.0002034 -0.00023031 -0.00016626 0.00023031 0.00016626 -0 0 0 0
124.99 184.09 5.3745 4.6277 0 -0 0 0 0 -0 0 0 0 -0 0 0 0 -0 0 0 0.005086 0.010225 0.005086 0.010225 0.0013482 0.071407 0.019707 0.071407 0.0066892 0.11175 0.038589 0.11175 -0.0083376 0.038586 0.012234 0.038586 0.077472 0.062903 0.15122 0.16015 -0.041115 0.0062001 0.25895 0.52157 -0.007757 -0.030449 0.22704 0.46004 -0.030815 0.036427 0.22798 0.22823 -0.013562 -0.031702 0.17602 0.12746 -0.032941 -0.046784 0.099369 0.19486 -0.0010136 0.029436 0.065043 0.22954 0.010576 -0.014777 0.14138 0.10952
130.25 184.4 5.4885 4.6541 0 -0 0 0 0 -0 0 0 0 -0 0 0 0 -0 0 0 0.0052725 0.020818 0.009834 0.020867 -0.00041962 0.065774 0.017443 0.065784 -0.0020468 0.11037 0.037353 0.11037 -0.00489 0.0183 0.00489 0.0183 0.076687 0.048424 0.16555 0.20497 -0.057955 0.0016041 0.23131 0.52783 0.016808 -0.023555 0.24752 0.4656 -0.050703 0.053935 0.19574 0.18866 -0.030419 -0.035432 0.14406 0.13832 -0.0058795 -0.031536 0.080271 0.21756 0.0025457 0.023786 0.070235 0.20993 -0.012648 -0.029344 0.18731 0.098125
138.57 121.2 6.3675 4.7456 0.0066347 -5.9339e-05 0.075501 0.098779 -0.018963 -0.033319 0.071124 0.19275 -0.002563 0.00079121 0.13783 0.14919 -0.020162 0.0076451 0.039575 0.02322 0.0093265 0.044949 0.11062 0.14826 0.037247 0.20721 0.17425 0.4331 -0.04642 0.027788 0.22098 0.2701 -0.016535 -0.012832 0.040612 0.024848 0.036159 -0.042529 0.076781 0.19825 0.01637 -0.1453 0.14172 0.57664 -0.057866 -0.060092 0.082869 0.18671 -0.0011175 -3.717e-05 0.0011175 3.717e-05 0 0 0 0 0 0 0 0 0 0 0 0 0 0 0 0
106.06 169.34 7.4719 1.8275 0.025132 0.012491 0.1002 0.077421 0.032478 -0.049904 0.20501 0.53144 -0.065205 0.019643 0.16829 0.33051 -0.0068835 0.0034472 0.0068835 0.0081286 0.01154 -0.012823 0.19632 0.18835 0.013102 0.05932 0.1666 0.40157 -0.031725 0.020246 0.23941 0.29848 -0.02543 -0.002398 0.042059 0.025718 0.012707 -0.026637 0.02503 0.047699 0.028713 -0.088679 0.082498 0.20047 -0.038638 -0.078101 0.078662 0.14643 -0.0066183 -0.0056934 0.0086778 0.0069792 8.0298e-19 2.1079e-19 8.0298e-19 2.1079e-19 -1.6874e-18 1.9913e-19 1.489e-17 4.4681e-18 -9.1396e-19 -4.3346e-20 1.0907e-18 4.5754e-19 -0 0 0 0
128.62 187.59 6.5412 4.5188 1.4498e-18 -2.842e-19 3.9624e-18 7.7673e-19 -1.7255e-18 3.3825e-19 9.679e-18 1.8973e-18 0 -0 0 0 0 -0 0 0 6.2261e-05 -1.2205e-05 6.2261e-05 1.2205e-05 0.003598 0.033595 0.0094821 0.03365 0.0024432 0.086453 0.02357 0.086463 -0.0037293 0.011442 0.0041408 0.011451 0.051019 0.027306 0.083091 0.059523 -0.0067416 0.015197 0.19467 0.44471 0.038971 -0.048351 0.19466 0.40023 -0.044355 0.010079 0.17214 0.1119 0.018869 -0.022687 0.069595 0.045908 0.02224 0.040283 0.18531 0.26075 0.0014435 0.074797 0.26201 0.53621 -0.035053 -0.01004 0.075734 0.06957
