49 64
133.33 121.58 1.9714 5.6958 0.092831 -0.029343 0.11499 0.038538 -0.076438 -0.069485 0.24776 0.12907 -0.0036446 -0.034 0.073792 0.060262 0.0096469 -0.0068697 0.074075 0.075685 0.042613 -0.020606 0.047304 0.021349 0.001705 -0.0095399 0.30575 0.2442 0.00084303 0.15949 0.1326 0.19753 0.015976 0.084255 0.072525 0.10688 0.0013719 -0.00086109 0.0013719 0.00086109 0.094313 -0.082425 0.14464 0.14825 0.12727 -0.1344 0.20384 0.45947 -0.015389 0.020864 0.16905 0.38418 0 0 0 0 0.0020942 -0.0032019 0.0020942 0.0032019 0.020742 -0.038721 0.020742 0.038721 0.073729 -0.022642 0.22388 0.13767
86.383 125.61 1.873 5.0053 -0.01026 0.0093394 0.1221 0.026337 0.016447 0.06234 0.096884 0.077143 -0.042544 0.013269 0.064173 0.051174 0.036296 -0.010335 0.062444 0.0583 0.052483 0.024326 0.18725 0.071332 -0.0026057 0.061591 0.22305 0.16328 -0.038386 0.11752 0.11414 0.14658 0.037608 0.11779 0.16984 0.18724 0.10842 -0.063315 0.16338 0.14457 0.018327 -0.073329 0.20155 0.42907 0.0004885 -0.072125 0.12766 0.46692 0.015875 -0.079659 0.19907 0.28489 0.01268 -0.022368 0.014723 0.023406 0.0085384 -0.084788 0.029661 0.11515 -0.0092254 -0.061383 0.014168 0.074996 0.0046107 -0.023303 0.013832 0.024695
169.68 128.6 1.7311 5.0667 -0.038087 0.073554 0.1123 0.13137 -0.0081082 0.080117 0.063402 0.088297 0.00063397 0.035578 0.0938 0.086182 -0.023017 -0.0037497 0.0549 0.024726 0.033156 -0.026641 0.35129 0.26387 -0.069542 0.062341 0.13918 0.15595 -0.050781 0.065489 0.15117 0.203 -0.063353 0.020442 0.085957 0.078478 0.086838 -0.11007 0.1563 0.16681 0.025532 -0.15684 0.20434 0.44983 -0.10969 -0.16782 0.19418 0.38183 -0.048281 -0.03195 0.052958 0.05765 0.0022015 -0.0032707 0.0022015 0.0032707 0.0062463 -0.059301 0.018518 0.069417 -0.012062 -0.040278 0.015425 0.044144 -0.00073256 -0.0012254 0.00073256 0.0012254
143.9 129.31 2.0289 2.0838 -0.025789 0.047648 0.12038 0.1333 -0.067529 0.059338 0.09798 0.080445 -0.00017473 0.00031017 0.00017473 0.00031017 -0 0 0 0 0.078036 -0.039403 0.14003 0.11642 -0.044658 0.15021 0.41481 0.36205 -0.013766 0.16667 0.16606 0.35905 -0.053967 0.058561 0.10202 0.1642 0.051888 -0.057146 0.094052 0.10505 0.052236 -0.10641 0.22571 0.30632 -0.097999 -0.12784 0.14446 0.22058 0.023619 -0.036968 0.11903 0.099915 0.015852 0.020857 0.051725 0.06557 -0.013319 -0.028407 0.078905 0.087957 -0.023441 0.0080318 0.078675 0.065551 0.018396 0.018306 0.043265 0.03865
99.496 134.49 1.8978 5.2162 0.0026954 0.026806 0.048707 0.040112 -0.03074 -0.0010241 0.050119 0.031597 0.074311 -0.023345 0.10502 0.07315 -0.022574 0.004205 0.057069 0.054421 -0.043681 0.028208 0.10461 0.082169 -0.040567 0.081746 0.12875 0.10164 0.060959 0.066229 0.2207 0.18131 -0.02979 -0.0058421 0.10033 0.10054 0.0087122 -0.047864 0.076443 0.24713 -0.0045849 -0.019379 0.19404 0.43799 0.0053933 0.10147 0.4362 0.34115 -0.084598 -0.014642 0.11596 0.10829 0.0067719 -0.05651 0.012586 0.075058 0.0079627 -0.12386 0.041264 0.15747 0.071577 -0.093051 0.20896 0.15589 -0.057717 0.0063021 0.085927 0.055713
179.77 141.57 1.9994 3.3704 0.004821 0.024148 0.03058 0.041563 -0.015957 0.020324 0.05351 0.032918 -0.00045051 0.00045068 0.00045051 0.00060334 0 -0 0 0 0.011701 -0.0030255 0.045695 0.094951 -0.010571 0.04702 0.11168 0.14539 0.020497 0.16246 0.17628 0.19283 -0.030399 0.045179 0.039276 0.046478 0.072506 -0.0002641 0.082722 0.15657 0.031982 0.082257 0.18767 0.30061 0.14564 0.091608 0.34753 0.32784 -0.13355 0.13932 0.33949 0.25349 0.023247 -0.014504 0.030441 0.049013 0.10926 -0.04577 0.13202 0.095937 0.068563 0.031293 0.14121 0.11984 -0.070846 0.0084054 0.30502 0.12546
139.34 143.55 1.9436 5.357 -0.036882 0.0026696 0.1049 0.11395 -0.016423 0.031244 0.10221 0.10562 0.040921 0.023493 0.089374 0.10333 0.023752 0.0026442 0.10636 0.089554 -0.0062847 -0.045261 0.10727 0.11413 -0.0075604 -0.0075333 0.21751 0.22616 0.072159 0.027784 0.20779 0.2069 -0.047654 -0.022254 0.12494 0.13452 0.025304 0.061785 0.09414 0.094593 0.089548 0.14389 0.13058 0.19896 -0.064494 0.01937 0.21754 0.25495 -0.040736 -0.034404 0.070507 0.093948 0.042468 -0.047119 0.10006 0.21567 0.07093 -0.0043289 0.22515 0.37467 -0.061232 0.12091 0.25101 0.25852 -0.022742 0.059835 0.051448 0.068062
186.25 151.97 1.9975 3.2248 -4.3056e-16 2.0569e-16 2.1695e-15 1.9124e-15 0 -0 0 0 0 -0 0 0 0 -0 0 0 -0.005082 0.073686 0.048134 0.1079 0.0090284 0.093047 0.21249 0.20452 -0.056016 0.029323 0.16068 0.10131 -0.0044936 0.03313 0.0071503 0.037223 -0.027651 -0.045138 0.061301 0.11769 0.033625 0.049846 0.15107 0.29474 0.015013 0.18184 0.1753 0.33982 0.11754 0.15424 0.27417 0.32303 0.013581 -0.0064183 0.021917 0.027925 0.12405 -0.023725 0.13996 0.24102 0.078257 0.018287 0.19669 0.3164 0.062912 0.037502 0.16891 0.19398
132.16 154.5 2.0656 5.4947 -0.082 -0.010394 0.13261 0.094742 -0.024313 0.0061498 0.11186 0.08565 -0.0041311 0.013417 0.037793 0.028491 0.0087032 0.010089 0.036031 0.039097 -0.058795 -0.027023 0.21477 0.21844 -0.036671 0.052985 0.19487 0.19391 0.061157 0.055216 0.15343 0.18561 -0.02367 0.10915 0.22764 0.19163 0.0285 -0.043184 0.14458 0.15099 -0.026988 -0.018322 0.2871 0.33973 0.082841 0.095522 0.2103 0.29066 -0.042228 -0.023633 0.16591 0.16267 0.034043 0.06285 0.058577 0.087147 0.023841 0.10333 0.14334 0.16571 -0.035966 -0.033177 0.15579 0.19011 -0.034508 -0.053603 0.045229 0.080762
61.67 155.34 1.9249 2.9167 -0.013823 0.019638 0.014518 0.020229 0.067853 -0.029644 0.080037 0.070212 0.012002 -0.074633 0.12236 0.21852 0.09973 -0.023827 0.21835 0.36633 -0.050372 0.08839 0.092927 0.21908 -0.022355 0.14115 0.085269 0.26582 0.071761 0.039253 0.1786 0.33538 -0.014726 -0.17075 0.23546 0.4196 0.011868 -0.12351 0.047001 0.15088 -0.025872 -0.15313 0.051421 0.20483 -0.031036 -0.10545 0.047285 0.13608 -0.008477 -0.029247 0.011449 0.030006 -8.4993e-05 -0.00037157 8.4993e-05 0.00037157 -4.4376e-05 -0.000194 4.4376e-05 0.000194 -0 0 0 0 -0 0 0 0
119.94 160.56 1.9569 4.4639 0.0016125 0.0019763 0.0045179 0.018365 -0.0046915 -0.00097274 0.011888 0.046435 -0.0034295 -0.0019982 0.030653 0.050236 0.077668 0.047919 0.089568 0.12666 -0.011786 0.048825 0.083399 0.079967 -0.0099788 0.044342 0.12018 0.12401 -0.0041949 0.034879 0.1402 0.10866 0.10641 -0.031804 0.18442 0.15451 -0.035234 0.13704 0.1407 0.20586 -0.062223 0.10164 0.20643 0.32778 0.0073754 0.064594 0.21219 0.27522 0.03801 0.018453 0.19775 0.19307 0.02614 -0.094669 0.13352 0.21405 -0.064193 0.054646 0.20363 0.27734 -0.00074067 0.0082103 0.23499 0.2797 0.00551 -0.0079541 0.12444 0.11519
182.51 164.64 1.7812 0.44503 0.0043873 -0.12451 0.16182 0.25527 -0.12919 -0.063233 0.20384 0.31088 -0.049341 0.0029773 0.068002 0.085403 0.0057344 0.0054409 0.0096748 0.01352 0.019863 0.0032098 0.21779 0.23012 -0.033951 0.03679 0.15942 0.27049 0.030551 0.15737 0.10047 0.20666 0.11481 0.1445 0.13077 0.20147 0.025806 -0.051276 0.10334 0.08158 0.056718 -0.10748 0.12956 0.20729 0.069713 -0.14606 0.13498 0.3388 -0.00085353 -0.1758 0.077022 0.2319 0 0 0 0 0.0014677 -0.0050916 0.0017672 0.0050916 0.0024696 -0.028021 0.0082231 0.028021 -0.0031931 -0.019072 0.0038129 0.019072
98.001 166.35 2.0092 5.3196 -0.0033036 -0.045834 0.0189 0.047159 -0.0053871 -0.067009 0.019206 0.067349 -0.0063371 -0.051918 0.020885 0.055598 0.0020957 -0.030842 0.015584 0.03372 0.0035399 0.039747 0.024933 0.040304 0.022637 0.081059 0.085637 0.11461 -0.028608 0.10213 0.066789 0.12946 -0.010433 0.010228 0.032215 0.036891 0.10846 0.04239 0.24068 0.13955 -0.0029476 0.2526 0.42224 0.43188 -0.12845 0.051563 0.21229 0.21026 -0.035344 0.003314 0.049777 0.04415 0.072993 0.0063294 0.15984 0.085808 0.016687 -0.016776 0.29246 0.22894 -0.14135 0.0091809 0.21561 0.1529 -0.014919 -0.003104 0.081412 0.059384
104.73 167.69 2.224 5.2658 -0.0035574 -0.040257 0.012283 0.040383 -0.0071246 -0.037115 0.014855 0.041626 -0.0024616 -0.015342 0.0093761 0.026379 -0.001932 -0.0090226 0.0067343 0.012832 0.02306 0.085813 0.082987 0.15623 0.03 0.13488 0.10752 0.20505 -0.047845 0.054394 0.097951 0.13339 -0.0017956 0.006866 0.022205 0.02957 0.1015 0.1339 0.31511 0.30931 -0.17977 0.14135 0.32351 0.28245 -0.10224 0.026327 0.1789 0.13825 -0.0058544 0.0013709 0.032461 0.043759 0.14796 -0.030968 0.2428 0.16928 -0.13284 -0.022245 0.27338 0.22171 -0.056359 0.005296 0.18243 0.15574 -0.01638 0.009569 0.061482 0.058038
63.775 177.22 1.8069 5.839 0 0 0 0 0 0 0 0 0 0 0 0 0 0 0 0 0.009291 0.034343 0.010631 0.034343 0.0042612 0.13472 0.02326 0.13472 -0.023157 0.11294 0.037237 0.11294 -0.0036661 0.0079319 0.0036661 0.0079319 0.037781 0.039038 0.087176 0.20007 0.040674 -0.018939 0.11305 0.43257 0.063209 0.23384 0.21808 0.44735 -0.093422 0.24875 0.15606 0.31211 -0.0090643 -0.045647 0.02052 0.062734 0.017783 -0.087673 0.026857 0.087812 0.10984 -0.16966 0.11892 0.20869 0.021517 -0.10264 0.10975 0.19297
183.81 179.94 2.2058 3.6099 7.1853e-16 -2.3578e-16 7.1853e-16 2.3578e-16 8.7047e-16 4.5474e-15 1.5193e-14 1.0456e-14 7.7148e-16 4.1349e-15 1.3687e-14 9.8776e-15 1.4884e-16 4.536e-16 1.3738e-15 1.0733e-15 0.0098094 0.025084 0.010031 0.025084 0.030709 0.17422 0.041388 0.17422 -0.027588 0.18268 0.053269 0.18268 -0.0084545 0.035465 0.013784 0.035465 0.15011 0.17202 0.20306 0.26485 -0.073297 0.15737 0.22067 0.43767 -0.10117 -0.091331 0.16373 0.4014 -0.02965 0.0058027 0.10087 0.20921 -0.011893 -0.10121 0.1225 0.1414 -0.086093 -0.17105 0.099246 0.18766 -0.002141 -0.045859 0.056332 0.097293 0.026809 0.024998 0.071938 0.13572
181.74 183.65 2.0911 3.6939 3.1591e-16 1.9468e-16 3.1591e-16 1.9468e-16 5.4731e-15 5.9533e-16 7.8017e-15 4.2242e-15 1.2538e-15 -1.6847e-15 1.7491e-14 1.0582e-14 -1.2523e-15 -1.412e-16 3.617e-15 2.9873e-15 0.0030735 0.018032 0.0030735 0.018032 0.024379 0.13737 0.029101 0.13737 0.00057459 0.17104 0.029527 0.17104 -0.012135 0.037698 0.013851 0.037698 0.16177 0.14905 0.16748 0.20535 -0.0044518 0.21078 0.24439 0.47583 -0.11106 0.010421 0.1774 0.4119 -0.032054 0.015256 0.11743 0.21235 0.033191 -0.064956 0.11797 0.13431 -0.069256 -0.19182 0.11147 0.21177 -0.033348 -0.094323 0.051701 0.11397 0.013542 -0.000761 0.05512 0.098154
154.06 187.99 2.0654 0.92388 0.022521 -0.079867 0.088903 0.10997 -0.055119 -0.27711 0.16522 0.31085 -0.025578 -0.026359 0.17605 0.23693 -0.0068668 -0.0063908 0.033265 0.049201 0.0021395 0.06907 0.015258 0.071851 0.0060524 0.13199 0.04229 0.13751 -0.023503 0.067271 0.13779 0.23782 -0.026947 0.0094434 0.075095 0.10236 -0.010495 0.17459 0.11811 0.29984 -0.14454 0.067534 0.21043 0.3429 -0.058761 -0.0047765 0.18916 0.2752 -0.022509 -0.023152 0.066878 0.089898 0.0018721 -0.1298 0.052811 0.15763 -0.058526 -0.1031 0.070809 0.12472 -0.015364 -0.017388 0.023424 0.028985 -0.0010906 -0.0017634 0.0010906 0.0018436
96.446 194.75 2.3622 4.7875 0 0 0 0 1.9381e-05 7.8058e-05 0.0001215 8.574e-05 -2.8952e-05 4.9168e-05 0.00012338 6.0628e-05 0 0 0 0 0.048898 0.1367 0.075165 0.13981 0.039923 0.25684 0.14032 0.3044 -0.075019 0.13978 0.16647 0.23096 -0.034088 0.015594 0.053843 0.04596 0.013228 0.12734 0.25801 0.32023 -0.1767 -0.13648 0.31657 0.38175 -0.094611 -0.14344 0.14453 0.19229 -0.019576 -0.020786 0.034415 0.03335 -0.09219 -0.14139 0.13199 0.15397 -0.054461 -0.071007 0.056691 0.076877 9.1455e-05 -0.0036958 0.01106 0.033052 0.0003054 0.0031592 0.0061827 0.036796
107.64 197.55 1.9491 4.4636 0 -0 0 0 0 -0 0 0 0 -0 0 0 0 -0 0 0 0.025556 0.07907 0.032204 0.079489 -0.0035487 0.19178 0.1392 0.23215 -0.047957 0.031974 0.065647 0.065907 0 -0 0 0 0.069058 0.23151 0.29203 0.36867 -0.2456 -0.051325 0.35795 0.38961 -0.094741 -0.040788 0.10573 0.11074 0 -0 0 0 -0.22921 -0.086697 0.28586 0.19118 -0.058182 -0.062712 0.066898 0.07827 -0.00273 0.0084187 0.022813 0.065875 0.0005159 -0.0035511 0.029302 0.071617
104.98 120.04 3.1638 1.6014 -0 0 0 0 -0 0 0 0 -0 0 0 0 -0 0 0 0 0.00035801 0.05787 0.063567 0.098997 -0.016477 0.11775 0.051719 0.12698 0.062699 0.18184 0.086469 0.23436 -0.019462 0.11726 0.091229 0.22153 0.010596 -0.017473 0.12693 0.1147 0.073432 0.045933 0.33984 0.43327 -0.025725 -0.056621 0.26981 0.44573 -0.023735 -0.052381 0.16394 0.18996 0.0065267 -0.0033723 0.069887 0.076688 0.026733 -0.028269 0.13434 0.16985 -0.041458 -0.0011649 0.10763 0.12937 -0.0086261 -0.028138 0.067504 0.047318
148.33 121.96 2.9016 1.3878 0 0 0 0 0 0 0 0 0 0 0 0 0 0 0 0 0.012414 0.081931 0.025223 0.084821 -0.0042912 0.15886 0.035705 0.1605 0.022893 0.1461 0.19961 0.2247 0.036572 0.044946 0.12593 0.20841 0.046747 0.038142 0.14886 0.21239 0.036331 0.016632 0.24761 0.46672 -0.12969 -0.0040784 0.42405 0.30654 0.007089 -0.017872 0.13246 0.11076 0.021131 -0.039458 0.089876 0.059704 -0.0026664 -0.078542 0.094551 0.10036 -0.017698 -0.028385 0.12862 0.13561 -0.010787 -0.013068 0.07369 0.071449
118.16 123.27 2.7535 1.5143 0 0 0 0 0 0 0 0 0 0 0 0 0.00064434 0.001216 0.00064434 0.001216 0.013244 0.077832 0.067036 0.11095 0.024277 0.092958 0.12188 0.22408 0.01212 0.20968 0.14201 0.25095 0.05765 0.12158 0.13838 0.24766 -0.077837 -0.0042424 0.21996 0.17561 0.056505 -0.036259 0.18917 0.20012 0.056664 -0.025616 0.36291 0.43694 -0.037216 -0.092406 0.16332 0.22368 -0.01281 -0.014066 0.075375 0.070623 0.010891 -0.013851 0.11215 0.12622 0.036664 -0.029929 0.12263 0.16811 -0.032571 0.017338 0.069598 0.080397
177.83 128.25 2.5809 2.6513 -0 0 0 0 -0 0 0 0 -0 0 0 0 -0 0 0 0 0.0043364 0.016144 0.020026 0.025688 0.050926 0.13574 0.079733 0.23775 -0.073579 0.15295 0.098339 0.20323 -0.0082988 0.0069162 0.0082988 0.0069162 0.033609 0.03074 0.084758 0.096743 0.14227 0.028936 0.19023 0.32182 -0.1762 0.11599 0.4936 0.32459 -0.080821 0.019397 0.097228 0.028543 0.013615 -0.020568 0.028617 0.045439 0.070329 -0.066193 0.091042 0.10953 -0.007265 -0.024454 0.36277 0.21324 -0.092522 0.049041 0.11207 0.10131
107.77 130.08 2.7231 1.5126 0.00067045 0.011792 0.00067045 0.011792 0.00021612 0.004594 0.00021612 0.004594 0.020264 0.035722 0.020264 0.035722 0.0067115 0.069263 0.04102 0.10046 -0.0075937 0.014732 0.13594 0.16775 0.053308 0.10533 0.22698 0.35386 0.020631 0.081621 0.29256 0.44201 -0.015503 -0.012467 0.15471 0.23443 -0.02674 0.0051988 0.10071 0.078208 0.10689 -0.066428 0.21434 0.25873 -0.10515 -0.075523 0.20366 0.2812 0.00253 -0.057116 0.11259 0.097119 -0.010362 -0.011984 0.056975 0.053104 0.044313 -0.034904 0.084601 0.12173 -0.033392 -0.0078387 0.10234 0.13908 -0.018375 -0.010528 0.043096 0.03996
73.63 139.39 3.0049 5.6356 0 0 0 0 0.013455 0.016525 0.017973 0.019103 0.014745 0.0042913 0.043367 0.069254 0.0088675 -0.014506 0.019387 0.066064 0.015988 0.010719 0.015988 0.011234 -0.025989 0.031284 0.26187 0.19453 -0.025049 0.029529 0.12727 0.12729 -0.0095282 0.011179 0.03556 0.038605 0.092878 0.042808 0.14887 0.05754 -0.028444 0.13848 0.37285 0.28919 -0.10679 0.032358 0.18399 0.17742 0.038941 0.052399 0.16286 0.1027 0.057966 -0.026538 0.076827 0.043686 0.10091 -0.12602 0.2638 0.34447 -0.081111 0.099563 0.27719 0.31052 -0.018783 0.019841 0.12885 0.10129
81.184 147.97 2.6595 3.6196 -0.030743 0.0090505 0.0356 0.01272 0.086554 0.0027196 0.1182 0.10345 0.012715 -0.015617 0.15756 0.20101 0.033034 0.04712 0.15098 0.18969 -0.049683 0.0088601 0.073979 0.036746 0.064418 -0.02192 0.1118 0.14157 0.033337 0.016406 0.15186 0.2408 0.096617 0.0071419 0.39247 0.22577 -0.0006549 -0.018404 0.0666 0.069406 0.023029 0.024769 0.10163 0.17346 0.14221 0.086705 0.21593 0.32755 0.0059245 0.0070474 0.34513 0.20387 0.0038019 -0.0080046 0.0059981 0.0096366 0.022992 -0.028153 0.035639 0.073974 0.037268 -0.070913 0.055525 0.2206 -0.014447 -0.088326 0.0773 0.14246
125.12 155.71 2.8409 4.5032 -0.004086 0.00054875 0.0063854 0.012605 -0.00053607 0.001253 0.0047501 0.010337 0.034217 0.047202 0.061915 0.089699 -0.020107 0.0328 0.036082 0.063154 -0.0038352 0.078153 0.074015 0.093666 -0.028296 0.056903 0.087367 0.11249 0.10276 -0.0045631 0.20054 0.187 -0.061326 0.004001 0.1555 0.13814 0.028782 0.001439 0.15293 0.21894 -0.075427 0.075601 0.24358 0.30136 0.042449 0.0097454 0.26605 0.22881 0.00678 0.10042 0.17101 0.18736 0.070234 0.056752 0.1284 0.16127 -0.094974 0.12567 0.24715 0.29341 0.028306 0.049249 0.18671 0.13722 0.033453 -0.035088 0.23366 0.17431
142.26 166.88 2.7614 4.7203 -0.0013935 0.0008521 0.0023468 0.0040605 0.0039528 1.1603e-05 0.010545 0.035347 0.02694 -0.011276 0.038169 0.074093 0.023666 0.01004 0.061739 0.089685 -0.010186 0.017836 0.017249 0.040651 0.095462 0.096753 0.14086 0.21303 -0.073406 0.10719 0.14207 0.23902 0.031355 -0.046238 0.049499 0.060566 -0.04915 0.062968 0.12704 0.14359 0.16563 0.027122 0.3035 0.3095 -0.14525 -0.0097424 0.31011 0.30307 0.00026653 0.05056 0.10927 0.066249 -0.05402 0.0089966 0.13362 0.13385 0.090915 0.032029 0.23134 0.19486 -0.054596 0.14031 0.21526 0.25067 0.026462 0.081797 0.10282 0.11013
66.641 167.94 2.7879 2.5506 0.015383 -0.029394 0.033734 0.042061 -0.0053991 -0.14204 0.16543 0.1546 0.042287 -0.065729 0.20008 0.18296 0.052734 -0.087392 0.30587 0.29036 -0.023139 0.13358 0.11269 0.28473 -0.068307 0.20428 0.090901 0.28781 0.006266 0.067094 0.14495 0.28261 -0.028948 -0.069974 0.18163 0.19474 0.022061 -0.13484 0.068123 0.19404 -0.037569 -0.15575 0.067532 0.2972 -0.053324 -0.098136 0.068763 0.16654 -0.008108 -0.011006 0.0089344 0.013447 -3.6226e-05 -8.2932e-05 4.0965e-05 8.2932e-05 -0.00010638 -0.00066657 0.00011692 0.00066657 -0 0 0 0 -0 0 0 0
181.55 173.88 2.9206 3.3929 -3.3357e-17 -5.6396e-17 3.5844e-16 6.06e-16 -3.0498e-17 8.5709e-16 2.7658e-15 2.2283e-15 3.0518e-16 4.621e-16 9.1825e-16 1.3076e-15 0 -0 0 0 0.019978 0.044111 0.022027 0.044111 0.028085 0.21029 0.10224 0.24684 -0.044108 0.085942 0.077486 0.21556 -0.021707 0.029346 0.059216 0.076529 0.12087 0.03093 0.18729 0.17007 -0.15727 -0.12141 0.29613 0.40142 0.0081206 -0.058886 0.15227 0.30565 0.024809 0.14243 0.17557 0.31747 -0.0014766 -0.04733 0.090347 0.071804 -0.014061 0.0064495 0.086867 0.096541 0.025571 0.06594 0.12528 0.15837 0.14663 -0.021819 0.19347 0.1672
78.05 197.6 2.7628 5.223 0 0 0 0 0 0 0 0 0 0 0 0 0 0 0 0 4.9104e-18 -8.7666e-18 4.9104e-18 8.7666e-18 0.001343 0.0047632 0.001343 0.0047632 0.0027838 0.0086691 0.0027838 0.0086691 0 0 0 0 0.08668 0.12615 0.10654 0.16526 0.085045 0.21977 0.25988 0.59804 -0.11017 0.11436 0.19305 0.47643 -0.057236 0.025237 0.074174 0.11261 -0.0047506 -0.045804 0.10289 0.14549 -0.017645 -0.16755 0.087453 0.21844 -0.023973 -0.10074 0.039347 0.11457 -0.012693 -0.024026 0.018818 0.03614
155.21 198.13 2.8824 4.8702 0 0 0 0 0 0 0 0 0 0 0 0 0 0 0 0 0.010263 0.0054178 0.010263 0.022707 -0.00085749 0.061764 0.068492 0.11504 -0.013266 0.052057 0.030774 0.059322 -0.0014709 0.002422 0.0015456 0.002422 0.004567 0.0067747 0.033511 0.08281 0.091706 -0.022911 0.17363 0.28834 0.064632 0.2032 0.3277 0.44438 -0.11714 0.10144 0.14698 0.12377 0.073775 0.10853 0.20326 0.28882 -0.1007 0.099321 0.17403 0.2934 0.13338 -0.13188 0.18541 0.17561 -0.07023 -0.014916 0.17634 0.11677
88.171 202.34 2.6836 4.9855 0 0 0 0 0 0 0 0 0 0 0 0 0 0 0 0 0 0 0 0 0.0076828 0.020361 0.0094846 0.020361 0.0070325 0.018466 0.013613 0.018528 -3.187e-05 0.0006588 0.00097528 0.00066525 0.12952 0.16608 0.15888 0.21178 -0.058895 0.19988 0.31709 0.58533 -0.13301 0.034851 0.21285 0.40273 -0.033097 -0.0035611 0.041822 0.048373 0.0019799 -0.071252 0.156 0.19471 -0.076455 -0.15674 0.11627 0.20369 -0.030214 -0.042927 0.043069 0.08833 -0.0037298 -0.0042912 0.0088308 0.013939
80.356 120.13 4.2134 1.7978 -0 0 0 0 -0 0 0 0 -0 0 0 0 -0 0 0 0 0.0069938 0.14594 0.15666 0.22913 -0.0067084 0.21805 0.11124 0.42026 -0.077878 0.070982 0.10572 0.12916 -0 0 0 0 -0.0091215 -0.052171 0.24386 0.25868 -0.0061087 -0.14527 0.27927 0.40122 -0.1436 -0.036983 0.36699 0.14155 -0.0096899 0.00030435 0.0096899 0.000947 -0.012555 -0.032778 0.090483 0.09138 -0.02116 -0.040781 0.11005 0.085315 -0.025187 -0.016272 0.13549 0.035686 -0.0058965 -0.00060856 0.0058965 0.00091236
148.51 119.87 3.6164 1.5144 0 0 0 0 0 0 0 0 0 0 0 0 0 0 0 0 0.019118 0.048009 0.022627 0.056318 -0.017797 0.17119 0.05494 0.18569 0.013991 0.11942 0.10467 0.18015 0.0056171 0.10018 0.068547 0.14877 0.097273 0.010027 0.16584 0.14841 0.026174 -0.027829 0.24724 0.49021 -0.11778 -0.0096937 0.34928 0.36288 0.084442 -0.016429 0.21283 0.22675 0.023948 -0.026526 0.079652 0.046602 0.027066 -0.064264 0.12302 0.11215 -0.034926 -0.010983 0.14263 0.14224 0.030147 -0.03041 0.074735 0.079481
108.04 130.17 3.715 1.6537 -0.00023179 0.0027887 0.00023179 0.0027887 -0.00020444 0.0024596 0.00020444 0.0024596 0.00054106 0.00040037 0.00054106 0.00040037 0.00082962 0.0034558 0.00082962 0.0034558 -0.047584 0.051583 0.15467 0.21601 0.048843 0.096329 0.2687 0.31854 0.038056 0.13846 0.21802 0.44049 -0.065241 0.064951 0.15281 0.22248 -0.040811 -0.036175 0.12675 0.13602 0.096983 -0.048721 0.25714 0.2201 -0.03552 -0.076709 0.24568 0.26785 -0.026315 -0.068736 0.17917 0.10512 -0.019373 -0.017546 0.052454 0.059897 0.044448 -0.044271 0.067372 0.080668 -0.033286 -0.03925 0.086247 0.092181 0.003897 -0.0010664 0.051154 0.025943
124.94 132.76 3.7995 3.5823 0.022977 -0.0045031 0.050691 0.046825 0.0092665 0.021404 0.12549 0.11598 0.040652 0.049408 0.21265 0.1928 -0.075382 -0.026917 0.11933 0.080015 0.025033 0.034856 0.061509 0.062303 0.021172 0.0025297 0.15837 0.17292 -0.022546 -0.074835 0.39532 0.25184 -0.039977 -0.017312 0.052635 0.030967 0.03121 -0.016302 0.12074 0.14319 0.022302 0.097922 0.31882 0.35548 -0.12478 -0.014235 0.25286 0.2254 -0.0078853 -0.0040697 0.012312 0.0050494 0.029843 -0.0062638 0.060041 0.084425 0.0079142 0.029373 0.30203 0.16409 -0.078945 -0.0052581 0.10722 0.036685 -6.1663e-05 -2.9086e-05 6.1663e-05 2.9086e-05
155.74 144.61 4.2713 4.658 0.015663 0.0087384 0.019991 0.025268 -0.012995 0.032951 0.064711 0.093605 0.015516 -0.023654 0.054786 0.059915 -0.013867 -0.0023994 0.033664 0.020697 0.014671 0.038129 0.11798 0.10018 -0.042628 0.027247 0.22088 0.19722 -0.0045913 0.083141 0.17113 0.10835 -0.02694 0.0086858 0.064312 0.036785 -0.011077 0.042011 0.19752 0.15007 0.059768 0.028038 0.41397 0.43393 -0.052644 0.03871 0.25157 0.43553 -0.085287 -0.0036779 0.11493 0.086215 -0.004731 -0.040863 0.067595 0.10188 0.003709 -0.090819 0.095906 0.12955 -0.013955 -0.10058 0.053491 0.16479 -0.015191 -0.015554 0.017769 0.023381
80.278 183.84 4.0067 2.2979 0.0012755 -0.0059234 0.0085354 0.0095561 0.13272 -0.082426 0.16776 0.15435 -0.040695 -0.12247 0.29973 0.23129 0.039822 -0.093337 0.24637 0.19688 0.038305 0.013191 0.053874 0.085283 0.040307 0.13641 0.12331 0.37955 -0.028966 0.10628 0.14536 0.37583 -0.043375 -0.025733 0.16501 0.16294 0.017707 -0.016874 0.019668 0.029524 0.044709 -0.15564 0.092552 0.304 -0.056229 -0.13817 0.087384 0.26371 -0.020683 -0.023941 0.025505 0.037242 4.9273e-18 4.3838e-18 4.9273e-18 4.3838e-18 2.133e-18 1.8978e-18 2.991e-17 2.6611e-17 -9.2862e-18 -6.2286e-18 9.2862e-18 8.4986e-18 -0 0 0 0
170.63 184.12 3.9342 0.95213 0.015507 -0.12198 0.23581 0.16707 -0.024593 -0.11317 0.29271 0.17573 -0.048875 -0.092222 0.3496 0.38008 -0.02791 -0.015878 0.04511 0.049431 0.049397 -0.04265 0.12297 0.12158 0.029146 0.089422 0.17552 0.34618 -0.071561 0.065024 0.17744 0.29343 -0.026899 -0.0077744 0.043929 0.054882 0.015526 -0.014034 0.017471 0.01881 0.065464 -0.1271 0.1027 0.24932 -0.074948 -0.10435 0.11486 0.19281 -0.012869 -0.010208 0.01644 0.018081 7.7071e-17 2.1513e-17 9.0493e-17 2.4159e-16 1.6149e-05 -9.5959e-05 1.6149e-05 9.5959e-05 5.4563e-05 -0.00032421 5.4563e-05 0.00032421 0 0 0 0
67.577 191.93 3.4863 5.5127 0 0 0 0 0 0 0 0 0 0 0 0 0 0 0 0 0 0 0 0 1.5325e-17 -1.4873e-17 1.5325e-17 1.4873e-17 1.9316e-18 -1.8747e-18 1.9316e-18 1.8747e-18 0 0 0 0 0.063739 0.10605 0.075949 0.17615 0.11516 0.17643 0.15402 0.48238 -0.12543 0.24036 0.2139 0.52176 -0.075849 0.091768 0.084094 0.12136 -0.0037672 -0.032231 0.060556 0.11223 0.031942 -0.13756 0.059272 0.19643 -0.010639 -0.18819 0.089743 0.27361 -0.033559 -0.041313 0.077589 0.11394
155.27 200.66 3.3303 4.857 0 0 0 0 0 0 0 0 0 0 0 0 0 0 0 0 0.0053981 0.010796 0.0055645 0.010796 -0.0047527 0.052219 0.034693 0.061387 -0.0037469 0.019528 0.0078304 0.019772 -0.0001057 0.00013242 0.0001057 0.00013242 0.00817 0.015658 0.031234 0.10087 0.10237 0.0065282 0.20104 0.33894 0.037114 0.2487 0.29366 0.42796 -0.080068 0.085838 0.095201 0.094279 0.037365 0.14625 0.16432 0.26491 -0.066007 0.12083 0.15001 0.23675 0.16597 -0.15149 0.24423 0.25105 -0.095256 -8.0619e-05 0.18606 0.12322
67.006 106.9 5.441 0.57414 0 0 0 0 0 0 0 0 0 0 0 0 0 0 0 0 0 0 0 0 0 0 0 0 0 0 0 0 0 0 0 0 0 0 0 0 0.18978 0.08568 0.28023 0.13891 -0.094658 0.15696 0.3513 0.42368 -0.033243 0.034922 0.077056 0.13029 0.008553 0.0031493 0.008553 0.0053447 0.15668 0.038251 0.39008 0.2742 -0.11985 -0.0017344 0.34368 0.31058 0.0059556 0.0014268 0.090164 0.080107
93.903 139.87 4.6088 5.2795 0.0060147 0.0039718 0.0091828 0.0051124 0.015041 -0.0052375 0.057784 0.074729 -0.0051238 -0.017972 0.036422 0.11918 -0.010297 -0.0042422 0.012582 0.027135 0.042073 0.033345 0.10164 0.049977 -0.013701 0.10013 0.26986 0.1873 -0.0023124 0.080419 0.23679 0.18053 -0.02037 0.022523 0.057907 0.043784 0.075131 -0.021945 0.097332 0.079089 0.066578 -0.086889 0.24331 0.46625 -0.098688 -0.019746 0.40509 0.32796 0.0084223 0.047733 0.13888 0.14229 0.0015898 -0.0029118 0.0018268 0.0032488 0.014973 -0.039939 0.018247 0.041394 0.029554 -0.054924 0.1255 0.14322 0.042083 -0.021532 0.14733 0.19112
120.52 160.36 5.3627 4.1144 6.4706e-05 0.0059936 0.0052475 0.0070026 -0.00013865 9.4096e-05 0.0059882 0.0075669 0.012846 0.017825 0.050614 0.077549 -0.0046296 0.0035213 0.043337 0.056632 -0.021897 0.017242 0.092717 0.05291 -0.0013333 0.033004 0.041923 0.041174 0.042988 0.025321 0.21959 0.21189 0.039623 0.11844 0.16935 0.14832 0.0055886 -0.0060109 0.12171 0.05448 0.085415 0.043096 0.21186 0.28745 0.021077 0.12223 0.27727 0.28725 -0.031177 -0.080493 0.26363 0.27222 0.032822 0.0057838 0.094821 0.075244 0.070597 0.045204 0.28651 0.28063 -0.10118 -0.059965 0.22247 0.27533 -0.018635 -0.023771 0.037198 0.04015
167.15 130.31 6.9807 1.4953 0 0 0 0 0 0 0 0 0 0 0 0 0 0 0 0 0 0 0 0 0.094895 0.089912 0.11663 0.18199 -0.026594 0.1678 0.25496 0.45904 0.045208 0.083891 0.21869 0.33724 0 0 0 0 0.077233 -0.055735 0.20456 0.15852 -0.015985 -0.122 0.34513 0.34828 0.0026865 -0.085472 0.22083 0.23084 0 0 0 0 0.018561 -0.0072923 0.063632 0.058998 -0.013347 -0.020982 0.064932 0.074658 0.0061011 -0.014829 0.021939 0.030515
126.91 110.74 9.6494 1.6623 -0 0 0 0 -0 0 0 0 -0 0 0 0 -0 0 0 0 0.01388 0.018838 0.01388 0.018838 -0.0067638 0.13397 0.054779 0.13509 -0.0043301 0.13784 0.042721 0.13803 -0.0053223 0.017493 0.010076 0.017576 0.051354 -0.0040867 0.083489 0.066489 0.0545 -0.046538 0.38452 0.48041 -0.052987 -0.031653 0.41022 0.53864 -0.046769 -0.0041862 0.073934 0.065176 0.0060733 -0.0061526 0.027952 0.02405 0.0037924 -0.037772 0.068683 0.067725 0.0015971 -0.041786 0.10995 0.14091 -0.011597 -0.0049677 0.024112 0.020818
127.44 128.69 21.646 1.8389 -0 0 0 0 -0 0 0 0 -0 0 0 0 -0 0 0 0 -0 0 0 0 0.084139 0.13923 0.24126 0.43818 -0.11395 0.12463 0.19288 0.37111 -0.0048933 0.00094304 0.0048933 0.0028365 0.00037991 -0.00021618 0.00037991 0.00021618 0.099155 -0.091247 0.25357 0.37454 -0.11367 -0.082851 0.2759 0.44822 -0.0054083 -0.00033427 0.0054083 0.0038442 -0 0 0 0 0.001007 -0.0015534 0.0045219 0.0041093 -0.0026994 -0.0037169 0.0069073 0.0097854 -3.1542e-05 -5.7793e-05 3.1542e-05 5.7793e-05
