54 64
148.2 122.91 2.0112 2.8358 -0.075587 -0.024633 0.16319 0.094444 -0.048262 -0.0040462 0.051652 0.021644 -0 0 0 0 -0 0 0 0 -0.047252 -0.035529 0.10162 0.13606 -0.0086354 0.069373 0.040371 0.093445 -0.010311 0.045385 0.023633 0.045622 -0.001647 0.0014439 0.001647 0.0014439 0.03867 -0.038852 0.084906 0.30933 0.019078 -0.040425 0.19705 0.60016 -0.11411 0.083632 0.31335 0.27338 -0.028168 0.0099057 0.028168 0.012537 0.011017 -0.01242 0.031237 0.062975 0.048957 -0.010258 0.20104 0.18091 -0.051612 0.012358 0.29193 0.16073 -0.038824 0.01024 0.043588 0.017172
102.62 123.7 1.7915 0.74633 0 0 0 0 -9.7894e-05 0.00055279 0.00015689 0.00055279 -9.3998e-05 0.0024143 0.0011566 0.0024143 0.036023 0.0093994 0.036117 0.016652 0.050762 0.054058 0.051237 0.05474 0.079189 0.2502 0.15843 0.29883 -0.11186 0.11626 0.16213 0.17329 0.052331 0.0035458 0.083584 0.054958 0.091996 0.03165 0.25039 0.16448 0.011696 -0.011543 0.31699 0.38464 -0.080188 -0.055988 0.26777 0.30342 -0.031222 -0.0051336 0.14604 0.20713 0.012744 -0.012131 0.14273 0.11111 -0.020121 -0.070011 0.17661 0.15852 -0.030089 -0.028238 0.09968 0.097146 -0.0055563 -0.026242 0.038679 0.055722
165.75 132.96 2.1646 0.79143 0 0 0 0 0.00019045 -9.5972e-05 0.00019045 9.7246e-05 0.064053 -0.041375 0.10034 0.062174 -0.021913 -0.009117 0.26249 0.13912 0.0034187 0.0032787 0.0040509 0.0036275 0.12527 0.21461 0.17306 0.26151 -0.055571 0.20815 0.15605 0.29667 -0.0018809 -0.034365 0.24719 0.18694 0.073849 0.022484 0.075554 0.033627 0.16968 0.025557 0.28724 0.29154 -0.17056 -0.042868 0.26518 0.26725 -0.054111 -0.0094247 0.083954 0.089778 0.037763 -0.0091927 0.046149 0.016784 0.055662 -0.1043 0.11101 0.11799 -0.051673 -0.037731 0.12714 0.076943 -0.0209 0.029602 0.036598 0.042024
118.38 135.91 1.7175 4.4546 -0.0086548 0.011072 0.013947 0.015638 0.0014881 0.0010438 0.013912 0.024243 -0.00082419 0.01568 0.020945 0.029598 -0.0057094 0.013164 0.024763 0.018307 0.00203 0.038461 0.098448 0.085515 -0.013064 0.065255 0.12637 0.12447 0.0079806 0.058168 0.14904 0.15188 -0.011186 0.055973 0.11058 0.14728 0.0094377 0.036923 0.20253 0.16082 0.049003 0.11308 0.23816 0.27974 -0.015416 0.086577 0.24545 0.33766 -0.0087808 0.031954 0.16867 0.2936 0.085654 -0.027521 0.12674 0.14781 -0.031686 -0.01096 0.17113 0.33926 -0.071402 -0.063329 0.18024 0.29959 -0.013673 -0.054424 0.045497 0.10612
129.36 136.46 1.9094 4.7825 -0.0048597 0.016262 0.012387 0.02005 -0.0020567 0.0078029 0.016765 0.034351 -0.0014188 0.01131 0.0066337 0.014716 -0.00021759 0.00092641 0.00073887 0.0012798 -0.018918 0.037112 0.097266 0.089295 -0.022856 0.054723 0.12409 0.14626 -0.019952 0.0333 0.12038 0.11876 0.018945 0.057117 0.17754 0.11911 -0.016495 0.044267 0.14812 0.23475 -0.036836 0.080026 0.20271 0.32213 -0.033076 0.06702 0.22418 0.36569 -0.012695 0.017521 0.37673 0.16789 -0.022884 -0.057401 0.067965 0.2104 -0.017846 -0.075457 0.10606 0.21463 0.014828 -0.063961 0.12457 0.33077 -0.04302 -0.038729 0.097254 0.090578
96.634 137.91 1.6262 0.51123 0.00044915 0.011324 0.0077758 0.011324 0.035231 0.00062716 0.041234 0.021443 0.071946 -0.044859 0.22619 0.1706 -0.0596 0.028902 0.078013 0.071962 -0.074758 0.13671 0.18836 0.23784 -0.014681 0.13509 0.19863 0.28652 -0.00038152 0.0031733 0.21516 0.2662 0.0065679 -0.049107 0.16407 0.18172 -0.092643 -0.043509 0.23514 0.19732 -0.026274 -0.094318 0.22069 0.36621 -0.055795 -0.047084 0.15762 0.24624 0.016566 -0.0086505 0.084973 0.11343 -0.044261 -0.038219 0.1247 0.086253 -0.034292 -0.032891 0.082841 0.09334 -0.0091842 -0.022512 0.028845 0.042057 0.010467 -0.016287 0.020503 0.026499
104.17 137.79 2.0054 3.2404 -0.004042 -0.0055147 0.015892 0.011753 0.033716 0.025133 0.06886 0.070937 0.1021 0.041042 0.18336 0.13548 -0.017587 0.026118 0.21171 0.08502 0.011898 0.021162 0.021668 0.030964 0.052069 -0.010405 0.10319 0.12606 0.18077 -0.00042906 0.23039 0.2354 -0.02508 0.033784 0.3175 0.17467 -0.0032458 -0.0090528 0.052709 0.076728 0.07182 -0.013132 0.21479 0.3493 0.070358 -0.079589 0.26468 0.3368 -0.058707 -0.13806 0.19045 0.19892 0.0010055 0.027337 0.048816 0.13061 -0.026074 0.071308 0.095332 0.21035 -0.02566 0.0081429 0.054753 0.079882 -0.004537 -0.013514 0.01071 0.013945
112.07 140.34 2.0989 4.613 -0.015026 0.0016527 0.058203 0.040178 -0.011339 0.0066188 0.02027 0.013751 0.0066227 -0.011494 0.021613 0.040094 -0.0043014 -0.0035795 0.0087898 0.014948 0.0029736 0.064334 0.14587 0.11358 -0.0056831 0.063617 0.12594 0.12041 -0.0091717 0.064227 0.10892 0.098555 0.0046257 0.014554 0.074063 0.062873 0.028535 -0.030136 0.23531 0.17627 0.030851 0.09536 0.28898 0.20386 -0.029107 0.19411 0.23595 0.28077 0.0071836 0.074262 0.14207 0.19888 0.084468 -0.014921 0.095839 0.081694 0.053405 0.031095 0.23672 0.28036 -0.040228 0.029352 0.19189 0.41978 -0.021724 -0.032505 0.10179 0.18026
124.02 141.19 1.7077 4.731 -0.0064805 0.0028555 0.010065 0.0075747 0.010525 -0.011039 0.034669 0.067194 -0.011016 -0.0059536 0.019956 0.033856 0 0 0 0 -0.011249 0.049436 0.075729 0.077086 -0.012361 0.065612 0.084401 0.090614 0.0039095 0.049822 0.084608 0.080726 -0.0050515 0.021051 0.044885 0.026418 0.013559 0.07824 0.15132 0.13422 -0.04172 0.14821 0.19318 0.26981 0.014416 0.14123 0.20167 0.30733 0.069104 0.079526 0.26061 0.15464 -0.013536 0.050328 0.14589 0.20436 -0.043615 0.02525 0.17167 0.38349 -0.003313 0.0024492 0.16101 0.35555 0.0050318 0.012362 0.20485 0.2453
135.17 141.43 1.9692 3.2829 0.00014844 2.9133e-05 0.0008857 0.0002396 0.041593 -0.010543 0.043949 0.04636 0.004541 0.054554 0.19934 0.30383 -0.031091 0.068262 0.052374 0.1006 0 -0 0 0 0.033318 0.010188 0.041079 0.050097 0.091395 -0.027773 0.24155 0.35392 0.0089334 0.01596 0.30757 0.29522 -0.013004 0.0083566 0.040878 0.026508 0.034135 0.018114 0.09137 0.092368 0.13176 0.029723 0.33275 0.18692 -0.011701 -1.4797e-05 0.34864 0.15541 -0.0040912 -0.0048678 0.018008 0.012109 0.022934 0.027478 0.063437 0.074371 0.095721 0.054155 0.18752 0.11523 -0.031088 0.029335 0.21911 0.088669
181.38 144.21 1.951 3.5532 -0.010693 0.022174 0.011026 0.022284 0.0026008 0.0098248 0.010812 0.01278 -0.0052074 0.014247 0.0099415 0.014865 0 -0 0 0 -0.12003 0.051386 0.13445 0.15868 0.0037 0.11935 0.080324 0.1766 -0.011983 0.097984 0.15382 0.14755 -0.012107 0.0095723 0.01368 0.0095723 0.0089723 -0.072196 0.10001 0.12469 0.10832 0.085308 0.20046 0.26815 -0.15174 0.21049 0.33001 0.25513 -0.098831 0.026879 0.10836 0.039598 0.040915 0.0061872 0.051301 0.067144 0.19045 -0.028628 0.23503 0.22514 -0.15564 -0.088666 0.35947 0.2815 -0.065276 -0.011335 0.072304 0.028909
84.193 146.83 1.9837 2.97 0.0056601 0.024058 0.037503 0.051543 0.015078 -0.010858 0.098938 0.10165 0.020708 -0.046441 0.21964 0.30247 -0.01356 -0.076318 0.10794 0.11401 0.013765 0.031357 0.069449 0.19724 0.016419 0.11325 0.090674 0.34552 0.011797 0.11674 0.13639 0.39737 -0.059253 0.10439 0.08829 0.15376 0.0052486 -0.05526 0.027204 0.096137 0.041515 -0.13493 0.052056 0.2484 0.11641 -0.1443 0.16559 0.31056 -0.095695 -0.047383 0.23548 0.15355 -0.0023739 0.02508 0.014586 0.046586 0.00079073 0.026391 0.020882 0.071814 0.02575 -0.016854 0.065514 0.10716 -0.025902 -0.035439 0.061463 0.04854
175.9 145.49 1.8477 3.4907 -0.048042 0.079621 0.04992 0.089642 -7.4265e-05 0.0075698 0.016335 0.019396 -0.0055576 0.019593 0.045055 0.053522 -0.0022461 0.0024839 0.0034573 0.0034012 -0.16245 -0.0045991 0.1765 0.22157 0.0067794 0.14434 0.11474 0.20695 0.011467 0.20005 0.17013 0.2424 -0.054661 0.045895 0.074817 0.047131 -0.019108 -0.081496 0.059596 0.10971 0.17416 -0.071182 0.21113 0.19008 0.074277 0.11637 0.31608 0.23293 -0.16635 0.026695 0.20806 0.086815 0.013043 0.00077381 0.018552 0.025899 0.085208 -0.033136 0.13869 0.22235 -0.0055508 -0.16144 0.24625 0.28584 -0.060633 -0.034392 0.072887 0.050191
107.99 147.8 2.1025 3.822 -0.012771 0.0038211 0.026904 0.015116 0.021869 -0.0093863 0.035457 0.042089 -0.0030224 -0.0098032 0.052435 0.040804 0.016694 0.023003 0.05428 0.049592 -0.028595 0.035467 0.064674 0.063694 -0.0050053 0.031837 0.027933 0.050811 0.063188 0.10102 0.097335 0.11179 0.025221 0.055068 0.16999 0.16775 -0.029871 0.017339 0.11459 0.14905 -0.0019572 0.10815 0.1566 0.24276 0.069767 0.079377 0.21956 0.26216 0.10273 0.087861 0.26231 0.22686 -0.030954 0.046801 0.16245 0.1449 0.071174 -0.022668 0.22593 0.23209 0.028553 -0.038112 0.25746 0.38196 0.068775 0.020653 0.19011 0.24049
93.715 168.57 1.7736 3.2817 -0.003945 0.0072966 0.0138 0.0099715 0.020804 0.026463 0.06733 0.058929 -0.022904 0.016013 0.035536 0.039838 0.00070232 0.00016621 0.011101 0.015546 -0.011499 0.0088647 0.060278 0.073356 0.047167 0.0062194 0.18737 0.16272 0.0060817 0.044488 0.21759 0.23771 -0.0016056 0.038459 0.1079 0.18381 -0.04277 0.038532 0.089942 0.087299 0.098129 -0.006805 0.19585 0.21019 0.063248 0.055115 0.23043 0.51487 -0.043194 0.16465 0.14251 0.37464 0.0061743 -0.015163 0.049758 0.046353 -0.019073 0.012929 0.081904 0.080523 0.036752 -0.093206 0.062426 0.14888 0.079079 -0.10558 0.10441 0.22701
170.13 170.1 2.3 1.0324 0.0018954 -0.014664 0.036738 0.020765 -0.018369 0.017193 0.028305 0.026814 -0.0039957 0.0089625 0.0051276 0.010861 -9.189e-05 0.0003293 0.00010198 0.00038671 0.042481 0.0037271 0.051153 0.037207 0.039628 0.14041 0.11289 0.17603 -0.0037435 0.23129 0.069072 0.23373 -0.022361 0.12838 0.051256 0.19383 0.038945 -0.021518 0.040022 0.029697 0.10565 -0.11247 0.16789 0.31117 -0.00070005 -0.15818 0.12613 0.58516 -0.021465 -0.047135 0.13047 0.41329 0.00096845 -0.00096222 0.0013225 0.0012182 0.015565 -0.031016 0.020958 0.04531 0.0068301 -0.05625 0.022672 0.10834 -0.0017007 -0.042159 0.017644 0.079272
85.468 176.34 1.8637 5.5697 0.0038369 0.055403 0.022324 0.065706 0.0031057 0.073958 0.036909 0.084599 -0.0061613 0.095509 0.034595 0.097773 -0.01604 0.027301 0.017945 0.027899 -0.030586 -0.076994 0.058974 0.13979 0.017258 -0.089871 0.079597 0.1881 0.0020588 -0.096773 0.089456 0.20957 -0.033419 0.0038028 0.096248 0.11935 0.079228 0.12967 0.10958 0.18009 -0.068969 0.095678 0.18971 0.4203 -0.0496 0.0092596 0.081766 0.25388 -0.0096057 -0.027455 0.043904 0.089423 -0.070485 -0.046762 0.22575 0.34696 -0.078155 -0.04211 0.24509 0.32234 -0.051185 -0.020061 0.14849 0.18115 -0.028885 0.0026638 0.034163 0.037292
157.89 176.68 2.2156 1.0829 -0.0093809 0.012373 0.013062 0.015002 -0.0021141 0.0056316 0.0024171 0.0061889 -9.5216e-05 5.2025e-05 9.5216e-05 0.00010572 8.2761e-05 0.00010153 8.2761e-05 0.00010565 -0.0035085 0.10377 0.056411 0.11409 -0.01136 0.21604 0.067333 0.23068 -0.053056 0.11911 0.069508 0.20931 -0.012676 0.054369 0.018348 0.063361 0.025064 -0.061522 0.072904 0.23347 -0.0028588 -0.14462 0.12395 0.56313 -0.056467 -0.099189 0.16844 0.52434 -0.035458 -0.021318 0.06407 0.13633 0.0069089 -0.019033 0.011756 0.034672 0.0059421 -0.055939 0.019481 0.10838 -0.0095922 -0.066278 0.025257 0.11059 -0.0081736 -0.026692 0.012583 0.030704
141.89 179.6 1.9371 0.88518 -8.3831e-05 -1.1783e-05 0.00025254 0.00020608 0.00025944 -0.00059668 0.00025944 0.00059668 0.0047118 0.0034698 0.011874 0.0097322 -0.0020865 0.0014502 0.0077833 0.0071913 -0.00038018 0.012008 0.0041363 0.012055 0.0018785 0.013826 0.010383 0.013826 0.0078154 0.02651 0.035711 0.044005 -0.0052533 0.0072639 0.011819 0.015475 -0.032016 0.14604 0.17284 0.4315 -0.032276 0.19752 0.20887 0.456 -0.086885 0.13787 0.16204 0.24695 -0.030428 0.0050099 0.032255 0.032875 -0.012388 -0.10089 0.13862 0.33426 -0.053433 -0.12519 0.17383 0.3387 -0.082317 -0.086056 0.11493 0.12279 -0.0103 -0.0047383 0.0103 0.0056321
71.629 182.89 2.3207 5.6122 0 0 0 0 0 0 0 0 0 0 0 0 0 0 0 0 0.017622 0.07267 0.019258 0.07267 -0.006191 0.14593 0.043809 0.14593 -0.011633 0.1206 0.03168 0.1206 -0.0077932 0.017699 0.0082224 0.017699 -0.014999 0.0068426 0.1525 0.32876 -0.021142 -0.034874 0.21531 0.40613 0.048097 0.0398 0.1776 0.40637 -0.095286 0.06173 0.13548 0.21849 -0.0072541 -0.035 0.062424 0.11048 0.031171 0.14766 0.096258 0.32289 -0.032902 -0.015725 0.10081 0.3024 -0.0041725 -0.037177 0.089454 0.15187
90.882 183.41 2.0372 2.4528 0.0023449 0.00064249 0.0059373 0.004243 0.076794 -0.045944 0.091233 0.1109 0.057746 0.0083214 0.19432 0.2791 0.061519 0.066344 0.24468 0.32458 0.026984 0.019777 0.043446 0.05046 -0.0012262 0.042554 0.091618 0.21737 0.063347 -0.036907 0.12024 0.3396 0.01408 -0.13565 0.15031 0.34063 0.039407 -0.011386 0.048866 0.043765 0.11515 0.0020912 0.19853 0.26743 -0.022917 0.10782 0.13651 0.2807 -0.0030143 0.066422 0.082901 0.17102 0.0015862 -0.00067106 0.0015862 0.0010646 0.038834 -0.048528 0.039591 0.059016 0.013444 -0.10358 0.046262 0.11215 0.0025239 -0.055504 0.025642 0.069631
133.8 188.3 2.1699 0.71747 -0.00013426 -0.0011198 0.00083788 0.0011198 0.0013255 0.0044667 0.032003 0.024875 -0.0059589 0.0010553 0.011681 0.010303 -0.00022949 -0.00083813 0.0017122 0.0017193 0.0038295 0.0084253 0.0058212 0.0084776 0.0081264 0.036445 0.064675 0.080188 -0.015978 0.018929 0.025166 0.033397 -0.00056108 0.00017323 0.00064329 0.00054699 -0.00057065 0.20636 0.17962 0.38876 -0.14789 0.21012 0.32344 0.3642 -0.10764 -0.0014733 0.11588 0.086977 -0.0010096 -0.00040045 0.0010782 0.00099875 -0.068292 -0.068297 0.30668 0.43615 -0.15217 -0.13548 0.20137 0.20734 -0.035372 -0.012355 0.036149 0.016367 0 0 0 0
138.24 194.52 1.8657 5.2106 -1.2299e-05 -1.5754e-05 1.2299e-05 1.8552e-05 0 0 0 0 0 0 0 0 0 0 0 0 0.0028999 4.9083e-05 0.0028999 0.0011091 -0.0025519 0.02956 0.02577 0.033775 -0.0025962 0.046731 0.013366 0.046731 -0.0015516 0.004361 0.0015516 0.004361 0.0059119 0.0048411 0.022169 0.036501 0.14235 0.059033 0.18234 0.19387 -0.05787 0.26282 0.24963 0.37136 -0.081444 0.07519 0.095005 0.10287 -0.00024144 -0.0044236 0.0060669 0.011425 0.10572 -0.048163 0.1082 0.062632 0.14839 -0.018342 0.4487 0.42495 -0.10521 0.079788 0.26452 0.26592
138.85 136.57 2.7569 5.7021 -0.030018 0.033331 0.14308 0.13162 -0.055329 0.021584 0.084667 0.075067 -0.0057087 -0.001824 0.034361 0.02206 -0.00042877 -0.0016912 0.0046143 0.0038856 0.0083606 -0.06018 0.25282 0.20758 -0.12164 0.029464 0.27522 0.24491 -0.028757 0.010021 0.044116 0.051127 1.0308e-05 -1.4324e-05 0.00021757 0.00044163 0.066267 -0.051473 0.14705 0.11572 -0.03265 -0.059132 0.32257 0.5129 -0.043135 0.023126 0.20836 0.35998 -0.0069595 0.036944 0.056461 0.051191 0.0049483 -0.0062226 0.0050817 0.0062226 -0.0057731 -0.036804 0.021356 0.045684 0.084192 -0.0062727 0.18389 0.12735 -0.03602 0.026864 0.086213 0.086663
74.802 143.3 2.7777 5.7237 0 0 0 0 0.0091823 0.012865 0.009962 0.013843 0.014956 0.023141 0.036049 0.072199 -0.0012181 0.001935 0.017828 0.050662 0.0093502 0.00011908 0.0093502 0.0018625 0.015901 0.087818 0.17893 0.14746 -0.00671 0.10408 0.099064 0.21817 -0.010118 0.029734 0.062094 0.14821 0.015258 0.00077596 0.015258 0.0033703 0.10277 -0.048598 0.31868 0.36401 -0.068285 -0.0082843 0.22317 0.54575 -0.030104 -0.019172 0.12691 0.18856 0.00044123 -6.1617e-05 0.00044123 0.00021261 0.064163 0.055285 0.10747 0.12507 -0.021798 0.040005 0.23507 0.28496 -0.032086 0.00018644 0.054589 0.05098
92.748 147.02 2.97 3.0857 0.00085906 0.0023635 0.01521 0.0099556 0.025467 0.0025365 0.045919 0.025145 0.11838 -0.0064722 0.1434 0.12619 -0.035084 0.029358 0.24842 0.098719 0.009587 0.019316 0.053432 0.074055 0.015024 0.015864 0.10142 0.14731 0.054807 -0.062909 0.25653 0.35799 -0.045494 -0.12238 0.22453 0.19093 0.019694 -0.016191 0.047758 0.11199 0.038148 -0.035517 0.098402 0.37368 -0.018245 0.025932 0.23271 0.47778 -0.053453 0.0068678 0.078424 0.077732 0.0018125 -0.002805 0.021385 0.047531 0.007205 -0.01557 0.026011 0.10573 0.0025802 -0.066889 0.12665 0.14972 -0.021769 -0.012619 0.033166 0.021915
65.473 150.18 2.6614 3.3264 0.00055412 0.0020578 0.058972 0.058548 0.051065 -0.038811 0.11923 0.27969 0.019945 0.06827 0.23811 0.46318 -0.027388 -0.014244 0.1423 0.18973 0.016321 -0.016005 0.063439 0.082672 0.0083678 -0.013328 0.090517 0.22461 0.14455 -0.11659 0.3323 0.46553 -0.10135 -0.057699 0.22586 0.19058 0.0057269 -0.012351 0.0068985 0.013265 0.0048257 -0.042319 0.01987 0.073407 -0.0025184 -0.070854 0.047099 0.11514 -0.01244 -0.021506 0.021145 0.02528 0 -0 0 0 0 -0 0 0 0 -0 0 0 0 -0 0 0
180.74 151.77 2.8992 3.2321 0 -0 0 0 0 -0 0 0 0 -0 0 0 0 -0 0 0 0.020375 0.12423 0.049008 0.13561 -0.042844 0.11892 0.059352 0.13867 0.0085067 0.086549 0.065715 0.1233 -0.015666 0.026873 0.027021 0.028478 -0.02684 0.079703 0.47558 0.37115 -0.14281 -0.053575 0.22465 0.27025 0.1495 0.069544 0.20505 0.25891 -0.11526 0.038168 0.17659 0.087691 -0.10224 -0.1068 0.24891 0.14904 -0.011556 -0.043998 0.045151 0.050588 0.050777 -0.045954 0.13822 0.20255 -0.039058 -0.029389 0.060406 0.061854
103.83 162.53 2.8918 3.2101 0.0029765 -0.012158 0.020613 0.017319 0.0047795 -0.0020038 0.028362 0.015259 -0.0043194 0.0012553 0.035698 0.026441 0.075383 0.015312 0.12148 0.10564 0.0097324 0.0075329 0.019562 0.011502 -0.0012444 0.038793 0.068837 0.056772 0.025839 0.031585 0.070993 0.060655 0.14276 0.020305 0.19882 0.20594 0.0023052 0.022701 0.064513 0.068315 0.047942 0.051846 0.16818 0.26545 -0.011799 0.12819 0.17472 0.38438 0.029381 -0.041072 0.24111 0.42313 0.0035523 -0.0037393 0.049813 0.04559 0.013326 -0.014642 0.072301 0.1512 0.050253 -0.062377 0.12627 0.34319 -0.028533 0.0065618 0.19739 0.28337
68.19 168.77 2.5278 2.8267 0.0048098 0.018101 0.043039 0.074286 0.052907 -0.011271 0.12366 0.26535 0.039153 -0.052477 0.13319 0.51145 -0.00043195 -0.025009 0.17652 0.45089 0.019419 -0.028643 0.067445 0.10885 0.0017749 -0.02459 0.11213 0.25834 0.0036408 -0.055143 0.09037 0.35333 -0.0018512 -0.12105 0.18121 0.24579 0.0053627 -0.016518 0.0076495 0.016518 0.019575 -0.060507 0.031265 0.091642 -0.016854 -0.068432 0.043355 0.14132 -0.011692 -0.027944 0.01536 0.038008 -0 0 0 0 -0 0 0 0 -0 0 0 0 -0 0 0 0
82.234 185.61 2.9595 5.5181 0 0 0 0 0 0 0 0 0 0 0 0 0 0 0 0 0.021753 0.078684 0.046586 0.10896 0.018632 0.12463 0.068962 0.17187 -0.048334 0.080926 0.063434 0.11689 -0.0050655 0.0059216 0.0050655 0.0066236 -0.00854 -0.025746 0.1264 0.21918 -0.016034 0.0039956 0.15142 0.39364 -0.05562 -0.054977 0.14954 0.24957 -0.021079 -0.0015518 0.030213 0.026348 -0.027372 0.032953 0.29941 0.44641 -0.085482 -0.0070006 0.30088 0.38306 -0.058373 0.0098611 0.10106 0.13215 -0.0057085 -0.00023956 0.0078943 0.0060898
169.33 190 2.7544 4.2419 0 -0 0 0 -2.7051e-17 8.3055e-17 2.7051e-17 8.3055e-17 0 -0 0 0 0 -0 0 0 0.00051303 0.0095366 0.002867 0.0095366 -0.0016459 0.049601 0.0069525 0.049601 -0.0064998 0.028182 0.0068895 0.028182 -0.00048203 0.00072992 0.00048203 0.00072992 0.059361 0.023457 0.091894 0.16849 0.025107 0.14879 0.213 0.64789 -0.076623 0.18779 0.15426 0.50299 -0.056228 0.040369 0.060901 0.064139 0.011608 -0.030953 0.021784 0.045765 0.030226 -0.10779 0.06348 0.19912 0.0051835 -0.11456 0.082199 0.21685 -0.040091 -0.0069436 0.057391 0.045358
79.975 196.26 2.6686 5.1954 0 0 0 0 0 0 0 0 0 0 0 0 0 0 0 0 6.045e-18 -1.1526e-17 6.045e-18 1.1526e-17 0.0010403 0.0058128 0.0029836 0.0058128 -6.9295e-05 0.0027204 0.0012567 0.0027204 0 0 0 0 0.04786 0.10682 0.11082 0.15645 0.019946 0.069066 0.20858 0.43526 -0.10075 0.068824 0.23343 0.3602 -0.016191 0.010808 0.031207 0.034106 -0.0073905 -0.0050811 0.19701 0.18489 -0.003387 0.094925 0.31388 0.42563 -0.06845 0.031081 0.20427 0.31437 -0.015105 0.006136 0.020237 0.031975
78.998 134.97 3.4421 2.8016 0.038519 0.0038564 0.063928 0.060509 0.058803 -0.092701 0.26433 0.30039 -0.11621 -0.10453 0.21523 0.1403 -0.0042395 -0.0012737 0.0042395 0.0017188 0.033787 0.024089 0.10246 0.22652 0.0013478 0.049033 0.22667 0.55077 -0.090976 0.04253 0.1317 0.15179 -0.00026844 2.498e-05 0.00026844 0.00010862 0.0094647 -0.036772 0.040245 0.16659 0.050986 -0.098333 0.19218 0.3325 -0.088121 -0.048549 0.1852 0.11821 -8.6563e-05 4.9124e-06 8.6563e-05 4.2308e-05 -0.0046804 -0.015603 0.017355 0.05521 -0.0084418 -0.024591 0.026905 0.052158 -0.0052433 -0.0078781 0.0089671 0.01022 -0 0 0 0
92.078 147.46 3.5692 3.2157 -0.0004155 -5.2452e-05 0.011834 0.0078895 0.012524 0.0032911 0.041577 0.015034 0.093781 0.036927 0.19161 0.12762 -0.064213 0.026026 0.21271 0.068277 0.015534 0.018061 0.051015 0.063153 0.020115 0.084336 0.097952 0.22049 0.12036 -0.052864 0.33237 0.40521 -0.091682 -0.081209 0.23509 0.16161 0.0089522 -0.0037928 0.061723 0.079532 0.049974 -0.01883 0.12288 0.33347 -0.067505 -0.023296 0.29286 0.40941 -0.027494 -0.01797 0.035069 0.037303 0.0051384 -0.0095358 0.011594 0.02088 0.005887 -0.024089 0.01842 0.074592 -0.01277 -0.045892 0.053916 0.067754 -0.0039561 -0.0022311 0.0040446 0.0031825
103.95 158.78 3.902 3.1571 4.3006e-05 -0.054453 0.081929 0.063309 -0.018263 -0.014868 0.033961 0.024939 0.05122 -0.00083802 0.081715 0.072655 0.0038239 0.021745 0.25439 0.1412 0.0061628 0.003131 0.011808 0.0091061 0.0012189 0.029066 0.046101 0.046586 0.096659 0.07024 0.14962 0.15393 0.024703 0.017274 0.33879 0.21327 0.0095618 0.015228 0.053715 0.043111 0.041337 0.016249 0.099908 0.23274 0.045677 0.05158 0.2173 0.54746 -0.038157 -0.066245 0.2157 0.26397 0.0097754 -0.0096981 0.023156 0.023126 0.0085868 -0.016255 0.052227 0.13168 0.050664 -0.05222 0.1002 0.24491 -0.037004 -0.022491 0.081683 0.08291
87.619 162.61 3.3413 3.3333 -0.0015706 0.0061671 0.011272 0.011573 0.0014984 0.018758 0.047072 0.039614 -0.00087294 0.021283 0.030853 0.038588 0.042967 0.014862 0.065139 0.079071 -0.0023369 0.020339 0.063151 0.058371 0.040343 0.032175 0.15252 0.21084 -0.027058 0.10005 0.13835 0.32154 0.05196 -0.0017878 0.19977 0.34736 0.0155 -0.012511 0.060855 0.050487 0.0036818 -0.0080389 0.10817 0.17148 0.078685 -0.085904 0.22081 0.45749 -0.033276 0.038807 0.27466 0.37689 0.0097579 -0.0092935 0.011162 0.012525 0.0076949 -0.023564 0.045918 0.089826 0.018399 -0.020826 0.043245 0.13324 -0.013595 -0.066174 0.11755 0.12561
108.06 171.69 3.8828 4.4015 0.0007228 0.0024538 0.0025185 0.0024803 -0.00099709 0.004539 0.0045934 0.0045441 0.041085 0.008302 0.04145 0.044251 0.11822 0.023578 0.16195 0.3859 0.0075517 0.015251 0.074167 0.051838 -0.019511 0.026793 0.082607 0.067992 0.008673 -0.0021567 0.034595 0.044975 0.063094 -0.11361 0.074428 0.16801 0.020714 0.0088555 0.17353 0.057473 -0.044075 0.046871 0.29164 0.14193 -0.016072 0.036245 0.06433 0.093136 0.013948 0.023877 0.054015 0.042749 0.081022 0.02731 0.15001 0.053123 -0.022559 0.057687 0.45338 0.18399 0.032178 0.16972 0.26546 0.27849 0.013312 0.097681 0.18029 0.2659
178.59 181.63 3.4596 3.8303 0 -0 0 0 0 -0 0 0 0 -0 0 0 0 -0 0 0 0.0015552 0.0024336 0.0020562 0.0024336 0.0031502 0.041294 0.0119 0.041294 -0.0055101 0.035343 0.0076938 0.035343 -7.1189e-05 0.00036804 7.1189e-05 0.00036804 0.066892 0.097717 0.16554 0.1988 0.071641 0.23328 0.3555 0.56638 -0.12449 0.13326 0.20737 0.34157 -0.03409 0.015785 0.039021 0.034562 0.022429 -0.055488 0.1099 0.15633 -0.019934 -0.14682 0.14346 0.29728 -0.030765 -0.096678 0.063363 0.13488 0.0048438 0.022861 0.049323 0.051157
147.19 188.4 3.4283 4.706 0 -0 0 0 0 -0 0 0 8.4862e-17 1.6187e-17 8.4862e-17 8.4648e-17 -2.1888e-17 1.6142e-17 1.8423e-16 8.1627e-17 0.0048026 0.001067 0.0050284 0.0051072 0.074099 0.072769 0.10017 0.16613 -0.037662 0.13381 0.09805 0.31205 -0.027121 0.046101 0.028725 0.064481 0.0033326 -0.0011412 0.0088236 0.017384 0.080233 -0.071917 0.095109 0.12959 0.11848 -0.067276 0.26125 0.68976 -0.093587 0.096557 0.17224 0.3472 -0.00079673 0.0011721 0.0047523 0.0098259 0.001474 -0.0028017 0.0028916 0.0034242 0.05274 -0.067836 0.059035 0.084808 0.0017673 -0.064746 0.1038 0.12426
95.914 107.18 5.0319 1.0115 0 0 0 0 0 0 0 0 0 0 0 0 0 0 0 0 0 0 0 0 -3.623e-05 0.00015753 3.623e-05 0.00015753 -0.00090936 0.00065489 0.00090936 0.00065489 -0.00019671 0.0014561 0.0013958 0.0014561 0.019879 0.036774 0.020418 0.039323 0.1029 0.19034 0.25047 0.41262 -0.021274 0.088454 0.42231 0.37368 -0.049888 0.036598 0.22675 0.15974 0.048403 0.022597 0.15596 0.11215 -0.0076276 -0.10234 0.25397 0.26547 -0.0027606 -0.092184 0.20778 0.19896 -0.013532 -0.017744 0.15948 0.083635
63.759 123.41 5.0615 1.0529 0 0 0 0 0 0 0 0 0 0 0 0 0 0 0 0 0 0 0 0 0 0 0 0 0 0 0 0 0 0 0 0 -0.047247 0.15867 0.23573 0.31811 -0.03457 0.12465 0.52283 0.35559 -0.090068 0.043816 0.17763 0.13224 -0.0028363 0.0017958 0.0029967 0.0017958 -0.04089 -0.09048 0.16155 0.19374 -0.018454 -0.047724 0.39178 0.222 -0.051361 -0.0074599 0.22269 0.093282 -0.0082888 0.0011074 0.015158 0.005174
87.771 123.62 5.2299 0.46965 0 0 0 0 0 0 0 0 0 0 0 0 0 0 0 0 0 0 0 0 0.0047316 0.013843 0.0054936 0.015263 0.026339 0.08835 0.22619 0.23151 -0.030588 0.028482 0.065986 0.091041 0.045088 0.013529 0.045088 0.018115 0.062514 0.13211 0.40926 0.35886 -0.062098 -0.027497 0.37919 0.43246 -0.024828 -0.010066 0.13972 0.16639 0.053233 0.011292 0.085165 0.053363 -0.04532 -0.073435 0.29283 0.20632 -0.041604 -0.045306 0.080288 0.073448 0.001581 -0.014737 0.028329 0.028987
108.91 123.12 5.3627 1.5888 -0 0 0 0 -0 0 0 0 -0 0 0 0 -0 0 0 0 0.029264 0.071195 0.074139 0.1553 0.04161 0.20463 0.13192 0.35303 -0.090733 0.090897 0.12885 0.17478 -0.0010942 0.0040184 0.0038898 0.0043306 -0.0041374 -0.04635 0.22899 0.19878 0.051656 -0.15178 0.1887 0.35877 -0.027439 -0.029466 0.46017 0.32 -0.050704 0.016035 0.17557 0.12513 -0.044735 0.03298 0.056135 0.070813 0.014677 -0.011167 0.025423 0.029705 0.014717 -0.032739 0.18489 0.076703 -0.019108 -0.012537 0.098802 0.033502
140.42 124.83 5.3397 1.6798 -0 0 0 0 -0 0 0 0 -0 0 0 0 -0 0 0 0 0.0073469 0.070821 0.044991 0.070991 0.04186 0.098448 0.1439 0.17635 0.042876 0.18467 0.11433 0.33754 -0.052132 0.082774 0.086891 0.1429 0.020458 -0.012469 0.19077 0.17179 -0.031732 -0.063698 0.33918 0.26581 0.065797 -0.1131 0.20268 0.35151 -0.013969 -0.034308 0.24643 0.21699 0.018471 0.054797 0.20877 0.23632 -0.10362 0.068265 0.12885 0.15734 0.0050067 -0.0093724 0.018266 0.024478 0.016841 -0.016148 0.11007 0.052084
156.25 122.95 5.226 0.96034 0 0 0 0 0 0 0 0 0.040087 0.037294 0.042631 0.043809 0.0059052 0.077831 0.095677 0.13383 0 0 0 0 0.015441 -0.0025615 0.015932 0.0080387 0.098174 0.03244 0.35762 0.31349 -0.032927 -0.081737 0.17325 0.21623 0 0 0 0 0.094152 0.075042 0.28381 0.2551 -0.078965 -0.02455 0.28945 0.26024 -0.012645 -0.021185 0.035981 0.040112 0 0 0 0 0.072873 -0.053719 0.12793 0.089309 0.048636 0.10116 0.2052 0.39123 -0.053716 0.079295 0.10144 0.23749
170.86 136.37 5.0748 2.8543 -0 0 0 0 -0 0 0 0 -0 0 0 0 -0 0 0 0 0.011272 0.087483 0.052359 0.087483 0.045293 0.13863 0.20075 0.23139 -0.064655 0.056424 0.13083 0.099714 -5.2155e-06 -1.7655e-05 5.2155e-06 1.7655e-05 -0.014776 0.043992 0.45569 0.24346 -0.04933 -0.099345 0.29013 0.28934 -0.054932 0.025106 0.23935 0.39408 -0.0175 0.015023 0.027627 0.02983 -0.02919 -0.073841 0.20099 0.098777 -0.0071044 -0.016175 0.051044 0.036145 0.080989 0.013095 0.22439 0.17737 -0.046237 0.030782 0.099686 0.048449
123.52 140.96 5.6754 4.4842 -0.001877 0.0090653 0.017872 0.020104 0.022047 -0.0023144 0.032002 0.041337 0.11501 -0.055263 0.17858 0.40769 -0.073062 0.0058648 0.13621 0.18066 0.0087958 0.027961 0.16893 0.063085 -0.028336 0.079088 0.10059 0.10964 0.071237 0.021678 0.16463 0.19095 -0.024347 -0.029616 0.22728 0.22935 0.030088 -0.034398 0.20688 0.12762 0.03574 -0.021183 0.31032 0.40972 -0.084273 -0.055793 0.20385 0.29181 -0.019096 -0.047144 0.076893 0.086935 0.0018286 -0.0074432 0.0060802 0.0076534 0.0038324 -0.045172 0.03234 0.05481 -0.0098298 -0.023028 0.01108 0.023585 -0.00054612 -0.00088266 0.00054612 0.00088266
169 172.63 5.5751 0.93497 0.023464 0.011862 0.02525 0.025515 0.0064726 0.0083909 0.20901 0.17562 -0.0295 -0.071827 0.099882 0.096584 0.0020131 -0.023168 0.049183 0.04172 0.038008 -0.021372 0.040112 0.045281 0.092221 0.015663 0.31916 0.39233 -0.083413 0.16211 0.21682 0.47536 -0.03096 0.007369 0.043026 0.0537 0.00030199 -0.0007818 0.00051511 0.0007818 0.10944 -0.12252 0.12146 0.21573 -0.057814 -0.18676 0.17448 0.38923 -0.024642 -0.016776 0.027414 0.034609 0 0 0 0 0 0 0 0 -4.968e-17 -4.0643e-17 5.9082e-17 5.3382e-17 -9.039e-18 -3.4887e-18 1.0954e-17 6.0836e-18
178.47 187.95 5.1671 3.9792 0 -0 0 0 0 -0 0 0 0 -0 0 0 0 -0 0 0 -4.4839e-17 4.3877e-18 4.4839e-17 4.4138e-17 1.3619e-05 0.035226 0.0039686 0.035226 -0.002441 0.024295 0.002598 0.024295 0 -0 0 0 0.067818 0.023506 0.086883 0.09461 0.10785 0.07115 0.36161 0.65 -0.16092 0.055825 0.27607 0.43904 -0.017702 0.015172 0.022552 0.02056 0.012292 -0.010679 0.024035 0.027517 0.0097799 -0.093663 0.059271 0.13694 0.042465 -0.041593 0.14407 0.18163 -0.043694 0.0067363 0.088503 0.073731
113.86 153.93 6.7082 4.4282 0.00080454 0.0036185 0.0016079 0.0039953 0.0011637 0.0032465 0.0041551 0.0058342 0.075938 0.049377 0.12768 0.24025 -0.054439 0.0593 0.098321 0.15112 0.015858 0.0099119 0.05441 0.033201 -0.022503 0.033112 0.08764 0.070099 0.082302 -0.059871 0.13803 0.19897 -0.042967 -0.035815 0.28231 0.29473 0.060888 -0.007625 0.095956 0.0518 0.078303 0.010011 0.41251 0.31486 -0.069767 0.014735 0.2998 0.40122 -0.040538 -0.046929 0.15983 0.14022 0.0070254 -0.0067551 0.0074935 0.0091003 0.023594 -0.050484 0.058166 0.073223 -0.021051 -0.06127 0.047556 0.081051 -0.0042638 -0.0049132 0.0049878 0.0058266
187.71 154.51 7.2768 2.6018 -0 0 0 0 -0 0 0 0 -0 0 0 0 -0 0 0 0 -0 0 0 0 0.0080963 0.019208 0.0080963 0.019407 0.012064 0.10584 0.12618 0.13592 -0.014478 0.011793 0.019801 0.016979 5.4522e-17 1.3668e-17 5.4522e-17 1.3668e-17 0.11198 0.11392 0.5376 0.26941 -0.072799 -0.05163 0.41038 0.39173 -0.04831 0.065398 0.15538 0.17945 5.1728e-17 1.2967e-17 5.1728e-17 1.2967e-17 0.034541 -0.10858 0.28025 0.13833 -0.042295 -0.034292 0.12079 0.066946 0.02521 -0.01355 0.1494 0.12889
55.425 158.66 9.4548 5.6957 0 0 0 0 0 0 0 0 0 0 0 0 3.6672e-19 5.5075e-19 3.6672e-19 5.5075e-19 0 0 0 0 0.0079504 0.0085749 0.0079504 0.010746 0.00061145 0.027653 0.02259 0.060361 -0.0033439 0.0042077 0.0040164 0.0053507 0 0 0 0 0.089207 0.095103 0.22172 0.32719 -0.061268 0.084153 0.25775 0.37214 -0.011459 0.035537 0.048506 0.05444 0 0 0 0 0.15787 -0.032261 0.23672 0.18629 -0.10706 0.035235 0.3494 0.27146 0.0092328 0.053717 0.47952 0.20227
127.12 158.73 12.771 4.2697 -6.1009e-19 2.8926e-19 3.3055e-18 1.5672e-18 -0.0010316 0.0033482 0.0010316 0.0033482 -0.0045262 0.012623 0.0045262 0.012623 -4.2079e-05 0.00011928 4.2079e-05 0.00011928 0.0061219 0.0044426 0.0066072 0.0045104 0.076869 0.020596 0.12639 0.19062 -0.034874 0.016028 0.43597 0.62263 -0.026399 0.004432 0.040527 0.027154 0.010963 0.00056014 0.01372 0.0046507 0.069089 -0.039524 0.28387 0.29981 -0.066861 -0.098842 0.24215 0.32552 -0.0098872 -0.0051349 0.017243 0.012575 0.00047186 -0.00011952 0.00048285 0.00011952 0.0027615 -0.02287 0.021691 0.02287 -0.0051479 -0.013157 0.0094799 0.013157 -3.4932e-05 -1.4026e-05 3.4932e-05 1.4026e-05
