38 64
96.135 115.58 2.0484 0.84205 0 0 0 0 0 0 0 0 0 0 0 0 0 0 0 0 0.032556 0.066228 0.032556 0.066228 0.023399 0.22561 0.10639 0.24482 -0.074516 0.08732 0.08982 0.1246 -0.0014377 0.00057243 0.0014377 0.00080105 0.082394 0.098431 0.30391 0.33585 -0.13908 -0.093146 0.35944 0.45723 -0.13568 -0.069739 0.22368 0.18978 0.019369 0.0087727 0.039108 0.023034 -0.035002 -0.067952 0.20856 0.13372 -0.051738 -0.075184 0.15326 0.12818 -0.022054 -0.017702 0.068268 0.073167 0.01115 0.005163 0.05329 0.024866
122.27 129.87 1.9547 1.7057 0.011995 -0.0066918 0.097704 0.18049 -0.019385 -0.07163 0.17464 0.4364 0.020303 -0.057767 0.20244 0.39628 0.0020064 -0.0077046 0.10669 0.1874 -0.01009 -0.058304 0.10062 0.13354 -0.04609 -0.037495 0.13774 0.15514 0.048022 -0.050989 0.14578 0.18372 0.016083 -0.08186 0.10133 0.1359 0.00532 0.0078018 0.079383 0.12551 0.027813 0.040584 0.23019 0.29355 -0.055476 0.0073818 0.17295 0.21325 -0.0090665 0.0020513 0.060315 0.067136 0.0061037 -0.01075 0.03433 0.073488 -0.0047327 -0.02251 0.083668 0.16259 -0.0036149 -0.004797 0.056303 0.099824 0.001573 0.020581 0.027723 0.061039
131.71 135.51 2.028 2.4602 0.010355 0.0033017 0.016692 0.012235 0.064981 -0.02974 0.13556 0.10637 0.054684 -0.046969 0.19854 0.17259 -0.032002 0.032715 0.32206 0.25799 0.019965 0.019381 0.096892 0.062581 -0.0093349 0.022043 0.20552 0.18401 0.0028849 -0.076063 0.19389 0.191 0.064063 -0.10926 0.23729 0.23596 0.0030838 0.0094735 0.085007 0.082661 0.051716 -0.010685 0.2179 0.2614 -0.042171 0.029914 0.23947 0.33246 -0.0021048 0.00309 0.099214 0.1079 0.0056176 0.014385 0.057812 0.07035 -0.0050586 0.012288 0.13661 0.13738 0.0097872 -0.043098 0.13517 0.14198 -0.0047316 -0.0057257 0.054442 0.069236
108.52 138.01 1.8936 1.6094 -0.020977 -0.061887 0.086808 0.11487 0.041378 -0.11223 0.15286 0.22349 0.0087916 -0.1382 0.22269 0.21375 -0.049398 -0.066088 0.1174 0.10442 0.0071547 0.065489 0.21845 0.28829 -0.076443 0.041096 0.23484 0.26654 -0.025555 -0.014315 0.13562 0.16086 -0.0053408 -0.0012111 0.034605 0.026738 -0.020825 -0.029708 0.14683 0.25199 -0.018172 -0.0042573 0.13919 0.25798 0.013248 0.07226 0.12603 0.2555 -0.0011575 0.0085928 0.15084 0.11935 0.0065441 0.019893 0.067012 0.13688 -0.0099217 0.0070689 0.08484 0.17184 -0.017846 -0.015629 0.11067 0.223 -0.00089456 0.008237 0.050807 0.058708
128.62 142.03 1.8376 4.8353 0.010077 -0.0076714 0.057362 0.098183 -0.020733 -0.024946 0.10695 0.17436 -0.024857 -0.003996 0.10091 0.14537 -0.0042957 0.01631 0.039519 0.058643 0.0095016 0.0036097 0.070843 0.13536 0.0036745 0.064792 0.17673 0.32555 -0.035433 0.079027 0.10351 0.25673 0.010276 -0.010206 0.081977 0.13182 0.051097 -0.01716 0.15878 0.18622 -0.065419 -0.063149 0.3251 0.42304 -0.014951 -0.050064 0.18779 0.266 -0.039776 0.0038845 0.077557 0.091584 -0.024645 0.023392 0.083562 0.10262 0.027031 -0.011165 0.11863 0.12747 0.020205 0.087695 0.17135 0.1879 -0.0096587 0.069333 0.11992 0.10544
137.72 141.73 2.1212 4.519 -0.02722 -0.0072683 0.070565 0.094846 -0.0054473 0.005504 0.085395 0.12485 -0.0031947 0.034654 0.080227 0.15414 -0.015589 0.009187 0.049489 0.067659 -0.0080379 0.0077448 0.10979 0.22284 -0.0060813 0.082519 0.11607 0.25564 -0.033086 -0.0086696 0.10709 0.23163 -0.011628 -0.016205 0.048293 0.070394 0.031234 0.037085 0.27499 0.30499 -0.049894 -0.044797 0.2765 0.29088 -0.03592 0.034737 0.19873 0.24771 -0.026185 0.053675 0.061704 0.070251 -0.016266 -0.04198 0.10192 0.12057 0.061162 0.030682 0.17734 0.1529 0.035301 0.12354 0.20015 0.23313 -0.055813 0.039453 0.16588 0.1424
72.977 147.18 1.9557 5.7928 0 0 0 0 0 0 0 0 0 0 0 0 0 0 0 0 0 0 0 0 0.076475 0.071781 0.090204 0.12625 0.02839 0.13947 0.1031 0.21919 -0.0039033 0.099902 0.083722 0.11319 0.016947 0.0033531 0.016947 0.004801 0.11053 0.13957 0.30746 0.32277 -0.036371 -0.07903 0.3385 0.41119 0.031053 -0.055496 0.16126 0.16895 0.015082 -0.001432 0.015082 0.0044184 0.038873 -0.12187 0.19827 0.30981 -0.063866 -0.046588 0.15783 0.28843 0.0097798 0.011203 0.053822 0.0758
86.197 147.91 2.0108 3.5957 -0.0056112 0.00090233 0.081498 0.09473 -0.053779 -0.042849 0.12546 0.14651 0.031237 -0.0045875 0.24651 0.12953 0.0010954 -0.0041952 0.10176 0.057828 0.023547 -0.0082488 0.11955 0.092707 -0.091256 0.030732 0.17297 0.13957 -0.0037236 0.030861 0.28585 0.23597 -0.013101 -0.0035846 0.062369 0.048863 0.063397 -0.058209 0.094453 0.09022 -0.021723 0.0022739 0.31009 0.21003 -0.014903 0.0050489 0.43003 0.45171 -0.056166 -0.00025918 0.070201 0.069379 0.010904 -0.010364 0.011157 0.01129 0.0033999 -0.06579 0.1167 0.092983 -0.01412 -0.080306 0.090847 0.11244 -0.015334 -0.013521 0.018988 0.020552
101.62 148.22 1.9794 1.8716 -0.018598 -0.038079 0.16157 0.21109 -0.0277 -0.0060097 0.13624 0.16086 -0.008613 -0.032939 0.073123 0.096172 -0.0043157 -0.0094558 0.020157 0.023813 -0.025258 0.0067425 0.13266 0.205 0.0091685 0.04461 0.12255 0.29097 -0.0053522 0.05819 0.17456 0.25368 0.072932 0.030831 0.25427 0.15718 -0.062225 0.043449 0.13485 0.14836 0.0033952 -0.026679 0.23327 0.40341 -0.0227 -0.028254 0.13197 0.20422 0.058039 -0.0030065 0.16205 0.17301 -0.027215 0.01128 0.078917 0.083717 -0.031529 0.05197 0.17439 0.14786 -0.0065671 0.06639 0.15022 0.12586 0.0066421 0.01587 0.071427 0.085837
165.63 155.78 1.9648 0.39463 0.00075127 -0.0047327 0.008715 0.012227 0.027601 -0.023827 0.086086 0.091844 -0.024949 -0.043567 0.096199 0.12473 0.02227 0.0094037 0.042161 0.057731 0.11573 0.028164 0.18153 0.23533 -0.10807 0.12475 0.31237 0.38402 0.061743 0.044988 0.21518 0.20805 0.027844 0.073651 0.10923 0.19582 0.072026 -0.055403 0.086043 0.10173 0.00099093 -0.081647 0.25365 0.35027 -0.028061 -0.034004 0.18677 0.33334 -0.012516 -0.088209 0.086217 0.17801 0.0021294 0.00030693 0.0021294 0.00092775 0.0088366 -0.038419 0.018548 0.047293 -0.006032 -0.038957 0.01348 0.045787 -0.0021765 -0.0075892 0.0031815 0.0093457
173.37 155.5 2.0243 3.3317 -1.5609e-17 1.2072e-17 1.3047e-16 7.8499e-17 -1.0458e-17 7.0823e-18 1.0458e-17 7.0823e-18 0 -0 0 0 0 -0 0 0 0.024047 0.050472 0.031663 0.056896 0.030845 0.13616 0.10455 0.19791 -0.057702 0.10088 0.08298 0.13449 -0.0011447 0.0024564 0.0011447 0.0024564 -0.021841 0.07489 0.14647 0.22024 0.02592 -0.065275 0.30023 0.28637 0.0034942 -0.056941 0.37058 0.62405 -0.069633 0.00043709 0.081532 0.11236 -0.037856 -0.040485 0.076253 0.12655 -0.015998 -0.0073751 0.13212 0.10328 -3.1659e-05 -0.02859 0.08518 0.12353 -0.0069668 -0.0099692 0.011607 0.018548
77.593 159.25 2.0489 5.7516 0 0 0 0 0 0 0 0 0 0 0 0 0 0 0 0 0.020554 0.057907 0.039268 0.068355 0.023783 0.16825 0.082392 0.196 -0.03832 0.18058 0.11776 0.19513 -0.027013 0.081864 0.033081 0.082823 0.06613 0.082876 0.18606 0.27296 0.010555 -0.021879 0.31048 0.32422 0.037229 -0.0090238 0.25394 0.26695 -0.030013 0.036297 0.13566 0.20339 0.0020157 -0.049112 0.1647 0.28851 -0.048586 0.032535 0.15316 0.26836 0.045901 -0.024098 0.13314 0.14886 0.044081 -0.028524 0.10847 0.15514
106.85 159.45 2.0094 0.84639 -0.033051 0.00051828 0.11148 0.08744 0.021254 0.024598 0.19839 0.12558 0.0040287 0.0020813 0.1249 0.071955 0.038492 0.013964 0.088561 0.079314 -0.004503 0.015454 0.14641 0.15101 0.017003 0.0030276 0.28187 0.26409 0.056801 0.12697 0.24034 0.27803 0.035091 0.011846 0.16523 0.1375 0.022588 0.016224 0.18388 0.21058 0.017331 0.17297 0.15848 0.27607 0.043395 0.04882 0.2697 0.20358 -0.052253 -0.017698 0.19447 0.13432 0.041994 -0.012485 0.10405 0.088168 0.035781 -0.023327 0.12038 0.1085 -0.028958 -0.020406 0.16979 0.10635 -0.051544 -0.032512 0.07806 0.049071
128.05 174.28 2.042 3.886 0 -0 0 0 0.018272 0.014412 0.0313 0.036896 0.074535 0.028333 0.12421 0.17252 -0.016187 -0.015836 0.10942 0.14563 0.0098992 0.044751 0.045924 0.04876 0.0017428 0.094234 0.119 0.17539 0.014513 -0.016199 0.15966 0.27222 -0.053778 -0.044448 0.10071 0.14866 0.063488 0.055167 0.18399 0.13861 0.015284 0.19455 0.25375 0.27528 -0.1552 0.1358 0.27053 0.21714 -0.016806 0.030446 0.19621 0.18801 0.013101 0.022931 0.15385 0.075822 0.012569 -0.074439 0.15986 0.16707 -0.067639 -0.038708 0.20801 0.22939 -0.031658 -0.0031938 0.16582 0.13507
165.4 174.23 1.9241 3.8468 0 -0 0 0 0 -0 0 0 1.1772e-16 8.9386e-17 2.2156e-16 2.07e-16 -2.1337e-17 3.5568e-18 8.938e-17 6.2878e-17 0.0060527 0.005585 0.0060527 0.005585 0.021392 0.10328 0.02929 0.10328 -0.014372 0.13585 0.056245 0.16295 -0.011365 0.085208 0.023749 0.087478 0.052442 0.09869 0.097291 0.14669 0.1001 0.047446 0.21542 0.36978 -0.088811 0.038855 0.3664 0.44181 0.017971 -0.0019405 0.1894 0.28147 0.0052616 -0.007604 0.10569 0.1618 -0.037289 -0.070473 0.15235 0.19767 -0.018487 -0.070415 0.13997 0.18116 0.083564 -0.052457 0.1556 0.14949
95.873 175.75 2.1442 5.3727 0 0 0 0 0 0 0 0 0 0 0 0 0 0 0 0 0.022285 0.13154 0.048459 0.14622 -0.014982 0.21157 0.10001 0.23251 -0.059076 0.12114 0.088595 0.14974 -0.0080799 0.023679 0.011033 0.023679 0.007641 -0.053303 0.17154 0.21519 0.03602 -0.0038818 0.30251 0.33421 -0.060337 0.09501 0.231 0.37179 -0.059039 0.1054 0.095754 0.18162 0.0078815 -0.028952 0.07764 0.10053 0.048447 -0.064504 0.24109 0.28614 0.063685 -0.01016 0.16902 0.1802 -0.039294 0.046971 0.095487 0.11793
106.3 176.31 1.9336 5.1612 0.0024859 0.013544 0.0025744 0.013544 -0.0024143 0.021195 0.0057074 0.021195 -0.00048814 0.00047618 0.00048814 0.00047618 0 0 0 0 0.006631 0.085639 0.13346 0.15638 -0.028115 0.1874 0.18052 0.26631 -0.043613 0.19455 0.097153 0.24461 -0.041602 0.060811 0.049346 0.085366 0.03945 -0.06157 0.22588 0.18344 0.031229 -0.030943 0.27548 0.29725 -0.0021544 0.10394 0.16466 0.33829 -0.097647 0.043113 0.13588 0.14609 0.045541 -0.0038733 0.13531 0.15461 0.058326 -0.065938 0.18951 0.22712 0.069473 -0.051566 0.16229 0.16139 -0.081876 -0.023242 0.09667 0.098302
146.2 179.17 2.2162 4.1676 0 -0 0 0 -3.5381e-16 7.7566e-16 3.5381e-16 1.1597e-15 0.00028884 0.00047669 0.00028884 0.00047669 -4.5468e-07 0.0013336 0.00045286 0.0013336 2.4188e-05 0.011124 0.0094768 0.01805 0.081361 0.086625 0.13223 0.16031 0.070711 0.14928 0.19188 0.26346 -0.023093 0.12281 0.16957 0.21331 0.024738 0.0042473 0.084559 0.099061 0.11026 -0.016458 0.24746 0.2995 -0.03629 -0.11495 0.35812 0.32518 0.0083991 -0.13004 0.25338 0.23864 -0.031896 0.10307 0.098028 0.15644 -0.05708 -0.0047476 0.16004 0.17778 -0.020255 0.0054723 0.090483 0.12956 0.0072795 0.054366 0.058178 0.11457
153.97 180.28 2.3129 4.529 4.9302e-17 1.3293e-16 2.7307e-16 1.9271e-16 -4.1252e-17 1.5618e-16 1.9269e-16 1.8426e-16 0 -0 0 0 0 -0 0 0 0.028299 0.04857 0.063209 0.057749 -0.016111 0.14423 0.0772 0.14813 -0.021745 0.11737 0.046344 0.11737 -0.0075315 0.012417 0.0077711 0.012417 0.066683 0.04712 0.20054 0.14348 -0.0018215 0.01511 0.39121 0.26135 -0.033912 0.12081 0.43829 0.3227 -0.10324 0.087735 0.18188 0.15799 -0.0094595 -0.031676 0.11427 0.094696 -0.028273 -0.078796 0.14672 0.10158 0.028785 -0.1159 0.25451 0.19317 0.016345 -0.019692 0.17428 0.15224
123.37 137.53 2.7307 5.0734 -0.0024715 -0.0021819 0.053239 0.072047 0.019935 -0.014265 0.095858 0.12524 -0.025055 -0.028817 0.099937 0.10962 -0.0051859 -0.0094243 0.049478 0.043639 0.00023967 0.006963 0.05547 0.072983 0.03491 0.02653 0.15651 0.22443 -0.034027 0.025098 0.15589 0.26512 -0.0037668 -0.0077724 0.08812 0.10485 -0.045473 0.11329 0.15608 0.19461 0.002619 0.018539 0.1823 0.22402 -0.0040092 0.02518 0.16885 0.21675 -0.024308 0.0042419 0.065362 0.053864 0.014859 -0.061343 0.098679 0.17261 0.014254 -0.06677 0.16854 0.53302 -0.017372 -0.01311 0.13948 0.31528 -0.047159 -0.007892 0.06667 0.080779
87.675 167.53 2.4452 5.4623 0 0 0 0 0 0 0 0 0 0 0 0 0 0 0 0 0.051264 0.092447 0.08221 0.11273 0.023699 0.19245 0.09296 0.23213 -0.026391 0.18089 0.11969 0.24783 -0.047666 0.077447 0.065224 0.092231 0.001534 -0.054081 0.177 0.21976 0.041855 -0.096491 0.25289 0.29795 0.053463 -0.023541 0.29667 0.33765 -0.041276 0.038046 0.11407 0.21404 -0.043725 0.0053091 0.11264 0.15751 0.034256 0.027706 0.12887 0.13736 0.071209 -0.065633 0.25084 0.23106 0.036496 -0.006577 0.096375 0.10993
158.76 170.1 3.117 0.85826 -0.016584 0.045049 0.067993 0.078164 0.016192 -0.0076616 0.14349 0.20726 0.024208 -0.0028603 0.15764 0.20158 0.04703 -0.055276 0.1147 0.13719 0.015134 0.022255 0.29587 0.2782 -0.018599 0.13102 0.30823 0.33635 0.0043714 0.085293 0.27089 0.3208 -0.048643 -0.048122 0.11687 0.15673 0.026719 -0.037088 0.049882 0.074575 0.028424 -0.10672 0.15856 0.25967 -0.055064 -0.13798 0.12495 0.21702 -0.01558 -0.024782 0.020902 0.03158 -4.7839e-18 -5.5372e-18 4.7839e-18 5.5372e-18 0.00020521 -0.00039997 0.00031073 0.00039997 0.000233 -0.0003857 0.00026423 0.0003857 0 0 0 0
117.38 180.41 2.9348 4.5949 0 -0 0 0 0 -0 0 0 0 -0 0 0 9.8527e-18 2.4037e-17 1.7011e-16 1.6171e-16 0.011496 0.036417 0.018418 0.036417 0.035625 0.13902 0.068628 0.16748 -0.01321 0.071906 0.099382 0.11213 0.020122 0.068315 0.11183 0.10333 0.073485 0.090674 0.20927 0.1456 0.066691 0.061173 0.29271 0.3162 -0.13948 0.093046 0.28561 0.31868 -0.018821 -0.033833 0.17837 0.14534 -0.0065315 -0.043322 0.13221 0.11275 0.032832 -0.065918 0.21259 0.31662 -0.034332 -0.06971 0.19347 0.29201 -0.0054082 0.010048 0.099734 0.16594
134.17 180 2.578 4.2895 0 -0 0 0 5.8804e-17 -2.6466e-17 5.8804e-17 2.6466e-17 1.0295e-16 -4.6333e-17 1.0295e-16 4.6333e-17 0 -0 0 0 0.010372 0.023059 0.014875 0.023059 0.021873 0.04218 0.05506 0.066436 0.052951 0.11042 0.1835 0.19553 0.001812 0.08915 0.18181 0.20429 0.076144 0.10944 0.16398 0.17085 -0.064748 0.19875 0.25097 0.32463 -0.047558 -0.022834 0.27379 0.28517 -0.0055347 -0.058852 0.17522 0.17447 0.002483 -0.044275 0.18756 0.14954 -0.061977 -0.07159 0.19944 0.25191 -0.049117 0.015601 0.20369 0.26262 -0.0059231 0.014652 0.084506 0.132
102.56 181.88 2.8037 4.9147 0 0 0 0 0 0 0 0 0 0 0 0 0 0 0 0 0.0040943 0.010992 0.0040943 0.010992 0.0039731 0.092452 0.037268 0.092452 -0.0056161 0.10001 0.035919 0.10362 -0.0086028 0.017432 0.012304 0.024568 0.06102 0.099243 0.13529 0.1679 0.0448 0.10936 0.36236 0.29441 -0.018778 0.1821 0.24473 0.37615 -0.077936 0.092367 0.17931 0.15609 -0.029229 -0.023248 0.13417 0.11082 0.02012 -0.045279 0.24102 0.31234 0.040381 -0.057945 0.21953 0.26701 -0.056141 -0.013281 0.13185 0.15819
122.89 124.34 3.6572 4.9933 -0.0069177 -0.013554 0.054108 0.063297 0.013155 -0.01969 0.074177 0.12138 -0.013319 0.00012914 0.086461 0.13328 0.0052553 -0.0086909 0.043738 0.050513 0.032605 0.057801 0.091123 0.11279 -0.0041976 0.08735 0.16564 0.25336 -0.0077136 0.043218 0.17453 0.28995 -0.020112 0.012146 0.049719 0.063922 0.064439 -0.047241 0.092358 0.13133 -0.0023342 -0.093446 0.20221 0.57066 -0.030695 -0.052617 0.1656 0.4829 -0.052404 -0.020698 0.069957 0.091174 0.00075635 -0.002022 0.00075635 0.002022 0.0054541 -0.027843 0.0066683 0.027843 -0.001753 -0.040694 0.0097063 0.046309 -0.0023364 -0.0063494 0.0024072 0.006551
93.478 155.58 3.8997 2.2955 0.019484 0.017811 0.10025 0.11248 -0.014968 -0.028053 0.20744 0.29715 0.065251 -0.12242 0.26522 0.27204 -0.046454 -0.034271 0.10323 0.082601 0.024296 0.01916 0.17484 0.15235 -0.086926 0.054606 0.26887 0.31735 0.023657 0.07054 0.25081 0.3094 -0.039308 0.0065878 0.078904 0.066237 0.050123 -0.078757 0.080964 0.10349 -0.0053349 -0.086 0.16762 0.27669 -0.038664 -0.059092 0.17073 0.25675 -0.030493 -0.01372 0.044679 0.036537 0.0021801 -0.0039302 0.0021801 0.0039302 0.003693 -0.028865 0.0085902 0.029541 -0.0050137 -0.019043 0.0070796 0.019194 -0.00068795 -0.00082783 0.00068795 0.00082783
132.6 162.82 3.4086 2.7511 0.039858 0.0093623 0.094367 0.085841 -0.035336 -0.0055299 0.13911 0.14687 0.00067187 0.017707 0.14788 0.097065 0.065345 -0.010224 0.1276 0.10434 0.058042 -0.029364 0.1302 0.11174 -0.034909 0.01176 0.18745 0.17504 0.055959 0.0075926 0.30996 0.18102 0.026282 0.015073 0.26731 0.25631 0.027476 -0.024887 0.04852 0.052393 0.11203 0.072982 0.23029 0.20144 -0.070671 0.081318 0.3161 0.21067 0.0026683 -0.016413 0.23144 0.18626 0.020885 -0.0028138 0.021547 0.0085055 0.094787 -0.036856 0.14488 0.12617 -0.071869 -0.012615 0.17956 0.16544 -0.013566 -0.0094059 0.13308 0.11066
119.8 166.6 3.9755 2.7398 0.044991 -0.0068937 0.072381 0.054393 -0.032717 -0.011044 0.15694 0.13279 0.035796 0.017865 0.16949 0.12244 0.073198 -0.039517 0.21491 0.19855 0.030046 -0.01857 0.038272 0.04025 0.078073 0.05867 0.22447 0.21892 -0.035042 0.053215 0.32295 0.26153 0.022394 -0.049191 0.25231 0.24207 0.012483 -0.0022926 0.012483 0.006999 0.14645 -0.054809 0.21575 0.1819 -0.11741 0.018412 0.29661 0.28431 0.0014693 0.015485 0.13821 0.15 0.00031337 -0.00018635 0.00031337 0.00018635 0.042194 -0.038742 0.046412 0.048067 0.0089447 -0.052105 0.10394 0.1488 -0.013895 -0.018345 0.088219 0.11526
158.51 168.85 3.3469 0.58812 0.0055996 -0.031446 0.059177 0.066386 -0.00061957 -0.0082782 0.17568 0.19344 0.054813 -0.01058 0.15195 0.16601 -0.01069 -0.060029 0.086581 0.11629 0.0030142 0.094472 0.29005 0.29613 0.058299 0.1349 0.23998 0.31027 0.010435 0.051687 0.23766 0.34086 -0.054213 -0.023811 0.070977 0.095578 0.037204 -0.068791 0.11984 0.16809 0.021288 -0.12144 0.16602 0.34486 -0.069384 -0.11965 0.13019 0.21727 -0.012032 -0.013071 0.013197 0.016705 0.00023411 -0.00354 0.00047854 0.00354 0.00019445 -0.013417 0.0027049 0.013417 -0.00023974 -0.002414 0.00054584 0.002414 0 0 0 0
144.17 174.62 3.6052 4.7819 0 0 0 0 2.5347e-17 1.766e-18 2.5347e-17 1.766e-18 3.6331e-17 2.5313e-18 3.6331e-17 2.5313e-18 0 0 0 0 -0.036457 0.12929 0.11131 0.15845 -0.012741 0.11446 0.19174 0.16548 -0.035725 0.1183 0.16177 0.15464 -0.012552 0.016169 0.017836 0.016528 -0.0076848 -0.072278 0.22056 0.278 -0.077793 -0.05391 0.25906 0.32151 0.051957 -0.042833 0.3397 0.27154 -0.051462 0.02242 0.12808 0.087923 0.023404 -0.011461 0.12275 0.25182 -0.039595 0.031769 0.16599 0.30507 0.031219 -0.01518 0.17522 0.13365 -0.023285 -0.020616 0.1085 0.064877
103.59 183.92 3.4065 4.923 0 0 0 0 0 0 0 0 0 0 0 0 0 0 0 0 0.0016964 0.0062993 0.0016964 0.0062993 0.004478 0.061858 0.021189 0.061858 -0.0047991 0.071696 0.019497 0.071696 -0.0037801 0.01237 0.0038348 0.01237 0.060979 0.11267 0.13365 0.16025 0.036945 0.16781 0.33872 0.31758 -0.068817 0.20599 0.22928 0.3911 -0.052145 0.092041 0.14427 0.12328 -0.023935 -0.040936 0.12521 0.1429 0.028419 -0.071369 0.27429 0.26225 0.018393 -0.088332 0.23794 0.2825 -0.05415 -0.029197 0.14172 0.13822
107.02 115.73 5.3573 1.6424 -0 0 0 0 -0 0 0 0 -0 0 0 0 -0 0 0 0 0.035566 0.078962 0.063134 0.22251 0.016647 0.13025 0.12849 0.54685 -0.070868 0.069781 0.10671 0.21618 -0.0028349 5.7969e-05 0.0028349 0.0011083 0.029502 -0.045276 0.1174 0.23393 -0.016301 -0.077108 0.18866 0.50052 -0.044374 -0.030284 0.16113 0.24777 -0.010221 0.01104 0.023318 0.022514 0.014137 0.011539 0.05669 0.071027 -0.0090778 0.032047 0.10861 0.16372 -0.00023637 0.023869 0.12417 0.12764 -0.020008 -0.0043973 0.035346 0.025764
176.44 168.65 5.23 3.54 0 -0 0 0 0 -0 0 0 0 -0 0 0 0 -0 0 0 0 -0 0 0 0.0015246 0.031361 0.0032812 0.031361 -0.011431 0.058798 0.020412 0.058798 -0.0013071 0.00060395 0.0013071 0.00060395 0.038282 0.020296 0.038351 0.038665 0.05033 0.056383 0.29487 0.40172 -0.089197 0.01437 0.31516 0.44408 -0.016802 0.0021527 0.024339 0.026936 0.065238 0.046592 0.076537 0.08553 -0.036956 0.068055 0.29442 0.2754 0.086263 0.076451 0.30019 0.25887 -0.072551 0.078969 0.21028 0.10543
79.994 180.68 5.18 5.2431 0 0 0 0 0 0 0 0 0 0 0 0 0 0 0 0 0 0 0 0 0 0 0 0 0.00063105 0.00037032 0.00063105 0.00037032 3.1363e-05 1.8405e-05 3.1363e-05 1.8405e-05 0.032893 0.018822 0.038988 0.027107 0.089073 0.097859 0.19121 0.34961 0.01185 0.19645 0.25502 0.47073 -0.07675 0.10606 0.11412 0.12452 0.047659 -0.014905 0.056784 0.051551 0.017537 -0.077046 0.22611 0.2908 0.087247 -0.06453 0.29732 0.37238 -0.031227 -0.024417 0.16444 0.17669
86.497 184.42 5.0239 5.1699 0 0 0 0 0 0 0 0 0 0 0 0 0 0 0 0 0 0 0 0 0.001336 0.0011176 0.001336 0.0011176 0.0019677 0.0016461 0.0019677 0.0016461 0 0 0 0 0.041531 0.028742 0.049885 0.054926 0.077539 0.073213 0.19174 0.36569 -0.053199 0.17751 0.28783 0.42704 -0.071442 0.091322 0.13072 0.10888 0.052736 -0.020609 0.087039 0.077394 -0.0050156 -0.08611 0.2255 0.27528 0.027539 -0.071728 0.29339 0.40629 -0.0051282 -0.023682 0.17385 0.17154
138.64 122.52 6.3558 4.6173 0.020993 0.0078058 0.074303 0.094597 -0.037112 -0.0030211 0.10996 0.14454 -0.0044945 -0.005118 0.149 0.11024 -0.012487 0.0025491 0.02721 0.012743 0.0098275 0.016167 0.12046 0.15984 0.039849 0.15584 0.24053 0.44457 -0.068089 0.045383 0.2006 0.19816 -0.0079058 -0.0049642 0.022232 0.010166 0.053285 -0.039676 0.088058 0.19885 -0.021032 -0.12874 0.20131 0.59738 -0.06138 -0.055122 0.088196 0.1595 -0.00074314 7.0886e-05 0.00074314 7.0886e-05 0.00040959 -0.0076632 0.00058754 0.0076632 -0.00083399 -0.011155 0.0014927 0.011155 0 -0 0 0 0 -0 0 0
78.102 186.02 6.5358 5.2101 0 0 0 0 0 0 0 0 2.6204e-18 1.4236e-18 2.6204e-18 1.4236e-18 -2.3546e-18 -1.2792e-18 7.6277e-18 4.144e-18 0 0 0 0 0 0 0 0 9.501e-18 5.1617e-18 2.8574e-17 1.5523e-17 7.2967e-18 3.9641e-18 1.5534e-17 8.4394e-18 0.0046263 -0.00075364 0.0046263 0.0033079 0.091323 0.093 0.20365 0.28441 -0.049328 0.15964 0.27403 0.42094 -0.050603 0.058204 0.079081 0.093054 0.0014986 -0.00058907 0.0014986 0.0010704 0.048588 0.083784 0.28903 0.33987 -0.045264 0.011914 0.31922 0.43013 -0.020931 -0.012704 0.18648 0.16319
