57 64
100.62 125.86 2.0033 2.0917 -0 0 0 0 -1.7034e-05 -9.7741e-06 1.7034e-05 9.7741e-06 -4.6422e-06 -2.6637e-06 4.6422e-06 2.6637e-06 -0 0 0 0 -0.017254 0.043153 0.1239 0.11196 -0.039687 0.096181 0.10578 0.13233 0.0041734 0.088342 0.026943 0.088353 -0.009314 0.05882 0.015779 0.05882 0.050978 -0.013414 0.13854 0.12512 0.089607 0.068018 0.39851 0.4111 0.023725 0.14501 0.27168 0.51261 -0.047577 0.057521 0.10672 0.18247 0.031886 -0.010893 0.035253 0.024795 0.020334 -0.075669 0.17396 0.11085 0.047791 -0.10848 0.14394 0.13323 -0.0016992 -0.030906 0.082998 0.090812
167.79 129.67 1.7216 4.3399 -0.02888 -0.017258 0.08155 0.076637 0.0091532 0.015321 0.061306 0.070273 0.0088423 0.038215 0.081015 0.077165 -0.018793 0.016437 0.0632 0.028024 0.046133 0.1826 0.12024 0.22584 -0.00093662 0.17218 0.16358 0.22721 0.0078611 0.071388 0.13086 0.12956 -0.067258 -0.0015032 0.11025 0.047657 0.045802 -0.097321 0.1527 0.35673 -0.051018 -0.14077 0.13445 0.47155 -0.10729 -0.11618 0.19654 0.42732 -0.04597 -0.031364 0.055364 0.052665 0.0015675 -0.020055 0.0057546 0.021574 0.0020649 -0.050707 0.0075436 0.064448 -0.011834 -0.029874 0.014621 0.042093 -0.0010986 -0.0012335 0.0010986 0.0014868
182.97 130.19 2.0228 2.5967 -0 0 0 0 -0 0 0 0 -0 0 0 0 -0 0 0 0 0.010925 0.016014 0.049631 0.07852 0.024086 0.13815 0.05145 0.22333 -0.052153 0.16985 0.077683 0.20376 -0.014531 0.022528 0.015357 0.023461 0.0077812 -0.02145 0.11367 0.15395 0.14111 -0.029887 0.19882 0.28489 0.11307 0.046114 0.34626 0.32018 -0.13155 0.10614 0.30438 0.18807 0.0077641 0.020987 0.062951 0.062017 0.051112 -0.046534 0.13155 0.11725 0.15448 0.032171 0.21395 0.19407 -0.10285 0.044062 0.30335 0.092817
70.232 134.32 2.0496 5.1488 0.0039449 0.00094112 0.0039449 0.00094112 0.030497 0.037023 0.12467 0.05834 -0.0089744 0.021442 0.11163 0.059741 0.006438 0.018195 0.062217 0.039802 0.029877 0.002695 0.029877 0.0053981 0.009916 0.029514 0.2752 0.091821 0.032115 0.080205 0.27965 0.15509 -0.013704 0.029163 0.12813 0.067744 0.012196 -0.0012004 0.012196 0.0017234 0.15399 0.043655 0.29632 0.1805 0.033874 0.067346 0.28084 0.30041 -0.056359 0.15724 0.20575 0.23134 0 0 0 0 0.1106 -0.08558 0.13476 0.12371 0.089866 -0.126 0.1823 0.27647 0.017329 -0.070322 0.14363 0.28324
90.989 135.96 1.9419 4.8104 0.0068621 0.013403 0.043207 0.018329 0.0011916 0.00053532 0.1042 0.047984 -0.014979 -0.001693 0.10161 0.082231 -0.010486 0.0020737 0.014427 0.0099701 0.019796 0.040284 0.089259 0.10791 -0.027045 0.088708 0.12231 0.15626 0.025014 0.09896 0.21076 0.18902 -0.040414 0.058972 0.085476 0.086772 0.012499 0.030858 0.089925 0.13846 0.087933 0.082757 0.21325 0.29611 -0.087672 -0.033101 0.32528 0.54354 -0.034515 -0.049591 0.19756 0.24363 0.017938 -0.065329 0.043599 0.11626 -0.013441 -0.12058 0.08706 0.16734 -0.042045 -0.091275 0.065375 0.10935 -0.00080998 -0.0212 0.017885 0.031345
155.9 138.01 1.9437 4.6175 0.010797 0.00058982 0.011313 0.0093694 0.034673 -0.010701 0.11314 0.15475 -0.043168 -0.006179 0.097424 0.091312 0.0027981 -0.0049176 0.037308 0.027954 0.019449 0.0108 0.027347 0.028491 0.0048111 0.090951 0.10402 0.231 -0.00616 0.13069 0.10073 0.23221 0.011374 0.052547 0.060861 0.083774 0.037497 0.00078595 0.15833 0.21378 0.14662 -0.072829 0.26032 0.55127 -0.085164 0.05589 0.21526 0.34851 -0.024221 0.066611 0.080918 0.095911 -0.0012379 -0.014399 0.021779 0.034461 0.025945 -0.066302 0.034083 0.073606 0.034391 -0.12205 0.081235 0.18426 -0.012417 -0.052979 0.043863 0.16035
164.43 138.1 2.0651 4.4565 0.025815 -0.00023029 0.090811 0.093361 -0.038867 0.0068847 0.11137 0.075376 0.0080982 -0.0099016 0.064631 0.058907 0.004573 0.0038537 0.03723 0.02472 0.014594 -0.023369 0.094923 0.11576 -0.0099349 0.058547 0.12685 0.20448 0.050776 0.089567 0.10998 0.1577 0.0036619 0.055093 0.094335 0.07726 0.11438 0.075872 0.19922 0.32985 -0.041126 0.15635 0.22292 0.44481 -0.051399 0.1581 0.16055 0.21247 -0.050346 0.010103 0.13016 0.12221 0.013006 -0.04809 0.054328 0.095809 0.024243 -0.16898 0.07931 0.22867 -0.0069753 -0.16094 0.068102 0.28769 -0.034129 -0.050179 0.046228 0.084862
171.99 137.37 1.9818 4.8368 -0.002255 -0.03134 0.068189 0.146 -0.018854 -0.011695 0.10378 0.090898 -0.015947 -0.0015915 0.078406 0.040695 0.0059021 0.0094952 0.043949 0.025147 -0.057952 0.23194 0.10835 0.31146 -0.019553 0.14122 0.13451 0.23395 -0.016784 0.078181 0.15906 0.13467 -0.004971 0.022127 0.11005 0.10111 0.0065835 -0.069493 0.25855 0.35743 -0.096173 0.14213 0.20077 0.24218 -0.041585 0.065587 0.18012 0.17283 -0.059557 -0.014724 0.096776 0.075283 0.033256 -0.060113 0.049441 0.080393 0.00065398 -0.13299 0.10877 0.33109 -0.057975 -0.087102 0.077083 0.16074 -0.010804 -0.010432 0.012152 0.012082
184.28 142.03 2.0543 4.9297 -0.0063652 -0.0063915 0.12028 0.08301 -0.031776 0.0041897 0.12312 0.056916 0.0086148 0.016389 0.082424 0.030891 -0.0093278 0.0010797 0.026777 0.0068395 -0.0034209 0.087335 0.1364 0.19912 -0.043376 0.057828 0.23008 0.16762 -0.018565 0.021292 0.30183 0.2442 -0.029873 -0.0024917 0.050066 0.025182 -0.060604 0.093762 0.18515 0.16361 -0.10394 0.11469 0.29225 0.2707 -0.12266 -0.029971 0.22757 0.22305 -0.0065501 -0.0040197 0.0096637 0.0091768 -0.035635 -0.1508 0.12082 0.35399 -0.11312 -0.12677 0.15581 0.21657 -0.036729 -0.025158 0.040058 0.032207 0 0 0 0
93.32 145.76 1.959 3.7296 0.0040455 0.016913 0.028055 0.028877 -0.015564 0.02808 0.028764 0.044471 0.0018147 0.014297 0.0096654 0.014991 0.015783 0.021678 0.030374 0.0495 0.022393 0.0054957 0.092707 0.092211 -0.021115 -0.0003758 0.11948 0.21026 0.074476 0.075009 0.1509 0.26013 -0.0021657 0.095511 0.22344 0.2801 0.02494 -0.0027539 0.057699 0.06811 0.0080147 -0.018727 0.078522 0.18015 0.18456 0.08914 0.21318 0.24841 -0.1575 0.037453 0.476 0.23535 0.019017 -0.0027466 0.035995 0.053886 0.057473 0.016401 0.086595 0.14193 0.079175 0.0099695 0.17114 0.18339 -0.087907 -0.040952 0.21499 0.090962
65.737 148.24 1.931 3.664 -0.04229 0.015294 0.10052 0.084464 0.01805 0.0096675 0.10963 0.14024 0.038907 -0.030353 0.10649 0.15799 0.049391 0.048168 0.089012 0.14948 -0.024217 -0.030445 0.11055 0.10126 -0.0045709 0.0033274 0.1483 0.19397 0.12801 -0.068056 0.16747 0.30944 0.14398 -0.027209 0.26771 0.30764 0.0091486 -0.045593 0.027622 0.049895 0.073775 -0.019974 0.13276 0.18295 0.04108 -0.030305 0.15021 0.43272 0.12233 -0.10658 0.19212 0.30737 0 -0 0 0 0.0089516 -0.010269 0.0093228 0.012793 0.013991 -0.063438 0.021951 0.088482 0.0056134 -0.071239 0.016604 0.088409
150.45 149.75 2.1336 5.4742 0 0 0 0 0 0 0 0 0.084618 0.012769 0.1003 0.048778 -0.014959 0.046503 0.11902 0.082761 -0.0011249 -1.7916e-05 0.0011249 0.0011228 0.035335 0.041322 0.049526 0.080965 0.069756 0.090582 0.15547 0.20518 -0.025971 -0.06158 0.22411 0.15117 0.0086987 0.14407 0.21551 0.23908 -0.035164 0.11559 0.18179 0.26933 0.007277 -0.064064 0.18077 0.34368 -0.024517 -0.0075941 0.087165 0.094977 0.11894 -0.0070984 0.2218 0.12611 -0.19632 0.14066 0.33229 0.2772 -0.053697 0.027312 0.10638 0.16254 0.0047681 0.0024653 0.053585 0.044616
153.75 151.57 2.18 5.3974 0 0 0 0 0.010009 0.004019 0.011596 0.0062467 0.086108 0.043332 0.19622 0.13257 0.0032387 -0.00040645 0.15706 0.09381 0.0088935 0.0020739 0.009633 0.0083843 0.075346 0.066454 0.10171 0.20071 0.041465 -0.015816 0.29863 0.25962 -0.066536 -0.052205 0.16008 0.093818 -0.0067451 0.13095 0.19661 0.22431 0.043704 -0.067132 0.15789 0.30344 -0.028243 -0.090294 0.18606 0.29367 0.0054396 0.014228 0.090956 0.070513 0.091163 -0.015599 0.24193 0.18629 -0.17349 0.11548 0.23535 0.21597 -0.016922 0.032119 0.075237 0.095155 -0.008405 -0.0033064 0.048547 0.034095
65.712 162.23 1.99 2.6163 0.0053164 -0.022264 0.018518 0.056796 0.029313 -0.058449 0.10584 0.20726 0.052743 -0.03652 0.15174 0.17362 0.030401 -0.042599 0.15435 0.12974 -0.0023184 0.10911 0.036092 0.23481 -0.018408 0.081166 0.10151 0.44895 -0.0060314 0.037481 0.14129 0.3016 0.032062 -0.070199 0.19898 0.23686 -0.0026199 -0.04208 0.0752 0.25914 -0.067318 -0.034819 0.11042 0.38391 -0.09526 -0.037917 0.11656 0.21573 -0.022315 -0.036786 0.040085 0.050955 0.0033782 -0.047462 0.010022 0.047794 -0.011795 -0.076229 0.022096 0.082066 -0.010603 -0.021545 0.010717 0.022849 -0.00036052 -0.00054959 0.00036052 0.00054959
93.784 163.47 1.7714 5.5534 -0.0066488 -0.014123 0.090255 0.15493 -0.015015 -0.037831 0.037526 0.10003 0.006629 -0.03303 0.01984 0.059491 0.0022517 -0.034469 0.028813 0.060546 0.0029242 0.085312 0.16595 0.20996 0.01406 0.13119 0.18098 0.3209 -0.047706 0.013352 0.080641 0.13255 -6.2192e-05 -0.0021543 0.0060591 0.0059562 0.03623 -0.014769 0.36059 0.18872 -0.065563 -0.053745 0.39783 0.29022 -0.095362 -0.052074 0.14653 0.14504 -0.0047889 0.0032967 0.0089549 0.0093679 -0.02566 0.11365 0.2966 0.21148 -0.083741 -0.026776 0.2013 0.13535 -0.0047252 -0.0073177 0.01916 0.021125 -0.0015381 0.00020432 0.0031402 0.0029245
77.923 178.09 2.0372 2.518 -0.00027208 0.0022854 0.013471 0.013669 0.020333 -0.020639 0.025026 0.049477 0.0099706 -0.071453 0.063154 0.15196 -0.0057771 -0.073476 0.086778 0.13723 -0.019201 0.12159 0.078511 0.17213 -0.054786 0.15141 0.10415 0.21261 0.01536 0.10963 0.063676 0.32857 0.011219 0.041057 0.10089 0.2259 0.043822 -0.10112 0.085431 0.18055 0.060591 -0.018018 0.17148 0.3449 -0.0022689 0.041617 0.15131 0.49241 -0.05114 -0.004318 0.10672 0.24686 0.0053902 -0.014484 0.0060891 0.014646 0.026491 -0.074162 0.033356 0.082364 -0.0087869 -0.13491 0.03169 0.14488 -0.015792 -0.064584 0.02288 0.071765
158.98 179.86 2.0588 1.1667 0.010973 -0.0083757 0.043255 0.023049 0.037871 -0.01404 0.13949 0.17518 -0.073993 0.0097398 0.089518 0.1642 -0.0097414 0.0075755 0.015731 0.020659 0.033624 0.019044 0.097257 0.071878 0.051492 0.12077 0.16933 0.29453 -0.0085766 0.14279 0.10984 0.35708 0.03451 0.10233 0.18761 0.30925 0.016328 0.010141 0.05757 0.072911 0.04945 -0.091091 0.13147 0.34713 -0.018985 -0.14198 0.11663 0.38733 -0.018079 -0.098008 0.12341 0.27509 0.0090976 -0.016797 0.014264 0.024996 -0.010728 -0.022209 0.025203 0.052043 -0.0056997 -0.01239 0.01973 0.063094 -0.0052263 -0.0043047 0.0081924 0.025292
63.599 181.41 1.9904 5.7458 0 0 0 0 0 0 0 0 0 0 0 0 0 0 0 0 0.017223 0.060938 0.01809 0.060938 0.0030396 0.13225 0.02135 0.13225 -0.0057174 0.11669 0.029216 0.11669 -0.0036405 0.009367 0.0036405 0.009367 0.067256 0.015069 0.09061 0.24869 0.057663 -0.03175 0.13537 0.49973 -0.073867 0.048168 0.18413 0.44404 -0.066379 0.1318 0.10023 0.16791 0.0017564 -0.050016 0.077544 0.20695 -0.0034838 -0.20975 0.066827 0.29726 0.021572 -0.13717 0.08045 0.20145 0.026395 -0.065901 0.070624 0.13255
140.05 184.53 2.1652 5.0155 0 0 0 0 0.002567 0.00033555 0.0029572 0.006986 -0.0031241 0.014818 0.0098581 0.02357 -0.00033126 0.0049759 0.0060943 0.0087826 -9.5235e-05 0.00030456 0.00060029 0.0019197 0.098407 0.11834 0.14944 0.20845 -0.078307 0.22837 0.21736 0.47435 -0.020034 0.047623 0.058869 0.10919 3.2755e-05 -0.00010475 0.00013909 0.00044481 0.085558 -0.07919 0.11082 0.17219 0.037478 -0.1332 0.23866 0.46957 -0.035346 0.053611 0.21321 0.29042 0 0 0 0 0.0307 9.359e-05 0.038136 0.04033 0.014104 0.065157 0.090762 0.16609 0.019865 -0.031217 0.1206 0.12078
154.77 190.12 1.9665 4.5166 0.00011182 0.00014629 0.00011182 0.00070411 0.0023306 0.0085921 0.0032156 0.013463 -0.001057 0.010199 0.003054 0.012292 -0.00062626 0.0026555 0.0013601 0.0026555 0.008656 0.026443 0.018919 0.089609 0.01261 0.083776 0.031385 0.19422 0.010896 0.024387 0.037449 0.12317 0.0024578 0.027746 0.033676 0.053852 0.079928 0.033471 0.17487 0.29058 -0.025108 -0.035036 0.16744 0.58015 -0.024627 0.038149 0.17994 0.50804 -0.044181 0.014566 0.10382 0.14903 0.01138 -0.041979 0.038256 0.058654 0.02177 -0.0057775 0.055443 0.16092 -0.0037157 0.00035732 0.10194 0.21822 -0.018047 -0.026309 0.077217 0.065923
77.478 195.98 2.0094 5.234 0 0 0 0 0 0 0 0 0 0 0 0 0 0 0 0 0.0011758 0.0043539 0.0011758 0.0043539 0.0022125 0.021162 0.0037842 0.021162 0.0037451 0.012303 0.0047476 0.012303 9.9813e-05 0.00032255 9.9813e-05 0.00032255 0.049439 0.21268 0.1608 0.25166 -0.011809 0.2558 0.13969 0.38244 -0.029593 0.23545 0.13231 0.39139 -0.046704 0.090057 0.14313 0.20476 -0.043554 -0.097597 0.1682 0.23086 -0.028282 -0.17485 0.10152 0.26514 -0.010684 -0.20528 0.073115 0.24708 -0.01684 -0.056411 0.05778 0.10172
98.543 196.75 2.1995 2.701 -1.6142e-16 7.6105e-17 1.6142e-16 7.6105e-17 -0 0 0 0 0.00058613 -0.00027634 0.0068152 0.0032131 -0.00014828 0.00045976 0.0014422 0.0010045 -0 0 0 0 0.078474 0.075519 0.10607 0.18218 -0.058039 0.13308 0.15816 0.19777 -0.01465 0.019771 0.06222 0.042103 -0 0 0 0 0.12187 -0.086114 0.15842 0.2191 0.13471 0.09871 0.38623 0.49531 -0.10649 0.20001 0.22288 0.28361 -0 0 0 0 0.0054728 -0.005777 0.005601 0.005777 0.12138 -0.13749 0.12761 0.16975 0.050779 -0.089485 0.15267 0.20048
85.04 200.7 1.818 5.0034 0 0 0 0 0 0 0 0 0 0 0 0 0 0 0 0 0 0 0 0 0 0 0 0 0.0013288 0.00084559 0.0013288 0.00084559 0.00085268 0.006712 0.0029992 0.0073549 0.044984 0.20066 0.072619 0.22134 0.057003 0.3135 0.1535 0.41156 -0.061145 0.19287 0.21693 0.41033 -0.080582 0.0281 0.17387 0.12272 -0.072703 -0.035624 0.16038 0.21005 -0.063969 -0.16915 0.1402 0.32019 -0.047068 -0.11874 0.093224 0.20418 -0.014941 -0.021097 0.025358 0.024956
155.27 132.14 2.9274 1.0965 0 0 0 0 0 0 0 0 0.00094714 0.0035331 0.0023188 0.0035331 0.0054306 0.0016315 0.0067081 0.0099336 0.058309 0.078005 0.078215 0.14879 0.039291 0.23357 0.11803 0.39747 -0.10037 0.10349 0.21683 0.33924 -0.015593 -0.0010892 0.034645 0.024797 0.057207 -0.01672 0.14275 0.13196 -0.035978 -0.18107 0.219 0.39012 -0.097582 -0.052505 0.24533 0.34246 -0.016702 0.0030786 0.025346 0.019849 0.00022499 -0.023683 0.055558 0.046113 -0.013061 -0.008742 0.072344 0.071568 0.036385 0.0077254 0.17846 0.1515 -0.032786 0.023676 0.055338 0.072109
141.57 133.81 3.0708 5.0922 -0.020546 0.0086592 0.027136 0.016936 -1.2524e-05 -4.9989e-06 1.2524e-05 4.9989e-06 0.047945 0.026817 0.048657 0.046061 -0.0048841 0.0015139 0.13715 0.10009 -0.056946 0.0019403 0.099805 0.072689 0.014049 0.028782 0.074748 0.13673 0.019817 0.18562 0.17591 0.37526 -0.015408 -0.003683 0.10559 0.19007 -0.0012408 -0.0027372 0.0034147 0.0045375 0.030605 -0.036517 0.077742 0.12726 0.17107 -0.066656 0.45927 0.52472 -0.06722 0.077989 0.16484 0.19391 0 0 0 0 0 0 0 0 0.04931 -0.057937 0.06186 0.061863 0.0060533 -0.078539 0.076708 0.13693
102.22 136.25 3.0842 4.6507 0.0096223 0.013446 0.065452 0.025016 -0.021537 0.011567 0.093909 0.066115 -0.0096104 0.0011682 0.013709 0.0076996 0 -0 0 0 0.0089491 0.062388 0.10742 0.10932 0.0082629 0.17853 0.20986 0.27888 -0.077567 0.11531 0.18409 0.16705 -0.0020465 0.0096483 0.01409 0.011092 0.060331 -0.012925 0.13337 0.22291 -0.12064 -0.12547 0.38563 0.55893 -0.098614 -0.085451 0.21271 0.27079 -0.0046759 -0.0052348 0.027981 0.034 0.0041641 -0.056275 0.02233 0.073631 -0.024466 -0.055097 0.036704 0.059482 -0.0017597 -0.0037738 0.0019754 0.0037738 0 -0 0 0
172.37 153.79 2.4297 3.4009 -0.022021 -0.014865 0.034033 0.054053 -0.0096444 -0.011331 0.022902 0.052368 0.010587 -0.011208 0.071542 0.10263 -0.01285 0.019041 0.079284 0.085433 -0.040691 -0.0046635 0.0737 0.19322 0.017111 0.028255 0.075425 0.18422 -0.014624 0.0062594 0.10699 0.1876 0.077679 0.036044 0.13407 0.15637 -0.036517 0.11344 0.15511 0.24082 -0.033579 0.081015 0.13152 0.29554 -0.0091555 -0.0043976 0.21992 0.17847 0.10553 0.027796 0.15908 0.13741 -0.060391 -0.048317 0.19141 0.18467 -0.034843 0.011109 0.35338 0.20636 -0.025903 0.0073983 0.26447 0.097294 0.1118 0.12784 0.22619 0.17101
75.501 155.73 2.919 5.382 0.0052848 0.0024998 0.0052848 0.0028776 0.043219 0.030592 0.058425 0.091561 -0.0023718 -0.0032698 0.075599 0.16218 -0.0076575 -0.01095 0.028333 0.084837 0.023379 0.032797 0.082962 0.052937 0.011297 -0.0060233 0.19031 0.18281 -0.021814 -0.034131 0.10524 0.13268 -0.0014678 -0.010784 0.019065 0.045587 0.049548 0.076055 0.21797 0.11867 -0.048256 0.12122 0.28859 0.18683 -0.0044196 0.06523 0.25247 0.19395 -0.036083 0.012301 0.07886 0.076134 0.10789 -0.01046 0.17663 0.1419 -0.018603 0.18199 0.33089 0.34582 -0.11864 0.13235 0.30107 0.23789 -0.023605 0.00092438 0.038784 0.02136
162.52 159.85 2.6981 3.2233 0.0090528 0.018695 0.026279 0.034894 -0.018487 0.011935 0.036744 0.066619 0.0052101 0.0098414 0.038618 0.07156 0.014316 0.029387 0.051721 0.067407 0.00067872 0.052055 0.2108 0.17688 -0.042634 0.068775 0.12229 0.23377 -0.0066988 0.034354 0.085398 0.17471 0.093282 0.03822 0.13831 0.11889 -0.014666 -0.0045563 0.34357 0.15229 -0.043993 -0.035783 0.32082 0.3015 -0.062705 -0.020467 0.29074 0.20365 0.093697 -0.004613 0.3994 0.20386 -0.023988 -0.039371 0.1247 0.069225 -0.010958 -0.042566 0.051573 0.044856 -0.00043906 -0.022659 0.041538 0.027075 0.0049854 -0.051195 0.13023 0.094436
62.181 167.4 2.6798 2.4413 0.017516 -0.02438 0.039259 0.062473 0.025867 -0.065094 0.15524 0.20611 0.084752 -0.10455 0.26131 0.2315 -0.065671 -0.093204 0.25716 0.17418 0.0061337 0.13363 0.074644 0.18667 -0.0026332 0.19002 0.17997 0.41921 -0.029027 -0.0083148 0.25327 0.31254 -0.029944 -0.043547 0.087728 0.074654 0.029645 -0.10009 0.072583 0.18934 -0.050157 -0.14987 0.095534 0.29735 -0.05084 -0.056298 0.055748 0.089072 -0.0021975 -0.0015223 0.0021975 0.001678 -3.0955e-05 -0.0017225 0.00027777 0.0017225 -6.7027e-05 -0.0010742 0.00037745 0.0010742 1.6658e-05 -2.0922e-05 1.6658e-05 2.0922e-05 -0 0 0 0
74.375 167.59 2.6671 2.5061 0.011986 0.0020349 0.015009 0.0080901 0.050008 -0.017436 0.17285 0.16502 0.065838 -0.065403 0.28611 0.20699 0.080399 -0.12722 0.24111 0.18762 -0.01467 0.06289 0.036601 0.069454 0.021309 0.0064524 0.076443 0.15391 0.044078 -0.022187 0.19906 0.3172 0.020141 -0.087802 0.24287 0.24354 0.036468 -0.046695 0.095141 0.17728 0.0095082 0.0018725 0.13165 0.39196 -0.089995 -0.035301 0.14265 0.33248 -0.038943 -0.036204 0.071258 0.083466 0.0085476 -0.018529 0.0085673 0.019448 0.00088962 -0.056222 0.016091 0.060667 -0.011639 -0.03352 0.013324 0.036344 -0.0015563 -0.0021784 0.0015563 0.0022072
174.74 169.57 2.527 1.025 -0.0033688 -0.031719 0.081598 0.074405 -0.0072928 -0.019031 0.11339 0.12409 0.017346 0.024832 0.23907 0.22773 -0.04442 0.042615 0.060734 0.097561 -0.001829 -0.010501 0.069807 0.058121 -0.0059586 -0.00066097 0.11748 0.095022 0.12747 0.017548 0.27256 0.43682 -0.010335 0.075375 0.19456 0.41225 0.012983 -0.0059558 0.023183 0.018194 0.032481 -0.010307 0.084715 0.13093 0.069328 -0.038213 0.16674 0.35454 -0.022142 -0.092012 0.12152 0.3009 0.00078407 -0.00053672 0.00078407 0.00053672 0.0071514 -0.015363 0.0083822 0.01645 -0.00042828 -0.029163 0.01606 0.040737 -0.0067517 -0.010146 0.011418 0.021244
184.19 172.89 2.9375 3.4682 0 -0 0 0 0 -0 0 0 -2.7419e-17 8.0947e-17 2.7419e-17 8.0947e-17 -5.39e-18 1.5913e-17 5.39e-18 1.5913e-17 0.011061 0.024319 0.014414 0.025269 0.010303 0.078457 0.046549 0.097857 -0.025529 0.025548 0.043472 0.085179 0.00052651 0.021564 0.031644 0.064963 0.067945 0.073621 0.1495 0.15244 -0.073502 0.086794 0.25382 0.34539 -0.028484 0.052918 0.089036 0.18949 0.024698 0.030412 0.11168 0.1658 0.028515 0.015377 0.30123 0.22329 -0.067331 0.034014 0.39276 0.41897 -0.049347 0.080529 0.18821 0.26195 0.052184 0.031041 0.13022 0.11109
69.921 178.82 2.5369 5.6977 0 0 0 0 0 0 0 0 0 0 0 0 0 0 0 0 0.050245 0.062345 0.050885 0.096542 0.045952 0.20065 0.091205 0.33231 -0.070076 0.18385 0.1055 0.26017 -0.025207 0.049351 0.027804 0.05072 0.01282 -0.011888 0.15023 0.25446 0.01886 -0.16191 0.14906 0.44966 0.03189 -0.14104 0.14937 0.33562 -0.043741 -0.010122 0.12484 0.1867 -0.050124 0.053977 0.1614 0.14686 -0.038628 0.09154 0.14535 0.23156 -0.033997 0.0052159 0.055557 0.078226 0.0059789 -0.021129 0.018046 0.028754
152.09 178.04 2.7974 1.3409 0.017562 -0.0053122 0.068328 0.048161 -0.023891 0.055233 0.15688 0.14912 -0.021028 0.022766 0.023536 0.027726 2.0394e-06 8.7153e-06 2.0394e-06 8.7153e-06 0.025836 0.022298 0.098047 0.068628 0.0030188 0.045932 0.22791 0.4161 -0.048314 0.12248 0.11826 0.25642 -0.0097808 0.020608 0.014268 0.020658 0.034919 -0.010804 0.082565 0.11194 0.016389 -0.064366 0.16559 0.46125 -0.052296 -0.097992 0.20122 0.51252 -0.035788 -0.017554 0.04676 0.078791 0.0054022 -0.014214 0.010106 0.01725 -0.0066555 -0.028224 0.018154 0.055576 -0.0029673 -0.026698 0.013398 0.049413 -0.00057891 -0.0021777 0.0010791 0.0044073
60.827 181.89 2.8051 5.6997 0 0 0 0 0 0 0 0 0 0 0 0 0 0 0 0 0.0016331 0.0018021 0.0016331 0.0018021 0.0042964 0.060023 0.010674 0.060023 -0.00065047 0.046353 0.0085321 0.046353 -0.00041558 0.0017287 0.00041558 0.0017287 0.079827 0.035471 0.099368 0.17012 0.095145 0.076618 0.16291 0.58531 -0.05221 0.090877 0.19567 0.51079 -0.072629 0.094929 0.10158 0.15395 -0.022138 0.04202 0.15522 0.20856 -0.03277 -0.056932 0.12439 0.252 0.015218 -0.083953 0.052577 0.12717 -0.00068022 -0.0543 0.067666 0.11141
185.95 181.54 2.6775 3.6207 0 -0 0 0 0 -0 0 0 0 -0 0 0 0 -0 0 0 0.00051542 0.0019072 0.00090416 0.0019072 0.0065337 0.043378 0.018334 0.043378 -0.0064844 0.06375 0.022763 0.066572 -0.0056764 0.010034 0.0057588 0.01124 0.06059 0.036524 0.085347 0.083189 0.012934 0.11784 0.18441 0.33013 -0.06611 0.015758 0.12686 0.24209 -0.0015559 -0.0046987 0.075806 0.10602 0.11815 0.072356 0.24273 0.20198 -0.10971 0.034115 0.41784 0.54729 -0.04676 0.064242 0.15009 0.24498 0.013531 0.017835 0.072584 0.1143
84.091 190.03 2.7042 2.24 8.0882e-06 -0.00064247 0.00098456 0.00064247 0.0083407 0.0020655 0.014171 0.010261 0.048857 -0.069877 0.12454 0.15682 0.01704 -0.048866 0.14595 0.14568 0.034284 0.0094712 0.063627 0.064826 0.052112 0.12832 0.14421 0.33667 0.033882 0.23856 0.14898 0.37183 0.0080121 0.12482 0.2076 0.38154 0.015537 -0.011795 0.022715 0.02683 0.055788 -0.12851 0.085074 0.21841 0.035345 -0.19118 0.12763 0.35974 -0.044559 -0.1219 0.088336 0.19243 -0 0 0 0 -2.7499e-06 -2.3557e-05 2.7499e-06 2.3557e-05 -0.00023868 -0.0020446 0.00023868 0.0020446 -3.8996e-05 -0.00033405 3.8996e-05 0.00033405
100.71 119.49 3.3237 2.0901 -0 0 0 0 -0 0 0 0 -0 0 0 0 -0 0 0 0 -0.002796 0.011095 0.029845 0.021613 -0.0051463 0.0080961 0.017742 0.010187 -0 0 0 0 -0 0 0 0 0.055348 -0.0060683 0.14394 0.071661 0.10549 0.16802 0.32326 0.52358 -0.073016 0.24298 0.21261 0.47734 -0.071789 0.078959 0.09032 0.11644 0.034203 -0.0011444 0.037734 0.020642 0.052469 -0.067942 0.19032 0.16658 0.0050938 -0.081014 0.19489 0.19679 -0.064563 -0.0098953 0.11395 0.074928
152.19 165.34 3.5765 0.89558 0.016272 0.067646 0.089747 0.20927 -0.069694 0.01102 0.13327 0.17015 -0.0012476 -0.01002 0.0041237 0.011552 0.0059484 -0.010978 0.0087502 0.014824 -0.020587 -0.075659 0.15141 0.20393 -0.021973 0.027292 0.2725 0.27631 -0.055508 0.048898 0.077253 0.10991 -0.0023446 0.012429 0.0041311 0.013318 0.0027533 -0.0058595 0.057922 0.068746 0.074242 -0.0063684 0.20215 0.35093 -0.053182 0.033891 0.31267 0.55659 -0.043893 0.0019106 0.082148 0.111 0.0076799 -0.0032615 0.013143 0.019215 0.017987 -0.029971 0.051398 0.099348 -0.030739 -0.049817 0.063327 0.11088 -0.0051294 -0.0065614 0.0070281 0.010952
165.26 168.44 3.3997 3.2807 0.0077432 0.013674 0.0096231 0.014207 -0.0023332 0.01773 0.040158 0.058062 -0.011318 -0.0022716 0.019704 0.045596 0.0066966 0.0066512 0.035409 0.050835 0.052107 0.035143 0.11411 0.081167 -0.066501 0.049008 0.21896 0.27978 -0.0048154 0.010666 0.051532 0.14888 0.044167 0.00087408 0.092902 0.091911 0.073116 0.031395 0.28066 0.1337 -0.037397 -0.031762 0.46222 0.32457 -0.061772 0.015635 0.27241 0.30293 0.09991 0.042574 0.2468 0.10807 -0.0046182 -0.047306 0.17728 0.090631 -0.038065 -0.059412 0.13286 0.073976 -0.01004 -0.051625 0.067832 0.059745 0.058608 -0.033571 0.13428 0.068601
184.52 172.9 3.3399 3.4558 0 -0 0 0 0 -0 0 0 0 -0 0 0 0 -0 0 0 0.011263 0.02209 0.012046 0.022308 0.013316 0.080845 0.049241 0.098054 -0.037381 0.040285 0.053034 0.10978 -0.00062178 0.026913 0.030143 0.066984 0.056218 0.06757 0.14368 0.13764 -0.07589 0.0683 0.23757 0.3566 -0.033897 0.022185 0.090606 0.19581 0.032284 0.02081 0.12341 0.17586 0.077052 0.045424 0.29927 0.21987 -0.070663 0.055656 0.38338 0.41777 -0.057907 0.076754 0.18479 0.2523 0.056111 0.020355 0.13223 0.12334
84.227 190.21 3.0665 2.24 8.0882e-06 -0.00064247 0.00098456 0.00064247 0.0083407 0.0020655 0.014171 0.010261 0.048857 -0.069877 0.12454 0.15682 0.01704 -0.048866 0.14595 0.14568 0.034284 0.0094712 0.063627 0.064826 0.052112 0.12832 0.14421 0.33667 0.033882 0.23856 0.14898 0.37183 0.0080121 0.12482 0.2076 0.38154 0.015537 -0.011795 0.022715 0.02683 0.055788 -0.12851 0.085074 0.21841 0.035345 -0.19118 0.12763 0.35974 -0.044559 -0.1219 0.088336 0.19243 -0 0 0 0 -2.7499e-06 -2.3557e-05 2.7499e-06 2.3557e-05 -0.00023868 -0.0020446 0.00023868 0.0020446 -3.8996e-05 -0.00033405 3.8996e-05 0.00033405
95.917 111.17 4.8778 1.9004 -0 0 0 0 -0 0 0 0 -0 0 0 0 -0 0 0 0 -0.020457 0.011376 0.02133 0.021933 -0 0 0 0 -0 0 0 0 -0 0 0 0 0.012494 0.0021722 0.068971 0.056846 0.16158 0.11004 0.2979 0.62423 -0.17311 0.14727 0.28062 0.4361 -0.027403 0.010532 0.029014 0.01891 0.012304 -0.00084329 0.015286 0.0051956 0.061473 -0.098993 0.13966 0.18725 -0.049071 -0.093545 0.20839 0.16175 -0.020118 -0.0034118 0.03563 0.0099204
166.64 143.22 4.7411 4.6781 0.031319 -0.010022 0.043678 0.085788 -0.0059982 -0.0067598 0.17916 0.36732 -0.041471 -0.0043771 0.092813 0.089643 -0.0040019 0.00044887 0.00528 0.0027826 0.021317 0.00039645 0.02393 0.020604 0.012985 0.02395 0.28134 0.33194 -0.039321 0.044653 0.18348 0.12504 -0.0080805 0.0015814 0.021209 0.0061221 0.021176 -0.0036767 0.044224 0.050747 0.083791 -0.066499 0.26681 0.57554 -0.11464 -0.036176 0.19461 0.28663 -0.012061 -0.0016657 0.01546 0.0074137 0.00013517 -0.0021336 0.0009963 0.0021507 0.008198 -0.038202 0.013284 0.042296 -0.0085557 -0.025203 0.01353 0.031576 -0.00036381 -0.00030354 0.00036381 0.00030354
78.666 163.05 5.1523 5.1641 0 0 0 0 0.017015 0.03629 0.022868 0.038932 -0.0015743 0.04453 0.029991 0.086019 -0.0069699 0.0035657 0.0097998 0.017343 0.014723 0.0049452 0.019195 0.0082404 0.036534 -0.011379 0.18434 0.22303 -0.040496 -0.037605 0.099412 0.21615 -0.013694 -0.0093704 0.016025 0.028089 0.053531 0.036738 0.077179 0.051483 -0.0095796 0.24958 0.27932 0.3252 -0.10377 0.089401 0.17109 0.1915 -0.0087453 -0.00046169 0.0089106 0.0039385 0.046497 -0.015898 0.047532 0.039437 0.076286 -0.11983 0.25029 0.48219 -0.11496 -0.044593 0.20362 0.33622 0.0052209 0.025755 0.037755 0.039137
80.358 170.57 5.1836 2.4685 -0.039204 -0.036457 0.10805 0.082443 0.033869 0.019577 0.037609 0.023611 0.13796 0.027846 0.33511 0.43845 -0.11615 0.066122 0.20113 0.20481 0.0075626 0.0091978 0.020028 0.035544 0.031167 0.040763 0.078809 0.12521 0.10228 -0.15634 0.2321 0.31263 -0.082035 -0.1307 0.24317 0.20834 0.026271 -0.011642 0.031535 0.050413 0.031803 -0.032458 0.10772 0.30077 -0.049137 -0.043881 0.11975 0.28231 -0.016646 -0.021849 0.035249 0.039098 0.00018368 -0.00077211 0.00018368 0.00077211 0.0026237 -0.016365 0.0042722 0.016365 -0.0027596 -0.013717 0.0046605 0.013717 -0.0003296 -0.00043205 0.0003296 0.00043205
64.722 175.82 5.4097 2.4976 -0.0069884 -0.0074504 0.015982 0.015391 0.055985 -0.0053318 0.092572 0.10181 0.16482 -0.14918 0.37347 0.42348 -0.13742 -0.046609 0.23572 0.19435 0.038408 -0.0019934 0.068512 0.11406 0.017784 0.041467 0.14682 0.4114 -0.016627 -0.071205 0.23554 0.3801 -0.036248 -0.066734 0.094663 0.09155 0.011238 -0.017208 0.013167 0.023795 0.016634 -0.08312 0.048899 0.16931 -0.030071 -0.046451 0.041167 0.10032 -0.0023058 -0.0017491 0.0024515 0.0024834 -1.9694e-18 -2.6231e-18 5.9186e-18 7.8828e-18 -6.7355e-19 -8.9708e-19 6.7355e-19 8.9708e-19 -0 0 0 0 -0 0 0 0
59.363 192.18 5.1682 5.5421 0 0 0 0 0 0 0 0 0 0 0 0 1.8453e-17 2.0164e-17 1.8453e-17 2.0164e-17 0 0 0 0 -1.609e-05 0.00036313 1.609e-05 0.00036313 -1.6171e-05 0.00036496 1.6171e-05 0.00036496 -2.4965e-17 -2.728e-17 3.4781e-17 3.8006e-17 0.04363 0.027372 0.054969 0.058812 0.087805 0.04412 0.20885 0.56843 -0.077048 0.057172 0.16455 0.47614 -0.031835 0.016662 0.036655 0.06251 0.060737 0.17171 0.25097 0.21983 -0.04954 0.094012 0.206 0.33773 -0.041263 -0.035276 0.083043 0.14963 -0.0068986 -0.0055818 0.0091266 0.016649
61.493 109.61 6.7153 0.90895 0 0 0 0 0 0 0 0 0 0 0 0 0 0 0 0 0 0 0 0 0 0 0 0 0 0 0 0 0 0 0 0 0.0033053 0.0019508 0.0033053 0.0019508 0.13012 0.24491 0.53199 0.47826 -0.16235 0.096282 0.25488 0.24263 -0.0078599 0.00875 0.011504 0.011575 -0.023925 0.052645 0.068168 0.10568 0.03502 -0.11695 0.27835 0.25638 -0.043633 -0.026121 0.23102 0.12331 -0.019221 0.0053533 0.048079 0.017421
186.89 109.4 7.4916 2.053 -0 0 0 0 -0 0 0 0 -0 0 0 0 -0 0 0 0 -0 0 0 0 -0 0 0 0 -0 0 0 0 -0 0 0 0 0.00063073 0.00033015 0.00063073 0.00033015 0.16738 0.01636 0.18589 0.20654 -0.11704 0.10874 0.44263 0.51925 -0.023424 0.0055986 0.023424 0.017666 0.015347 0.0018465 0.015347 0.006362 0.072177 0.054874 0.28302 0.25024 -0.068144 -0.041969 0.28898 0.33048 0.077332 0.028497 0.11394 0.17786
86.014 192.94 5.436 5.1279 0 0 0 0 9.456e-18 4.1715e-18 4.6741e-17 2.062e-17 -1.0309e-17 -4.5477e-18 2.2276e-17 9.8272e-18 8.3959e-18 3.7039e-18 7.3533e-17 3.2439e-17 0.022674 0.035542 0.022674 0.035542 0.019453 0.12501 0.082344 0.2389 -0.03039 0.028797 0.045078 0.11254 -0.0018319 4.2084e-05 0.0021956 0.0012281 0.062929 0.0024116 0.19424 0.17875 -0.059714 -0.065569 0.22041 0.42308 -0.034681 -0.031765 0.047198 0.1153 0.021142 0.13406 0.13126 0.15522 0.052661 0.15282 0.25753 0.19048 -0.10107 0.20528 0.28107 0.30607 -0.041466 0.014132 0.058995 0.031005 0.10201 0.0062154 0.25119 0.28267
89.416 132.28 8.9991 3.523 0.016276 -0.0030422 0.016749 0.0077422 -0.019959 -0.073291 0.21851 0.1879 -0.039095 -0.026922 0.37495 0.27842 -0.02762 -0.0024979 0.037013 0.021821 0.01345 0.010678 0.091713 0.044191 0.062984 0.13614 0.43501 0.25129 -0.10181 0.031569 0.34843 0.18344 -0.0035389 -0.0034878 0.0035926 0.0034878 0.0083263 -0.017977 0.039686 0.036411 0.049883 -0.12486 0.30337 0.22689 -0.086544 -0.074354 0.20386 0.12689 0 -0 0 0 0 -0 0 0 0.0007901 -0.003206 0.00099347 0.003206 0.00013214 -0.0011729 0.00027091 0.0011729 0 -0 0 0
53.932 152.25 9.0366 5.6527 0 0 0 0 0 0 0 0 0 0 0 0 1.5179e-18 2.0798e-18 2.4028e-18 3.2922e-18 0 0 0 0 0.0091221 0.009342 0.014423 0.01257 0.0078694 0.038576 0.059761 0.17849 -0.014879 0.0093438 0.021562 0.042779 0 0 0 0 0.15325 0.083817 0.37013 0.35102 -0.16434 0.034157 0.39986 0.46882 -0.015355 0.018328 0.056323 0.07905 0 0 0 0 0.04559 -0.056744 0.090791 0.10021 -0.00025819 0.0033407 0.26171 0.21447 0.0036469 0.024743 0.25461 0.21857
186.39 156.87 10.424 3.9528 -9.1604e-19 8.7002e-19 9.1604e-19 8.7002e-19 0 -0 0 0 0 -0 0 0 0 -0 0 0 0.033997 0.01145 0.04862 0.056091 -0.034276 0.072913 0.16903 0.20954 -0.015712 0.0099441 0.015925 0.015117 0 -0 0 0 0.0085117 0.00028529 0.095119 0.086627 0.065487 -0.074763 0.4736 0.59715 -0.090949 0.013104 0.25041 0.24812 0 -0 0 0 0.014066 0.019743 0.20979 0.19016 -0.075752 -0.013844 0.21091 0.19978 -0.010354 -0.018363 0.027566 0.032038 0 -0 0 0
159.4 177.99 9.8907 2.2967 -0 0 0 0 0.015823 0.003658 0.015823 0.012458 -0.011777 0.068053 0.088798 0.10514 -0.0062476 0.0053583 0.0064415 0.0056976 -0 0 0 0 0.088908 0.07687 0.19258 0.20614 -0.063491 -0.020703 0.51475 0.53745 -0.022685 0.10442 0.12394 0.16891 -0 0 0 0 0.045005 -0.034 0.1392 0.14834 -0.001432 -0.01166 0.16255 0.20006 0.01579 -0.019827 0.24481 0.30336 2.2399e-18 1.9879e-18 2.2399e-18 1.9879e-18 6.3442e-17 5.6306e-17 7.8794e-17 6.993e-17 0.014696 -0.01069 0.016577 0.031537 -0.0053348 -0.016934 0.02552 0.046689
161.17 181.99 10.036 3.9507 -2.9073e-18 2.7727e-18 2.9073e-18 2.7727e-18 0 -0 0 0 0 -0 0 0 0 -0 0 0 8.6102e-17 -8.2116e-17 9.4396e-17 9.0025e-17 0.067541 0.064409 0.15658 0.16176 -0.038936 0.053123 0.11076 0.11954 -0.0025414 0.0023931 0.0029394 0.0027726 0.010967 0.017448 0.047363 0.0238 0.05962 -0.01283 0.2038 0.17847 -0.0032203 -0.024622 0.51686 0.54036 -0.041161 -0.00086801 0.073135 0.07076 0.032351 -0.012561 0.069047 0.035606 0.026576 0.050401 0.34636 0.31142 -0.036064 -0.02693 0.11628 0.11971 -0.0056338 -0.0063845 0.0078478 0.0093104
