55 64
117.5 109.52 2.1213 1.6978 -0 0 0 0 -0 0 0 0 -0 0 0 0 -0 0 0 0 -0.0054401 0.12798 0.022796 0.12887 0.032415 0.23178 0.081196 0.25277 -0.038308 0.18986 0.080557 0.25422 -0.014116 0.033961 0.01422 0.035185 0.025578 -0.021217 0.10785 0.32605 -0.039618 -0.047381 0.28849 0.53165 -0.02254 -0.042741 0.20159 0.35524 -0.04316 0.03543 0.092454 0.13554 0.007304 -0.022786 0.045239 0.04117 -0.021428 -0.039162 0.10459 0.062476 0.019095 -0.0344 0.085922 0.069047 -0.0076601 -0.024964 0.059716 0.052253
96.218 116.47 1.7868 0.79407 0 0 0 0 0 0 0 0 0 0 0 0 -0.00034434 0.0052213 0.00089776 0.0061912 0.012712 0.024572 0.012712 0.024572 0.02655 0.17387 0.094574 0.18027 -0.053132 0.11797 0.082122 0.13979 -0.0028903 0.0046809 0.0051185 0.0061161 0.084075 0.2202 0.30675 0.35174 -0.077826 0.056754 0.30707 0.3411 -0.15523 0.02706 0.24289 0.24417 0.0060936 0.0052539 0.060535 0.048447 -0.052549 -0.058694 0.30355 0.17786 -0.016313 -0.079919 0.13359 0.1496 -0.035172 -0.0023392 0.17972 0.13766 0.0039243 0.015614 0.088196 0.051999
139.93 118.23 2.0496 1.981 -0 0 0 0 -0 0 0 0 -0 0 0 0 -0 0 0 0 0.030764 0.034515 0.048899 0.055327 0.052551 0.13624 0.089947 0.23426 0.014925 0.16128 0.19485 0.42494 -0.045322 0.17094 0.085723 0.20208 0.044328 -0.016873 0.092146 0.078069 0.044597 -0.063309 0.14253 0.21385 0.077268 -0.12694 0.262 0.40053 -0.021143 -0.029862 0.2272 0.38701 0.0152 0.0041758 0.057997 0.059676 0.0092115 -0.00013681 0.069046 0.081362 0.012719 0.0050134 0.0783 0.089684 -0.0086948 -0.024765 0.068901 0.051602
143.13 124.86 1.9694 4.7836 -0.068737 -0.14504 0.15356 0.27436 -0.032311 -0.047034 0.10945 0.14763 -0.0087572 -0.0081425 0.09224 0.10505 -0.0052455 -0.01367 0.072764 0.052263 -0.013373 0.024184 0.09189 0.091378 0.0029984 0.051193 0.12316 0.14782 -0.045075 0.068452 0.18139 0.14947 -0.019401 0.0014188 0.029796 0.023988 -0.018063 0.05758 0.17454 0.4903 -0.07401 0.03351 0.20174 0.435 -0.1043 -0.076203 0.18525 0.22998 -0.024008 -0.0095259 0.026796 0.019067 -0.0091894 -0.089502 0.036635 0.16581 -0.031957 -0.097583 0.044993 0.14804 -0.012901 -0.021458 0.013443 0.022926 -0.00045106 -0.0003969 0.00045106 0.0003969
124.37 125.57 1.6857 5.5459 -0.010271 0.013321 0.038738 0.045896 2.6758e-05 -0.015228 0.057763 0.059332 0.1439 -0.0035141 0.22609 0.2096 -0.057045 0.060956 0.35445 0.44719 -0.051475 0.020593 0.097525 0.0955 -0.019393 0.019076 0.078825 0.090401 0.064842 -0.057321 0.13851 0.14062 -0.030042 -0.12823 0.22021 0.24597 0.027175 -0.038576 0.14273 0.24641 -0.041426 0.098649 0.23305 0.26643 -0.04068 0.033669 0.10285 0.084809 -0.0017076 0.0099718 0.048548 0.059584 0.017438 -0.025741 0.019899 0.029318 0.037213 -0.067317 0.16002 0.14646 -0.034932 -0.0035846 0.094818 0.11752 -0.01739 0.0091546 0.046955 0.051002
149.99 131.86 2.01 3.6657 -0.0079375 0.036699 0.070097 0.10236 -0.019298 0.041029 0.11926 0.17848 -0.0086353 0.0041293 0.05181 0.046603 -0.00077346 0.00015623 0.00077346 0.00057084 -0.019744 -0.016161 0.1802 0.16721 -0.045229 0.062331 0.1358 0.21315 -0.017167 0.091978 0.068857 0.11195 -0.0071803 0.0097139 0.0086983 0.0097139 -0.1086 0.035 0.27395 0.18385 0.011433 0.012825 0.2108 0.18855 -0.025942 0.11962 0.36559 0.27769 -0.068468 0.026127 0.083901 0.042591 -0.16862 0.011952 0.22735 0.14177 0.053203 0.044833 0.12647 0.12364 -0.017829 0.063231 0.36588 0.17993 -0.096215 -0.0010652 0.11697 0.02772
101.78 136.78 1.9803 5.4381 -0.0024082 -0.010105 0.052504 0.064387 0.022681 -0.0056128 0.073212 0.10656 -0.01398 0.013873 0.063041 0.10402 -0.0068709 -0.010894 0.02437 0.028462 0.00104 -0.0068823 0.02973 0.031601 0.027257 -0.0056299 0.081312 0.10588 0.054551 0.035296 0.1523 0.19885 -0.018959 0.017454 0.067458 0.075557 0.011056 0.071246 0.083508 0.084936 0.010866 0.052283 0.14102 0.14757 0.046469 -0.033914 0.17949 0.19503 0.19204 0.1416 0.44967 0.59941 0.017821 0.021296 0.086886 0.084951 -0.055029 0.042285 0.1035 0.094593 0.0073427 0.0082093 0.088806 0.076045 0.070247 -0.078313 0.12791 0.15313
135.9 135.55 2.1701 2.7011 -0.0010298 0.01377 0.034612 0.030659 0.016486 0.015791 0.041409 0.026439 0.023595 0.0032438 0.057963 0.063367 -0.013349 0.033214 0.048281 0.056119 -0.0041098 -0.0023428 0.053205 0.052693 -0.00074493 -0.00098637 0.068822 0.064463 0.026254 -0.011232 0.057437 0.063575 0.037526 -0.0072311 0.1346 0.074118 0.0031668 0.051635 0.19267 0.1239 -0.093536 0.18122 0.33315 0.25853 -0.014462 0.04475 0.085144 0.077233 0.019467 -0.028393 0.060136 0.060632 0.011682 -0.024765 0.10391 0.089284 -0.095411 -0.017863 0.57658 0.46403 -0.10907 0.0026728 0.17126 0.12049 0.0019025 -0.0010348 0.023231 0.028336
101.22 143.63 1.8857 1.9779 -0.085404 0.15476 0.16229 0.20893 -0.0046621 0.041877 0.09771 0.11981 -0.01779 -0.036533 0.10813 0.11937 -0.027689 -0.033073 0.053837 0.042963 -0.062851 -0.14949 0.38579 0.56037 -0.074131 -0.044212 0.20326 0.2929 -0.039824 -0.0045964 0.10011 0.16435 0.0027178 0.011567 0.060896 0.053045 0.014492 -0.02391 0.039405 0.063178 0.049757 -0.017415 0.096441 0.18808 -0.016547 -0.017755 0.12454 0.20588 0.012655 -0.01559 0.10424 0.11217 0.0048666 0.02655 0.027171 0.03573 0.0057397 0.034551 0.074529 0.093299 -0.0088674 0.0088909 0.05933 0.084229 0.011142 0.0061419 0.035709 0.057685
110.27 143.53 1.9124 4.8456 0.0042544 0.0043259 0.021757 0.031018 -0.01029 0.0017137 0.022692 0.03152 -0.0024335 -0.0037243 0.01157 0.015296 0.0078279 0.0013535 0.021503 0.018973 0.0017384 -0.010934 0.037014 0.061038 0.012041 0.027506 0.073372 0.12325 0.10253 0.15237 0.17429 0.26293 0.0066537 0.16002 0.25177 0.58812 0.013123 0.0020763 0.033118 0.043505 0.036755 -0.0018889 0.086273 0.13748 0.15562 -0.084398 0.23446 0.28439 -0.048796 -0.13114 0.19025 0.36142 0.013324 0.015411 0.03737 0.027251 -0.011328 0.0037409 0.057009 0.051465 0.014869 -0.0044086 0.056837 0.042324 -0.0054369 -0.0026886 0.032744 0.036977
157.6 146.07 1.9331 2.998 0.0027148 0.0039091 0.027016 0.03637 -0.0089657 -0.0020918 0.040212 0.03441 0.0056688 0.0066807 0.024186 0.025293 -0.00074405 0.0011567 0.0032556 0.0037212 -0.028039 -0.0029042 0.049557 0.080648 0.015481 0.036511 0.10305 0.13682 -0.039568 0.049894 0.23254 0.25762 -0.0088654 0.019805 0.03716 0.036451 0.030534 -0.008485 0.091225 0.092749 0.093509 0.076225 0.3273 0.3753 -0.11132 0.051222 0.36732 0.31762 0.079737 0.076353 0.17139 0.17013 0.0075653 -0.0046173 0.050807 0.033994 0.046989 0.00013817 0.24683 0.17392 -0.020567 0.015354 0.24494 0.19145 0.015338 -0.022254 0.11715 0.1209
94.741 148.14 2.2091 1.8562 -0.095622 0.057233 0.19828 0.22948 -0.065959 -0.027564 0.16203 0.24424 -0.020674 -0.021768 0.091485 0.080449 -0.0055211 0.014057 0.027977 0.026395 -0.040358 -0.14982 0.23332 0.36089 -0.010465 0.029423 0.17274 0.35445 -0.012314 0.05371 0.19592 0.23255 0.019963 0.0030912 0.19603 0.17345 0.021144 0.0077903 0.042547 0.061742 0.010374 -0.043459 0.14587 0.2453 -0.036209 -0.031992 0.16049 0.2067 0.03293 -0.0029599 0.10753 0.13797 0.011231 0.041499 0.070122 0.062996 -0.030601 0.023949 0.14398 0.096071 0.0029355 0.0387 0.10323 0.079152 -0.011937 -0.010539 0.041855 0.052876
103.55 152.1 2.0002 4.7472 0.004113 -0.0026657 0.046412 0.020119 0.0015009 -0.014963 0.063876 0.034442 -0.02179 -0.028325 0.04554 0.039848 -0.0036156 -0.006263 0.012266 0.012944 0.0086242 -0.0030301 0.044048 0.056121 -0.013654 0.017967 0.074624 0.1027 -0.01254 -0.003146 0.02594 0.037875 0.0018306 -0.0024638 0.0089399 0.014943 0.017429 -0.0026217 0.072898 0.078924 -0.01408 -0.017801 0.086997 0.14326 0.017909 0.077926 0.15331 0.17815 0.14866 0.16228 0.40607 0.73162 -0.0045602 -0.0077528 0.03693 0.020414 0.028267 0.0071638 0.061345 0.092533 0.0036028 -0.033434 0.076906 0.12015 0.03461 -0.11063 0.14132 0.20398
162.16 163.88 1.9352 0.36557 0.068207 -0.015491 0.19967 0.24823 -0.13675 -0.01875 0.28677 0.26488 0.0072527 0.020168 0.097359 0.128 0.0077781 0.011807 0.05905 0.12746 0.0036577 -0.057064 0.12524 0.16828 0.0079472 -0.048491 0.15708 0.20871 0.049911 0.09363 0.15562 0.3102 0.0099667 -0.016248 0.087058 0.19944 0.018561 0.0022948 0.095347 0.091638 0.089022 -0.012084 0.1712 0.24092 -0.0033506 -0.042416 0.19728 0.43605 -0.058063 -0.03736 0.076509 0.10537 0.0019249 -0.0058184 0.0056832 0.0088269 0.011781 -0.027879 0.024718 0.059906 -0.0066709 -0.046855 0.023997 0.067341 -0.0034565 -0.0061661 0.004015 0.0061661
151.99 168.42 2.1613 0.46691 -0.040831 0.033487 0.22846 0.18516 -0.074443 -0.053007 0.22651 0.19558 0.022805 -0.022498 0.088559 0.14087 0.044942 0.0020583 0.096894 0.12848 -0.049322 -0.13844 0.19286 0.27264 -0.041348 0.016991 0.14958 0.18265 0.021592 0.10411 0.14007 0.33809 0.0011511 -0.011986 0.097701 0.17412 0.028817 -0.0098413 0.082299 0.092149 0.048185 0.079909 0.18335 0.27643 0.015584 -0.021169 0.1518 0.30854 -0.049001 -0.01556 0.087602 0.11569 0.028548 -0.015214 0.052882 0.069472 0.018147 -0.092757 0.10797 0.22897 -0.039895 -0.060443 0.060473 0.10822 -0.0034818 -0.0097575 0.0058563 0.0097575
77.208 173.41 2.0075 5.4374 0 0 0 0 0 0 0 0 0 0 0 0 0 0 0 0 0 0 0 0 0.00043561 0.0011621 0.00043561 0.0011621 0.0013917 0.0078186 0.0013917 0.0078186 8.2011e-06 0.00024474 8.2011e-06 0.00024474 0.041699 0.13104 0.10086 0.16958 0.086737 0.22475 0.16956 0.30284 -0.041833 0.2086 0.21857 0.33072 -0.040873 0.15518 0.13784 0.25711 -0.022987 -0.026384 0.13871 0.20472 0.027533 -0.095976 0.20555 0.2152 0.06489 0.00074204 0.34826 0.33 0.0093549 0.032611 0.15224 0.17498
126.45 173.3 1.9048 1.4218 0.039828 -0.073366 0.10356 0.22248 -0.047561 -0.12786 0.29862 0.44074 -0.013505 -0.0082401 0.050632 0.049492 0.023331 0.026901 0.046575 0.047777 0.003831 0.026005 0.068078 0.077563 -0.020199 -0.0004146 0.16137 0.17858 0.037579 0.072891 0.092338 0.11556 0.072395 0.076528 0.1727 0.12987 0.0094398 0.0069362 0.11846 0.10029 0.063533 0.048485 0.20512 0.27319 -0.01169 0.018316 0.2392 0.39284 -0.013906 -0.071656 0.14077 0.17851 -0.0017794 -0.015547 0.026643 0.043039 0.016374 -0.068411 0.094852 0.10202 -0.019609 -0.070659 0.067365 0.089714 -0.005936 -0.029934 0.017913 0.031627
162.38 173.68 2.169 3.8374 5.5533e-17 6.1795e-16 5.5533e-17 6.1795e-16 1.0718e-15 2.2225e-15 2.4258e-15 2.2225e-15 2.0127e-16 6.1381e-16 2.0663e-15 1.3664e-15 9.2165e-16 9.9516e-16 1.395e-15 2.9302e-15 0.0064514 0.03272 0.014463 0.03272 0.084366 0.083981 0.13036 0.17812 -0.034436 0.14026 0.19812 0.31361 -0.03857 0.031604 0.062364 0.11399 0.075418 -0.0068098 0.14556 0.21115 -0.015393 -0.0029394 0.28724 0.37222 -0.05667 -0.11905 0.33569 0.36794 -0.012532 -0.013956 0.098271 0.10884 -0.017581 0.012461 0.089006 0.15379 -0.025432 -0.056705 0.12705 0.20634 0.041859 0.076133 0.12435 0.18185 -0.04093 0.065278 0.10388 0.096658
149.99 180.31 2.1702 3.5207 0 -0 0 0 1.0578e-15 2.4589e-15 1.0578e-15 2.4589e-15 0.063155 0.045526 0.070099 0.1028 -0.017804 0.052398 0.073129 0.16818 -0.0001468 -5.8484e-05 0.0001468 5.8484e-05 0.10268 0.099237 0.13748 0.17035 0.03987 0.092572 0.19344 0.35067 -0.030835 -0.077797 0.146 0.27694 0.020498 0.027786 0.028687 0.029225 0.056023 0.011444 0.20883 0.26059 -0.022393 -0.073141 0.18109 0.41555 0.020319 -0.029087 0.12965 0.14904 0.057954 0.042045 0.11333 0.11047 -0.037613 0.060839 0.20925 0.26441 -0.063134 -0.030399 0.117 0.18561 0.050608 0.040819 0.11653 0.093662
115.71 185.93 2.2847 4.3557 0 -0 0 0 0 -0 0 0 0.0018163 0.0015997 0.0018163 0.0016929 0.00055499 0.011204 0.0034646 0.011601 0.0019983 0.0013457 0.0019983 0.0013874 0.021501 0.065536 0.029731 0.06558 0.084531 0.17494 0.16088 0.21607 -0.028967 0.11461 0.15807 0.1877 0.04724 0.053528 0.065358 0.055855 0.081841 0.18971 0.22832 0.28161 -0.051137 -0.073051 0.34736 0.48432 -0.045434 -0.092458 0.13652 0.24353 0.027262 0.049604 0.12918 0.064723 -0.03376 -0.042279 0.24049 0.14025 -0.10446 -0.057531 0.13762 0.11888 0.027865 -0.0036933 0.091249 0.077339
126.11 187.69 2.1051 4.6891 0 -0 0 0 0 -0 0 0 0 -0 0 0 0 -0 0 0 -0.00028897 0.034497 0.013604 0.0345 0.010529 0.084581 0.049342 0.084581 -0.0070706 0.097887 0.064612 0.097893 -0.0054302 0.014191 0.0064992 0.014467 -0.00084221 0.13115 0.14903 0.21216 0.0059057 0.10858 0.32588 0.53736 -0.10779 0.099306 0.31723 0.35912 -0.0022969 0.025306 0.11907 0.11895 -0.068492 -0.058783 0.14198 0.13723 -0.020254 -0.11136 0.11861 0.19684 0.0052327 -0.082962 0.12072 0.18337 -0.0042866 -0.017063 0.11102 0.070365
125.25 108.02 2.8751 1.7002 -0 0 0 0 -0 0 0 0 -0 0 0 0 -0 0 0 0 0.0067479 0.026326 0.0067479 0.026326 0.0036341 0.13481 0.016224 0.13481 -0.0089348 0.16613 0.045653 0.16613 -0.0083496 0.021448 0.0083496 0.021448 0.06154 0.03065 0.10299 0.18635 0.044566 0.007898 0.16342 0.56345 -0.034513 -0.023733 0.28257 0.51669 -0.069317 0.038451 0.12263 0.17164 0.013366 -0.012564 0.071558 0.069964 0.015943 0.059218 0.12285 0.17707 -0.010294 0.025845 0.12156 0.14357 -0.027572 -0.02802 0.066604 0.071597
125.89 116.14 2.8431 1.7152 -0 0 0 0 -0 0 0 0 -0 0 0 0 -0 0 0 0 0.030476 0.042081 0.034911 0.068842 0.029084 0.12245 0.08548 0.36808 -0.0058434 0.12934 0.13793 0.39413 -0.039176 0.063041 0.053828 0.098326 0.027478 -0.022441 0.074227 0.096073 0.022648 -0.076402 0.11206 0.22841 -0.0027703 -0.085162 0.16063 0.21088 -0.02915 -0.028724 0.098149 0.1123 0.013967 0.0075647 0.05341 0.075162 0.043163 0.089058 0.27994 0.48985 -0.075454 0.045014 0.1825 0.23032 -0.017246 -0.0017751 0.043714 0.042822
150.08 139.56 2.8798 2.188 -2.2577e-05 -3.4875e-05 0.0011439 0.0013999 0.00056751 0.00044435 0.0030321 0.0024831 0.021823 0.037798 0.031478 0.062125 -0.0041106 0.048527 0.026816 0.067893 0.0031701 0.0030879 0.016575 0.014224 0.017988 0.03817 0.079 0.075506 0.06455 -0.011803 0.14481 0.16185 0.059241 -0.037336 0.16229 0.22224 0.0056023 0.0093943 0.048047 0.032669 0.031232 -0.016679 0.13442 0.1359 0.070326 0.19606 0.25648 0.3419 -0.037071 0.11751 0.15853 0.21426 -0.0035692 0.0028574 0.041039 0.027512 0.010292 -0.0091647 0.047857 0.037286 0.10986 -0.11326 0.25071 0.43882 -0.025083 -0.087817 0.26568 0.34648
151.4 150.18 2.8456 3.4065 0.0092223 0.0076762 0.017414 0.030073 -0.010336 0.0051518 0.0249 0.043318 0.00081311 0.0032291 0.0082496 0.011765 0.0002194 0.00037711 0.0013852 0.0014043 -0.0062823 -0.0060478 0.035426 0.067801 0.019601 0.023626 0.084459 0.10679 -0.020902 0.031406 0.096288 0.1351 -0.0032496 0.0078764 0.010425 0.018074 -0.010361 0.0091283 0.046807 0.056131 0.047204 0.088076 0.23069 0.1801 -0.0084515 0.027939 0.17821 0.16541 -0.0035206 0.054804 0.1281 0.10745 -0.0067088 -0.0038181 0.029411 0.031937 0.12003 0.010635 0.66108 0.36674 -0.11119 0.038689 0.27116 0.19066 0.015434 0.028167 0.17704 0.068688
72.308 151.4 2.8611 5.7762 0 0 0 0 0 0 0 0 0 0 0 0 0 0 0 0 0 0 0 0 0.049198 0.060961 0.058448 0.10644 -0.00172 0.13668 0.096738 0.18444 -0.029789 0.083087 0.044351 0.087737 0.017008 0.0063099 0.031575 0.010515 0.068834 0.019791 0.35259 0.41393 0.0047916 -0.024198 0.28631 0.33635 0.034069 0.048829 0.17249 0.22644 0.0059909 0.020762 0.023773 0.021896 0.034581 0.0015739 0.16524 0.20399 0.025319 0.018959 0.30425 0.34566 0.010437 -0.045902 0.12202 0.12377
89.843 155.89 3.0185 2.0718 -0.0095614 -0.081114 0.40095 0.57454 -0.072536 -0.027213 0.20078 0.26219 -0.032516 -0.02096 0.10499 0.1233 -0.0095065 0.0071988 0.026875 0.023142 0.01842 0.014756 0.050823 0.082778 0.0002469 -0.0046132 0.15286 0.28026 0.01107 0.018749 0.20012 0.22805 -0.029936 0.0098449 0.099614 0.09294 0.012326 0.0033241 0.083278 0.12563 -0.025816 0.0086873 0.18407 0.16339 -0.018788 -0.014102 0.11751 0.14608 -0.02567 -0.019356 0.044877 0.053303 0.006278 -0.026993 0.019266 0.028727 -0.0038944 -0.038551 0.034567 0.048196 -0.010488 -0.02238 0.015463 0.0254 -0.0012133 -0.0015742 0.001293 0.0015893
106.02 161.54 2.7923 2.1004 0.049978 -0.037399 0.13137 0.15727 -0.03815 -0.12452 0.42765 0.73613 -0.072439 -0.007635 0.16086 0.1888 -0.010707 -0.019941 0.040041 0.046422 -0.0023204 -0.0060104 0.053027 0.053028 0.013226 -0.070119 0.07982 0.12451 0.014251 -0.02231 0.098321 0.16381 -0.006867 0.002445 0.06463 0.086151 0.0080667 0.0015062 0.064652 0.088129 0.0073598 0.025121 0.075533 0.11913 -0.014661 0.012447 0.09713 0.079321 -0.006726 0.0038026 0.047339 0.053788 0.0055699 -0.011741 0.0091492 0.013043 0.0038215 -0.028213 0.01984 0.033074 -0.0058158 -0.027244 0.027113 0.03485 -0.0055741 -0.011261 0.0091847 0.014561
81.923 164.61 2.8968 5.6728 0 0 0 0 0 0 0 0 0 0 0 0 0 0 0 0 0.034361 0.038349 0.049027 0.078411 0.023478 0.12165 0.095348 0.18175 -0.03865 0.13829 0.084264 0.16455 -0.019464 0.031452 0.025793 0.035891 0.010896 -0.0039021 0.22687 0.24597 0.00035291 0.00064575 0.26792 0.3509 0.050807 -0.021892 0.25571 0.35164 -0.055502 0.11329 0.12955 0.20276 0.022352 0.0051243 0.097795 0.11193 0.024891 0.067353 0.2613 0.32705 0.002509 -0.067316 0.15276 0.18315 0.029524 -0.068125 0.10976 0.13527
117.52 171.57 2.8246 2.0438 -0.0022079 -0.0065005 0.027348 0.026556 0.035622 -0.050445 0.18838 0.29332 -0.026121 -0.16776 0.37445 0.74567 -0.035314 -0.014146 0.096449 0.12117 0.0021338 0.010246 0.060287 0.044257 -0.016221 0.039329 0.09594 0.088087 0.0083941 0.040627 0.056711 0.067538 0.012084 0.0037558 0.064064 0.08904 0.017941 -0.015467 0.034915 0.030396 0.023201 -0.02507 0.10564 0.14718 0.0034068 -0.014507 0.093663 0.1383 -0.0083469 -0.0086339 0.070383 0.061916 0.00050999 -0.0011423 0.00050999 0.0011423 0.005158 -0.011605 0.0089116 0.011872 0.0022514 -0.025366 0.015435 0.025607 -0.0019402 -0.01709 0.012483 0.019541
93.843 174.65 2.7189 5.3171 0 0 0 0 0 0 0 0 0 0 0 0 0 0 0 0 0.029416 0.084095 0.041653 0.091042 0.01208 0.15229 0.11783 0.19113 -0.032042 0.14788 0.10426 0.1624 -0.017076 0.037048 0.027363 0.037048 -0.0028753 -0.025666 0.12585 0.2075 0.076959 -0.065622 0.29521 0.3223 -0.0042302 -0.074789 0.22868 0.39409 -0.032985 0.015941 0.22311 0.27828 0.0084205 -0.011967 0.12158 0.1901 -0.02892 0.03692 0.18851 0.32521 -0.0090877 -0.023192 0.07505 0.11703 0.035409 -0.030032 0.10707 0.11653
109.2 178.28 3.0637 5.2916 0.0004638 0.0053235 0.0012922 0.0053235 -0.00084146 0.0069374 0.0018901 0.0069374 1.1873e-18 -1.8155e-18 1.1873e-18 1.8155e-18 0 0 0 0 0.017661 0.055455 0.095704 0.10669 -0.004083 0.13828 0.13339 0.18943 -0.064157 0.12246 0.10665 0.14453 -0.012048 0.023386 0.015419 0.024471 0.010615 -0.0014343 0.13578 0.15719 -0.0070425 -0.10854 0.13182 0.21589 0.0083846 -0.087275 0.21702 0.29168 -0.048371 0.0071622 0.11689 0.10375 0.007011 0.046251 0.13931 0.1849 -0.037259 0.38727 0.26215 0.44921 -0.016872 0.11051 0.15801 0.20341 0.0063038 -0.01502 0.067596 0.055687
85.645 179.25 2.8651 5.3864 0 0 0 0 0 0 0 0 0 0 0 0 0 0 0 0 0.0012047 0.01763 0.0033286 0.01763 -0.0012903 0.073788 0.014343 0.073788 -0.0086278 0.048124 0.014781 0.04873 -0.00067932 0.00079352 0.00067932 0.00089421 0.041522 0.057853 0.13345 0.19366 0.057141 0.088011 0.29048 0.35421 -0.019231 0.22203 0.23557 0.33435 -0.073035 0.14356 0.12027 0.16511 0.0018482 -0.026828 0.17979 0.20536 0.024598 -0.038528 0.25976 0.30167 0.0072679 -0.14431 0.15209 0.25976 0.011046 -0.065848 0.16172 0.19883
100.26 183.51 2.9148 5.2672 0 0 0 0 0 0 0 0 0 0 0 0 0 0 0 0 0.013037 0.071534 0.027424 0.071534 -0.021494 0.12159 0.080446 0.12874 -0.0094097 0.052743 0.026117 0.053809 -0.0011691 0.00152 0.0014076 0.00156 0.016948 -0.009123 0.22318 0.19325 0.012086 0.078942 0.33211 0.33663 -0.048058 0.13881 0.31402 0.45324 -0.066931 0.10391 0.13511 0.16812 0.0024545 -0.015096 0.147 0.21514 -0.030383 -0.095272 0.13674 0.18826 0.01378 -0.073852 0.13148 0.20012 -0.013753 -0.028887 0.15981 0.13172
115.82 124.99 3.695 4.9267 0.0037976 -0.0060091 0.038718 0.039863 0.0033712 0.016326 0.069883 0.094588 0.021347 0.1206 0.18255 0.31219 -0.012758 0.021018 0.058243 0.069802 0.023786 0.0081802 0.042092 0.03828 0.047422 0.041425 0.14909 0.15681 -0.01232 -0.042935 0.34849 0.52588 -0.049721 -0.0099408 0.11874 0.12927 0.025155 -0.0099244 0.028894 0.026982 0.05498 -0.059045 0.16831 0.31146 -0.021745 -0.036431 0.12577 0.40623 -0.045278 -0.017637 0.066024 0.10763 0.00038295 -0.00081927 0.00038295 0.00081927 0.0062209 -0.025166 0.011217 0.030223 -0.0016352 -0.031964 0.0085813 0.044019 -0.0033391 -0.0090598 0.0040427 0.011095
115.88 130.44 3.0839 1.046 0.019418 0.018576 0.021073 0.021723 0.021442 0.068453 0.10439 0.15511 -0.02771 0.043346 0.067523 0.10737 -0.0086826 0.0044958 0.01357 0.011692 0.054712 0.036042 0.17337 0.23874 -0.074064 -0.065683 0.23921 0.22438 -0.036462 -0.023251 0.11884 0.13064 -0.0056008 0.0083669 0.048927 0.040359 -0.0070201 -0.041854 0.097865 0.094575 0.097756 0.098956 0.26053 0.25021 -0.083449 0.092333 0.30412 0.38128 -0.0079545 -0.0082268 0.074409 0.068518 0.0058293 0.00025949 0.047437 0.045065 0.058751 -0.0064713 0.31514 0.27746 -0.071309 -0.017523 0.19117 0.17857 0.014247 0.0032572 0.027511 0.021101
152.25 140.07 3.7479 2.6102 -0 0 0 0 -0.00049738 0.00029238 0.00049738 0.00029238 -0.00013829 8.1292e-05 0.00013829 8.1292e-05 -0 0 0 0 -0.00026887 0.011661 0.019043 0.023587 -0.010385 0.058326 0.053598 0.080865 0.054668 0.069377 0.11563 0.14866 -0.0368 0.070964 0.090812 0.10079 -0.0056517 0.0028698 0.054038 0.057463 0.0728 0.020812 0.20881 0.20504 0.033327 0.14835 0.28966 0.363 -0.00082085 0.020151 0.29133 0.27552 0.006542 0.0057065 0.04281 0.030821 0.055633 -0.028733 0.12651 0.11447 0.050046 -0.079559 0.45857 0.37347 0.0074453 -0.035346 0.11321 0.10826
87.525 155.39 3.6654 2.1805 0.064792 -0.026387 0.32116 0.4834 -0.095288 -0.034347 0.34582 0.35654 -0.048749 -0.07456 0.14265 0.13587 -0.010186 -0.0032798 0.014855 0.010453 0.012134 -0.030312 0.13414 0.17079 -0.018329 -0.026974 0.20434 0.30889 -0.042262 0.023023 0.16935 0.20381 -0.016622 0.0042155 0.028553 0.022274 0.016842 -0.043567 0.069678 0.1131 -0.02724 -0.048722 0.12003 0.16935 -0.029213 -0.036473 0.089658 0.12531 -0.011498 -0.0069151 0.015243 0.014157 0.0012215 -0.0079361 0.0037654 0.007984 -0.0012097 -0.017127 0.0081259 0.018122 -0.0022718 -0.0072466 0.0033084 0.0073852 -7.7294e-05 -0.00013574 7.7294e-05 0.00013574
82.222 164.5 2.8199 5.6728 0 0 0 0 0 0 0 0 0 0 0 0 0 0 0 0 0.034361 0.038349 0.049027 0.078411 0.023478 0.12165 0.095348 0.18175 -0.03865 0.13829 0.084264 0.16455 -0.019464 0.031452 0.025793 0.035891 0.010896 -0.0039021 0.22687 0.24597 0.00035291 0.00064575 0.26792 0.3509 0.050807 -0.021892 0.25571 0.35164 -0.055502 0.11329 0.12955 0.20276 0.022352 0.0051243 0.097795 0.11193 0.024891 0.067353 0.2613 0.32705 0.002509 -0.067316 0.15276 0.18315 0.029524 -0.068125 0.10976 0.13527
163.71 168.45 3.5307 1.1797 0 0 0 0 0.066966 -0.021425 0.12029 0.092211 0.19093 -0.07879 0.3465 0.37901 -0.040921 -0.15967 0.40787 0.50992 0.00067922 -0.00028009 0.00067922 0.00028009 0.039997 0.017452 0.11848 0.10093 -0.011421 -0.018157 0.2088 0.22542 0.02486 0.0033476 0.10733 0.17968 0.00013328 -5.4962e-05 0.00013328 5.4962e-05 0.019115 -0.016078 0.051431 0.063513 -0.0125 -0.038582 0.12377 0.11564 0.0068635 -0.034903 0.055227 0.069104 3.0513e-18 -7.3338e-18 3.0513e-18 7.3338e-18 1.3029e-17 -1.34e-18 1.3029e-17 3.1449e-17 0.00033881 -0.00013972 0.00033881 0.00013972 7.671e-05 -3.4153e-05 7.671e-05 4.577e-05
107.71 176.47 3.7892 5.0186 0 0 0 0 2.1292e-18 6.7316e-19 8.1141e-18 2.5653e-18 3.3503e-19 1.0592e-19 3.7508e-18 1.1858e-18 0 0 0 0 0.016387 0.028382 0.023167 0.03539 0.017217 0.073674 0.065834 0.097 -0.013935 0.056729 0.076796 0.14357 -0.013344 0.019737 0.021472 0.033854 0.012533 0.003371 0.073606 0.087053 -0.0074804 -0.045886 0.095381 0.14571 0.001752 -0.044082 0.10627 0.14677 -0.0067516 -0.0079267 0.064906 0.064526 0.01197 9.0809e-05 0.04798 0.062925 0.10133 0.044715 0.18696 0.33658 -0.10965 0.084403 0.3329 0.73791 -0.026482 0.014167 0.07315 0.094853
83.188 180.57 3.5888 5.237 0 0 0 0 0 0 0 0 0 0 0 0 2.0163e-18 1.1669e-18 2.9986e-17 1.7354e-17 0 0 0 0 0.00041296 0.0066326 0.0017238 0.0066326 0.0010269 0.0152 0.0050615 0.0152 0.00012441 0.0004999 0.00035657 0.0004999 0.044266 0.041945 0.072129 0.092645 0.087462 0.077628 0.23704 0.33255 0.0060914 0.1547 0.25895 0.40546 -0.064713 0.11649 0.15768 0.27848 0.028278 -0.021133 0.13749 0.11757 0.013896 -0.019695 0.27572 0.36387 -0.040989 -0.043177 0.18539 0.30479 0.0051662 -0.048421 0.14896 0.16589
104.99 116.65 5.9927 1.4111 0 0 0 0 0 0 0 0 0 0 0 0 0 0 0 0 0.026753 0.039182 0.026753 0.063088 0.016042 0.13582 0.10138 0.34152 -0.042008 0.03364 0.047041 0.091261 0 0 0 0 0.08189 -6.7601e-06 0.10454 0.14463 -0.049292 -0.016652 0.40524 0.66081 -0.070042 -0.0022657 0.1556 0.20298 -0.0089622 0.0075484 0.022705 0.021074 0.026624 -0.0075354 0.051418 0.056825 -0.0058188 -0.05146 0.16732 0.24668 -0.015572 -0.0087107 0.093097 0.11246 -0.011023 -0.0037586 0.018128 0.013089
142.76 120.88 5.6401 2.0128 -0 0 0 0 -0 0 0 0 -0 0 0 0 -0 0 0 0 0.00010998 0.0003439 0.00010998 0.0003439 0.047877 0.040725 0.05415 0.087519 -0.019846 0.14442 0.12339 0.30204 -0.024291 0.036623 0.030413 0.055961 0.01352 0.0079276 0.025845 0.017186 0.14208 0.018533 0.2446 0.28899 -0.040618 -0.029689 0.42959 0.60158 -0.06378 -0.0099448 0.10228 0.12382 0.006823 -0.0043733 0.025771 0.018058 0.019698 -0.01098 0.11095 0.12933 -0.030846 -0.030487 0.14993 0.21518 -0.019288 -0.0032814 0.047807 0.061763
64.979 164.15 5.3863 5.7206 0 0 0 0 0 0 0 0 0 0 0 0 0 0 0 0 0 0 0 0 0.00086955 0.0015594 0.0010324 0.0015594 0.0019434 0.0083522 0.0025872 0.0083522 -3.6664e-05 0.00024552 3.6664e-05 0.00024552 0.0019545 -0.00053097 0.0055714 0.0028117 0.047949 0.065021 0.19908 0.27857 0.0036732 0.12737 0.21615 0.35909 -0.059801 0.089132 0.086254 0.10105 0.025904 0.023915 0.040538 0.029317 0.072816 0.1045 0.27212 0.29219 -0.038423 0.15579 0.43381 0.44656 -0.014749 -0.011371 0.17814 0.17359
141.21 167.93 4.9944 4.2963 -2.3454e-19 1.0363e-19 2.3454e-19 1.0363e-19 0.00017254 0.0015591 0.0011619 0.0015725 -0.00064314 0.0037231 0.0026869 0.0037273 -0.00011457 0.00029624 0.00021665 0.00029624 0.018844 0.027272 0.044138 0.04969 -0.0059229 0.021046 0.079188 0.11282 -0.0037762 0.012755 0.085794 0.096793 -0.0047797 0.00085753 0.012562 0.012487 -0.011218 -0.0089778 0.090685 0.080522 0.07999 0.19234 0.44226 0.44253 -0.060889 0.079524 0.23231 0.27042 -0.01108 0.0011616 0.016752 0.02416 0.0081656 -0.01057 0.074005 0.063639 0.066172 0.0028859 0.34158 0.32773 -0.061293 0.029889 0.22462 0.27176 -0.026734 -0.0025787 0.032626 0.030945
75.946 181.02 5.0882 5.3391 0 0 0 0 0 0 0 0 0 0 0 0 1.9674e-18 1.4246e-18 7.8376e-18 5.675e-18 0 0 0 0 8.743e-05 0.00054629 8.743e-05 0.00054629 5.8606e-05 0.00036619 5.8606e-05 0.00036619 -1.7284e-18 -1.2515e-18 1.6659e-17 1.2062e-17 0.02301 0.012751 0.028216 0.03032 0.051931 0.042583 0.15177 0.25063 -0.0047143 0.10005 0.16505 0.34445 -0.047807 0.072109 0.093822 0.15046 0.023234 -0.0032719 0.038843 0.025913 0.057011 0.014695 0.21904 0.29456 -0.057634 0.27571 0.34193 0.56472 -0.033806 0.035031 0.14982 0.17738
140.5 190.17 5.4355 4.3122 -1.8704e-19 7.9113e-20 7.006e-19 2.9634e-19 0 -0 0 0 0 -0 0 0 0 -0 0 0 -7.0695e-19 2.9902e-19 4.3943e-18 1.8587e-18 0.0042523 0.016792 0.0074427 0.016819 0.00083825 0.037878 0.038771 0.042514 -0.004141 0.012808 0.0111 0.012808 0.038752 0.047487 0.06514 0.056611 -0.0088387 0.032867 0.18738 0.23958 -0.0027831 0.031849 0.1614 0.19535 -0.02286 0.0086946 0.064418 0.062263 0.012021 -0.0026946 0.09817 0.078221 0.099544 0.076791 0.35537 0.37722 -0.10775 0.098823 0.52762 0.45253 -0.032115 0.016903 0.071328 0.064518
79.232 150.62 6.7232 5.5624 0 0 0 0 0 0 0 0 0 0 0 0 -4.5764e-19 -5.2091e-19 4.5764e-19 5.2091e-19 -0.00011627 0.00010214 0.00011627 0.00010214 0.02003 0.012501 0.044657 0.043403 0.01107 0.051642 0.063127 0.12872 -0.016755 0.025732 0.022351 0.033893 -0.00017862 0.00015693 0.00017862 0.00015693 0.064228 0.060679 0.16026 0.15309 -0.059895 0.17283 0.40747 0.53219 -0.054101 0.02939 0.13469 0.14594 0 0 0 0 0.09944 -0.036781 0.19462 0.1784 -0.073801 -0.020617 0.34052 0.40894 -0.041659 -0.0038917 0.089874 0.083228
101.97 172.6 6.3931 5.0481 0 0 0 0 1.5788e-18 5.5087e-19 2.7974e-18 9.7607e-19 -1.5876e-18 -5.5394e-19 9.0112e-18 3.1442e-18 -1.7394e-19 -6.0693e-20 1.7394e-19 6.0693e-20 0.0088037 0.0075887 0.0094845 0.0097815 0.02841 0.059264 0.056399 0.096291 -0.021646 0.054155 0.070641 0.12497 -0.0081968 0.011535 0.014297 0.017544 0.013005 -0.004054 0.044576 0.033485 0.048045 0.031115 0.18903 0.30419 -0.041458 0.14317 0.22912 0.53505 -0.02004 0.016152 0.089831 0.081798 0.013469 -0.0019056 0.017119 0.014738 0.098916 0.019185 0.2115 0.31883 -0.048271 -0.022366 0.24274 0.47095 -0.028677 -0.012912 0.052855 0.048768
73.512 185.12 6.501 5.3265 0 0 0 0 0 0 0 0 0 0 0 0 -2.4058e-19 -1.6963e-19 1.4866e-18 1.0482e-18 0 0 0 0 7.2392e-05 0.00041856 7.2392e-05 0.00041856 4.6737e-05 0.00027023 4.6737e-05 0.00027023 -1.3575e-19 -6.146e-19 3.7986e-18 2.8526e-18 0.0088666 -0.0017534 0.0098962 0.0032137 0.043001 0.043719 0.13398 0.17399 -0.012783 0.054411 0.15497 0.28886 -0.027795 0.026106 0.048027 0.065101 0.0046085 -0.00094883 0.0046933 0.0025139 0.094475 0.090073 0.25872 0.22314 -0.011261 0.21884 0.50913 0.60193 -0.043596 0.014958 0.11238 0.10542
121.47 121.83 10.116 1.6821 -0 0 0 0 -0 0 0 0 -0 0 0 0 -0 0 0 0 -0 0 0 0 0.074353 0.12933 0.13076 0.36967 -0.077657 0.087262 0.12273 0.27838 -0.0027036 -2.1311e-05 0.0027036 0.00103 0.011096 0.00094556 0.013344 0.016599 0.10727 -0.086626 0.3801 0.55382 -0.11417 -0.032852 0.27247 0.37494 -0.010787 0.00126 0.014251 0.012832 0.0026552 -0.0013048 0.0030798 0.0041287 0.015319 -0.034984 0.042721 0.083725 -0.013941 -0.031078 0.035855 0.069067 -0.0023254 -0.0015492 0.0026362 0.0023362
85.583 129.8 9.4392 0.46429 0 0 0 0 0 0 0 0 0 0 0 0 0 0 0 0 -4.8296e-05 9.6437e-05 4.8296e-05 9.6437e-05 0.0065073 0.059885 0.063277 0.059885 -0.0095853 0.033063 0.053716 0.045133 -0.0029647 0.0025204 0.0040049 0.0028111 0.0723 0.013898 0.072444 0.026945 0.022456 0.030354 0.73251 0.36727 -0.076866 0.021407 0.40006 0.17373 -0.016633 0.0026877 0.028971 0.0095197 0.012393 -0.0026098 0.012393 0.006408 0.018226 -0.077187 0.21105 0.13252 -0.029044 -0.040345 0.14599 0.088927 -0.0049627 -0.0023072 0.0076828 0.003847
87.589 201.44 9.7021 5.2437 0 0 0 0 0 0 0 0 2.8399e-18 1.6689e-18 9.8991e-18 5.8174e-18 -4.224e-20 -2.4823e-20 4.0766e-18 2.3957e-18 0 0 0 0 0.00020109 0.00077427 0.00020109 0.00077427 4.3904e-05 0.00016905 4.3904e-05 0.00016905 -9.4171e-19 -5.5341e-19 2.2815e-18 1.3408e-18 0.01219 0.0015416 0.012849 0.015436 0.036926 0.11303 0.17573 0.32174 -0.057392 0.099348 0.15923 0.3123 -0.0075907 0.0070765 0.010677 0.012022 0.012119 -0.0009058 0.012177 0.0059818 0.1327 -0.011384 0.43187 0.54388 -0.097933 0.0025446 0.28617 0.34987 -0.0048371 0.00083207 0.0078935 0.010748
124.75 127.68 14.001 3.0706 -0 0 0 0 -0 0 0 0 -0 0 0 0 -0 0 0 0 0.026801 0.0055835 0.026801 0.0056811 0.076856 0.16624 0.53717 0.36321 -0.097179 0.092672 0.25865 0.16734 -0 0 0 0 0.029278 -0.0052961 0.029278 0.010041 0.054931 -0.13144 0.44268 0.36904 -0.087496 -0.073365 0.19044 0.16604 -0 0 0 0 0.00021695 -0.00024374 0.00021695 0.00024374 -0.00043504 -0.010545 0.009262 0.013253 -0.0013751 -0.0011773 0.0014913 0.0020093 -0 0 0 0
