44 64
100.14 126.01 2.0205 2.1271 -0.00051587 0.0013466 0.00078511 0.0013466 -0 0 0 0 -0 0 0 0 -0 0 0 0 -0.0044138 0.037337 0.10958 0.082307 -0.018836 0.067424 0.05822 0.086314 0.0023477 0.083703 0.01899 0.083703 -0.00919 0.051071 0.012111 0.051071 0.067937 -0.0077848 0.16772 0.14091 0.041251 0.081596 0.3755 0.43234 -0.027614 0.10632 0.30052 0.52487 -0.046362 0.055274 0.10477 0.17301 0.024536 -0.013223 0.037369 0.028342 0.0068424 -0.070353 0.15829 0.10259 0.041956 -0.10951 0.18046 0.15037 -0.0035508 -0.033778 0.097934 0.089916
167.91 129.63 1.731 4.2546 -0.02218 -0.012455 0.074691 0.06036 0.018777 0.0071614 0.061898 0.065802 0.016956 0.038253 0.081899 0.069195 -0.025959 0.011497 0.056049 0.023856 0.038097 0.13647 0.15439 0.21187 -0.012506 0.18055 0.18058 0.25071 0.021997 0.076553 0.15174 0.13394 -0.061826 -0.0033109 0.1106 0.04134 0.069877 -0.081015 0.1982 0.39261 -0.07754 -0.13272 0.15154 0.46128 -0.09366 -0.08459 0.19465 0.38586 -0.038115 -0.022007 0.050394 0.044913 0.0034617 -0.032165 0.012561 0.033571 -0.00060302 -0.039545 0.0075717 0.048212 -0.0080119 -0.026327 0.0105 0.033268 -0.00089626 -0.0012117 0.00093964 0.0012997
70.148 134.61 1.989 4.9896 0.016427 0.0044547 0.016427 0.0044547 0.0055817 0.03371 0.10289 0.049475 0.005326 0.018354 0.12817 0.043491 -0.00093874 0.015128 0.082562 0.035217 0.040692 -0.00018515 0.040692 0.007581 0.005447 0.024518 0.24672 0.075089 0.018743 0.08441 0.24109 0.16538 -0.0030435 0.023147 0.11322 0.086946 0.011134 -0.0018323 0.011134 0.0019891 0.143 0.026041 0.26883 0.20729 0.024219 0.10232 0.27088 0.3486 -0.010485 0.17567 0.21984 0.28599 7.8719e-06 2.2398e-06 7.8719e-06 2.2398e-06 0.086568 -0.08024 0.099748 0.13179 0.068916 -0.14535 0.15624 0.2964 0.0060544 -0.12002 0.13462 0.24135
114.53 133.46 2.0595 1.9868 -0.015579 0.0068244 0.032105 0.044101 -0 0 0 0 -0 0 0 0 -0 0 0 0 -0.013925 -0.013468 0.032765 0.03822 0.015336 0.057359 0.12952 0.09516 -0.04613 0.097872 0.14644 0.13035 0.010208 0.07516 0.043391 0.085767 -0 0 0 0 0.063429 -0.051099 0.13532 0.083888 0.16696 -0.012999 0.43185 0.44578 0.10162 0.018758 0.34991 0.49458 -0 0 0 0 0.0044511 -0.0027918 0.0044511 0.0027918 0.067431 -0.065408 0.13764 0.095641 0.0079605 -0.08431 0.14008 0.11222
185.63 134.1 2.0622 2.8454 -0 0 0 0 -0 0 0 0 -0 0 0 0 -0 0 0 0 -0.0074982 0.045467 0.097601 0.10573 0.018175 0.11543 0.12399 0.18306 -0.041804 0.15253 0.059132 0.17054 -0.0085919 0.014645 0.0086306 0.015145 0.0081064 -0.026258 0.074753 0.11206 0.12633 -0.011314 0.21941 0.26979 0.065854 0.10481 0.25496 0.38545 -0.11216 0.12289 0.29879 0.18633 -0.00016612 0.014427 0.055315 0.085124 0.063024 -0.017358 0.15147 0.13245 0.14195 0.039277 0.22533 0.20088 -0.11361 0.031571 0.35588 0.10632
90.854 135.63 2.0193 4.9267 0.0072292 0.010469 0.048207 0.018313 0.00077545 0.0043241 0.079082 0.036412 -0.0033751 -0.00556 0.095487 0.07772 -0.011073 -0.0030001 0.021747 0.018767 0.021851 0.052669 0.11041 0.1145 -0.02059 0.080496 0.14767 0.17155 0.018313 0.10173 0.21694 0.15847 -0.03877 0.062307 0.070168 0.078703 0.019129 0.013093 0.1081 0.15279 0.048788 0.06168 0.26509 0.36386 -0.071823 -0.081632 0.34955 0.49953 -0.05603 -0.048396 0.1563 0.22746 0.017927 -0.044881 0.029586 0.06998 -0.013725 -0.11865 0.078036 0.16358 -0.02932 -0.083893 0.055408 0.10085 0.00022561 -0.019343 0.01698 0.027217
173.75 136.07 2.0689 4.8093 -0.018921 -0.029184 0.073712 0.11851 0.01322 -0.0090447 0.086267 0.064768 -0.023591 -0.002179 0.07082 0.042045 0.0053118 0.0094891 0.068279 0.038563 -0.078468 0.21379 0.16069 0.28854 -0.0088473 0.1441 0.13141 0.21641 -0.022056 0.093844 0.15837 0.138 -0.017174 0.00595 0.11525 0.092869 -0.024982 -0.090694 0.28202 0.37035 -0.082412 0.13569 0.184 0.29415 -0.078926 0.0093211 0.21221 0.2167 -0.04884 -0.018651 0.068186 0.047806 0.034754 -0.071146 0.055402 0.098194 -0.0088788 -0.12533 0.077224 0.29989 -0.045547 -0.065469 0.054542 0.11411 -0.0057478 -0.0055793 0.0060956 0.0060155
104.34 142.1 1.9275 4.2378 -0.0035954 0.013859 0.041325 0.032987 -0.012482 0.00019999 0.023232 0.021329 -0.0013086 0.00031865 0.0013086 0.00094076 0 -0 0 0 -0.013297 0.00029017 0.089971 0.088197 -0.026499 0.060271 0.092449 0.10303 0.0067231 0.094784 0.048322 0.09703 -0.0086429 0.03608 0.02126 0.036588 0.011467 -0.0029107 0.066749 0.095246 0.11141 0.122 0.22674 0.34875 -0.11088 0.061656 0.29372 0.50636 -0.022653 -0.021849 0.086657 0.14958 0.039457 0.040015 0.052637 0.14774 -0.0035958 0.040828 0.33272 0.34469 -0.12523 -0.074085 0.155 0.15635 -0.0022489 -0.0058557 0.0042131 0.0077911
184.06 142.22 1.9775 4.7506 0.00061975 -0.0060116 0.11012 0.042537 -0.044662 0.0062434 0.094263 0.044875 0.0056879 0.026671 0.095322 0.037273 -0.0076931 0.0030477 0.014813 0.0045392 0.00035745 0.025497 0.11398 0.14322 -0.016566 0.04609 0.18961 0.15521 -0.015462 0.0024241 0.32265 0.22214 -0.022227 -0.0026032 0.037444 0.016865 -0.047878 0.13361 0.17482 0.24745 -0.035606 0.15294 0.31928 0.25746 -0.12472 -0.0010696 0.24612 0.16787 -0.0071178 -0.002795 0.011531 0.0048464 -0.043483 -0.063272 0.13061 0.35527 -0.12223 -0.098971 0.19831 0.28266 -0.043647 -0.027996 0.051072 0.036301 -4.1512e-05 -1.5883e-06 4.1512e-05 1.5883e-06
93.425 145.88 1.9609 5.276 0.0065213 0.014584 0.053616 0.031993 -0.00070484 0.032623 0.087781 0.068816 0.0055047 0.042152 0.071007 0.064927 -0.014284 0.012202 0.024387 0.020453 -0.01085 0.035111 0.12634 0.073647 0.015607 -0.0095256 0.16252 0.089211 0.0021585 -0.042758 0.16398 0.15277 -0.016601 -0.020279 0.046589 0.049042 -0.025257 0.081471 0.21436 0.1834 -0.035397 0.17869 0.2845 0.23154 -0.086948 0.08013 0.22139 0.16178 -0.0087828 4.4745e-05 0.011663 0.0097368 0.026893 -0.087989 0.11011 0.22521 -0.056442 -0.13725 0.26358 0.44159 -0.098118 -0.024797 0.25579 0.27159 -0.024596 0.0085962 0.042448 0.036872
154.23 151.9 2.1335 1.7292 0.0058913 -0.043409 0.053103 0.080958 0.097557 -0.17926 0.16306 0.26248 -0.073491 -0.15247 0.25706 0.43971 -0.026663 -0.020914 0.10277 0.12416 -0.01292 -0.004627 0.071137 0.060487 0.046578 0.04899 0.14199 0.25393 -0.053266 -0.017434 0.15253 0.22166 -0.0077993 -0.009937 0.015546 0.01882 0.024881 -0.0056291 0.1011 0.028403 0.028516 0.072878 0.27584 0.26555 -0.083353 -0.0064746 0.10214 0.12497 -0.0013471 -0.0002792 0.0013471 0.00058319 0.0053899 0.038587 0.087175 0.061919 0.023086 -0.03405 0.21054 0.24426 -0.097564 0.0012204 0.11001 0.15564 -0.003462 0.0009947 0.0035388 0.0032202
95.747 158.11 2.1395 3.546 -0.00060946 -0.00012806 0.00148 0.00065351 0.013054 0.0056263 0.020156 0.027214 -0.0078883 0.0088097 0.02337 0.032654 -0.00063991 6.8843e-05 0.00063991 0.00025719 0.0092709 0.0011415 0.012077 0.0088264 0.054312 0.090803 0.13848 0.19315 -0.067211 0.10548 0.15074 0.18562 0.063627 0.10008 0.087557 0.10777 0.0053237 0.0012653 0.025142 0.025097 0.12262 -0.044685 0.20198 0.29389 -0.010163 0.031569 0.26467 0.39674 0.19243 0.018811 0.25202 0.33426 -0.007459 0.0069627 0.076083 0.077692 0.070564 -0.041649 0.12297 0.18711 0.0068783 -0.0077714 0.095136 0.19035 0.15077 0.045344 0.21833 0.22239
65.429 163.59 2.0136 2.6549 0.0062356 0.014406 0.01206 0.040736 0.040874 -0.013208 0.097199 0.24082 0.00063551 -0.058718 0.14588 0.24299 0.03566 -0.031886 0.13368 0.13249 -0.0078566 0.149 0.068275 0.2708 -0.047977 0.11361 0.10787 0.44928 -0.024861 0.030293 0.14872 0.35436 0.032535 -0.040116 0.16078 0.1894 -0.0011419 -0.0994 0.06914 0.21907 -0.032778 -0.078633 0.10756 0.32311 -0.096327 -0.075071 0.11165 0.21086 -0.024836 -0.022836 0.0328 0.031934 0.0011674 -0.013785 0.0036808 0.013785 -0.0017733 -0.036405 0.009676 0.036405 -0.005593 -0.014885 0.005593 0.014885 -0.00021241 -0.00032566 0.00021241 0.00032566
186.19 180.4 2.0213 3.6968 -4.4514e-17 -1.096e-16 3.8401e-16 1.9752e-16 1.0853e-16 5.5883e-16 1.0531e-15 7.2928e-16 -2.5961e-16 5.22e-16 9.5121e-16 5.991e-16 0 -0 0 0 0.011784 0.018212 0.011784 0.020778 0.011957 0.083762 0.033352 0.088665 -0.0097625 0.091145 0.041234 0.093406 -0.013592 0.023828 0.014209 0.024021 0.028014 0.066752 0.090136 0.11497 0.0027247 -0.0094268 0.11519 0.21489 -0.069489 -0.033046 0.12268 0.23146 -0.028413 -0.0097504 0.061397 0.10542 0.068868 0.23184 0.27273 0.45114 -0.17143 0.059182 0.27614 0.53127 -0.046103 0.020931 0.075636 0.21333 -0.0088278 0.033832 0.019842 0.052851
64.091 181.16 2.1272 5.8052 0 0 0 0 0 0 0 0 0 0 0 0 0 0 0 0 0.022176 0.10776 0.028045 0.10776 -0.017044 0.1493 0.031052 0.1493 -0.0036572 0.10744 0.013923 0.10744 -0.0028329 0.012011 0.0028572 0.012011 0.066489 -0.0153 0.10052 0.25955 0.058041 0.074833 0.15466 0.43941 -0.070062 0.14043 0.17827 0.47507 -0.090571 0.12084 0.10954 0.16468 -0.0046405 -0.026306 0.074247 0.24203 0.0012711 -0.064824 0.068171 0.30935 0.016788 -0.13059 0.083061 0.19014 0.025403 -0.062095 0.07037 0.12143
140.31 184.06 2.1515 1.4335 -0.02456 -0.01653 0.071376 0.12638 -0.032875 -0.0025438 0.033002 0.05536 -0.00023253 2.2183e-05 0.00024807 9.0287e-05 2.064e-05 0.00014939 2.064e-05 0.00014939 -0.045402 0.0763 0.071034 0.22004 0.0089463 0.16887 0.13374 0.30143 -0.067534 0.088671 0.099387 0.14841 -0.0017257 8.9082e-05 0.003117 0.0046375 0.012818 -0.082786 0.071147 0.33049 -0.045665 -0.098708 0.186 0.70695 -0.076569 -0.044063 0.095912 0.18546 -0.00079448 -0.00036312 0.00083177 0.0010503 -0.0020753 -0.016736 0.014357 0.052995 -0.0072858 -0.028364 0.017566 0.078109 -0.0036069 -0.00498 0.0052418 0.015044 0 0 0 0
155.39 190.32 1.8861 4.5225 0.00014708 0.00012531 0.00014708 0.00065174 0.0023892 0.0084649 0.0032516 0.011339 -0.00094969 0.010491 0.0030168 0.012132 -0.00064774 0.0021971 0.00090385 0.0021971 0.011278 0.01761 0.017688 0.092648 0.0093625 0.094652 0.0408 0.24187 0.0047119 0.032456 0.043348 0.14625 -0.0027364 0.025983 0.02627 0.047939 0.064187 0.040182 0.1347 0.29461 0.0046607 -0.020653 0.16075 0.57149 -0.027303 0.035929 0.17099 0.52704 -0.049482 0.0334 0.093075 0.15836 0.0077479 -0.039842 0.030155 0.060993 0.020358 -0.013172 0.049513 0.12291 0.0038108 -0.012061 0.091205 0.19669 -0.017433 -0.029675 0.067306 0.075777
176.42 193.98 1.993 4.1979 0 -0 0 0 0 -0 0 0 -7.6734e-17 4.0677e-16 3.3369e-16 4.869e-16 -3.2228e-17 3.7408e-17 4.0087e-17 5.1694e-17 0.00044711 0.002643 0.0012826 0.0026915 0.0029123 0.032025 0.0066994 0.032025 -0.00073234 0.020491 0.0032625 0.020491 -0.0002656 0.0011032 0.00034059 0.0011032 0.015689 0.031085 0.052321 0.12797 0.022489 0.09789 0.091788 0.17269 -0.026931 0.10421 0.089506 0.14601 -0.018736 0.05879 0.033818 0.063655 0.049731 0.12423 0.169 0.48662 -0.086474 0.11089 0.19761 0.6533 -0.091934 0.025733 0.17106 0.253 -0.0098939 -0.022013 0.046108 0.066752
85.734 200.46 1.8066 4.9008 0 0 0 0 0 0 0 0 0 0 0 0 0 0 0 0 0 0 0 0 0.0036438 0.0067508 0.0036438 0.0067508 0.0018981 0.040982 0.0084436 0.040982 -0.001716 0.009915 0.0035791 0.009915 0.054362 0.23514 0.13703 0.25128 0.073976 0.2718 0.20166 0.45851 -0.1709 0.043706 0.27544 0.34173 -0.037784 -0.0047378 0.07139 0.049291 -0.06555 -0.0069624 0.24208 0.22243 -0.092601 -0.18692 0.1507 0.27336 -0.049046 -0.079755 0.081324 0.1555 -0.0039089 -0.003703 0.0069378 0.0093336
73.424 125.53 2.9677 1.1103 0 0 0 0 0 0 0 0 0 0 0 0 0 0 0 0 0.030354 0.033563 0.035244 0.035856 0.055888 0.20759 0.14269 0.29496 -0.062762 0.10306 0.0866 0.16565 -0.0056762 0.0051793 0.0059809 0.0062411 0.15776 0.10122 0.30172 0.23275 -0.083392 -0.014618 0.33911 0.45616 -0.089697 -0.041413 0.20385 0.26499 -0.02675 0.0064562 0.05629 0.049472 0.020923 -0.066983 0.16443 0.19421 -0.035459 -0.074844 0.11689 0.18194 -0.044026 -0.022012 0.11859 0.090754 -0.0087375 0.011144 0.065631 0.034441
154.7 132.83 2.6807 1.1142 0 0 0 0 0 0 0 0 0.0010983 0.0077807 0.003008 0.0077807 0.0051558 0.0058872 0.0068271 0.011676 0.042254 0.065313 0.069183 0.1348 0.024567 0.23873 0.13364 0.41707 -0.14432 0.070316 0.21306 0.37134 -0.014381 -0.0064735 0.032182 0.038207 0.037475 -0.03145 0.12904 0.10788 -0.021448 -0.19034 0.21788 0.38934 -0.094811 -0.063995 0.23286 0.32907 -0.0099965 0.0030303 0.014247 0.011673 -0.0023885 -0.020266 0.052456 0.038745 -0.0050342 -0.0071839 0.08254 0.062584 0.031374 0.012658 0.14834 0.14328 -0.031021 0.019032 0.043529 0.067551
82.547 150.83 2.9528 4.9443 0.025181 0.006618 0.046218 0.033513 -0.013966 -0.035062 0.11153 0.092741 -0.01501 -0.01996 0.028058 0.031927 -0.00081427 -0.00074639 0.0018358 0.0030549 0.016718 0.0094898 0.094433 0.04939 0.020729 0.035024 0.1897 0.095154 -0.017612 0.057944 0.17627 0.13288 -0.021567 0.0055577 0.055576 0.044246 0.044065 0.040937 0.16277 0.068601 0.0025696 0.15295 0.22871 0.22801 -0.053751 0.16445 0.26419 0.27829 -0.050641 0.04889 0.078042 0.078026 0.072774 -0.027707 0.096623 0.082192 0.077072 -0.0616 0.22311 0.34182 -0.066952 -0.048634 0.26368 0.43563 -0.045717 -0.016095 0.10471 0.14141
59.574 160.03 2.6871 0.22555 0 0 0 0 0 0 0 0 0 0 0 0 0 0 0 0 -0.044803 0.10296 0.082171 0.26925 -0.018418 0.069821 0.088771 0.17835 -0.022838 0.097918 0.055287 0.1177 -0.0048146 0.0070332 0.0048146 0.0070332 -0.16575 0.047029 0.25236 0.32272 -0.042453 0.019094 0.18091 0.39187 0.059501 0.021015 0.28502 0.36662 -0.072366 0.067709 0.10029 0.10858 -0.10826 -0.0012832 0.19432 0.18882 -0.078334 0.025936 0.12161 0.18738 0.06152 -0.059139 0.10707 0.12632 -0.032721 -0.0085796 0.12521 0.073725
73.936 165.62 2.9417 2.4361 0.022036 -0.0046846 0.029543 0.025106 0.055856 -0.011336 0.1705 0.19427 0.091805 -0.088248 0.26896 0.19272 0.011172 -0.1096 0.26621 0.19149 -0.00061141 0.022168 0.015783 0.035327 0.039591 -0.02576 0.10616 0.15895 0.024308 -0.069756 0.25207 0.30211 0.006992 -0.071373 0.22827 0.17563 0.03093 0.015249 0.075837 0.18386 -0.0029534 0.047528 0.15826 0.40528 -0.084204 -0.03057 0.16084 0.31973 -0.02707 -0.023917 0.054368 0.057657 0.010454 -0.026108 0.012968 0.031151 -0.0058298 -0.068164 0.029285 0.081982 -0.014388 -0.034326 0.017698 0.038966 -0.0017487 -0.0022799 0.0017487 0.002328
153.41 166.51 2.802 0.83549 -0.054037 -0.020333 0.15371 0.2203 -0.042863 0.0057956 0.07862 0.06513 -0.00019928 0.00011385 0.00019928 0.00011385 0.00024075 -0.00034211 0.00084422 0.0004082 0.0070958 -0.028686 0.11176 0.1051 0.020553 0.090612 0.2157 0.23989 -0.043293 0.057908 0.092127 0.13733 -0.0010098 0.045941 0.033128 0.056272 0.0075658 -0.0080178 0.050224 0.05627 0.10372 -0.0060715 0.21198 0.37157 0.03165 0.069618 0.3012 0.49897 -0.082701 -0.018139 0.2213 0.21087 0.011241 0.00067158 0.02203 0.036687 0.036766 -0.012268 0.069664 0.13614 -0.033217 -0.075308 0.10518 0.20204 -0.021813 -0.02289 0.038363 0.049131
62.146 167.99 2.7138 2.4346 0.01791 -0.020548 0.034904 0.040407 0.044394 -0.058154 0.16178 0.2178 0.044856 -0.091587 0.25038 0.23491 -0.062425 -0.10167 0.23361 0.15704 0.016881 0.12933 0.07133 0.20726 -0.0084274 0.17222 0.19277 0.47513 -0.039851 -0.00023557 0.22799 0.32907 -0.028712 -0.042489 0.070415 0.067782 0.031353 -0.10094 0.077839 0.18309 -0.039355 -0.13232 0.085393 0.26633 -0.045556 -0.05533 0.052202 0.089761 -0.002409 -0.0017629 0.0024419 0.0019844 5.1111e-05 -0.00099484 0.00010123 0.00099484 -9.6858e-06 -0.00036471 6.2477e-05 0.00036471 -0 0 0 0 -0 0 0 0
71.698 181.75 2.7491 5.6543 0 0 0 0 0 0 0 0 0 0 0 0 0 0 0 0 0.043938 0.077632 0.058206 0.11792 0.024276 0.20839 0.10421 0.33078 -0.081853 0.18152 0.11846 0.24646 -0.017884 0.031413 0.019778 0.031934 0.027821 -0.032179 0.15619 0.28256 -0.0068634 -0.19061 0.15836 0.47813 0.0078443 -0.13626 0.13295 0.3166 -0.053729 -0.020628 0.088426 0.13373 -0.025971 0.059841 0.14921 0.16944 -0.048265 0.10947 0.11641 0.21481 -0.010965 0.0035416 0.024346 0.037701 -0.0001897 -0.010296 0.0055252 0.011179
84.808 190.48 2.6867 2.2982 0.0016979 -0.003217 0.0026241 0.0042573 -0.00024618 -0.00079609 0.0046368 0.006698 0.037626 -0.064471 0.1002 0.13789 0.031625 -0.059801 0.17846 0.15607 0.012283 0.0013949 0.013887 0.015759 0.06044 0.12493 0.12494 0.25825 0.041588 0.29057 0.12521 0.3552 0.0177 0.15472 0.20342 0.38264 0.0067943 -0.0040607 0.0072683 0.0064373 0.067712 -0.10361 0.085412 0.18635 0.054887 -0.18546 0.16594 0.40463 -0.037556 -0.11061 0.10067 0.2285 -0 0 0 0 -7.3749e-06 -6.5658e-06 7.3749e-06 6.5658e-06 -0.00068708 -0.0075704 0.001548 0.0075704 -0.0005788 -0.0020549 0.00066171 0.0020549
87.104 191.7 2.9575 2.318 0.0015854 -0.0019447 0.0022353 0.0026461 0.0010264 -0.00012416 0.0046373 0.0049188 0.048203 -0.047924 0.092211 0.10264 0.049389 -0.057589 0.16956 0.16305 0.0081723 0.0016097 0.0081723 0.0080391 0.087712 0.10159 0.1292 0.25088 0.031698 0.25443 0.10852 0.32121 0.026807 0.18226 0.18121 0.38285 0.0024746 -0.00089913 0.0024746 0.0023427 0.073483 -0.085931 0.081318 0.15555 0.10094 -0.18724 0.17264 0.41474 -0.031985 -0.15525 0.12182 0.30412 -0 0 0 0 -0 0 0 0 0.00056163 -0.0084528 0.0023088 0.0084528 -0.00067242 -0.0037756 0.0011523 0.0037756
74.122 195.54 2.8684 5.1335 0 0 0 0 0 0 0 0 0 0 0 0 0 0 0 0 0 0 0 0 0.0046478 0.013085 0.0046478 0.013085 0.0085395 0.038484 0.0085395 0.038484 0.0005595 0.0048796 0.0005595 0.0048796 0.10606 0.13054 0.11212 0.13817 0.025542 0.17741 0.34409 0.51435 -0.092011 0.0090724 0.16349 0.47666 -0.051772 0.006864 0.055865 0.087684 0.039366 -0.037569 0.1976 0.20677 -0.083855 -0.1391 0.23151 0.25975 -0.023558 -0.068915 0.033294 0.080861 -0.0051157 -0.006189 0.0066747 0.011796
164.67 201.47 2.5808 4.4704 0 -0 0 0 0 -0 0 0 0 -0 0 0 0 -0 0 0 0.00053372 0.0010172 0.00053372 0.0010172 0.0028487 0.02517 0.0039883 0.025567 -0.00066084 0.0064264 0.0010444 0.006439 -4.9186e-18 8.2304e-17 1.4486e-16 3.4295e-16 0.0447 0.097854 0.058027 0.16491 -0.00043598 0.29354 0.14784 0.40457 -0.031505 0.13363 0.096093 0.23031 -0.025217 0.035039 0.036634 0.041613 0.060109 -0.047791 0.12727 0.22326 0.028022 -0.084946 0.21469 0.53616 -0.095671 -0.032306 0.21037 0.35124 -0.017678 -0.01278 0.058888 0.058721
180.9 144.55 3.2414 4.7087 -0.024594 -0.036496 0.17761 0.17964 -0.03202 -0.035745 0.14898 0.088091 -0.015837 -0.016347 0.060723 0.034954 -0.0030929 -0.00011277 0.0044981 0.00083434 -0.03135 -0.045458 0.17891 0.17047 -0.027755 0.0049157 0.18805 0.096699 -0.012342 0.017573 0.14328 0.072994 -0.0082819 0.0003317 0.014207 0.003278 -0.048191 0.16514 0.26447 0.49095 -0.063107 0.18112 0.25059 0.28246 -0.091561 0.016324 0.18178 0.12667 -0.0043783 -0.00071489 0.0058602 0.0013713 0.033007 -0.11802 0.10424 0.20364 -0.067604 -0.11899 0.13742 0.26871 -0.035243 -0.025946 0.04334 0.040099 -8.2392e-05 3.0076e-07 8.2392e-05 3.0076e-07
71.849 153.51 3.7498 5.0248 0 0 0 0 0.037468 0.028692 0.04757 0.047401 -0.0048753 0.014511 0.089562 0.13111 -0.017042 -0.0040668 0.021228 0.044467 0.0036086 0.0011655 0.0036086 0.0011655 0.042737 -0.0052186 0.18576 0.12173 -0.016253 0.012475 0.15244 0.13615 -0.014319 0.019823 0.035948 0.033838 0.039807 0.00060232 0.039807 0.0035172 0.088129 0.13148 0.29383 0.17455 -0.021371 0.20137 0.27775 0.30595 -0.042056 0.044638 0.090932 0.095574 0.0061836 -0.00037044 0.0061836 0.00037044 0.13051 -0.080067 0.17566 0.21937 -0.015935 -0.10904 0.22086 0.53887 -0.056625 -0.022243 0.10243 0.1506
72.198 158.96 3.4432 2.5216 0.025954 0.0061952 0.04393 0.052593 0.066219 -0.00058564 0.19424 0.16616 0.12262 -0.14809 0.35603 0.24674 -0.095213 -0.035254 0.29485 0.19272 0.0070063 0.0019433 0.017133 0.024929 0.046404 -0.050983 0.14771 0.2039 0.055835 -0.10403 0.25478 0.27298 -0.0403 -0.098158 0.22928 0.17646 0.010668 0.052269 0.077285 0.17749 -0.034949 0.039915 0.12307 0.32334 -0.046344 -0.027523 0.13186 0.20685 -0.014022 -0.028813 0.044892 0.048802 0.0091543 -0.037051 0.022922 0.053422 -0.010937 -0.055817 0.023384 0.082885 -0.014295 -0.020571 0.015115 0.027341 -0.00059025 -0.00043466 0.00059025 0.00044322
152.52 164.86 3.5851 0.92306 0.028445 0.045337 0.10236 0.20936 -0.060661 0.0084008 0.12398 0.17673 -0.0013914 -0.0047338 0.0047852 0.0091779 0.0060153 -0.007615 0.013829 0.015381 -0.022244 -0.078321 0.13264 0.17374 -0.021373 -0.0050815 0.24771 0.28446 -0.047708 0.046985 0.078387 0.11744 -0.0030036 0.01161 0.0089161 0.015099 0.0034547 -0.0064312 0.061759 0.054756 0.085927 0.021313 0.1823 0.35652 -0.038027 0.047196 0.32085 0.57123 -0.054119 -0.011404 0.10175 0.11284 0.0092073 -0.0066252 0.01222 0.018655 0.022047 -0.040885 0.047222 0.09911 -0.028493 -0.055536 0.05814 0.11472 -0.0077781 -0.0070722 0.0097518 0.013834
60.904 168.26 3.3699 2.4327 0.016133 -0.02241 0.032664 0.050866 0.045563 -0.050673 0.18594 0.21514 0.047938 -0.098866 0.25492 0.24399 -0.061668 -0.085829 0.21629 0.13449 0.020228 0.11855 0.089619 0.22803 -0.018591 0.12952 0.22178 0.50009 -0.0617 -0.021335 0.22228 0.32897 -0.023466 -0.032151 0.059386 0.0504 0.02469 -0.1002 0.072284 0.17584 -0.037953 -0.12607 0.085559 0.2321 -0.039765 -0.050055 0.045426 0.074456 -0.0016704 -0.0012699 0.0016756 0.0014478 3.1171e-05 -0.00040662 3.1171e-05 0.00040662 8.9877e-06 -0.00011724 8.9877e-06 0.00011724 -0 0 0 0 -0 0 0 0
80.321 165.55 5.0431 2.5018 -0.044064 -0.018447 0.098713 0.071419 0.060934 0.014502 0.07402 0.035648 0.12689 0.10026 0.34921 0.4492 -0.087726 0.069605 0.12386 0.1296 -0.00098331 0.0068969 0.010653 0.018133 0.07097 0.00022365 0.10202 0.1205 0.16789 -0.18994 0.30522 0.34664 -0.11401 -0.081776 0.22759 0.17473 0.0244 -0.0039806 0.033496 0.050008 0.032724 -0.012981 0.10033 0.27887 -0.03961 -0.04295 0.12017 0.22623 -0.017322 -0.025414 0.033164 0.035353 0.0010801 -0.0022416 0.0010801 0.0022416 0.003146 -0.024004 0.0090597 0.027319 -0.0064127 -0.013903 0.0071273 0.01523 -0.00034745 -0.00038082 0.00034745 0.00038082
172.5 166.47 5.5418 2.422 -0 0 0 0 0.00067737 0.0024182 0.0046329 0.0036407 0.016621 0.048584 0.052036 0.066412 -0.010036 0.019096 0.018619 0.021545 0.00099254 0.00014118 0.00099254 0.00014118 -0.0031609 0.036232 0.089615 0.061407 0.17031 -0.01751 0.363 0.32896 -0.10821 0.008691 0.28515 0.16712 0.0054424 0.00037436 0.0054424 0.00063013 0.07037 0.011592 0.41261 0.23513 -0.067252 -0.027441 0.44456 0.3289 -0.014992 -0.014712 0.095213 0.065277 0.00022094 3.2232e-05 0.00022094 3.2232e-05 0.032861 -0.043185 0.070579 0.067762 -0.023975 -0.036779 0.077766 0.081185 0.024289 0.0012625 0.031482 0.035864
188.48 193.41 5.0552 3.9422 0 -0 0 0 0 -0 0 0 0 -0 0 0 0 -0 0 0 0 -0 0 0 -0.00023886 0.0031505 0.00023886 0.0031505 -0.00011638 0.0015907 0.00011638 0.0015907 -5.6473e-18 -8.6163e-20 5.6473e-18 8.6163e-20 0.046695 0.050178 0.052064 0.056646 0.027751 0.17689 0.24432 0.44666 -0.071889 0.012543 0.11596 0.18353 -0.0046934 0.0065583 0.017276 0.012672 0.055103 -0.018408 0.13519 0.13797 -0.022966 -0.071408 0.3688 0.59075 -0.038553 0.040504 0.21022 0.22422 -0.01674 0.053843 0.093526 0.065459
45.932 185.06 6.0867 5.6331 0 0 0 0 0 0 0 0 0 0 0 0 0 0 0 0 0 0 0 0 0 0 0 0 3.822e-18 5.0263e-18 3.822e-18 5.0263e-18 1.1932e-18 1.5692e-18 1.0084e-17 1.3262e-17 0.0028709 0.0068712 0.0028709 0.0068712 0.077108 0.056454 0.14478 0.25201 -0.026463 0.065167 0.18528 0.47833 -0.034504 0.0094768 0.043109 0.062786 0.11628 0.067521 0.13419 0.11041 -0.099629 0.30454 0.3807 0.49893 -0.076793 -0.0054269 0.13543 0.2473 -0.010172 -0.009032 0.014885 0.022075
89.225 132.74 8.8789 1.6245 -0 0 0 0 -0 0 0 0 -0 0 0 0 -0 0 0 0 -0.035402 0.046523 0.16042 0.30963 0.095939 0.093719 0.19892 0.35785 -0.094449 0.086495 0.17239 0.28372 -0.0032858 0.00016823 0.0032858 0.00048938 -0.045118 0.0089218 0.3049 0.40828 0.064723 -0.07209 0.20555 0.31168 -0.086405 -0.047565 0.22154 0.25282 -0.0071877 0.00049047 0.0071877 0.002576 -0.0094652 -0.035864 0.057618 0.12494 0.0068503 -0.012487 0.032329 0.054005 -0.011219 -0.017213 0.047205 0.046964 -0.00092915 -0.00018554 0.00092915 0.00055837
53.917 151.84 9.0155 5.6819 0 0 0 0 0 0 0 0 0 0 0 0 1.0978e-18 1.6001e-18 1.0978e-18 1.6001e-18 0 0 0 0 0.0073055 0.0096518 0.011296 0.012125 -0.00029296 0.050614 0.056789 0.14942 -0.014333 0.0083971 0.018285 0.032862 0 0 0 0 0.16738 0.07359 0.39504 0.33778 -0.1651 0.029679 0.3922 0.43535 -0.017132 0.023492 0.068358 0.071238 0 0 0 0 0.04763 -0.053972 0.091495 0.095456 -0.010443 -0.00059127 0.27837 0.20132 0.038893 0.015094 0.31707 0.20259
187.05 156.25 10.754 3.95 0 -0 0 0 0 -0 0 0 0 -0 0 0 0 -0 0 0 0.039728 0.0099768 0.054208 0.047044 -0.038299 0.077693 0.21673 0.22812 -0.016928 0.013471 0.01752 0.019368 0 -0 0 0 0.025362 0.037167 0.089948 0.097294 -0.0049224 -0.077933 0.47408 0.60679 -0.10971 -0.016725 0.21071 0.23994 0 -0 0 0 0.038499 -0.0070229 0.193 0.16629 -0.068895 -0.021633 0.20904 0.18961 -0.0096075 -0.016865 0.017319 0.025138 0 -0 0 0
158.77 178.71 9.6794 2.2838 -0 0 0 0 0.01434 0.0038368 0.01434 0.011367 -0.0077544 0.07171 0.089997 0.10291 -0.0061102 0.0057166 0.006444 0.0058654 1.5435e-17 -1.785e-17 1.5435e-17 1.785e-17 0.10041 0.062368 0.22306 0.20414 -0.047667 -0.025723 0.51354 0.51525 -0.039222 0.08739 0.12306 0.181 3.5378e-18 -4.0913e-18 3.5378e-18 4.0913e-18 0.064052 -0.072815 0.15119 0.17991 0.00047004 -0.051274 0.14259 0.23197 0.0037471 -0.019648 0.22197 0.29316 5.3535e-18 4.6292e-18 5.3535e-18 4.6292e-18 7.812e-18 6.7552e-18 3.3645e-17 2.9093e-17 0.01289 -0.0062763 0.01455 0.026716 -0.0035727 -0.013861 0.024391 0.043004
