23 64
131.51 118.33 2.1017 1.3334 0 0 0 0 0 0 0 0 0 0 0 0 0.0018326 0.010597 0.0042251 0.010597 0.015885 0.0033986 0.015885 0.0083081 0.051417 0.197 0.097143 0.21807 0.015034 0.20046 0.14857 0.22708 0.063274 0.085926 0.17927 0.28898 0.07142 0.038527 0.11655 0.14477 0.061204 -0.11506 0.25933 0.3914 0.00035906 -0.1076 0.22564 0.45473 -0.075563 -0.11026 0.1589 0.23474 0.0073335 -0.022447 0.027936 0.0446 -0.0099985 -0.037451 0.02314 0.044294 0.0034918 -0.046417 0.021371 0.048336 -0.0035326 -0.0067359 0.016778 0.031223
146.23 123.67 2.0086 4.6348 -0.0058548 -0.013102 0.012117 0.017599 0.007486 -0.010222 0.010999 0.0161 0.048964 -0.084012 0.082083 0.10503 -0.030915 -0.092874 0.072159 0.10016 -0.047172 0.19312 0.097005 0.21948 0.010895 0.21166 0.1572 0.30717 -0.061439 0.060527 0.091411 0.1259 -0.00022333 1.7357e-05 0.00022333 1.7357e-05 0.051217 -0.10188 0.17892 0.44308 -0.20639 -0.14161 0.31687 0.46613 -0.060543 -0.046524 0.079768 0.10481 -6.5935e-05 5.1242e-06 6.5935e-05 5.1242e-06 0.0070036 -0.050807 0.012974 0.051578 -0.01562 -0.038736 0.016538 0.041206 -0.00089259 -0.00029372 0.00089259 0.00032283 0 -0 0 0
111.85 125.4 1.9994 4.8968 -0.0065574 -0.050091 0.042401 0.068597 -0.011183 -0.032662 0.056521 0.10986 -0.00061617 -0.044944 0.027956 0.1289 -0.00091454 -0.031626 0.023663 0.062443 0.037323 0.034984 0.037764 0.036936 -0.018448 0.15366 0.1082 0.16178 0.065578 0.16419 0.11467 0.23934 -0.040297 0.08569 0.065561 0.12027 0.068586 -0.016055 0.07889 0.051828 0.14633 -0.094296 0.22461 0.42131 -0.043531 -0.096809 0.2724 0.50559 0.016223 -0.0068159 0.20638 0.25783 0.0026082 -0.0050025 0.0053319 0.0050025 0.023522 -0.068044 0.026863 0.06913 -0.0097342 -0.059111 0.023312 0.061606 0.030917 -0.062966 0.041235 0.070925
130.38 127.56 1.84 4.4696 -0.0076358 -0.028606 0.053815 0.14825 -0.030897 -0.041251 0.05298 0.094933 -0.001834 -0.010913 0.0086025 0.018124 0.013596 -0.020268 0.022595 0.033631 0.006726 0.0092654 0.021187 0.049134 0.0046346 0.15112 0.06357 0.15997 0.017346 0.10263 0.053292 0.10263 -0.0031374 0.072361 0.068863 0.11692 0.085224 0.16285 0.14723 0.22603 0.012478 0.034246 0.29328 0.4919 -0.015617 0.019463 0.23373 0.45759 -0.084697 -0.039818 0.12439 0.15267 -0.01374 -0.082851 0.086818 0.19256 -0.048249 -0.086665 0.082662 0.11908 -0.0047301 -0.096114 0.039654 0.10685 -0.011728 -0.01532 0.01189 0.018339
156.29 160.29 2.0132 0.52019 0.014152 0.042089 0.045936 0.077282 -0.0029764 0.038244 0.064468 0.13598 0.049052 0.039292 0.095605 0.13337 0.0097847 0.0053802 0.070759 0.055029 0.045705 0.0481 0.24018 0.29805 -0.066741 0.16676 0.20206 0.41214 -0.011885 0.14205 0.1718 0.22693 -0.059772 -0.022548 0.10873 0.076964 0.095633 -0.12268 0.16193 0.18134 0.013966 -0.15818 0.20049 0.33635 -0.11884 -0.12701 0.17211 0.22492 -0.062299 -0.041938 0.070041 0.054189 0.00679 -0.013023 0.0093372 0.016709 0.011996 -0.083645 0.026097 0.085845 -0.018067 -0.059686 0.025279 0.06014 -0.0025831 -0.0037959 0.0026965 0.0038068
168.07 161.24 1.929 3.5572 0 -0 0 0 0 -0 0 0 0 -0 0 0 0 -0 0 0 0.014173 0.021044 0.014173 0.021044 0.0099197 0.15407 0.037817 0.15407 -0.011473 0.11415 0.033776 0.12925 -0.0039856 0.0036629 0.0052593 0.0077968 0.1051 0.080647 0.12213 0.11167 0.092246 0.15142 0.17718 0.27254 -0.091208 0.19975 0.31521 0.41486 -0.095943 0.09644 0.12456 0.11932 0.030122 -0.0090351 0.092181 0.063071 -0.0053087 -0.11011 0.13586 0.2063 0.079451 -0.12929 0.20272 0.41036 -0.094582 -0.039431 0.13568 0.14324
89.391 163.69 2.1635 5.4233 0 0 0 0 0 0 0 0 0 0 0 0 0 0 0 0 0.011574 0.0096131 0.011574 0.0096131 0.041176 0.14739 0.050898 0.15762 -0.049595 0.10976 0.061298 0.13064 -0.0059534 0.010206 0.0068392 0.010206 0.091361 0.083183 0.096072 0.098429 0.080708 0.14173 0.17478 0.37146 -0.13426 0.12711 0.19342 0.28821 -0.030514 0.086491 0.090548 0.13116 0.092095 0.0023712 0.16706 0.17796 -0.12689 -0.057909 0.26119 0.43422 -0.020696 -0.04684 0.1448 0.31366 0.030831 -0.0083387 0.086078 0.14351
124.73 176.63 1.9757 4.7457 0 0 0 0 0 0 0 0 0 0 0 0 0 0 0 0 0.0094859 0.02388 0.020803 0.036985 0.03441 0.13647 0.062561 0.14458 -0.02658 0.13863 0.065236 0.18282 -0.011377 0.049026 0.013591 0.050657 0.11571 0.12508 0.16523 0.20068 0.029089 0.23061 0.20231 0.40811 -0.096164 0.14902 0.1717 0.3373 -0.01434 0.12469 0.11499 0.18743 0.012849 -0.043851 0.10475 0.15146 -0.0063944 -0.16817 0.10541 0.29004 -0.024805 -0.081817 0.1266 0.24858 0.0087819 -0.062428 0.10736 0.18142
114.38 117.87 2.7541 1.6453 -0 0 0 0 -0 0 0 0 -0 0 0 0 -0 0 0 0 0.0041008 0.12835 0.10092 0.20416 0.025531 0.20155 0.13404 0.30919 -0.062701 0.14375 0.095286 0.20823 -0.0086517 0.0072358 0.0093923 0.0074168 0.049239 -0.10324 0.12145 0.22622 0.002584 -0.15299 0.2423 0.55712 -0.094311 -0.10325 0.18079 0.30637 -0.017609 -0.0043725 0.017999 0.012997 0.010392 0.017574 0.021938 0.049822 -0.0022597 0.025477 0.039739 0.13877 0.037862 0.053095 0.080135 0.16615 -0.026825 0.04915 0.088623 0.083156
158.34 144.51 3.0308 0.80729 0 0 0 0 0.016112 -0.068138 0.13382 0.12236 -0.027854 -0.057727 0.054574 0.07308 0.01766 0.0063186 0.08897 0.090941 0 0 0 0 0.098765 0.16043 0.19919 0.23563 -0.068458 0.15252 0.17784 0.29711 0.049291 0.039969 0.12278 0.16175 0 0 0 0 0.23863 -0.067641 0.31468 0.26672 -0.033267 0.025253 0.29524 0.43417 -0.063093 6.2466e-06 0.1343 0.17137 0 0 0 0 0.030594 -0.032284 0.032075 0.039872 0.024085 -0.12409 0.058436 0.14114 -0.026727 -0.039598 0.028966 0.04398
111.55 145.9 2.7295 1.6914 0.032417 -0.055093 0.076804 0.14293 -0.011291 -0.086869 0.16917 0.31222 -0.062515 -0.059737 0.13224 0.23806 -0.016384 -0.0019525 0.018107 0.014037 0.013404 0.024186 0.034018 0.05694 -0.010374 0.050126 0.079453 0.29778 0.03278 0.065409 0.11379 0.27436 -0.031732 0.079236 0.10184 0.11639 0.0082881 0.06483 0.081412 0.17306 0.010072 0.081911 0.13557 0.42886 0.07549 0.028899 0.20696 0.32231 -0.074656 -0.010033 0.1662 0.11921 0.021273 -0.031575 0.042752 0.093855 -0.043359 -0.061737 0.093643 0.16311 -0.0059163 -0.061913 0.068778 0.097175 -0.021501 -0.031117 0.031275 0.038832
123.58 148.33 2.6689 1.7663 0.011522 0.0039616 0.03758 0.060761 0.057397 -0.093659 0.12999 0.21301 0.0064432 -0.10061 0.15785 0.31765 -0.042732 -0.034604 0.084239 0.14703 -0.079202 0.021364 0.13489 0.12211 0.027552 0.056567 0.073433 0.17109 -0.013624 0.020005 0.074349 0.28121 0.024533 0.027356 0.070864 0.13598 -0.050981 0.035559 0.13247 0.15157 0.0015219 0.11197 0.13735 0.33836 0.0057616 0.061649 0.14172 0.42503 0.063523 0.018318 0.14852 0.21377 0.014515 -0.045644 0.037803 0.073566 0.027284 -0.067636 0.071085 0.17286 -0.046885 -0.065398 0.090051 0.15644 0.0056424 -0.046508 0.041612 0.069525
103.6 154 2.6294 3.0525 0.061408 0.014208 0.1051 0.040502 -0.059274 0.020502 0.25192 0.089849 -0.041798 0.015156 0.16457 0.058232 0.095734 -0.017028 0.20538 0.1056 0.081499 -0.0655 0.10886 0.08825 -0.061663 -0.012555 0.33286 0.20614 -0.044106 0.033697 0.41882 0.12996 0.11832 -0.043027 0.17714 0.095226 0.034351 -0.010873 0.036012 0.018877 0.10329 -0.010693 0.21587 0.16976 -0.085521 0.04713 0.33644 0.34576 -0.036126 -0.012613 0.080797 0.063476 0.0039431 -0.0013039 0.0039431 0.0013039 0.025967 -0.058101 0.049307 0.062935 -0.020719 -0.077306 0.052134 0.098698 -0.0095106 -0.0071866 0.010174 0.0098201
149.54 154.26 2.8368 0.56102 -0.0026705 -0.056924 0.13629 0.10813 -0.027714 -0.034894 0.053212 0.050846 0.016664 0.0082377 0.18022 0.12874 0.027461 0.025211 0.13935 0.087056 0.040584 0.029313 0.074352 0.069433 -0.019426 0.16188 0.18693 0.25605 0.066548 0.057259 0.19553 0.23796 -0.030033 -0.04759 0.15409 0.12781 0.12031 -0.035418 0.13295 0.094012 0.070878 -0.036486 0.36986 0.42897 -0.12673 -0.0016398 0.23088 0.30196 -0.06407 -0.043225 0.083986 0.063931 0.0090558 -0.0094616 0.0094659 0.011105 0.035695 -0.099959 0.055198 0.11106 -0.035098 -0.090254 0.051357 0.096316 -0.0066147 -0.0054668 0.0066147 0.0057207
119.66 157.47 2.7547 1.6742 -0.013776 -0.0022883 0.026702 0.044613 0.020933 -0.04237 0.049706 0.11951 -0.0084423 -0.038318 0.057512 0.15702 -0.0029319 0.029545 0.046574 0.072329 -0.051758 0.04771 0.1274 0.13477 0.0059725 0.06136 0.11805 0.3671 0.011794 0.058042 0.13037 0.54084 0.055732 0.035029 0.17177 0.25149 -0.009259 -0.020181 0.096347 0.16608 0.029363 0.023391 0.12772 0.31938 -0.069218 -0.029263 0.18237 0.27969 0.0017629 -0.074631 0.09337 0.13852 0.009414 -0.031068 0.013373 0.033052 0.0044608 -0.088 0.035638 0.10144 -0.023103 -0.052178 0.033695 0.063388 -0.001651 -0.016453 0.0072918 0.017196
110.9 119.63 3.7204 1.6267 -0 0 0 0 -0 0 0 0 -0 0 0 0 -0 0 0 0 0.037266 0.072101 0.11132 0.24532 -0.0018619 0.2222 0.18703 0.4364 -0.074075 0.0708 0.096536 0.171 -0.0020017 2.1e-05 0.0020017 0.00042226 0.028434 -0.046872 0.091351 0.19236 -0.0065176 -0.11655 0.19121 0.49832 -0.051119 0.035765 0.1564 0.24637 -0.013291 0.021848 0.020329 0.022559 -0.020352 0.05673 0.078901 0.094239 0.0092112 0.080379 0.076443 0.22976 0.01334 0.041763 0.1847 0.17926 -0.046878 0.0014163 0.065445 0.030165
90.894 144.4 3.7382 2.0656 0.038719 -0.050064 0.10971 0.16157 -0.027017 -0.055872 0.23893 0.44217 -0.059472 0.0020247 0.078741 0.082719 -0 0 0 0 -0.012676 0.062184 0.14795 0.24366 0.018167 0.108 0.27411 0.3628 -0.072577 0.035843 0.11568 0.10262 -0 0 0 0 -0.016242 -0.093315 0.12727 0.23793 -0.028854 -0.1248 0.29736 0.33822 -0.10971 -0.049301 0.14052 0.10414 -0 0 0 0 0.0022107 -0.021057 0.0079483 0.021057 -0.00023184 -0.037396 0.020004 0.037396 -0.0045679 -0.0050741 0.0047897 0.0050741 -0 0 0 0
158.82 144.82 3.3403 0.89385 0 0 0 0 0.03092 -0.033385 0.096943 0.091049 -0.030544 -0.074892 0.072305 0.099576 0.019864 0.0051549 0.060817 0.071396 0 0 0 0 0.10108 0.13373 0.20126 0.18443 -0.086173 0.16497 0.1997 0.30332 0.028027 0.032017 0.10832 0.16494 0 0 0 0 0.25522 -0.10091 0.31919 0.29665 -0.041056 0.010616 0.30303 0.40705 -0.059553 0.0074161 0.14078 0.16353 0 0 0 0 0.028358 -0.030415 0.028651 0.041965 0.027706 -0.14233 0.07316 0.16278 -0.032538 -0.048792 0.036154 0.053161
112.22 147.96 3.4821 1.6969 0.035694 -0.066732 0.073228 0.13655 0.010554 -0.11656 0.17228 0.36818 -0.063104 -0.084249 0.14571 0.25147 -0.019039 -0.004355 0.021945 0.015304 0.020353 0.029597 0.046987 0.097249 -0.0068674 0.029522 0.07741 0.21045 0.056584 0.058153 0.12001 0.25935 -0.041102 0.08231 0.13186 0.13905 0.0080783 0.079766 0.1055 0.17681 -0.013321 0.14079 0.14344 0.31465 0.073741 0.027436 0.22187 0.32339 -0.084217 -0.028663 0.179 0.13581 0.026496 -0.047788 0.046953 0.10887 -0.045527 -0.090854 0.093346 0.18076 -0.0067728 -0.069249 0.058694 0.097424 -0.018825 -0.031986 0.029047 0.039195
131.99 152.28 3.5431 1.7461 -0.00014175 0.025463 0.011686 0.025463 0.061061 0.00069028 0.085456 0.20218 0.020771 0.0003797 0.17062 0.37273 -0.039989 -0.0013125 0.083146 0.16872 0.0075924 0.084809 0.28609 0.22977 -0.078475 0.035565 0.15193 0.15971 0.011135 -0.045746 0.10416 0.23464 0.012413 0.028752 0.098158 0.18413 0.041794 -0.10446 0.16676 0.16809 -0.0076713 0.0063965 0.19375 0.26584 -0.031016 0.047656 0.17089 0.37361 0.01343 -0.030781 0.13482 0.181 0.0058879 -0.018725 0.0074844 0.018725 0.021405 -0.056623 0.026173 0.061998 -0.013706 -0.077713 0.041147 0.10271 -0.0044762 -0.028707 0.015213 0.031845
102.95 172.39 5.2407 5.0567 0 0 0 0 0 0 0 0 0 0 0 0 0 0 0 0 0.0052494 0.0054989 0.0052494 0.0054989 -0.00066142 0.083914 0.034222 0.083914 -0.0092811 0.13126 0.041562 0.13126 -0.0088666 0.021368 0.0089367 0.021368 0.086858 0.016788 0.092887 0.056986 0.0023294 -0.010547 0.29066 0.35101 -0.021468 -0.017714 0.24112 0.47732 -0.039424 0.094968 0.18233 0.23813 0.025579 -0.0069512 0.027268 0.018578 0.01281 0.039527 0.17844 0.33724 -0.066683 0.062621 0.13103 0.25949 0.033803 -0.043995 0.22955 0.18649
172.89 171.08 5.3389 3.6974 0 -0 0 0 0 -0 0 0 0 -0 0 0 0 -0 0 0 0 -0 0 0 -6.7334e-05 0.0012051 6.7334e-05 0.0012051 -4.8173e-05 0.00094158 5.6749e-05 0.00094158 3.2842e-07 2.0399e-07 3.2842e-07 2.0399e-07 0.018151 0.015025 0.018151 0.015025 0.19303 0.1254 0.25716 0.38038 -0.18372 0.13338 0.41375 0.52544 -0.0343 0.0065286 0.034301 0.022403 0.062052 0.026798 0.10182 0.059439 -0.047057 -0.047631 0.26016 0.20748 -0.041057 -0.056882 0.21565 0.21468 -0.014715 0.010171 0.031281 0.029461
139.94 177.55 5.6646 4.713 0 0 0 0 0 0 0 0 0 0 0 0 0 0 0 0 0.0083204 0.017674 0.0083233 0.017674 0.0021882 0.12561 0.032914 0.12561 -0.013391 0.078178 0.013881 0.078178 -0.0013707 0.0028063 0.0013707 0.0028063 0.037694 0.032496 0.15785 0.16622 -0.023229 -0.047562 0.16237 0.43415 -0.04623 0.029658 0.47475 0.40983 -0.056486 0.0081567 0.07033 0.042293 0.024923 -0.026937 0.081354 0.142 -0.02904 0.010855 0.12125 0.41593 -0.018546 -0.067887 0.14937 0.17366 -0.012214 -0.0089704 0.01812 0.013454
