55 64
121.51 120.99 1.9773 1.413 0 0 0 0 0 0 0 0 0 0 0 0 0 0 0 0 0.02536 0.077349 0.044345 0.091868 0.028536 0.10817 0.11629 0.21009 -0.019803 0.20767 0.082362 0.25973 0.04616 0.14374 0.12197 0.15623 -0.0086633 0.04178 0.20086 0.20914 -0.025127 -0.074424 0.27133 0.23986 0.12836 -0.085525 0.24395 0.31992 0.0015642 0.034985 0.32547 0.36118 -0.068681 -0.029236 0.10075 0.074684 -0.014138 0.015037 0.081794 0.071496 0.062732 -0.019945 0.10071 0.11537 -0.011614 -0.039796 0.091966 0.12239
133.3 121.95 2.0061 1.7386 -0 0 0 0 -0 0 0 0 -0 0 0 0 -0 0 0 0 0.0092766 0.11019 0.088383 0.12284 0.041744 0.21351 0.11913 0.27166 -0.031102 0.11889 0.15023 0.24164 -0.024119 0.087549 0.049572 0.10541 -0.005305 0.059066 0.33559 0.32613 -0.11916 -0.099133 0.24961 0.31642 0.054851 -0.091216 0.25305 0.19458 0.055564 0.02853 0.22359 0.22523 -0.001698 -0.065579 0.086712 0.10311 -0.049856 -0.017233 0.099735 0.093738 0.02879 0.015404 0.09325 0.079697 0.072815 -0.028526 0.09584 0.09741
87.113 126.3 1.8842 5.2319 -0.00091556 0.0078919 0.12976 0.026438 -0.0011694 0.084963 0.1249 0.097985 -0.040559 0.0027943 0.080158 0.078952 0.028655 -0.0081899 0.06426 0.032319 0.058393 0.053626 0.20937 0.080497 -0.050045 0.046725 0.22141 0.18218 -0.072753 0.077086 0.13803 0.15913 0.0075504 0.067041 0.14275 0.12053 0.092737 -0.075759 0.17778 0.16796 -0.0043796 -0.082686 0.18317 0.39169 0.020481 -0.011769 0.10854 0.42851 0.043105 0.040266 0.28242 0.29648 0.0056663 -0.01134 0.0068132 0.012123 0.0085324 -0.052706 0.017559 0.068631 0.0040383 -0.079072 0.01253 0.096275 0.069285 -0.074023 0.11905 0.087075
175.97 125.87 1.9885 2.4202 -0 0 0 0 -0 0 0 0 -0 0 0 0 -0 0 0 0 0.03614 0.039224 0.03614 0.048295 0.056629 0.20543 0.06256 0.28078 -0.090661 0.24491 0.12674 0.30593 -0.016369 0.019659 0.017188 0.020032 0.06363 0.018745 0.0919 0.097137 0.092544 -0.0055309 0.12733 0.33393 -0.007573 0.066134 0.31557 0.40549 -0.13686 0.086242 0.21472 0.12261 0.029042 0.0056923 0.064474 0.062863 0.023461 -0.034032 0.07827 0.10922 0.13104 -0.026612 0.16212 0.11292 -0.095379 0.016759 0.24822 0.1231
144.02 129.21 1.6953 2.194 -0.0003388 0.018337 0.1045 0.099888 -0.10123 0.080913 0.15801 0.11142 -0.0020877 0.0014361 0.0021611 0.0014361 -0 0 0 0 0.090319 -0.032813 0.12047 0.094268 -0.10043 0.13512 0.4453 0.38715 -0.040034 0.17905 0.12285 0.32866 -0.04971 0.069616 0.067037 0.11787 0.064118 -0.040462 0.081732 0.088072 0.043269 -0.09767 0.17407 0.29132 -0.048564 -0.13362 0.13787 0.2587 -0.0014373 -0.030456 0.15368 0.14904 0.00014017 0.015436 0.048271 0.052569 -0.015099 -0.025281 0.076559 0.076786 -0.022541 -0.0022706 0.069679 0.06428 0.032586 0.0069528 0.053116 0.043336
134.62 140.24 1.9593 5.6923 -0.062557 -0.033542 0.096331 0.075121 -0.021379 -0.020322 0.13228 0.11947 -0.029242 0.013952 0.084473 0.08845 0.0055211 0.019818 0.03589 0.054302 -0.08146 -0.028873 0.11192 0.095928 0.024556 -0.025435 0.14887 0.13498 -0.019407 0.0066861 0.16373 0.19746 0.027313 0.042157 0.097587 0.10436 0.0030396 0.0923 0.1891 0.21417 -0.013254 0.27982 0.16276 0.29607 -0.071257 0.098034 0.20642 0.20504 -0.0049385 -0.061544 0.081082 0.12084 0.046906 -0.052136 0.071254 0.10362 0.042926 -0.063215 0.20627 0.39221 -0.10954 0.051709 0.20489 0.26887 -0.029602 0.030514 0.047868 0.060388
179.55 142.36 1.7738 3.3403 0.00071887 0.03155 0.02251 0.038456 -0.018709 0.026991 0.03786 0.030358 -0.00048864 2.2959e-05 0.00048864 2.2959e-05 0 -0 0 0 0.010285 -0.018979 0.039922 0.10311 -0.02824 0.049265 0.11796 0.17881 0.011422 0.1646 0.13687 0.19306 -0.031448 0.05054 0.041037 0.052093 0.074811 0.010549 0.083619 0.13812 0.037243 0.11658 0.18087 0.31486 0.12176 0.077636 0.31077 0.31555 -0.13294 0.13661 0.35982 0.28045 0.030861 -0.024211 0.035709 0.04783 0.09305 -0.062207 0.1384 0.13812 0.063291 0.034929 0.13758 0.11213 -0.064021 0.0042954 0.29947 0.11898
178.14 149.36 1.9415 3.4102 -0.0057323 0.033619 0.027195 0.057077 -0.012638 0.069916 0.066648 0.095656 -0.021628 0.023716 0.035476 0.031696 0 -0 0 0 -0.0047486 -0.038422 0.03761 0.098252 0.013018 0.0090464 0.10635 0.23615 0.015527 0.078945 0.14131 0.18517 -0.023148 0.12368 0.10856 0.13711 0.041805 -0.012682 0.052464 0.068268 0.12288 0.039608 0.19596 0.33933 0.01509 0.15229 0.23247 0.34794 0.076768 0.076315 0.36453 0.30787 0.00068172 0.028756 0.025999 0.052758 0.090646 -0.073509 0.12089 0.13028 0.11436 -0.021628 0.18259 0.14935 0.10399 0.030921 0.16071 0.11019
186.06 151.84 2.021 3.1676 0 -0 0 0 0 -0 0 0 0 -0 0 0 0 -0 0 0 0.0097404 0.079166 0.048674 0.098819 0.013095 0.12637 0.15787 0.21953 -0.06022 0.053193 0.12696 0.10792 -0.0025236 0.049166 0.0145 0.049166 -0.036825 -0.051406 0.076526 0.14237 0.028608 -0.0024189 0.12865 0.30094 0.031924 0.21497 0.19761 0.38152 0.13266 0.14118 0.24757 0.35859 0.0026834 -0.011186 0.02778 0.035629 0.11028 -0.022973 0.12128 0.21294 0.082026 -0.0039713 0.19022 0.28751 0.043479 0.028947 0.13551 0.18459
124.79 153.91 2.1639 4.5129 -0.012161 0.024678 0.02732 0.039498 0.0050439 0.0086521 0.032224 0.04863 0.092282 0.0030556 0.12016 0.10565 0.007038 0.0021221 0.09832 0.15572 -0.043748 0.058857 0.11127 0.11428 -0.017172 0.034402 0.1445 0.17506 0.064912 0.014228 0.22852 0.19009 0.077264 -0.03433 0.15712 0.16885 -0.092708 0.059935 0.1829 0.19531 -0.048076 0.043742 0.27914 0.31479 -0.011243 0.04289 0.33062 0.23113 0.05211 0.0015895 0.17052 0.17265 0.02296 0.015736 0.1118 0.16964 -0.090506 0.050261 0.16555 0.20115 -0.025759 -0.043321 0.12638 0.1212 0.11468 0.036412 0.13754 0.099142
132.18 154.76 2.0822 0.32756 0.017063 -0.03725 0.087067 0.097057 0.0039788 -0.048301 0.19568 0.2076 -0.021057 -0.066659 0.16744 0.1577 -0.016077 -0.034368 0.045554 0.055842 -5.2228e-05 0.036482 0.14407 0.15987 -0.061055 -0.014762 0.2639 0.26917 -0.032107 -0.0062023 0.182 0.16014 -0.012847 -0.005525 0.064264 0.040534 -0.063238 0.012545 0.17969 0.17974 -0.029357 0.1338 0.26446 0.28287 -0.015452 0.17208 0.20295 0.25283 -0.027612 0.044172 0.090507 0.0684 -0.003713 -0.042064 0.099039 0.08318 0.020494 -0.049113 0.17691 0.15621 -0.013403 -0.049102 0.23343 0.1977 -0.052883 -0.017278 0.08228 0.050809
120.08 160.51 1.941 4.391 0.0015109 -0.0014941 0.011899 0.018782 0.0051743 0.0049045 0.035202 0.040725 0.01019 -0.0037485 0.055235 0.052932 0.07003 0.037227 0.10022 0.13914 -0.017125 0.06881 0.082891 0.10775 -0.034486 0.068572 0.10165 0.1388 0.015419 0.038054 0.1487 0.12603 0.093963 -0.062197 0.17205 0.1543 -0.0031305 0.12175 0.12259 0.20042 -0.096406 0.13835 0.23798 0.31685 0.0019864 0.088109 0.23363 0.26891 0.039264 0.017241 0.2027 0.19091 0.025169 -0.079012 0.1227 0.20671 -0.080907 0.04855 0.21682 0.24247 -0.0089783 0.039936 0.22727 0.23569 -0.0115 -0.0229 0.1306 0.12093
185.19 162.47 1.993 3.3107 0 -0 0 0 0 -0 0 0 0 -0 0 0 0 -0 0 0 0.0193 0.13759 0.079848 0.16628 -0.01666 0.15729 0.11703 0.22061 -0.0082292 0.1709 0.15104 0.24522 -0.040775 0.044646 0.068489 0.0614 -0.10843 -0.039329 0.16191 0.19688 -0.036583 -0.1066 0.11059 0.23693 0.040548 0.026714 0.16329 0.38216 0.014449 0.1189 0.1564 0.24947 -0.047125 -0.046241 0.05067 0.053938 0.042719 -0.011332 0.064032 0.083551 0.17453 -0.011477 0.19479 0.34311 0.038247 0.067578 0.1574 0.24404
105.55 167.49 2.2805 4.8514 -0.037293 -0.058143 0.037447 0.058806 -0.0092132 -0.020915 0.010229 0.026084 -0.0012623 0.002371 0.0079502 0.028988 -0.00069414 0.0018438 0.0019112 0.00663 0.016022 0.013977 0.020234 0.044288 0.044039 0.12196 0.08422 0.18236 -0.057081 0.071521 0.086352 0.13946 0.00060845 -0.00017556 0.031483 0.062516 0.12684 0.11506 0.18674 0.22869 -0.019989 0.21647 0.23606 0.34273 -0.12046 0.060037 0.2315 0.18212 -0.017707 0.026358 0.096391 0.10485 0.10277 -0.052408 0.1683 0.13957 0.0043335 -0.027082 0.2917 0.30532 -0.12606 0.043657 0.25896 0.25903 -0.014551 0.029589 0.12118 0.13008
62.019 173.35 2.0395 5.9231 0 0 0 0 0 0 0 0 0 0 0 0 0 0 0 0 0.0068357 0.021321 0.0068943 0.021321 0.0033025 0.11387 0.020261 0.11387 -0.0027384 0.076968 0.010011 0.076968 -0.00092553 0.0094813 0.0011606 0.0094813 0.031332 0.033408 0.10274 0.23178 0.047494 0.018773 0.12604 0.46544 0.053015 0.16482 0.16645 0.45785 -0.063694 0.2498 0.15019 0.30652 -0.010383 -0.03553 0.041015 0.092974 0.0087941 -0.086968 0.028703 0.093979 0.11136 -0.16878 0.11713 0.19655 0.075752 -0.12785 0.12963 0.21819
70.069 179.58 1.6019 5.7379 0 0 0 0 0 0 0 0 0 0 0 0 0 0 0 0 0.024932 0.10223 0.027017 0.10664 0.018398 0.2283 0.051566 0.27245 -0.037048 0.24213 0.057094 0.25327 -0.019938 0.060736 0.021072 0.060736 0.011655 -0.062567 0.074335 0.21417 0.067783 -0.17566 0.12681 0.38835 0.088388 -0.058829 0.21301 0.46411 -0.11197 0.12502 0.14304 0.23783 -0.0083261 -0.019738 0.0184 0.047245 0.011638 -0.044395 0.014715 0.045669 0.047415 -0.13155 0.054637 0.13466 0.020516 -0.10396 0.057933 0.11887
183.8 179.82 1.8654 3.682 -1.9094e-15 -5.3395e-18 5.99e-15 4.7929e-15 -1.3399e-15 1.913e-16 1.5333e-15 1.2352e-15 0 -0 0 0 0 -0 0 0 0.011267 0.052843 0.01308 0.052843 0.028097 0.18966 0.029876 0.18966 -0.023051 0.13533 0.04473 0.13533 -0.0079335 0.01145 0.0079335 0.01145 0.12274 0.19687 0.17692 0.30082 -0.084618 0.10478 0.18997 0.44131 -0.11444 -0.016525 0.21407 0.40661 -0.040028 0.05962 0.11531 0.19274 -0.013635 -0.11665 0.10178 0.14474 -0.071332 -0.17471 0.081906 0.19915 -0.0090084 -0.048026 0.061631 0.12515 0.012382 -0.0083058 0.069902 0.14896
156.1 186.14 2.134 0.9209 0.033722 -0.034381 0.064699 0.069683 0.035409 -0.22105 0.11369 0.25918 -0.045418 -0.1014 0.13596 0.20357 -0.0008221 -0.012791 0.044702 0.076032 0.0019436 0.082527 0.02446 0.095425 0.016157 0.14848 0.045203 0.15136 0.00088504 0.081799 0.09429 0.18064 0.0039795 0.050628 0.070768 0.13368 0.026186 0.16521 0.12822 0.28502 -0.13529 0.16192 0.21424 0.38686 -0.12058 -0.023657 0.19947 0.26534 -0.02378 -0.026874 0.074217 0.11265 0.019796 -0.1323 0.055151 0.14956 -0.078818 -0.16491 0.092308 0.19015 -0.041069 -0.048316 0.042806 0.054426 -0.0023517 -0.0029855 0.0025024 0.0032499
177.89 188.18 1.9789 3.8449 1.1512e-16 1.3987e-15 1.1512e-16 1.3987e-15 6.598e-16 -4.7707e-16 4.0881e-15 5.0395e-15 -3.4849e-16 -1.8643e-16 1.436e-15 1.1436e-15 0 -0 0 0 0.0091578 0.018935 0.0091578 0.018935 0.01836 0.15267 0.036788 0.15267 -0.0038164 0.18902 0.023471 0.18902 -0.022305 0.085297 0.024663 0.085297 0.12407 0.089131 0.12748 0.13104 0.1007 0.14546 0.23038 0.46606 -0.10811 0.076496 0.16628 0.44379 -0.072939 0.033485 0.12998 0.21531 0.028482 -0.061884 0.085116 0.11735 -0.030434 -0.19559 0.09199 0.21925 -0.044381 -0.15543 0.058194 0.17409 0.012427 -0.045384 0.043835 0.087351
176.47 191.28 1.9655 4.0099 1.4045e-16 5.7688e-16 1.4045e-16 5.7688e-16 -2.6574e-15 1.3535e-15 3.4398e-15 1.8604e-15 -7.9831e-16 4.4259e-15 5.7251e-15 4.9066e-15 -2.7425e-16 1.3665e-16 2.7425e-16 1.8006e-16 0.0065144 0.016539 0.0072348 0.016539 0.0032939 0.11496 0.02358 0.11496 -0.016514 0.12749 0.023406 0.12749 -0.0053842 0.017002 0.0053842 0.017002 0.11976 0.094988 0.12668 0.13282 0.14358 0.19877 0.21903 0.43933 -0.11216 0.25016 0.18351 0.43549 -0.087264 0.1061 0.10925 0.205 0.031211 -0.046547 0.068196 0.12269 -0.0079072 -0.18697 0.072027 0.21563 -0.022704 -0.17852 0.057351 0.20532 0.011298 -0.079124 0.059291 0.10782
92.965 198.04 2.1918 4.8455 0 0 0 0 0 0 0 0 0 0 0 0 0 0 0 0 0.010066 0.018447 0.010066 0.018447 0.010877 0.14494 0.05547 0.14706 0.023597 0.15379 0.070719 0.16879 -0.02389 0.057785 0.039116 0.082382 0.11343 0.26153 0.19856 0.31401 -0.11457 0.16563 0.27018 0.39781 -0.089335 -0.054515 0.22268 0.32405 -0.058908 -0.041266 0.06908 0.10679 -0.055417 -0.13689 0.16627 0.21146 -0.11843 -0.17766 0.12742 0.19826 -0.025697 -0.05835 0.030833 0.067567 -0.0038427 0.0048944 0.0051705 0.020168
104.96 120.07 2.9458 1.7157 -0 0 0 0 -0 0 0 0 -0 0 0 0 -0 0 0 0 -0.012929 0.062367 0.10867 0.15047 -0.034444 0.1382 0.087978 0.15708 0.035976 0.16863 0.055696 0.19417 -0.01786 0.11146 0.078184 0.17467 0.035969 -0.024024 0.14502 0.12032 0.061625 0.018034 0.34372 0.40472 -0.010097 -0.049799 0.23111 0.46788 -0.024726 -0.019312 0.20424 0.22231 0.02127 -0.0085206 0.068469 0.057172 0.00046436 -0.011748 0.14839 0.14191 -0.00813 -0.033567 0.12412 0.12885 0.002322 -0.03826 0.099758 0.054922
148.15 121.96 2.8727 1.3985 0 0 0 0 0 0 0 0 0 0 0 0 0 0 0 0 0.010593 0.079848 0.022898 0.080293 -0.0053848 0.15442 0.034942 0.15471 0.029605 0.15323 0.18272 0.21715 0.03112 0.055786 0.12453 0.1974 0.049115 0.034777 0.14797 0.20609 0.016401 0.023472 0.28829 0.46584 -0.1272 -0.0087963 0.42192 0.31607 0.0086196 -0.021744 0.138 0.1145 0.01981 -0.034753 0.084292 0.054899 -0.01452 -0.083472 0.099275 0.10479 -0.02031 -0.03035 0.11592 0.12846 -0.011237 -0.010344 0.05718 0.061194
96.395 125.9 2.7628 1.826 -0.0094059 0.02985 0.020839 0.033297 -0.0015968 0.0032497 0.0015968 0.0032497 -0 0 0 0 -0 0 0 0 0.045965 0.049724 0.17813 0.17224 0.010224 0.20097 0.2181 0.38121 0.033357 0.16811 0.1116 0.39486 -0.068086 0.065484 0.10194 0.12942 0.067849 -0.022395 0.12893 0.11024 -0.036961 -0.13273 0.26933 0.31271 0.0305 -0.11909 0.21606 0.23983 -0.060348 -0.041898 0.2161 0.096852 0.035035 -0.014543 0.05912 0.055989 -0.057161 0.00074573 0.12132 0.1051 -0.011354 -0.037208 0.093541 0.062755 -0.0080153 -0.018034 0.088993 0.026172
107.87 129.82 2.8139 1.544 0.00080367 0.015005 0.0019809 0.015005 -0.00044521 0.013049 0.0016517 0.013049 0.011615 0.022664 0.011615 0.022664 0.0047966 0.068026 0.041724 0.10205 -0.0066856 0.017628 0.15 0.1709 0.040755 0.11579 0.21962 0.35412 0.022803 0.12137 0.28868 0.44978 -0.011469 -0.0078689 0.16103 0.23704 -0.02219 -0.013525 0.11635 0.087208 0.093172 -0.07351 0.21751 0.21326 -0.094377 -0.094992 0.21606 0.27315 -0.00088252 -0.055584 0.12582 0.085159 -0.013212 -0.010728 0.058163 0.048798 0.048216 -0.030404 0.098202 0.10222 -0.037427 -0.0070465 0.10244 0.13269 -0.017198 -0.013407 0.045302 0.039596
73.812 139.24 2.9895 5.6718 0 0 0 0 0.011364 0.016444 0.01476 0.018436 0.0179 0.01538 0.039722 0.073704 0.01259 -0.010403 0.022367 0.064741 0.018921 0.013959 0.018921 0.015254 0.0053179 0.050796 0.25967 0.20855 -0.027048 0.029463 0.1263 0.14862 -0.0066653 0.0044214 0.029946 0.03734 0.10641 0.045996 0.15689 0.073033 -0.02344 0.14123 0.38547 0.3269 -0.12264 0.017473 0.20127 0.19614 0.031415 0.051685 0.17896 0.10479 0.057504 -0.031519 0.077015 0.046339 0.059534 -0.080278 0.2386 0.30996 -0.059864 0.10543 0.26094 0.28923 -0.0024672 0.01841 0.13812 0.090987
81.382 148.19 2.7676 3.4755 -0.0068587 0.0061964 0.028654 0.01111 0.087856 -0.0058247 0.12154 0.10934 -0.0025889 -0.036885 0.16275 0.1754 0.025242 0.041988 0.20154 0.1889 -0.055133 0.018179 0.067591 0.03666 0.069465 -0.03399 0.10987 0.13392 0.053501 0.049789 0.18045 0.2406 0.019371 0.0076706 0.43144 0.19565 -0.0074689 -0.011805 0.070587 0.085709 0.011546 0.019435 0.082074 0.15693 0.12654 -0.013607 0.18993 0.35492 -0.0078369 -0.071516 0.32392 0.29718 0.0040182 -0.010202 0.0064391 0.01289 0.010248 -0.022471 0.022131 0.057861 0.022758 -0.045848 0.036175 0.13463 -0.0085296 -0.062068 0.044696 0.086338
146.48 153.55 2.7055 2.7628 -0.0099262 -0.0088576 0.035758 0.029346 0.045564 -0.045044 0.077463 0.12303 0.11646 -0.046768 0.14783 0.14092 -0.082732 0.014483 0.26361 0.092015 -0.005306 0.0059724 0.035147 0.02126 0.032709 0.10815 0.093831 0.18074 0.17016 0.015105 0.29619 0.26479 -0.03542 -0.018943 0.28741 0.37243 0.064329 -0.010989 0.082801 0.03818 0.016304 -0.06462 0.26696 0.22774 0.010655 -0.05195 0.2194 0.21836 0.025228 -0.055178 0.13237 0.18065 0.009725 -0.0067041 0.016851 0.01415 0.01059 -0.025683 0.053372 0.056051 0.039352 0.020895 0.12195 0.11462 0.056126 0.044755 0.13128 0.10793
179.28 158.98 2.8408 3.5062 0.0026498 0.012518 0.0035215 0.012518 -0.007109 0.02894 0.01165 0.02894 -0.0024162 0.0063563 0.0024162 0.0063563 0 -0 0 0 -0.018826 0.030035 0.097985 0.18221 -0.055994 -0.040319 0.10163 0.21663 -0.040896 0.019112 0.12641 0.14907 -0.01466 0.024277 0.020194 0.031996 -0.043106 -0.06933 0.05685 0.083779 0.070424 -0.033562 0.10776 0.14332 0.061111 0.132 0.23506 0.36367 -0.034051 0.16947 0.34044 0.27758 0.04059 0.067996 0.11245 0.087803 -0.057006 0.12009 0.15156 0.1559 0.1635 0.050988 0.21773 0.17456 -0.034407 0.045761 0.32485 0.23437
70.649 159.49 2.9594 2.8408 0.015416 -0.013345 0.038637 0.029724 0.055164 -0.14461 0.24608 0.17891 0.059212 0.0041851 0.21263 0.20528 0.12252 -0.048805 0.21044 0.23596 -0.068084 0.093787 0.10352 0.14345 0.0049993 0.044728 0.080072 0.11164 0.083778 -0.025075 0.16663 0.27106 0.076428 -0.10373 0.31512 0.4224 0.017339 -0.095865 0.087337 0.18087 -0.026586 -0.04725 0.066864 0.26874 -0.0088827 -0.036116 0.081079 0.22 -0.017882 -0.049091 0.060367 0.10062 0.0012615 -0.0063823 0.001492 0.0063823 -0.00016592 -0.022539 0.0035855 0.022539 -0.0023022 -0.0093668 0.0026228 0.0093668 -0.00011703 -0.00032873 0.00011703 0.00032873
114.06 166.49 2.6034 3.8895 -0.0065546 0.010094 0.016535 0.014854 0.0057856 0.0010654 0.016189 0.011442 0.075346 0.014142 0.10762 0.10562 0.010248 0.040136 0.11911 0.15148 -0.041186 0.0012751 0.059878 0.025769 0.015682 0.053365 0.051336 0.071533 0.017014 0.01136 0.15152 0.13485 0.058139 -0.05123 0.1642 0.1772 -0.041849 0.00028367 0.075213 0.022602 0.13481 0.14756 0.20087 0.22703 -0.033307 0.21424 0.25534 0.33141 -0.03285 0.048625 0.19076 0.20523 -0.022973 0.00063975 0.038507 0.013855 0.089799 -0.039713 0.13319 0.20882 0.086492 -0.062879 0.21339 0.30165 -0.002635 0.070959 0.19138 0.31966
141.98 166.4 2.7547 4.5269 -0.0013999 0.0012397 0.0016208 0.001903 0.0052177 0.00018951 0.014164 0.043722 0.036807 -0.025023 0.042772 0.076701 0.016154 -0.025782 0.064593 0.097183 0.0033438 0.0058087 0.021651 0.03241 0.09814 0.11711 0.16198 0.25492 -0.074109 0.13418 0.1414 0.24081 0.010685 -0.0083757 0.034444 0.050095 -0.040025 0.060133 0.10069 0.10952 0.13886 0.0063645 0.28363 0.24343 -0.11733 -0.027216 0.30655 0.24635 0.052256 0.047934 0.13167 0.068201 -0.053778 0.033082 0.1445 0.12102 0.044749 0.01517 0.22657 0.15653 0.037898 0.16342 0.30247 0.28271 0.019203 0.11972 0.1296 0.14463
68.42 169.71 2.5338 2.4371 0.029058 -0.053483 0.058701 0.066507 -0.023424 -0.13473 0.16921 0.14688 0.028438 -0.09722 0.20191 0.19742 0.023258 -0.069285 0.3261 0.23474 -0.013603 0.15818 0.080934 0.26591 -0.056511 0.22244 0.099936 0.29501 -0.0017548 0.058247 0.16145 0.29303 -0.045634 -0.057956 0.14308 0.13747 0.036895 -0.15463 0.065128 0.23644 -0.054518 -0.15328 0.083931 0.31674 -0.053115 -0.080318 0.066892 0.13013 -0.009291 -0.010868 0.010531 0.012787 -1.8215e-05 -0.0011841 9.5741e-05 0.0011841 -0.00018714 -0.0028268 0.0002623 0.0028268 -1.1756e-05 -8.3141e-05 1.1756e-05 8.3141e-05 -0 0 0 0
181.68 174.01 2.9158 3.4238 -4.8978e-16 4.7251e-16 2.1192e-15 1.4052e-15 -3.2432e-16 3.3059e-17 3.2432e-16 1.3343e-16 0 -0 0 0 0 -0 0 0 0.028259 0.054816 0.03149 0.054816 0.041363 0.20162 0.11156 0.23261 -0.035694 0.10848 0.092935 0.21595 -0.025695 0.045549 0.063132 0.068282 0.14008 0.055496 0.20013 0.17647 -0.12544 -0.09927 0.25989 0.38089 0.048029 -0.050087 0.1667 0.34218 0.018687 0.15939 0.16063 0.33517 -0.0088917 -0.054708 0.084404 0.069718 -0.015511 0.0026032 0.073316 0.10036 0.044808 0.047231 0.1097 0.15606 0.12874 -0.010332 0.18078 0.19276
69.435 190.13 2.8444 5.4885 0 0 0 0 0 0 0 0 0 0 0 0 0 0 0 0 0 0 0 0 0.0023043 0.0060206 0.0023043 0.0060206 0.0010895 0.0096218 0.0010895 0.0096218 3.0206e-06 0.00032414 3.0206e-06 0.00032414 0.058189 0.073412 0.078715 0.14923 0.12519 0.077721 0.18128 0.53457 -0.10128 0.17219 0.20228 0.58437 -0.10011 0.11482 0.10859 0.1672 -0.019767 -0.035674 0.078515 0.11778 0.015121 -0.12446 0.045266 0.15108 0.00568 -0.14946 0.049525 0.1774 -0.013334 -0.054339 0.04903 0.11294
148.27 119.86 3.6214 1.5307 0 0 0 0 0 0 0 0 0 0 0 0 0 0 0 0 0.021634 0.057348 0.027614 0.063203 -0.015749 0.16474 0.059097 0.17301 0.015801 0.12301 0.084663 0.1708 0.00084753 0.11019 0.059328 0.14062 0.089249 0.003263 0.16544 0.14755 0.017335 -0.021243 0.29527 0.48373 -0.099938 -0.011795 0.34951 0.36628 0.071418 -0.013429 0.21422 0.24138 0.019851 -0.028517 0.086981 0.043937 0.026825 -0.058 0.12432 0.10675 -0.031567 -0.014392 0.13502 0.11966 0.037864 -0.030922 0.080343 0.06595
94.716 139.29 4.2976 5.3176 0.0096757 0.0085814 0.030863 0.018244 -0.0061056 0.00041497 0.068173 0.069743 0.0020984 0.0057429 0.026619 0.072934 -0.0056842 -0.0020173 0.011908 0.028141 0.059494 0.053334 0.17318 0.084298 -0.070193 0.08455 0.24698 0.17968 0.036645 0.057893 0.25162 0.16186 -0.051502 0.012701 0.071542 0.050128 0.081165 -0.065694 0.15967 0.15172 0.043715 -0.051492 0.26171 0.50437 -0.07941 0.021431 0.35831 0.2815 -0.0195 0.0065976 0.10935 0.075062 0.0036206 -0.011637 0.0049667 0.012374 0.028021 -0.049335 0.032851 0.064609 -0.0038294 -0.066232 0.18952 0.15537 0.024214 0.017813 0.11402 0.14848
72.689 142.32 3.4437 5.8488 0 0 0 0 0.0066909 0.0088223 0.006792 0.0095812 0.016661 0.028391 0.024426 0.056033 0.0071542 0.022373 0.011691 0.059122 0.028747 0.028947 0.034691 0.033917 0.012425 0.061792 0.2195 0.25439 -0.019677 0.0073639 0.086772 0.1456 0.0073403 -0.029546 0.021163 0.056022 0.11531 0.093385 0.25819 0.14182 -0.10021 0.12343 0.34203 0.36958 -0.081363 0.012672 0.19133 0.18288 -0.013411 0.073923 0.10844 0.088701 0.090987 -0.051102 0.16338 0.1077 -0.042518 -0.0071975 0.27823 0.31773 -0.012383 0.10772 0.22628 0.17807 -0.014357 0.0088071 0.12934 0.073063
154.37 144.45 4.1942 4.4431 0.013823 0.01555 0.019351 0.032957 -0.004127 0.022039 0.052233 0.083594 0.0088412 -0.023366 0.057148 0.07188 -0.013174 0.0031806 0.032698 0.021315 0.030347 0.022067 0.084575 0.094263 -0.045195 0.03556 0.20707 0.19576 0.025931 0.099726 0.21359 0.12661 -0.04289 0.036669 0.08228 0.055209 -0.026493 0.058263 0.14454 0.14896 0.1029 0.071017 0.39056 0.33351 -0.0062742 -0.05236 0.25968 0.4826 -0.08883 -0.015924 0.14378 0.10474 -0.041271 -0.03623 0.099974 0.18443 -0.020921 -0.081161 0.13396 0.15025 -0.0161 -0.089355 0.04391 0.12099 -0.010673 -0.016852 0.012983 0.021759
174.94 167.42 3.2127 0.65435 -0.033076 -0.10941 0.24977 0.17333 -0.15778 -0.022605 0.2612 0.17657 0.090572 -0.11792 0.20044 0.20711 -0.068783 -0.061781 0.13309 0.1545 0.04001 -0.094747 0.18911 0.21439 -0.10105 -0.052658 0.2124 0.29892 0.0064377 0.052172 0.065303 0.13212 0.0070819 0.076768 0.056194 0.11072 0.030236 -0.024924 0.065599 0.06073 0.063165 -0.053411 0.1369 0.23786 0.080418 -0.019706 0.13459 0.37684 -0.076775 -0.054238 0.12717 0.18931 0.00051774 -0.00096839 0.00051774 0.00096839 0.010825 -0.02101 0.011511 0.022695 0.0024999 -0.055504 0.012119 0.056941 -0.008937 -0.026147 0.010974 0.026689
80.516 183.54 4.0745 2.2579 0.0056191 -0.0091431 0.013361 0.014893 0.12737 -0.095864 0.17659 0.16118 -0.032728 -0.13746 0.32545 0.23755 0.025498 -0.1054 0.27492 0.20318 0.038645 0.015001 0.051645 0.094513 0.048883 0.12401 0.10932 0.34958 -0.027107 0.10192 0.14409 0.3568 -0.047413 -0.032559 0.16403 0.1593 0.019914 -0.018957 0.023267 0.035209 0.057043 -0.14606 0.09214 0.29073 -0.057631 -0.14008 0.085007 0.2687 -0.022901 -0.025726 0.027425 0.038793 8.6616e-19 7.1066e-19 3.5708e-18 2.9298e-18 -5.031e-06 -5.1017e-05 5.031e-06 5.1017e-05 -2.5953e-06 -2.6318e-05 2.5953e-06 2.6318e-05 -0 0 0 0
67.869 191.92 3.4855 5.4896 0 0 0 0 0 0 0 0 0 0 0 0 0 0 0 0 0 0 0 0 1.5863e-17 -1.6125e-17 1.5863e-17 1.6125e-17 1.9995e-18 -2.0324e-18 1.9995e-18 2.0324e-18 0 0 0 0 0.057678 0.086507 0.069862 0.13339 0.11883 0.19563 0.16656 0.47542 -0.13415 0.28451 0.20463 0.49876 -0.082279 0.11664 0.085389 0.13668 -0.010843 -0.044598 0.084762 0.1317 0.026822 -0.14776 0.064616 0.2109 -0.0068328 -0.17609 0.076268 0.25643 -0.025863 -0.038518 0.062065 0.13405
104.12 196.16 3.5519 4.6568 -1.2818e-17 7.1369e-19 6.2628e-17 3.487e-18 0 -0 0 0 0 -0 0 0 0 -0 0 0 0.017285 0.038071 0.017535 0.038071 0.012643 0.1556 0.094585 0.20022 -0.035728 0.024513 0.051576 0.065532 0.0078538 0.0035178 0.014243 0.021232 0.096947 0.067182 0.28209 0.27772 -0.16668 -0.077729 0.28258 0.38293 -0.028389 -0.00081583 0.043831 0.069316 0.007425 0.064013 0.041437 0.093496 -0.025804 -0.040498 0.17561 0.1052 0.12437 0.13569 0.23123 0.28493 -0.10616 0.18301 0.20328 0.28942 0.091246 0.039973 0.17471 0.19344
155.28 200.6 3.4056 4.845 0 0 0 0 0 0 0 0 0 0 0 0 0 0 0 0 0.005432 0.010485 0.0062139 0.011075 -0.0079001 0.047848 0.026966 0.049296 -0.0017214 0.010736 0.0022214 0.010736 -6.7303e-16 1.2292e-15 5.1337e-15 5.1815e-15 0.011441 0.013308 0.029166 0.078282 0.10801 0.011445 0.17372 0.32105 0.0239 0.29686 0.29057 0.46292 -0.096829 0.10215 0.11169 0.1104 0.037315 0.1256 0.14958 0.23668 -0.046988 0.10673 0.13218 0.21387 0.15995 -0.1526 0.24457 0.24552 -0.10195 0.0081572 0.19596 0.1397
91.328 203.77 3.3272 4.8442 0 0 0 0 0 0 0 0 0 0 0 0 0 0 0 0 0 0 0 0 0 0 0 0 0.0042816 0.011732 0.0051747 0.011732 5.8311e-05 0.0036881 0.0010101 0.0037069 0.10774 0.1488 0.11914 0.15689 -0.0052311 0.32248 0.2927 0.50258 -0.11831 0.050637 0.20743 0.37207 -0.03793 -0.0012614 0.039538 0.045774 0.053757 -0.026224 0.21096 0.21419 -0.12329 -0.18259 0.19832 0.28709 -0.044602 -0.059526 0.049897 0.094959 -6.419e-05 0.0021105 0.012924 0.015169
67.243 106.86 5.4616 0.66806 0 0 0 0 0 0 0 0 0 0 0 0 0 0 0 0 0 0 0 0 0 0 0 0 0 0 0 0 0 0 0 0 0 0 0 0 0.16974 0.12789 0.28788 0.20283 -0.12284 0.17541 0.33639 0.43088 -0.031169 0.030063 0.061715 0.087442 0.025167 0.013877 0.025167 0.028319 0.11416 0.019024 0.41294 0.30638 -0.12682 -0.014251 0.27724 0.29009 -0.0032316 0.0086539 0.099695 0.07378
104.3 113.4 5.1725 1.6958 -0 0 0 0 -0 0 0 0 -0 0 0 0 -0 0 0 0 -0.0040453 0.069509 0.025716 0.070914 -0.010666 0.052796 0.019082 0.052796 0.0073268 0.11158 0.031558 0.11158 -0.0048578 0.022576 0.0092004 0.022576 -0.037456 -0.0048551 0.19796 0.25866 0.04659 0.033424 0.34363 0.45272 -0.012952 0.022368 0.31197 0.52949 -0.073044 0.0090208 0.13061 0.077041 -0.012454 -0.02592 0.07477 0.071706 0.021755 -0.065708 0.1602 0.14725 -0.020745 -0.070067 0.16409 0.12148 -0.017756 -0.010352 0.06431 0.02103
110.86 129.87 5.3985 1.7135 -0.00078002 0.0036702 0.0014485 0.0036702 -0 0 0 0 -0 0 0 0 -0 0 0 0 -0.037441 0.053596 0.17623 0.25403 0.01537 0.086496 0.22709 0.3349 0.034909 0.15779 0.16786 0.41726 -0.059247 0.065009 0.10971 0.14551 -0.0089559 -0.042754 0.15014 0.13676 0.083873 -0.068337 0.24068 0.20862 -0.030867 -0.10357 0.30627 0.33001 -0.056754 -0.044399 0.21098 0.095045 -0.0046215 -0.017486 0.037088 0.044942 0.022126 -0.035422 0.048482 0.051928 -0.0097103 -0.014948 0.076401 0.089943 -0.010243 0.0048912 0.06209 0.033668
103.09 155.99 5.3785 3.6906 -0.00080668 0.0058007 0.0090702 0.0058007 0.0035222 0.0037309 0.011317 0.0085162 0.023049 0.0028416 0.096885 0.10981 0.046283 0.037042 0.14057 0.12055 -0.0096825 0.029525 0.11317 0.033155 0.050986 0.05246 0.12609 0.094607 0.015503 0.1174 0.15044 0.25881 -0.020045 -0.015944 0.25308 0.22027 -0.0011933 -0.014855 0.12974 0.054005 0.049884 -0.022927 0.17639 0.19304 0.078628 0.01814 0.4596 0.36562 -0.10075 -0.031308 0.19749 0.14426 0.0052836 -0.0095646 0.017182 0.01717 0.041157 -0.02297 0.083616 0.1281 0.0080211 -0.09807 0.25005 0.2441 -0.037842 -0.021961 0.058188 0.027311
120.78 161.06 5.4599 3.9969 -0.00061927 0.003169 0.0027267 0.003169 0.0049009 -4.0242e-05 0.0090576 0.013655 0.0099358 0.0025892 0.0543 0.0882 0.0043343 0.0081263 0.057681 0.068306 -0.013092 0.022408 0.078118 0.039152 0.0043238 0.034671 0.043223 0.043217 0.033812 0.019746 0.20803 0.20461 0.068129 0.094021 0.20141 0.21353 -0.019068 -0.006519 0.14143 0.043263 0.084737 0.043101 0.19702 0.25579 -0.0052901 0.14813 0.24943 0.31278 -0.00596 -0.072468 0.28419 0.23743 0.011263 -0.00090554 0.083436 0.063455 0.11214 0.079024 0.24896 0.2318 -0.093693 -0.034571 0.28321 0.2847 -0.020867 -0.02311 0.036543 0.044713
168.15 184.74 4.632 0.92162 0.087447 -0.093815 0.23461 0.25619 -0.072994 -0.17707 0.37787 0.36315 -0.093594 -0.034012 0.2205 0.23939 -0.0031239 -0.029461 0.038352 0.043752 0.052308 -0.060754 0.13608 0.13448 0.003668 0.053829 0.20945 0.40062 -0.082577 0.010981 0.13724 0.24249 -0.0022925 -0.0029431 0.015171 0.0143 0.012378 -0.0089261 0.016203 0.016368 0.038192 -0.085333 0.090196 0.22844 -0.052377 -0.048444 0.074682 0.12477 -0.0028576 -0.0013699 0.0033552 0.0032369 0 0 0 0 2.7391e-06 -1.9983e-05 2.7391e-06 1.9983e-05 1.8361e-06 -1.3395e-05 1.8361e-06 1.3395e-05 0 0 0 0
109.93 129.27 6.5619 1.6818 -0 0 0 0 -0 0 0 0 -0 0 0 0 -0 0 0 0 0.013479 0.080612 0.12261 0.2525 0.00032871 0.13362 0.22067 0.36251 -0.015763 0.15018 0.18974 0.37085 -0.036269 0.019589 0.05084 0.037727 0.018015 -0.060959 0.16478 0.17417 0.046741 -0.091961 0.30092 0.29285 -0.054377 -0.11275 0.31433 0.33013 -0.03407 -0.0087887 0.069042 0.035995 -0.0070665 -0.011183 0.037783 0.042635 0.012849 -0.023288 0.037614 0.047768 -0.0017103 -0.014586 0.10141 0.12638 -0.012065 -0.0028035 0.023844 0.015982
166.73 130.3 7.0378 1.5373 0 0 0 0 0 0 0 0 0 0 0 0 0 0 0 0 0 0 0 0 0.10026 0.076512 0.1139 0.16873 -0.017686 0.16987 0.24724 0.42138 0.033908 0.10258 0.17519 0.32435 0 0 0 0 0.081943 -0.051364 0.23657 0.15769 -0.020886 -0.12731 0.36762 0.36479 0.0071562 -0.086793 0.24138 0.24616 5.3364e-19 1.5943e-17 5.3364e-19 1.5943e-17 0.017293 -0.0090675 0.076766 0.07154 -0.015762 -0.020418 0.069985 0.077121 0.0087345 -0.016032 0.029193 0.040722
126.91 110.48 9.7388 1.6059 -0 0 0 0 -0 0 0 0 -0 0 0 0 -0 0 0 0 0.0067825 0.016778 0.0067825 0.016778 0.0011869 0.13319 0.023988 0.13319 0.00061672 0.15125 0.057051 0.15125 -0.0078612 0.019858 0.016531 0.019858 0.053625 -0.0016521 0.08103 0.064527 0.053814 -0.037826 0.34546 0.47312 -0.053803 -0.039378 0.42511 0.5488 -0.051051 -0.0036227 0.085243 0.069748 0.0089886 -0.0060976 0.029124 0.02565 0.00058112 -0.038569 0.07922 0.078621 0.0016924 -0.043072 0.11121 0.14039 -0.011748 -0.0050025 0.025618 0.02482
127 128.09 21.49 1.6358 -0 0 0 0 -0 0 0 0 -0 0 0 0 -0 0 0 0 -0 0 0 0 0.12362 0.15221 0.18371 0.36662 -0.11193 0.1597 0.19278 0.36865 -0.010508 0.0011823 0.010508 0.0043798 1.4933e-17 2.4921e-18 1.7086e-17 3.0599e-17 0.10134 -0.13465 0.24677 0.4145 -0.11297 -0.13396 0.29855 0.4477 -0.013086 -0.0019743 0.013086 0.0070649 3.0103e-18 -1.2904e-18 3.1969e-18 4.1583e-18 0.0010303 -0.0035204 0.0060613 0.0044247 -0.0013247 -0.0053662 0.0094358 0.0090903 -0.00023496 -0.00020425 0.00023496 0.00020425
