54 64
117.73 111.58 1.8929 1.8734 -0 0 0 0 -0 0 0 0 -0 0 0 0 -0 0 0 0 -0.035291 0.079538 0.038195 0.096749 -0.0059498 0.053393 0.012889 0.054984 -0.0055628 0.039233 0.0066146 0.039233 -0.00029674 0.0012775 0.00029674 0.0012775 -0.032729 -0.042805 0.13954 0.27342 0.066924 0.018474 0.21916 0.40219 -0.019579 0.069769 0.24895 0.65677 -0.092012 0.059548 0.11588 0.1445 0.020394 -0.030738 0.055544 0.062143 -0.0068852 -0.03472 0.089826 0.11474 0.019006 -0.080306 0.11793 0.18795 -0.023549 0.010034 0.10397 0.13207
148.21 115.49 1.8993 1.9696 -0 0 0 0 -0 0 0 0 -0 0 0 0 -0 0 0 0 0.00030194 0.00012724 0.00030194 0.00012724 0.0010285 0.018503 0.0053086 0.018503 -7.1483e-05 0.0073963 0.0030609 0.0073963 -2.9187e-06 6.926e-06 2.9187e-06 6.926e-06 0.015647 0.018539 0.019072 0.022527 0.16466 0.069276 0.22321 0.32129 -0.050488 0.19072 0.29982 0.66876 -0.085133 0.12547 0.10295 0.18426 0.032201 0.0081736 0.085166 0.062062 0.015916 -0.039255 0.12288 0.11608 0.047416 -0.10851 0.14038 0.25596 -0.015245 -0.019044 0.08672 0.13859
96.457 125.4 1.6368 0.47461 0 0 0 0 0.0013893 -5.3511e-05 0.0016569 0.0027301 -0.004007 0.053072 0.038543 0.063336 -0.0046532 0.0072311 0.0059697 0.0072311 0.018475 0.049658 0.028793 0.049658 0.019027 0.11228 0.1368 0.18145 -0.037907 0.080653 0.22845 0.36651 -0.031114 0.02436 0.078428 0.081518 0.12266 0.12137 0.39458 0.24088 -0.1161 -0.042744 0.37839 0.27137 -0.037852 -0.01958 0.17672 0.24969 -0.028372 -0.0071168 0.12431 0.12974 0.0089039 -0.029834 0.24895 0.1183 -0.031666 0.004906 0.10129 0.091933 -0.021227 -0.0097354 0.055663 0.068238 -0.010061 -0.0039926 0.036404 0.037397
123.72 126.06 1.9051 4.798 -0.0016797 0.016208 0.036179 0.026735 -0.0065627 0.022782 0.05145 0.06994 -0.0020444 0.022581 0.054337 0.056038 -0.010688 0.0066948 0.022094 0.017557 0.0048558 -0.0081242 0.079963 0.063565 0.028375 0.026504 0.12325 0.1363 -0.038898 0.023921 0.1221 0.10626 -0.025909 0.020448 0.051143 0.053226 0.012303 0.045067 0.14262 0.4465 -0.066297 -0.02628 0.21962 0.40334 0.059462 -0.010475 0.19624 0.40512 -0.016483 0.0032689 0.15264 0.41108 0.0080109 -0.086722 0.031623 0.1224 -0.02776 -0.078606 0.037047 0.10744 0.01294 -0.070859 0.022917 0.083252 -0.0023994 -0.058245 0.018226 0.069948
131.51 127.46 2.1067 4.8236 -0.0049598 0.015781 0.031504 0.040198 -0.011871 0.027783 0.059601 0.072953 -0.0080604 0.017257 0.038062 0.037429 0.005369 0.0059586 0.024653 0.016352 0.020143 0.0077593 0.078898 0.071139 -0.044494 0.048486 0.14075 0.13223 -0.043956 0.013914 0.086854 0.074281 0.028185 0.014103 0.12017 0.068573 -0.056681 -0.015441 0.15305 0.3395 0.058212 -0.034994 0.18428 0.3674 0.022465 0.05533 0.21736 0.62378 -0.087448 0.0013805 0.1656 0.20363 -0.019212 -0.059395 0.025634 0.078983 0.012165 -0.066249 0.023627 0.081424 0.008992 -0.11447 0.03602 0.1482 -0.017518 -0.031427 0.021861 0.0399
88.83 134.66 2.1611 5.7591 0 0 0 0 0.03448 -0.023486 0.03519 0.039685 0.00709 -0.055869 0.03909 0.093404 -0.0067597 -0.028041 0.015226 0.045704 0.042592 0.02396 0.048414 0.045269 -0.0308 0.067572 0.11845 0.19648 0.022006 0.04406 0.17231 0.24139 -0.0022645 0.030562 0.093128 0.15838 0.078695 -0.017609 0.095962 0.090694 0.043765 0.086351 0.39552 0.48408 -0.063297 0.10945 0.21185 0.28945 -0.022845 0.023511 0.076429 0.12008 0.069605 0.022958 0.085399 0.028736 -0.01704 0.031018 0.28573 0.25976 -0.025545 -0.013886 0.114 0.12553 -0.017397 0.019152 0.04411 0.052188
128.08 137.74 2.0712 4.5544 0.00059146 0.0056794 0.031563 0.049737 -0.0082223 0.016499 0.037999 0.06841 -0.0014106 0.018372 0.020142 0.028622 0.017133 0.0009594 0.028836 0.016335 0.0053226 0.021105 0.078417 0.087887 -0.030703 0.019856 0.10275 0.13285 -0.0015702 0.040373 0.11363 0.089158 0.010757 0.015332 0.074692 0.031257 0.00080493 0.023031 0.10325 0.076476 -0.0087437 0.10268 0.22485 0.24626 -0.048085 0.050789 0.16119 0.14715 0.014126 0.10423 0.13522 0.14789 0.042972 0.1278 0.12834 0.21917 -0.0044119 0.082045 0.20714 0.28823 0.061675 -0.030028 0.19454 0.453 -0.041242 -0.028347 0.19125 0.411
169.71 137.94 2.2385 0.4661 0.00056154 -0.00076308 0.00056154 0.0013479 0.028151 -0.022378 0.045373 0.044153 -0.018273 -0.043588 0.13174 0.16773 -0.014137 0.0050716 0.05214 0.07513 0.0056336 0.00011163 0.0056336 0.0041355 0.13018 0.15109 0.15793 0.20759 -0.017485 0.28236 0.11118 0.48478 -0.030043 0.10152 0.074628 0.2243 0.0027734 -0.0011253 0.0027734 0.0023333 0.18489 -0.067977 0.31577 0.17068 -0.04641 -0.15346 0.17536 0.32379 0.036831 -0.038864 0.091405 0.21337 0 0 0 0 0.025684 -0.044968 0.072179 0.053854 -0.0036488 -0.042416 0.05444 0.069201 0.091727 -0.01822 0.1091 0.096305
114.01 149.51 1.9491 5.0809 0.009019 0.025768 0.11036 0.081722 -0.021228 0.0020754 0.075181 0.079466 -0.0082674 -0.0025711 0.033594 0.033291 5.3481e-05 -0.01012 0.011237 0.018667 -0.040413 0.013324 0.23903 0.20161 -0.0039665 0.030626 0.17134 0.17689 -0.030468 0.021777 0.14623 0.2566 -0.023708 0.016113 0.057475 0.1034 -0.072026 0.087166 0.28194 0.18181 -0.02627 0.11299 0.25222 0.23135 -0.076239 0.075401 0.19188 0.27958 -0.026061 0.03184 0.064776 0.10698 -0.02974 -0.013479 0.1775 0.14573 -0.010914 0.062784 0.20916 0.20294 -0.076234 0.097469 0.22748 0.27152 -0.021544 0.032674 0.091657 0.084832
169.93 150.22 1.7808 3.5902 0.013105 0.031876 0.081686 0.23357 -0.091487 0.048973 0.12177 0.14031 -0.00068133 0.015405 0.029049 0.039857 -0.0036402 0.0087698 0.010252 0.011168 -0.029389 0.0049494 0.16578 0.27141 -0.11874 0.087813 0.15411 0.21501 0.072528 0.15693 0.12175 0.17142 -0.066206 0.055302 0.1126 0.059687 0.012811 -0.15173 0.072294 0.20456 0.038222 -0.11429 0.090682 0.38232 0.045236 -0.15043 0.13919 0.45803 -0.11898 -0.042349 0.15119 0.1156 0.012501 -0.01461 0.02029 0.034672 0.0058365 -0.032258 0.073491 0.1425 -0.0059721 0.00048135 0.061532 0.13736 -0.009578 -0.012249 0.012649 0.026091
169.81 162.13 1.9511 1.8887 0.0024491 0.00051181 0.0084649 0.0065618 0.042424 -0.015075 0.05838 0.040346 0.029683 -0.023444 0.18149 0.058025 -0.03706 0.0080415 0.084797 0.020502 0.047361 0.030291 0.074854 0.040649 0.032827 0.13939 0.16595 0.18007 -0.0089165 0.040857 0.26733 0.10494 -0.048099 -0.011546 0.13419 0.039466 0.090303 -0.013688 0.17516 0.04005 0.085843 -0.076037 0.45992 0.2559 -0.087267 0.00048574 0.31879 0.14579 -0.058869 0.0050455 0.092113 0.025993 0.026471 -0.015804 0.032718 0.017606 0.048454 0.01075 0.26362 0.21253 -0.019582 0.074996 0.31285 0.19532 -0.068032 0.026484 0.083655 0.033896
96.65 163.64 1.9111 2.9002 -0.0025227 0.0044218 0.031224 0.033348 0.011987 0.0078419 0.036237 0.06592 0.020074 -0.014736 0.11966 0.11019 0.049079 -0.017929 0.094127 0.10815 8.7732e-05 -0.0084926 0.035005 0.033854 0.051676 0.019425 0.11643 0.12766 0.069799 0.045564 0.21551 0.26656 0.033306 0.03449 0.23099 0.38804 -0.0036202 0.028187 0.048715 0.12903 0.023575 0.08463 0.10877 0.2844 -0.01184 0.056047 0.1184 0.30166 0.033712 0.0063827 0.22381 0.42845 0.0054742 0.0052428 0.048591 0.073953 0.0589 0.0138 0.10578 0.16654 0.040367 0.067779 0.079124 0.14198 0.0087794 0.081414 0.064051 0.13533
170.14 170.48 2.1029 3.964 0.0010328 0.01123 0.0071772 0.024696 0.0036379 0.054601 0.0091593 0.057541 -0.0065608 0.036006 0.0089327 0.036006 -0.00076975 0.0016186 0.00076975 0.0016186 -0.03761 0.10257 0.12125 0.36764 -0.039555 0.053904 0.10003 0.4671 0.00072971 0.095722 0.18098 0.37565 -0.054573 0.028846 0.06947 0.065361 -0.027433 -0.11344 0.091168 0.30526 0.0030365 -0.024424 0.076115 0.3361 -0.061607 -0.018896 0.14804 0.258 -0.056396 -0.0008923 0.063938 0.062665 0.0098222 -0.033493 0.014592 0.034048 0.041447 -0.081227 0.057627 0.090193 0.017407 -0.041528 0.085194 0.14074 -0.012057 0.048696 0.038163 0.077303
81.724 171.96 2.1248 4.7935 0.0024248 0.0028768 0.002487 0.0028768 0.03055 0.052664 0.056855 0.056975 0.0030821 0.026699 0.11746 0.091754 -0.018616 0.00027962 0.087477 0.046122 0.068472 0.032324 0.079429 0.058253 -0.020982 0.058207 0.2006 0.189 -0.0089783 0.043727 0.29283 0.23664 -0.040808 -0.021726 0.10928 0.064571 0.14251 0.078055 0.17655 0.1168 -0.046687 0.14658 0.20394 0.2354 -0.1401 0.0031766 0.43525 0.21658 -0.027462 0.037929 0.12989 0.12891 0.1233 0.032453 0.13913 0.045854 -0.12371 -0.016402 0.20702 0.12428 -0.023626 -0.024271 0.24183 0.1007 -0.02291 0.02525 0.1475 0.10805
157.8 171.79 1.826 0.66355 -0.015161 0.026461 0.03879 0.061296 -0.0050856 0.0056653 0.014774 0.020558 6.3454e-05 0.0005043 0.001344 0.0020995 0.0027709 0.00045217 0.006305 0.0062399 -0.0054902 0.052798 0.057773 0.11911 -0.022651 0.15875 0.07092 0.18018 0.0064509 0.2147 0.059564 0.23928 -0.018709 0.12342 0.047232 0.14876 0.0054352 -0.0094088 0.097236 0.17495 0.03793 -0.032939 0.1012 0.38045 0.075787 -0.026057 0.20082 0.57134 -0.089155 -0.072731 0.13907 0.23487 0.0042735 -0.03679 0.047224 0.12831 0.001267 -0.048462 0.060825 0.19259 -0.017661 -0.075071 0.074203 0.16064 -0.014523 -0.032501 0.020263 0.042787
83.607 176.12 2.0304 5.5116 0.009011 0.021191 0.0090116 0.021203 0.00382 0.085167 0.015028 0.085193 -0.012612 0.045981 0.023448 0.049089 -0.0032331 0.0071677 0.0043663 0.0071677 0.023816 0.14868 0.12058 0.22974 -0.069023 0.044728 0.16133 0.2859 -0.042524 0.011818 0.17712 0.22768 -0.023213 0.047485 0.094064 0.12326 -0.070056 0.0026998 0.12659 0.16247 -0.11643 -0.035487 0.2585 0.41048 -0.058853 -0.024958 0.16208 0.35695 -0.032323 -0.05403 0.077981 0.12811 -0.04343 -0.086071 0.091032 0.16362 0.024435 -0.014828 0.16723 0.26442 -0.039921 0.011632 0.10492 0.14289 -0.00053287 -0.0027492 0.036831 0.055068
107.43 176.75 2.124 5.2748 -0.0037007 0.021347 0.12223 0.17582 -0.044205 -0.020247 0.20404 0.24858 -0.046123 -0.017409 0.053615 0.046671 -7.4901e-05 2.3588e-06 7.4901e-05 2.3588e-06 -0.10438 -0.096931 0.256 0.35786 -0.019805 -0.08738 0.14709 0.23996 -0.024053 0.037135 0.055878 0.090345 -0.0020877 0.0002415 0.0020877 0.00091483 -0.026153 0.019389 0.26448 0.32801 -0.018521 0.023792 0.17944 0.22565 0.016558 -0.011171 0.15939 0.23875 -0.021134 0.036926 0.097891 0.14315 -0.052404 -0.0048583 0.19206 0.1685 -0.040848 0.072401 0.15592 0.19444 0.00079738 -0.0050737 0.048203 0.063917 0.0018401 -0.017447 0.038894 0.058072
123.35 176.25 1.7647 1.9774 -0.0041807 -0.0021062 0.018863 0.0094278 0.02077 -0.011868 0.052217 0.050217 0.084919 -0.087463 0.18754 0.25897 0.039153 -0.077294 0.19576 0.34664 -0.079934 0.08035 0.19269 0.19246 0.05588 0.085012 0.20565 0.25267 -0.040052 0.074682 0.15089 0.20121 0.060391 -0.019459 0.19417 0.18567 -0.12635 -0.037105 0.16589 0.14446 0.03745 -0.076711 0.15665 0.19255 0.033159 -0.060442 0.26004 0.25349 -0.012462 -0.0097308 0.15308 0.19331 -0.0082068 -0.010052 0.01938 0.031992 -0 0 0 0 0.011373 -0.015568 0.018303 0.018467 0.066237 0.044627 0.098339 0.097549
75.945 177.2 1.8053 5.4411 1.5648e-17 -1.753e-17 1.5648e-17 1.753e-17 8.4776e-06 -9.4974e-06 8.4776e-06 9.4974e-06 1.4296e-06 -1.6016e-06 1.4296e-06 1.6016e-06 1.8537e-18 -2.0767e-18 1.8537e-18 2.0767e-18 0.023009 0.026474 0.023009 0.028811 0.064048 0.13079 0.088783 0.22472 -0.0073834 0.10241 0.099019 0.19572 -0.019355 0.04454 0.057196 0.08319 0.10514 0.18272 0.16921 0.23164 -0.090811 0.1298 0.2336 0.32622 -0.043625 0.07512 0.18638 0.34456 -0.0057056 0.00021722 0.11795 0.21634 -0.025294 0.015003 0.11278 0.13162 -0.13243 -0.15167 0.18026 0.26456 -0.077724 -0.05306 0.17864 0.29623 -0.011314 -0.021349 0.046512 0.082775
85.359 185.6 2.0064 5.3806 5.0244e-18 -6.365e-18 5.0244e-18 6.365e-18 2.9161e-17 -3.6941e-17 2.9161e-17 3.6941e-17 0 0 0 0 0 0 0 0 0.021215 0.13676 0.062931 0.18142 -0.0077069 0.15786 0.1068 0.20406 -0.048796 0.12841 0.091947 0.1674 -0.0093276 0.030655 0.019028 0.03099 -0.078787 0.074139 0.18873 0.27197 -0.026813 0.075486 0.23472 0.3642 -0.0195 0.021238 0.26092 0.36554 -0.062004 -0.014151 0.094616 0.095359 -0.095041 -0.039679 0.16334 0.19568 -0.076633 -0.068984 0.20648 0.33696 -0.017746 -0.043996 0.080177 0.12179 -0.010582 0.0048676 0.027229 0.037544
95.964 186.11 2.1058 2.7979 -0 0 0 0 0.029675 -0.011311 0.030024 0.029455 -0.0093672 -0.024471 0.11062 0.09811 0.033015 0.020338 0.095837 0.11211 0.021337 0.0048369 0.021431 0.011391 0.043371 0.12441 0.086235 0.23082 -0.028075 0.13631 0.10512 0.31194 0.047369 0.11118 0.11464 0.29089 0.017136 -0.0043303 0.017161 0.0083746 0.1039 -0.082491 0.17742 0.24273 -0.019133 0.020904 0.2426 0.39919 0.08806 0.0016514 0.19684 0.40662 -0 0 0 0 0.023864 -0.012385 0.026374 0.0268 0.059518 -0.067009 0.11061 0.15956 0.036022 -0.023878 0.1134 0.17338
146.76 193.91 1.7865 4.8559 0 0 0 0 0 0 0 0 0 0 0 0 0 0 0 0 0.0040326 0.001551 0.0050894 0.0095192 0.0011126 0.0404 0.02003 0.057927 -0.0041473 0.028579 0.0090406 0.029706 -0.00082769 0.0012448 0.00082769 0.0013393 0.012412 0.0047276 0.017401 0.017626 0.21426 0.048895 0.22671 0.23115 -0.11609 0.31584 0.29536 0.43438 -0.078761 0.10541 0.099166 0.13384 -0.00026378 -0.002435 0.0096725 0.013703 0.13049 -0.066322 0.13434 0.082054 0.058518 -0.081445 0.37064 0.32105 -0.071626 0.0043967 0.20369 0.24678
90.027 120.01 2.8353 0.7096 0 0 0 0 0 0 0 0 0 0 0 0 0 0 0 0 0.00036989 0.00031768 0.00036989 0.00031768 0.007994 0.029669 0.01466 0.029965 -0.012195 0.067087 0.10311 0.10319 -0.0001803 0.019786 0.01846 0.020864 0.13906 0.11877 0.26005 0.19771 -0.046341 0.10486 0.46816 0.44088 -0.093156 0.058153 0.34247 0.31552 0.021538 -0.0022276 0.10703 0.059948 0.045998 0.011425 0.20289 0.15744 -0.051708 -0.046273 0.17698 0.14909 -0.032805 -0.029753 0.10618 0.11317 -0.0046384 -0.0053913 0.060753 0.05686
141.61 119.96 2.7094 1.6547 -0 0 0 0 -0 0 0 0 -0 0 0 0 -0 0 0 0 0.0036098 0.00030363 0.0036098 0.00030363 0.10527 0.12541 0.14098 0.25087 -0.043751 0.20209 0.12201 0.41088 0.044912 0.1175 0.086563 0.28411 0.0070459 0.03607 0.080508 0.053987 0.093692 -0.073362 0.30951 0.30888 0.02407 -0.11565 0.20626 0.41162 0.0013509 -0.057891 0.13253 0.23887 -0.034742 0.0092347 0.12473 0.046438 -0.001871 -0.011858 0.086681 0.039767 0.018061 -0.029442 0.056484 0.053927 0.0019918 -0.026069 0.036965 0.047572
143.34 129.44 2.8172 4.5173 -0.0028785 0.0105 0.017759 0.029693 0.0069055 0.012065 0.025878 0.015146 0.059126 -0.023322 0.13852 0.070507 -0.012235 0.0012871 0.1071 0.10168 -0.0050962 0.051721 0.073701 0.086524 -0.029109 0.063006 0.11425 0.10536 -0.012045 0.035379 0.27269 0.13821 -0.0049119 -0.059996 0.076985 0.084377 -0.0010956 0.082866 0.16583 0.24477 0.01846 -0.021626 0.23445 0.63379 -0.13928 -0.032264 0.2273 0.32362 -0.0052466 -0.0013889 0.0052926 0.0034032 -0.042337 -0.068052 0.07994 0.1716 -0.014225 -0.08002 0.033294 0.10271 -0.013923 -0.028187 0.015239 0.030307 -4.9486e-05 -0.00014799 4.9486e-05 0.00014799
135.9 141.7 3.1 3.3603 -0.035944 -0.081826 0.06132 0.12717 0.0043766 -0.071243 0.040942 0.16929 -0.018064 -0.033155 0.086287 0.19802 -0.013573 0.0080705 0.017722 0.028901 -0.002047 -0.0032757 0.0062943 0.0070683 0.017626 0.0091694 0.037897 0.058324 0.078968 0.03033 0.18567 0.22404 -0.022837 0.1058 0.36382 0.18683 0.0038888 0.0076757 0.040122 0.014292 0.042236 0.037119 0.13134 0.084924 0.18263 0.075411 0.28321 0.17423 -0.087565 -0.05562 0.43364 0.1515 0.0049202 0.0056579 0.026922 0.023164 0.047789 0.022642 0.088366 0.077932 0.1622 0.020315 0.23664 0.13472 -0.069237 0.020721 0.28393 0.073736
93.349 146.31 3.0743 5.3834 0.031402 0.019998 0.033502 0.023025 -0.0019291 0.024005 0.073146 0.085671 -0.037183 -0.012846 0.067952 0.10281 -0.0072637 -0.005869 0.023363 0.036643 0.035375 -0.028608 0.046124 0.050177 -0.03306 -0.052989 0.18591 0.2019 -0.023642 0.0049021 0.17386 0.15399 -0.0091186 0.00122 0.036242 0.044054 0.063684 0.032701 0.15418 0.14338 0.028546 0.14822 0.42648 0.35811 -0.060649 0.06241 0.1841 0.14348 -0.017087 0.021448 0.072767 0.074543 0.05842 -0.015345 0.075379 0.041879 0.023011 0.088798 0.37057 0.37854 -0.038668 0.06717 0.14964 0.16016 -0.029169 0.019458 0.064839 0.074517
84.083 153.96 2.747 2.8267 0.0070287 0.0031352 0.027306 0.033649 0.030177 0.0072923 0.10387 0.11058 0.094792 -0.016263 0.18234 0.21729 -0.018917 -0.02077 0.31502 0.29162 0.0097447 0.023856 0.043821 0.10237 0.0013574 0.026436 0.11671 0.26018 0.0098553 -0.015439 0.30352 0.36306 -0.056173 -0.087441 0.17508 0.32658 0.030219 -0.00084869 0.066644 0.11457 0.054903 0.0074399 0.095587 0.19005 -0.11363 0.016854 0.19509 0.30715 -0.03723 0.0018799 0.038563 0.041086 0.0091418 -0.018084 0.015781 0.026732 0.002901 -0.058821 0.025082 0.065782 -0.016064 -0.046418 0.019642 0.047095 -0.0033505 -0.0039279 0.003403 0.0039279
89.556 154.03 3.0225 2.8503 0.0036473 0.0014992 0.020618 0.018709 0.030262 -0.010259 0.090852 0.074919 0.061086 -0.012326 0.11453 0.13735 0.026076 -0.038867 0.34045 0.22875 0.0069414 0.010058 0.036927 0.044318 0.023202 0.0023109 0.10451 0.16307 0.053907 -0.076328 0.27063 0.34889 -0.056886 -0.10786 0.28199 0.44541 0.014262 0.016587 0.050571 0.098036 0.032611 0.090965 0.079331 0.19281 -0.050781 0.078831 0.17025 0.29439 -0.035196 -0.013048 0.063739 0.089206 0.0097433 -0.015478 0.020825 0.033702 0.018675 -0.065783 0.045047 0.087326 -0.03283 -0.075127 0.049882 0.10284 -0.012348 -0.0093992 0.012833 0.016093
107.64 160.09 2.7609 4.5749 -0.0013333 0.011967 0.073339 0.043204 -0.014408 0.0028804 0.051666 0.034568 0.00058161 0.0060426 0.033743 0.038686 0.018704 -0.012759 0.034198 0.042293 -0.049911 0.027688 0.18044 0.088071 -0.028344 0.018033 0.14277 0.10353 -0.0096954 0.02799 0.074149 0.1056 -0.005202 0.0041894 0.010465 0.033557 -0.067075 0.0047191 0.24247 0.1153 -0.0019295 0.064773 0.33148 0.24166 0.0079547 0.090972 0.1796 0.26604 -0.0095912 0.048503 0.095096 0.11776 0.040864 0.011026 0.18755 0.1315 0.031454 0.15191 0.42209 0.28506 0.018015 0.079555 0.22541 0.18192 -0.011344 0.12717 0.15228 0.18485
164.43 163.84 3.0722 0.41879 -0.0029749 -0.019429 0.059933 0.074621 -0.0083123 -0.0026162 0.031337 0.054409 -0.0017867 0.00054926 0.0039874 0.0040585 0.0021077 0.0033107 0.0099743 0.0096752 0.02139 0.052031 0.076852 0.18545 -0.0088571 0.12101 0.084928 0.28393 0.049247 0.16988 0.11053 0.32979 -0.031926 0.1056 0.14736 0.24822 0.0062448 -0.066067 0.069494 0.079877 0.077109 -0.080776 0.212 0.30357 0.019927 -0.096702 0.28652 0.50172 -0.063102 -0.098932 0.14274 0.18197 0.002411 -0.0034152 0.0044578 0.0047847 0.015754 -0.043437 0.032942 0.070495 -0.011718 -0.037622 0.032337 0.073766 -0.0028832 -0.0060292 0.0045724 0.0076111
77.43 188.33 2.8158 5.1883 0 0 0 0 0 0 0 0 0 0 0 0 0 0 0 0 1.2565e-17 -2.438e-17 1.2565e-17 2.438e-17 0.0041386 0.015176 0.0057537 0.015176 -0.0030351 0.058475 0.02362 0.058475 -0.0047215 0.014592 0.0076665 0.014592 0.071629 0.08924 0.08061 0.095881 0.0069527 0.222 0.24953 0.39847 -0.04063 0.066587 0.25881 0.36078 -0.054635 -0.0075983 0.096269 0.084597 0.14455 0.13516 0.20184 0.15126 -0.17348 -0.028935 0.30227 0.33895 -0.10086 -0.02899 0.20928 0.25669 -0.011556 -0.0036023 0.058565 0.073918
89.786 191.88 2.7322 5.2158 0 0 0 0 0 0 0 0 0 0 0 0 0 0 0 0 0.0084177 0.052012 0.014162 0.052012 -0.0079165 0.1094 0.051814 0.11017 -0.012547 0.046946 0.036959 0.047153 -0.0015856 0.00099525 0.0015856 0.00099525 -0.0076152 0.19132 0.20305 0.30859 -0.054806 0.045702 0.33385 0.48269 -0.095068 -0.0219 0.18661 0.19287 -0.0046171 0.0012827 0.0046808 0.0032637 -0.13865 -0.075174 0.2331 0.2562 -0.086944 -0.032769 0.25755 0.3175 -0.016061 -0.0099985 0.11339 0.13979 -0.0042433 0.01369 0.034401 0.049967
124.6 111.14 3.6897 1.6938 -0 0 0 0 -0 0 0 0 -0 0 0 0 -0 0 0 0 0.0079657 0.036385 0.012584 0.036385 -0.0080172 0.12254 0.029037 0.12254 -0.0040735 0.15519 0.038292 0.15519 -0.005987 0.018321 0.0069051 0.018321 0.064293 -0.00045765 0.1635 0.18222 0.025694 -0.0065448 0.24894 0.49498 -0.0092171 0.031739 0.26781 0.58252 -0.082554 0.053864 0.15866 0.18735 -0.016971 -0.0073567 0.085482 0.037022 0.020307 -0.049828 0.068944 0.08603 0.019937 -0.060469 0.079863 0.11048 -0.021804 -0.019252 0.080514 0.088716
91.041 117.2 3.5481 0.86756 0 0 0 0 0 0 0 0 0 0 0 0 0 0 0 0 0.00017492 0.00022776 0.00017492 0.00022776 0.0034237 0.05302 0.0079703 0.05302 -0.0084865 0.05263 0.046528 0.05263 -0.0025945 0.0056441 0.0030311 0.0056441 0.1131 0.061808 0.16551 0.14054 -0.012724 0.090997 0.47388 0.56974 -0.11704 0.035909 0.29122 0.27852 0.0051846 0.032103 0.10886 0.077356 0.01717 -0.011667 0.20355 0.22291 -0.04442 -0.074736 0.14734 0.14627 -0.026864 -0.032237 0.098832 0.091312 0.0144 -0.018912 0.066366 0.04199
170.87 139.88 3.8361 0.37852 0 0 0 0 0.049945 -0.082532 0.34872 0.21824 -0.064841 -0.041027 0.12992 0.1294 -0.0077149 -0.0043383 0.022799 0.013206 0 0 0 0 0.087112 0.034284 0.15003 0.20261 -0.021134 0.12819 0.15091 0.43381 0.041955 0.14493 0.081081 0.22573 0 0 0 0 0.069058 -0.056115 0.13847 0.11517 0.091341 -0.10727 0.23371 0.28934 0.0029127 -0.09508 0.25327 0.35359 0 0 0 0 0.00045145 -0.0022466 0.0018222 0.0022466 0.012104 -0.021279 0.019455 0.026886 -0.0065339 -0.025379 0.017229 0.035585
72.421 148.66 3.6389 2.6839 0.018318 -0.0023038 0.04975 0.044042 0.078566 -0.066519 0.19541 0.1895 -0.081556 -0.1596 0.44461 0.413 -0.033843 -0.011536 0.045789 0.025942 0.026643 0.032804 0.069263 0.12422 0.0020561 0.071418 0.20686 0.41441 -0.10953 -0.050222 0.20683 0.28672 -0.008277 -0.0053419 0.010785 0.0097715 0.034809 -0.038371 0.060492 0.084923 -0.0394 -0.14695 0.11916 0.2415 -0.054113 -0.046358 0.059106 0.082371 -0 0 0 0 1.502e-05 -0.00349 0.0010979 0.00349 -0.001365 -0.0049793 0.0015261 0.0049793 -5.8615e-05 -0.00011899 5.8615e-05 0.00011899 -0 0 0 0
128.15 148.35 3.7096 4.4832 -0.0044323 0.0024172 0.013881 0.010825 0.003631 -0.0013216 0.015466 0.017709 0.091866 -0.086297 0.14403 0.17538 -0.016458 -0.0026237 0.15775 0.22215 -0.0095999 0.013428 0.055438 0.040849 -0.0054358 0.031131 0.048041 0.073624 0.013459 0.014623 0.062514 0.043856 0.070867 -0.047797 0.21727 0.15459 0.016448 0.044193 0.13551 0.10701 0.0084698 0.09827 0.15634 0.15948 0.022194 0.20122 0.24807 0.27643 -0.027155 0.02204 0.19575 0.14786 0.049023 -0.027128 0.12459 0.12461 -0.00059234 -0.02438 0.22035 0.41464 -0.033914 -0.10612 0.15523 0.35413 -0.032891 -0.023887 0.04941 0.074563
176.38 152.04 3.3302 3.6579 0.0039068 0.03276 0.0070333 0.03276 -0.0086558 0.040877 0.011092 0.040877 -0.0010724 0.00081912 0.0010724 0.00081912 0 -0 0 0 0.020959 0.11781 0.18163 0.41601 -0.12959 0.081392 0.2404 0.29357 -0.019452 0.071575 0.092426 0.089844 -0.0063337 0.0071574 0.010416 0.007229 -0.0096885 -0.11467 0.11267 0.31823 -0.013745 -0.078919 0.15628 0.41058 -0.084022 0.020478 0.2453 0.33211 -0.040682 -0.0026728 0.04835 0.022925 0.0049627 -0.013901 0.010322 0.022075 0.032054 -0.037699 0.078386 0.15653 -0.03781 -0.022711 0.10285 0.16867 -0.0062146 -0.0032944 0.0064328 0.0059061
163.65 162.94 3.5684 0.43268 0.010239 -0.054139 0.16206 0.12284 -0.035388 -0.029693 0.084147 0.096014 -0.0046384 -0.005857 0.018014 0.012983 -0.00083938 -0.00048853 0.01092 0.00599 0.040512 0.023953 0.09626 0.15156 -0.015827 0.12044 0.11389 0.33521 0.065864 0.19455 0.13178 0.3551 -0.063367 0.056411 0.12694 0.15227 0.02146 -0.037349 0.060762 0.059429 0.071026 -0.10071 0.20429 0.31708 -0.0045739 -0.14701 0.28423 0.47669 -0.062587 -0.06532 0.096644 0.11263 8.0916e-05 -0.00030889 0.00024114 0.00050271 0.0077661 -0.019381 0.014315 0.030106 -0.0052181 -0.021653 0.013541 0.033858 -0.00071186 -0.001689 0.00085969 0.0017915
152.78 183.45 3.7223 0.63151 -0.013307 -0.018751 0.062839 0.083489 -0.0069619 -0.0099516 0.026583 0.023719 -0.0018744 -0.0034269 0.021873 0.017905 -0.0010417 -0.0035979 0.0075834 0.0064036 -0.0075108 0.046339 0.14022 0.26034 0.013374 0.24014 0.12521 0.44288 -0.10886 0.10619 0.1521 0.21587 -0.0060417 0.0001784 0.0060417 0.0031975 0.052892 -0.091475 0.15358 0.23246 0.0015934 -0.17956 0.27229 0.52186 -0.096944 -0.096576 0.12692 0.17444 -0.0020161 -0.00050847 0.0020161 0.00096735 0.0031025 -0.013813 0.0046558 0.015947 -0.0037233 -0.016788 0.0054402 0.019031 -0.00049024 -0.0010152 0.0005314 0.0010343 0 0 0 0
94.609 107.27 5.1305 0.96004 0 0 0 0 0 0 0 0 0 0 0 0 0 0 0 0 0 0 0 0 0 0 0 0 -0.0002034 0.00014239 0.0002034 0.00014239 -4.2012e-05 2.941e-05 4.2012e-05 2.941e-05 0.020036 0.045498 0.021674 0.045498 0.11553 0.187 0.39514 0.53848 -0.11737 0.070393 0.28498 0.35867 -0.016767 0.040751 0.1019 0.080933 0.059462 -0.0068581 0.1759 0.18585 -0.020835 -0.088135 0.2436 0.27035 -0.050083 -0.058488 0.11488 0.12137 0.005439 -0.014363 0.083681 0.048125
153.13 107.94 5.1424 1.9934 -0 0 0 0 -0 0 0 0 -0 0 0 0 -0 0 0 0 -0 0 0 0 -0 0 0 0 -0 0 0 0 -0 0 0 0 0.028064 0.048434 0.14558 0.093461 0.097441 0.015454 0.28222 0.25332 -0.010371 0.1433 0.32511 0.58591 -0.073735 0.12614 0.1292 0.25652 0.0054494 0.035316 0.22187 0.1152 -0.036493 -0.027368 0.17116 0.084901 0.048983 -0.081491 0.14931 0.19937 -0.029906 -0.028792 0.17677 0.18302
87.347 142.37 4.8149 5.4927 0 0 0 0 0.024152 0.032618 0.025907 0.032618 -0.0019083 0.048176 0.044431 0.071976 -0.0084155 0.0051064 0.014504 0.023298 0 0 0 0 0.065012 0.009887 0.11706 0.18345 -0.033781 -0.0053577 0.14355 0.20967 -0.015538 -0.0046788 0.034874 0.04344 -3.5539e-06 -3.518e-06 3.5539e-06 3.518e-06 0.10894 0.098835 0.31698 0.31185 -0.092891 0.13129 0.24399 0.2675 -0.031842 0.015958 0.044338 0.046111 -6.5626e-07 -6.4962e-07 6.5626e-07 6.4962e-07 0.11607 -0.095484 0.24361 0.24369 -0.02929 -0.0092969 0.37134 0.42227 -0.044024 0.02871 0.10833 0.10424
101.18 167.9 4.9477 3.3249 0.00033577 -9.7578e-05 0.00033577 0.00021144 0.025511 -0.0944 0.13154 0.14579 -0.012583 -0.073314 0.063178 0.11365 0.057216 0.032883 0.21369 0.19009 0.0049195 0.0024679 0.0073206 0.0081589 0.0068884 0.016089 0.051758 0.042621 0.072873 0.053585 0.13387 0.086682 0.10138 0.047988 0.50849 0.24423 0.013866 -0.0023562 0.015112 0.012317 0.052949 0.040169 0.13685 0.14291 0.024688 0.06596 0.20456 0.26592 0.013194 -0.11882 0.35492 0.37815 0.0010735 -0.00060804 0.0010735 0.00060804 0.029444 -0.034234 0.035752 0.051684 -0.017932 -0.04783 0.062498 0.11583 -0.0079922 -0.022055 0.026699 0.042675
96.727 176.28 4.4105 3.1495 0.0033382 -0.0018777 0.0033382 0.0018818 0.0037392 -0.028843 0.057535 0.048752 -0.00061985 0.012233 0.062135 0.03245 0.091916 0.038883 0.16882 0.11214 0.007506 0.0021184 0.007506 0.0067974 0.003539 0.034918 0.072649 0.10238 0.044604 0.028445 0.15313 0.20016 0.16249 -0.015393 0.28455 0.29617 0.0075311 -0.0020625 0.0075311 0.0050327 0.071655 0.0026981 0.15609 0.18671 0.054842 0.16985 0.2389 0.4156 0.01628 0.029642 0.29112 0.39863 6.8036e-08 -8.6091e-06 6.8036e-08 8.6091e-06 0.022554 -0.026227 0.030366 0.040722 0.058732 -0.11941 0.076424 0.17915 -0.044576 -0.058546 0.070885 0.13312
175.03 180.85 5.0226 3.9293 0 -0 0 0 -4.4012e-17 -4.4215e-17 4.4012e-17 4.4215e-17 -3.1857e-17 -3.2004e-17 3.1857e-17 3.2004e-17 0 -0 0 0 0.00016706 0.0052761 0.00033075 0.0052761 0.018739 0.10338 0.03221 0.11332 -0.022041 0.066435 0.02822 0.074785 -0.0015576 0.0021371 0.0015576 0.0021371 0.082808 -0.0068473 0.087364 0.10166 0.051739 -0.049552 0.31698 0.64075 -0.12661 0.10357 0.33548 0.4067 -0.03757 0.036346 0.046261 0.041622 0.003854 -0.0071219 0.016441 0.016431 0.020816 -0.060269 0.044338 0.099465 0.027848 -0.067467 0.16549 0.23842 -0.028657 -0.0070113 0.048428 0.045507
163.01 120.88 5.9258 2.5491 -0 0 0 0 -0 0 0 0 -0 0 0 0 -0 0 0 0 0.02354 0.033401 0.031617 0.033401 -0.02256 0.060882 0.090148 0.083085 -0.0028016 -0.00015284 0.0031623 0.00086083 -0 0 0 0 0.053659 0.071998 0.29696 0.20367 -0.042605 -0.022334 0.34075 0.29285 -0.050852 0.15454 0.47127 0.37607 -0.033463 0.040386 0.042994 0.043726 -4.7996e-05 -0.048692 0.19132 0.12186 -0.0029618 -0.023658 0.08204 0.055755 0.075926 -0.051203 0.27654 0.24583 -0.060291 -0.0035259 0.12694 0.096137
105.56 165.7 7.1656 4.1941 -8.0589e-19 4.5963e-19 6.7778e-18 3.8657e-18 -1.023e-19 5.8348e-20 1.023e-19 5.8348e-20 0.067905 0.049698 0.12221 0.21008 -0.03429 0.055259 0.096191 0.13286 0.0075086 0.0054577 0.0095279 0.0070329 -0.0045175 0.032678 0.049866 0.048667 0.060216 -0.032213 0.12356 0.20036 -0.021634 -0.058521 0.27133 0.27845 0.034002 -0.0043173 0.036176 0.017835 0.030787 0.01118 0.27526 0.1716 0.062848 0.14872 0.33653 0.3919 -0.086425 -0.0015185 0.26434 0.33338 0.0035094 -0.0014922 0.0035094 0.0014922 0.021796 -0.02736 0.059417 0.043435 0.016291 -0.1103 0.14238 0.20723 -0.02528 -0.038578 0.04738 0.065169
139.36 152.71 9.8383 4.162 4.858e-21 -2.9808e-21 3.0039e-19 1.8432e-19 0.015781 0.044828 0.021202 0.044828 -0.0044958 0.043932 0.016159 0.043932 -0.00033478 0.00051939 0.00033478 0.00051939 0.0032933 0.011144 0.013583 0.011208 0.10642 -0.0039895 0.17645 0.26757 -0.080013 0.004142 0.3387 0.39262 -0.017109 0.0028042 0.019694 0.015214 0.023994 -0.0040031 0.095942 0.06605 0.099078 0.05116 0.32311 0.44197 -0.1279 -0.034609 0.2861 0.39684 -0.0093098 -0.0029954 0.011207 0.0074082 0.001811 -0.003611 0.007696 0.0050973 0.012105 -0.047205 0.059307 0.086788 -0.016347 -0.026688 0.029004 0.039702 -0.00028285 -4.7979e-05 0.00028285 4.7979e-05
54.095 186.75 9.7595 5.661 0 0 0 0 0 0 0 0 0 0 0 0 6.5877e-19 9.1847e-19 1.1527e-18 1.6071e-18 0 0 0 0 -9.5189e-06 5.7811e-05 9.5189e-06 5.7811e-05 -1.4065e-05 8.542e-05 1.4065e-05 8.542e-05 -9.3138e-19 -1.2985e-18 3.9183e-18 5.463e-18 0.0016823 0.0010126 0.0016823 0.0010126 0.041755 0.084095 0.20128 0.32126 -0.047543 0.021649 0.097087 0.11956 -0.00080847 -4.7521e-05 0.0008476 0.00034116 0.0039322 0.0022217 0.0039322 0.0023102 0.075357 0.046572 0.53842 0.35647 -0.026483 0.13923 0.48486 0.29155 -0.068037 0.035892 0.19581 0.1082
163.87 93.376 12.784 2.1881 -0 0 0 0 -0 0 0 0 -0 0 0 0 -0 0 0 0 -0 0 0 0 -0 0 0 0 -0 0 0 0 -0 0 0 0 0.07185 0.012245 0.07185 0.026829 0.082246 0.074811 0.64274 0.35933 -0.086048 0.070736 0.39127 0.35854 -0.014152 0.0004439 0.014152 0.0055081 0.040831 -0.0078436 0.040831 0.015507 0.030006 -0.091693 0.22801 0.13424 -0.022854 -0.053462 0.16656 0.15961 -0.0076078 -0.0013253 0.0081276 0.0063597
113.57 125.05 12.003 1.3513 0 0 0 0 0 0 0 0 0 0 0 0 0 0 0 0 -0.00011293 0.00048547 0.00011293 0.00048547 0.072572 0.099587 0.13356 0.32852 -0.071499 0.08433 0.13968 0.21363 -0.00094866 0.0027251 0.0030634 0.0028567 0.06892 0.001623 0.088473 0.06707 0.006828 -0.038128 0.4667 0.61299 -0.075881 -0.060605 0.25418 0.22797 -0.010226 -0.0019737 0.02223 0.010621 0.015152 -0.0077169 0.015152 0.01172 -0.020403 -0.050073 0.1206 0.15393 -0.011056 -0.0087349 0.019084 0.020055 -0.00061522 -0.00080745 0.0010925 0.00080745
126.72 159.65 13.2 4.2553 2.0553e-18 -1.0108e-18 2.0553e-18 1.0108e-18 -0.00019395 0.00025716 0.00019395 0.00025716 -0.0018933 0.0017198 0.0018933 0.0017198 0 -0 0 0 0.0084389 0.0043187 0.0084389 0.0043187 0.077433 0.047754 0.12382 0.16289 -0.03865 0.058941 0.37416 0.47551 -0.02239 0.0042565 0.029129 0.021276 0.022504 -0.0046639 0.022504 0.011167 0.098675 -0.013629 0.31195 0.35679 -0.11799 -0.084316 0.3469 0.44187 -0.014769 -0.0030608 0.019962 0.0097217 0.00025004 -0.00040665 0.00025004 0.00040665 0.0042382 -0.024192 0.019406 0.031883 -0.01135 -0.023654 0.0178 0.027348 -0.0002976 -9.9211e-05 0.0002976 9.9211e-05
