51 64
133.33 121.56 1.9663 1.7172 -0 0 0 0 -0 0 0 0 -0 0 0 0 -0 0 0 0 0.0052927 0.10535 0.090121 0.1117 0.023657 0.18661 0.16204 0.28636 -0.026451 0.076128 0.14306 0.23036 -0.014043 0.094012 0.06049 0.12183 -0.016695 0.047484 0.35659 0.3272 -0.1888 -0.11117 0.29718 0.27853 0.054274 -0.065859 0.18918 0.1377 0.10285 0.017693 0.22097 0.22476 0.0076663 -0.059422 0.10603 0.12259 -0.068388 -0.021246 0.098025 0.087266 0.012993 0.027043 0.06879 0.062963 0.093319 -0.027405 0.11008 0.10371
86.38 125.71 1.8701 5.0023 -0.0085252 0.010148 0.12708 0.026389 0.0097151 0.059509 0.084119 0.072638 -0.036577 0.012415 0.051134 0.041774 0.04095 -0.0089791 0.066735 0.066897 0.066104 0.021546 0.18641 0.076096 -0.005378 0.071164 0.20233 0.15127 -0.042332 0.12588 0.10005 0.14803 0.038534 0.11834 0.17794 0.21495 0.1101 -0.06577 0.15567 0.14418 0.018389 -0.084999 0.16103 0.3989 -0.010638 -0.076175 0.10616 0.48176 0.021465 -0.08465 0.20666 0.33291 0.010953 -0.021523 0.012296 0.021891 0.0081503 -0.081727 0.021393 0.10055 -0.0092541 -0.059623 0.012578 0.071873 0.0036347 -0.023404 0.010236 0.023794
98.597 125.72 1.9938 1.9385 -0.018493 0.044478 0.052766 0.058429 -0.0082171 0.0091629 0.0084304 0.0094696 -0 0 0 0 -0 0 0 0 0.060151 0.030159 0.19993 0.13576 0.0076959 0.21503 0.2814 0.36248 0.010951 0.17805 0.076651 0.40608 -0.0053763 0.086897 0.053791 0.23168 0.064431 -0.050524 0.14756 0.15045 -0.030736 -0.1169 0.31003 0.32208 0.01447 -0.11915 0.098643 0.21934 0.012291 -0.029689 0.093502 0.10167 -0.0041643 0.022169 0.068842 0.084689 -0.047802 -0.010914 0.088861 0.093289 0.033663 -0.022443 0.054774 0.043745 -0.010035 -0.036145 0.064896 0.055577
169.92 128.3 1.8517 5.0175 -0.052092 0.058609 0.12912 0.1448 0.0027291 0.080132 0.054785 0.087834 -0.014923 0.031089 0.096531 0.077114 -0.023495 -2.5301e-05 0.046559 0.025081 0.026475 -0.045154 0.29439 0.2746 -0.057062 0.076894 0.13602 0.16014 -0.055044 0.07994 0.16221 0.19912 -0.061426 0.019606 0.091542 0.09249 0.074677 -0.095103 0.11028 0.1329 0.06216 -0.21761 0.21935 0.49616 -0.10986 -0.17196 0.19205 0.34694 -0.040509 -0.031998 0.045253 0.047254 0.00086263 -0.0014193 0.00086263 0.0014193 0.012322 -0.051794 0.018802 0.059857 -0.0090823 -0.028767 0.01221 0.0321 -0.00049411 -0.00075351 0.00049411 0.00075351
181.73 132.14 2.0703 2.8801 -0 0 0 0 -0 0 0 0 -0 0 0 0 -0 0 0 0 0.0022776 0.012854 0.036307 0.033468 0.031657 0.13504 0.064267 0.18478 -0.055394 0.19783 0.076311 0.20441 -0.0092167 0.017506 0.0092824 0.017506 0.032508 0.058359 0.071125 0.10006 0.13314 0.089494 0.18683 0.34893 0.060301 0.13997 0.28555 0.46505 -0.12867 0.10452 0.24824 0.16078 0.023274 -0.020583 0.063123 0.091631 0.069536 -0.041765 0.11792 0.16861 0.12356 0.0029475 0.1552 0.11109 -0.11956 0.0023378 0.28258 0.057053
99.682 134.57 1.9558 5.1803 0.0014675 0.017056 0.035402 0.036552 -0.0056525 -0.0099396 0.041896 0.030761 0.074558 -0.025633 0.1104 0.10265 -0.040228 0.0072203 0.059871 0.052545 -0.043339 0.034684 0.085315 0.080324 -0.0063537 0.057884 0.10877 0.099619 0.075678 0.019981 0.2302 0.23831 -0.026438 -0.021451 0.095573 0.12997 -0.0041561 0.0033122 0.058268 0.22606 0.014294 0.038237 0.20428 0.45035 -0.022534 0.076715 0.42368 0.35811 -0.069244 -0.015942 0.10992 0.10445 0.0010979 -0.050848 0.01042 0.072176 0.011773 -0.10311 0.048292 0.14563 0.052809 -0.088033 0.20868 0.14456 -0.06262 0.0034964 0.079832 0.042985
170.02 136.03 1.737 5.1536 -0.046711 0.012937 0.080747 0.11288 -0.0039109 0.023244 0.053134 0.065048 0.023199 0.047608 0.095284 0.083058 -0.017261 0.0088306 0.052111 0.028065 -0.083892 0.10443 0.2288 0.21186 -0.014091 0.12097 0.10303 0.16435 -0.081224 0.0061659 0.20265 0.16788 -0.023793 0.0030667 0.06432 0.049311 0.032972 -0.046055 0.33485 0.27623 -0.061069 0.11335 0.17014 0.2407 -0.12711 0.022331 0.22225 0.32806 -0.058683 -0.0080295 0.0737 0.087823 0.042024 -0.056015 0.064419 0.081349 -0.012207 -0.14799 0.12536 0.31975 -0.07407 -0.1119 0.089715 0.17215 -0.012686 -0.011779 0.01288 0.014176
111.02 156.63 2.0485 3.979 0.0014592 0.0060795 0.0079717 0.012041 0.0099764 0.013098 0.023104 0.028585 -0.00049106 0.012056 0.038759 0.043069 0.018966 -0.00061277 0.070157 0.04074 0.033043 0.029621 0.064242 0.062276 -0.019543 0.074382 0.098555 0.1287 0.025548 0.08732 0.15355 0.21779 0.030978 0.014394 0.15002 0.16424 0.094377 0.028219 0.1627 0.12826 0.0091351 0.1467 0.24579 0.32276 -0.06001 0.13329 0.25838 0.27497 -0.064503 0.020227 0.16932 0.18759 0.03849 -0.04529 0.067076 0.089558 0.023321 -0.14664 0.12002 0.22481 0.057078 -0.040122 0.22161 0.31859 -0.03769 0.14118 0.13047 0.21841
171.88 160.06 1.8569 5.6817 -0.054085 -0.10838 0.13759 0.19234 -0.083009 -0.076398 0.22443 0.16711 -0.0077768 0.00037953 0.015589 0.0082324 0.09437 0.0049814 0.11173 0.041034 -0.02093 0.018532 0.076724 0.14309 0.00028836 0.078839 0.15096 0.21095 -0.0058492 0.031414 0.075727 0.063013 0.085499 -0.026187 0.14633 0.06513 -0.016797 0.15664 0.18101 0.2539 -0.19092 0.010716 0.36228 0.33276 0.0029314 0.025847 0.13264 0.14788 -0.0096942 -0.045661 0.11455 0.10623 -0.10895 0.030455 0.15887 0.24958 -0.032765 -0.042577 0.1761 0.13768 -0.015909 -0.028457 0.14874 0.15509 -0.01524 -0.020614 0.026144 0.02849
117.98 161.81 2.0649 4.4494 0.00025452 -0.00031601 0.001195 0.0046982 -0.0016665 -0.0056152 0.01243 0.032681 -0.00029757 -0.0041252 0.031031 0.052922 0.08511 0.026491 0.093946 0.10286 -0.0098562 0.062633 0.067255 0.082347 -0.015314 0.045362 0.097348 0.082481 -0.0056842 0.018462 0.08212 0.068066 0.091904 -0.034668 0.12526 0.11807 -0.010888 0.16747 0.17388 0.256 -0.095957 0.16237 0.2226 0.28925 -0.01128 0.067387 0.16656 0.26343 0.044923 0.045332 0.21067 0.19877 0.041044 -0.08594 0.14659 0.2322 -0.091134 0.0083198 0.22091 0.26572 -0.029048 0.0042258 0.24833 0.28677 -0.012044 -0.035688 0.14949 0.13919
182.52 165.15 1.8653 0.46267 0.011697 -0.1394 0.16259 0.24427 -0.14959 -0.037973 0.24021 0.32273 -0.056541 0.0012801 0.081913 0.10783 -0.0010851 -0.0030354 0.011751 0.012592 0.016397 -0.00076781 0.21824 0.20486 -0.04696 0.031155 0.1673 0.25925 0.035277 0.12001 0.11942 0.18111 0.10976 0.16247 0.12146 0.21084 0.022248 -0.034492 0.084334 0.070746 0.045113 -0.090569 0.1223 0.21466 0.083808 -0.14104 0.13456 0.33659 0.025827 -0.15474 0.096241 0.24114 7.9328e-05 -0.00015905 7.9328e-05 0.00015905 0.0014319 -0.0060823 0.0017277 0.0060823 0.0035346 -0.025352 0.0073007 0.025352 -0.0029525 -0.025618 0.0056809 0.025618
103.35 167.91 2.1378 4.9078 -0.037945 -0.057467 0.040974 0.060146 -0.013461 -0.030898 0.014086 0.036173 -0.002203 -0.0066764 0.0041212 0.013147 -0.00067607 0.0042747 0.0016239 0.0061941 0.0033834 0.0052781 0.016957 0.016146 0.04101 0.072726 0.064959 0.098817 -0.046812 0.055082 0.067588 0.085389 3.9146e-05 -0.0036512 0.012399 0.044691 0.10857 0.082632 0.17368 0.15636 0.0028077 0.24798 0.29175 0.43069 -0.13627 0.043166 0.22169 0.12851 -0.010441 0.014643 0.072304 0.064001 0.081811 -0.038531 0.13772 0.1124 0.059908 -0.052828 0.30933 0.36972 -0.13845 0.039981 0.23582 0.2583 -0.030668 0.046689 0.090855 0.11014
63.845 177.96 1.9443 5.8047 0 0 0 0 0 0 0 0 0 0 0 0 0 0 0 0 0.011379 0.031115 0.011379 0.031115 0.0092326 0.11963 0.027661 0.11963 -0.0038646 0.073472 0.018172 0.073472 -0.0012404 0.0038318 0.0012571 0.0038318 0.028015 0.022513 0.097314 0.223 0.026037 0.032783 0.14723 0.41969 0.10012 0.2372 0.20584 0.40293 -0.13074 0.24602 0.17783 0.32977 -0.018781 -0.056838 0.039257 0.076174 0.027465 -0.10581 0.042141 0.10689 0.099595 -0.17827 0.11134 0.20638 0.030991 -0.14562 0.09931 0.20808
69.523 188.33 1.9957 5.5713 0 0 0 0 0 0 0 0 0 0 0 0 0 0 0 0 0.0028219 0.0077058 0.0028219 0.0077058 -0.00089715 0.053953 0.0084232 0.053953 -0.0010542 0.03034 0.0024639 0.03034 -1.4543e-05 0.00046236 2.1627e-05 0.00046236 0.041297 0.10701 0.093606 0.22874 0.11119 0.21236 0.17509 0.39112 -0.085168 0.33051 0.17051 0.4773 -0.090686 0.13705 0.096565 0.18523 -0.0076115 -0.069113 0.035206 0.088226 0.044534 -0.16505 0.069596 0.19162 0.010758 -0.22522 0.066672 0.2566 -0.0090171 -0.072474 0.073227 0.12767
81.698 198.12 1.9577 5.1117 0 0 0 0 0 0 0 0 0 0 0 0 0 0 0 0 0 0 0 0 0.0025582 0.002834 0.0026618 0.002834 0.0031248 0.0096883 0.0057496 0.0096883 -5.6534e-05 0.00042792 0.00012877 0.00042792 0.11145 0.20069 0.12123 0.21934 0.0073236 0.34432 0.15758 0.47714 -0.087816 0.21012 0.14825 0.34788 -0.048227 0.072065 0.081727 0.14351 0.035356 -0.060242 0.13649 0.18326 -0.09974 -0.22127 0.14839 0.28822 -0.047266 -0.13664 0.064032 0.16951 -0.011867 -0.050273 0.032601 0.070063
106 198.11 2.173 4.4768 0 -0 0 0 0 -0 0 0 0 -0 0 0 0 -0 0 0 0.024115 0.061202 0.028894 0.061267 0.0037959 0.18961 0.14408 0.25092 -0.05034 0.045531 0.078597 0.10488 -0.00085411 -0.00026095 0.00087732 0.00062018 0.043493 0.25973 0.25635 0.35357 -0.19699 -0.046167 0.33459 0.44801 -0.080618 -0.038578 0.10773 0.13052 -0.0004188 -0.00037711 0.00042313 0.00050402 -0.19589 -0.082816 0.25222 0.22331 -0.084772 -0.084914 0.090684 0.115 0.00026279 -0.0020994 0.0082185 0.024952 0.0041301 0.0076831 0.017081 0.06074
105.25 120.1 3.0835 1.6501 -0 0 0 0 -0 0 0 0 -0 0 0 0 -0 0 0 0 -0.0020004 0.047036 0.068283 0.10876 -0.013307 0.10682 0.052833 0.11827 0.055662 0.16995 0.070846 0.20086 -0.015155 0.12127 0.067205 0.20505 0.02155 -0.013844 0.11306 0.095349 0.071565 0.053958 0.36324 0.42569 -0.010559 -0.053088 0.24886 0.49557 -0.023035 -0.047641 0.14602 0.19667 0.0073746 -0.0020558 0.063499 0.067363 0.025169 -0.027892 0.13476 0.17737 -0.037442 -0.015689 0.10957 0.12907 -0.0030155 -0.031026 0.063641 0.045997
148.48 122.07 2.8643 1.3769 0 0 0 0 0 0 0 0 0 0 0 0 0 0 0 0 0.011025 0.10217 0.023825 0.10219 -0.010598 0.15949 0.042016 0.15956 0.019817 0.13571 0.19768 0.21086 0.02903 0.035085 0.11343 0.17414 0.055933 0.047752 0.14827 0.23946 0.013917 0.030444 0.26808 0.47603 -0.13393 -0.022826 0.41355 0.30332 0.0024039 -0.013623 0.11313 0.094412 0.011593 -0.03888 0.090713 0.061555 -0.012593 -0.082885 0.10838 0.10605 -0.02043 -0.020916 0.13884 0.12566 -0.015556 -0.0071424 0.065424 0.078381
169.68 122.09 2.8754 1.7678 -0 0 0 0 -0 0 0 0 -0 0 0 0 -0 0 0 0 0.0035546 0.0041439 0.0035546 0.0041439 0.06964 0.15527 0.10321 0.21289 -0.0605 0.16298 0.10082 0.21563 -0.0051846 0.018232 0.008971 0.018348 0.052772 0.0073091 0.062679 0.04688 0.13326 -0.01923 0.27115 0.32397 0.0016025 -0.0072253 0.33695 0.47457 -0.03882 0.082321 0.25745 0.31838 0.0172 -0.00073559 0.041705 0.030796 0.019366 -0.053051 0.12954 0.093216 0.045742 -0.070186 0.11389 0.14406 -0.024696 -0.047669 0.12475 0.1273
118.47 123.48 2.7761 1.4867 0 0 0 0 0 0 0 0 0 0 0 0 0.0024877 0.0047311 0.0024877 0.0047311 0.011423 0.064959 0.062198 0.092443 0.036785 0.069812 0.12165 0.20524 0.020231 0.19486 0.13705 0.25348 0.057528 0.11077 0.15014 0.25795 -0.073135 0.0061002 0.24393 0.19315 0.045641 -0.03491 0.18531 0.18198 0.069136 -0.055156 0.34537 0.4497 -0.04409 -0.093636 0.16063 0.23124 -0.019765 -0.012906 0.085839 0.075839 0.001373 0.00055302 0.10876 0.1228 0.051673 -0.033242 0.11165 0.16539 -0.036649 0.021612 0.072165 0.10239
107.73 130.2 2.4833 3.8787 -0.018493 0.022925 0.060824 0.063431 -0.023715 0.028409 0.096078 0.12085 -0.027202 0.019327 0.047169 0.057885 0.031349 -0.0018791 0.040709 0.0339 0.01569 -0.045425 0.11202 0.15572 0.086736 0.066483 0.21327 0.32701 -0.066005 0.11695 0.14312 0.33415 -0.041896 0.0036523 0.097027 0.1568 0.044515 0.017842 0.066846 0.075901 0.089454 0.021579 0.34374 0.36499 -0.13794 -0.12759 0.19576 0.32302 -0.026778 -0.038268 0.02875 0.048117 0.017589 0.036616 0.052902 0.051253 -0.045421 -0.012362 0.27899 0.098161 -0.069904 -0.020337 0.086611 0.032953 -2.386e-05 -2.2262e-05 2.386e-05 2.2262e-05
142.32 129.44 2.8474 5.7372 0.039678 -0.05934 0.16885 0.09159 -0.066015 -0.064615 0.16054 0.10143 -0.0058501 0.010364 0.11002 0.10296 0.021071 0.035253 0.04992 0.059691 0.04253 -0.028173 0.083109 0.056948 0.060292 0.071022 0.18622 0.31491 -0.043538 0.10105 0.18937 0.27542 -0.0095208 -0.035676 0.079655 0.1341 0.0094332 -0.0039295 0.0097182 0.0069729 0.17167 -0.10784 0.18929 0.22692 -0.058641 0.012357 0.41893 0.33754 -0.045472 0.044193 0.071149 0.099111 0 0 0 0 0.056062 -0.016177 0.056062 0.017522 0.07709 -0.070851 0.26302 0.17373 -0.048871 -0.0072498 0.065101 0.11645
73.516 138.87 2.9394 3.7102 -0.022985 0.0027874 0.028738 0.011551 0.036346 -0.025258 0.082191 0.097127 0.030453 -0.065575 0.15806 0.17833 0.0084763 -0.0020941 0.21905 0.21851 -0.021363 0.013526 0.064461 0.06024 0.032936 0.010547 0.095769 0.1363 0.12262 0.073829 0.21607 0.2286 -0.071179 -0.016861 0.40701 0.14259 0.012889 -0.023047 0.029511 0.041111 0.041442 -0.039609 0.099071 0.26321 0.11931 -0.13082 0.1923 0.44529 -0.096447 -0.11774 0.23123 0.20133 5.8249e-05 -9.116e-05 5.8249e-05 9.116e-05 0.0050639 -0.015624 0.0054947 0.016848 0.0062624 -0.03633 0.010043 0.045307 -0.0054886 -0.019113 0.0091895 0.020038
179.58 144.48 2.7412 3.4278 -0.0025075 0.020231 0.0056809 0.021441 -0.0012514 0.015601 0.0049279 0.01775 5.1824e-05 0.00079157 5.1824e-05 0.00079157 0 -0 0 0 -0.02121 -0.005455 0.038995 0.085665 -0.0044734 0.065463 0.078846 0.15436 -0.033481 0.14529 0.13289 0.17478 -0.013435 0.022258 0.015764 0.022681 0.016108 0.0045529 0.043623 0.063823 0.11235 0.016574 0.18453 0.22018 0.067065 0.19336 0.38138 0.36385 -0.14713 0.068884 0.21514 0.11281 -0.025534 0.044888 0.11413 0.098175 0.09512 0.084494 0.21915 0.15468 0.01917 0.0017426 0.35631 0.3144 -0.097938 -0.034615 0.14067 0.07689
125.43 154.38 2.8979 4.5131 -0.0017302 0.0064438 0.006215 0.011455 -0.00096592 0.00088847 0.0037268 0.015041 0.04794 0.031637 0.073532 0.11569 -0.025903 0.032863 0.04593 0.090085 -0.020861 0.09046 0.086151 0.11823 -0.028812 0.073478 0.075667 0.10989 0.11198 0.017221 0.16478 0.17702 -0.058995 -0.0081151 0.1623 0.12956 0.023888 -0.0063563 0.14522 0.21919 -0.079465 0.047511 0.20549 0.27198 0.05711 -0.020685 0.22971 0.209 0.028595 0.10242 0.22461 0.17855 0.078327 0.079555 0.15325 0.19115 -0.10104 0.086292 0.25527 0.32766 0.041738 0.042883 0.18148 0.14188 0.023329 -0.0602 0.21989 0.18251
147.66 153.19 2.6002 2.8078 -0.011411 -0.0062805 0.030966 0.027781 0.038056 -0.013404 0.075308 0.1086 0.099424 -0.040659 0.12791 0.1471 -0.14094 0.012892 0.29913 0.08482 0.0019645 0.0049939 0.055074 0.02073 0.036169 0.073437 0.1227 0.1612 0.16329 0.0044058 0.23573 0.24544 -0.090345 -0.019218 0.32759 0.35371 0.057379 -0.0069957 0.1129 0.059413 -0.016912 -0.088625 0.25899 0.22793 0.0016597 -0.081603 0.19904 0.25256 0.0082685 -0.10033 0.10596 0.18462 0.0044103 -0.0055343 0.020991 0.013128 -0.0015622 -0.022821 0.03938 0.0417 0.035642 -0.0058944 0.12328 0.10498 0.062778 0.060546 0.13257 0.092798
185.91 157.13 2.9368 3.3254 -1.3527e-16 1.7886e-16 1.3527e-16 1.7886e-16 -2.8289e-16 3.7406e-16 2.8289e-16 3.7406e-16 0 -0 0 0 0 -0 0 0 0.010364 0.070217 0.042712 0.092554 -0.014824 0.038306 0.057595 0.1341 -0.010427 0.022981 0.043235 0.072028 -0.0020989 0.0094289 0.0035171 0.0094459 -0.068222 -0.036084 0.11973 0.14509 0.04432 -0.0084638 0.12353 0.21223 0.07108 0.16995 0.19474 0.36704 -0.040517 0.22829 0.32863 0.33946 -0.0021304 0.0040574 0.051754 0.046482 0.021278 0.068621 0.1217 0.1478 0.16846 -0.028335 0.21756 0.18995 -0.00084474 0.045792 0.39497 0.22154
70.228 161.97 2.8124 2.7567 0.017835 -0.014077 0.036553 0.032155 0.025182 -0.14095 0.23214 0.189 0.013873 -0.031834 0.21689 0.16994 0.12118 -0.07769 0.21917 0.22094 -0.064906 0.13136 0.10751 0.19777 -0.036623 0.096146 0.061938 0.13385 0.050683 0.030006 0.134 0.21876 0.04191 -0.082152 0.32206 0.41651 0.018026 -0.12179 0.093347 0.21006 -0.042715 -0.057392 0.094706 0.2913 -0.033681 -0.053553 0.074656 0.20683 -0.02297 -0.049657 0.051788 0.083188 0.0010614 -0.0066036 0.0014354 0.0066036 -0.0013994 -0.018782 0.0046282 0.018782 -0.0025288 -0.007238 0.0026423 0.007238 -6.5882e-05 -0.00016264 6.5882e-05 0.00016264
66.41 168.5 2.8161 2.6027 0.013802 -0.0108 0.031974 0.037629 -0.015232 -0.13948 0.1406 0.16314 0.028988 -0.0557 0.17556 0.16007 0.079906 -0.078448 0.29846 0.32077 -0.014113 0.080629 0.1328 0.32509 -0.070164 0.16858 0.11616 0.32237 0.0096053 0.05145 0.14418 0.30249 -0.022312 -0.068561 0.18863 0.22816 0.024925 -0.11868 0.056057 0.15547 -0.022595 -0.14626 0.063891 0.25562 -0.04542 -0.10457 0.063291 0.16354 -0.0087887 -0.012741 0.0094794 0.014909 -0 0 0 0 -0 0 0 0 -0 0 0 0 -0 0 0 0
142.64 167.38 2.6738 4.6694 -0.00027793 0.0013084 0.0010197 0.0020664 0.0039436 0.0032401 0.013703 0.047725 0.029324 -0.012595 0.047347 0.073962 0.017145 0.004987 0.062588 0.085276 -0.0029563 0.0031574 0.012836 0.013591 0.098977 0.081086 0.15076 0.24702 -0.073626 0.10604 0.14044 0.27696 0.020159 -0.03603 0.042575 0.063331 -0.032056 0.058198 0.0746 0.11718 0.17664 0.031637 0.2687 0.28836 -0.14806 -0.0050951 0.31038 0.32947 0.004587 0.04123 0.11978 0.083021 -0.04593 0.010966 0.11124 0.17035 0.097277 0.013854 0.21196 0.20474 -0.051124 0.11937 0.22323 0.24099 0.025018 0.078824 0.1044 0.11164
181.43 174.38 2.9317 0.97437 0.04751 -0.057263 0.13685 0.10894 -0.051158 -0.11545 0.2893 0.24058 0.03863 -0.065189 0.19094 0.16558 -0.018617 -0.14436 0.21014 0.31772 0.018853 -0.00047846 0.060872 0.049089 0.021569 0.032124 0.22399 0.24625 -0.0060313 0.20287 0.096302 0.26364 -0.030536 0.097944 0.057686 0.16211 0.0021753 -0.0023468 0.0021753 0.0023832 0.072642 -0.066824 0.088323 0.12742 0.08698 -0.16512 0.14856 0.36308 -0.078992 -0.084289 0.11492 0.20288 9.385e-18 -4.907e-17 9.385e-18 4.907e-17 0.00028166 -0.00019122 0.00028166 0.00019122 0.0045412 -0.020702 0.005348 0.020702 -0.0013431 -0.014156 0.0041808 0.014184
158.21 188.13 2.8427 0.80856 0.007798 -0.064945 0.15421 0.11898 -0.061245 -0.2115 0.34356 0.48278 -0.090862 -0.055689 0.17323 0.17858 -0.0026263 -0.0035927 0.0086571 0.0070287 -0.018347 0.045555 0.067713 0.12006 0.0019686 0.096399 0.087883 0.24681 -0.022772 0.057316 0.13933 0.18687 -0.0084139 0.0027949 0.025701 0.027163 0.078195 -0.026596 0.10139 0.24827 -0.070439 -0.036757 0.19614 0.40096 -0.087536 -0.033711 0.11881 0.11162 -0.0047269 -0.0028211 0.0084415 0.0079114 0.0069619 -0.024977 0.0077708 0.025238 -0.006026 -0.045009 0.018884 0.046024 -0.0039454 -0.0056882 0.0039731 0.0056882 0 0 0 0
99.796 194.06 2.9548 2.3288 -0.00087194 -0.0013889 0.0082181 0.01305 -0.0045508 0.0039904 0.0086577 0.011684 0.073932 -0.010479 0.10391 0.088774 0.054871 -0.18201 0.27294 0.28858 0.00076835 -0.00041578 0.00076835 0.00079 0.041467 0.068698 0.093897 0.12874 -0.0059113 0.17382 0.084502 0.22706 -0.0027172 0.096518 0.040643 0.18512 0.00038582 6.1199e-05 0.00038582 0.00038188 0.075819 -0.052597 0.095072 0.12512 0.16407 -0.066564 0.22576 0.48189 -0.039481 -0.075449 0.16318 0.47204 -0 0 0 0 0.00046177 -0.001905 0.0007347 0.001905 0.014112 -0.039606 0.015118 0.039711 -0.0033185 -0.058779 0.013787 0.060336
78.174 197.82 2.785 5.1977 0 0 0 0 0 0 0 0 0 0 0 0 0 0 0 0 3.2774e-18 -6.214e-18 3.2774e-18 6.214e-18 0.0009639 0.0031154 0.0009639 0.0031154 0.0024662 0.0053722 0.0024662 0.0053722 0 0 0 0 0.089196 0.11721 0.10723 0.15631 0.054174 0.19931 0.26862 0.61995 -0.1362 0.080377 0.18401 0.4555 -0.057689 0.029958 0.073691 0.11931 -0.0075955 -0.051377 0.11622 0.14871 -0.034522 -0.17281 0.092059 0.22025 -0.020976 -0.099093 0.036413 0.11334 -0.010598 -0.021158 0.01778 0.034848
154.7 198.43 2.761 4.9085 0 0 0 0 0 0 0 0 0 0 0 0 0 0 0 0 0.0060071 0.002962 0.0060071 0.012142 0.0011954 0.051803 0.051003 0.097751 -0.0099669 0.047856 0.022788 0.05139 -0.00094107 0.0022683 0.00094107 0.0022683 0.011897 0.0039289 0.035074 0.092348 0.10887 -0.019319 0.17289 0.26153 0.034831 0.18861 0.34894 0.41998 -0.10652 0.089626 0.13102 0.10905 0.084755 0.077369 0.24959 0.28837 -0.13416 0.10269 0.21468 0.31261 0.13039 -0.13082 0.19317 0.17722 -0.070919 -0.015768 0.16297 0.099605
87.322 202.51 2.7058 4.9482 0 0 0 0 0 0 0 0 0 0 0 0 0 0 0 0 0 0 0 0 0.00044755 0.00021135 0.00044755 0.00021135 0.003962 0.0041755 0.003962 0.0041755 4.2126e-05 1.0122e-05 4.2126e-05 1.0122e-05 0.11598 0.16088 0.13467 0.18211 -0.0038617 0.319 0.27005 0.56283 -0.12243 0.055522 0.17004 0.38401 -0.037844 0.00036101 0.041838 0.057642 0.036046 -0.030907 0.18046 0.20549 -0.0988 -0.16791 0.15628 0.25051 -0.03075 -0.062865 0.037057 0.090445 -0.004048 -0.006465 0.0056015 0.011991
143.17 130.84 3.8389 1.5851 -0 0 0 0 -0 0 0 0 -2.8371e-08 1.9888e-06 2.8371e-08 1.9888e-06 -5.4791e-09 3.8408e-07 5.4791e-09 3.8408e-07 0.056072 0.080116 0.12025 0.21032 -0.026285 0.17653 0.26906 0.40853 -0.040343 0.049895 0.24548 0.26085 0.04638 0.080979 0.1859 0.25511 0.025898 -0.074189 0.13441 0.11642 0.015017 -0.10927 0.26084 0.28864 -0.059566 -0.032245 0.20895 0.18851 0.046078 -0.036509 0.18093 0.20301 -0.0036714 -0.0077278 0.041151 0.024954 0.032477 -0.025464 0.11668 0.12503 -0.035648 -0.023502 0.075419 0.087611 0.028039 -0.034642 0.054994 0.061588
156.32 144.48 4.2688 4.6404 0.017861 0.0068545 0.02081 0.025587 -0.0083078 0.036103 0.069055 0.11206 0.010201 -0.018708 0.052059 0.056755 -0.011924 -0.0019845 0.029767 0.016593 0.025203 0.027012 0.10306 0.098775 -0.041934 0.016415 0.22638 0.19228 -0.005339 0.081881 0.17421 0.12301 -0.025632 0.012242 0.058212 0.043197 -0.0041617 0.029137 0.18539 0.14666 0.066774 0.022301 0.40136 0.46431 -0.046728 0.023733 0.27133 0.42943 -0.083897 -0.0066757 0.11896 0.080273 0.001179 -0.033026 0.05809 0.07758 0.0046853 -0.08397 0.091985 0.12735 -0.010423 -0.095216 0.05518 0.13943 -0.014795 -0.015486 0.01676 0.020351
79.08 183.58 3.9495 2.3134 0.0031734 -0.0033929 0.0036305 0.0047977 0.14931 -0.082638 0.1848 0.15943 -0.058214 -0.1203 0.31314 0.24086 0.060955 -0.084106 0.2404 0.19238 0.036051 0.0059878 0.054286 0.068782 0.056882 0.13124 0.12226 0.37942 -0.025544 0.083538 0.14759 0.37344 -0.038035 -0.028312 0.18369 0.18298 0.018171 -0.016883 0.019351 0.024129 0.051443 -0.13514 0.084177 0.2684 -0.052632 -0.15159 0.083772 0.25942 -0.020763 -0.027416 0.025839 0.038532 -3.9868e-18 -3.6594e-18 3.9868e-18 3.6594e-18 -1.1713e-18 -7.4671e-20 1.231e-17 1.23e-17 2.8375e-18 4.3559e-18 2.8375e-18 4.3559e-18 -0 0 0 0
170.87 184.16 3.9908 0.97 0.029363 -0.13419 0.229 0.17205 0.018152 -0.13091 0.30696 0.19661 -0.087786 -0.12449 0.33171 0.39308 -0.033269 -0.018681 0.05379 0.057116 0.024887 -0.022634 0.10152 0.10784 0.036084 0.08364 0.16948 0.33553 -0.053096 0.03561 0.15819 0.30514 -0.012361 -0.0062509 0.036816 0.049757 0.012784 -0.010875 0.015761 0.017416 0.068704 -0.11802 0.10538 0.24561 -0.0637 -0.10281 0.10274 0.19459 -0.0092366 -0.0077053 0.011669 0.015112 0 0 0 0 2.6191e-05 -0.00014026 2.6191e-05 0.00014026 9.6292e-05 -0.00051567 9.6292e-05 0.00051567 0 0 0 0
99.651 195.72 3.4825 4.5982 0 -0 0 0 0 -0 0 0 0 -0 0 0 0 -0 0 0 0.020524 0.037975 0.021406 0.037975 0.031668 0.18291 0.10122 0.20693 -0.051064 0.053288 0.078172 0.10675 -0.0021537 0.00030556 0.0021537 0.0017942 0.1284 0.1696 0.34266 0.33501 -0.22461 -0.06489 0.36684 0.46044 -0.061915 -0.043835 0.070276 0.098564 -0.0037516 0.0022552 0.011625 0.014945 -0.045987 -0.092701 0.23364 0.1836 -0.039004 -0.044758 0.11695 0.10755 -0.014559 0.1075 0.14648 0.14755 -0.019731 0.024298 0.057426 0.042189
66.93 106.93 5.2671 0.7072 0 0 0 0 0 0 0 0 0 0 0 0 0 0 0 0 0 0 0 0 0 0 0 0 0 0 0 0 0 0 0 0 0 0 0 0 0.17638 0.13661 0.31813 0.23119 -0.11491 0.1355 0.32465 0.40438 -0.025097 0.023709 0.049028 0.073761 0.023642 0.01575 0.026676 0.033098 0.10184 0.022628 0.43552 0.33326 -0.11637 -0.011892 0.26299 0.27591 -0.0011329 0.0072155 0.089108 0.069635
81.058 123.41 5.5811 1.7062 -0 0 0 0 -0 0 0 0 -0 0 0 0 -0 0 0 0 -0.0062201 0.078224 0.16818 0.22592 0.016857 0.20084 0.17183 0.46248 -0.082253 0.072418 0.11126 0.13373 -0 0 0 0 0.043374 -0.038676 0.23347 0.20204 -0.041266 -0.11998 0.37996 0.45245 -0.10126 -0.046112 0.22897 0.12621 -0.0049065 -0.00046662 0.0049065 0.00071995 0.012192 -0.021368 0.036028 0.038471 0.0064795 0.0011754 0.11468 0.12754 -0.025661 -0.00024569 0.087769 0.048275 -0.0015369 -0.00016592 0.0015369 0.0002748
167.86 128.86 5.9672 1.7076 -0 0 0 0 -0 0 0 0 -0 0 0 0 -0 0 0 0 -0 0 0 0 0.10434 0.093167 0.13766 0.17328 -0.061067 0.19345 0.22359 0.37406 -0.0033792 0.096669 0.11747 0.1699 0.006477 0.00093415 0.006477 0.00093415 0.09904 -0.075339 0.23227 0.16661 -0.036587 -0.086733 0.39476 0.44029 0.039973 -0.011883 0.27391 0.26027 0.0081727 -9.1645e-05 0.0081727 0.0011474 0.0046952 0.0050991 0.10406 0.077308 -0.01314 -0.038042 0.10732 0.10188 0.013276 -0.033901 0.056929 0.054481
92.975 139.86 4.9096 5.3257 0.0052715 0.002559 0.00596 0.0027239 0.015559 0.00047541 0.059289 0.064173 -0.0014929 -0.015923 0.035933 0.10498 -0.0085613 -0.0034902 0.013347 0.027607 0.043254 0.034468 0.082116 0.046657 -0.028925 0.10354 0.23832 0.17987 -0.011424 0.079907 0.23364 0.18876 -0.026194 0.018156 0.045835 0.036485 0.073736 -0.028971 0.096363 0.081356 0.064107 -0.098648 0.2752 0.50029 -0.10187 -0.041299 0.39849 0.31801 0.016036 0.034011 0.11747 0.12288 0.001442 -0.0033965 0.0019858 0.003406 0.021332 -0.044641 0.024981 0.047292 0.027505 -0.053081 0.13828 0.14241 0.023976 0.0077238 0.13949 0.17835
119.39 160.46 5.2605 3.9726 -5.0554e-05 0.0018438 0.0015548 0.0021283 0.0028147 -0.0011723 0.00798 0.011333 0.0034462 0.018771 0.065757 0.10065 0.0030008 0.012774 0.054608 0.055168 -0.01012 0.021464 0.061598 0.034306 0.003922 0.027305 0.033447 0.032262 0.05836 0.0088352 0.21036 0.18984 0.059463 0.062904 0.22852 0.22558 -0.018632 -0.00084338 0.12933 0.035041 0.087261 0.031609 0.20656 0.26162 -0.049456 0.13901 0.26187 0.36068 -0.02212 -0.081297 0.27757 0.21625 0.010113 -0.0031992 0.065912 0.057405 0.1197 0.073782 0.20988 0.215 -0.097343 -0.032333 0.3029 0.25255 -0.020296 -0.014647 0.030619 0.034067
61.643 101.82 7.6669 0.80671 0 0 0 0 0 0 0 0 0 0 0 0 0 0 0 0 0 0 0 0 0 0 0 0 0 0 0 0 0 0 0 0 0.00095451 0.0016734 0.00095451 0.0016734 0.13317 0.18348 0.3502 0.34192 -0.11392 0.075299 0.2818 0.32169 -0.0049618 0.0057994 0.015484 0.01427 0.035885 0.074351 0.11688 0.13037 0.025501 -0.025984 0.38798 0.42658 -0.05218 -0.047361 0.27472 0.22187 -0.0095338 0.0050215 0.072795 0.024957
185.74 109.35 6.6249 2.4726 -0 0 0 0 -0 0 0 0 -0 0 0 0 -0 0 0 0 -0 0 0 0 -0 0 0 0 -0 0 0 0 -0 0 0 0 0.010719 0.013488 0.022109 0.026104 0.10037 0.13332 0.37466 0.35663 -0.14461 0.16969 0.26727 0.23147 -0.0011571 0.0018651 0.0011571 0.0018651 0.004106 -0.0014861 0.081951 0.04724 0.096528 -0.06864 0.29492 0.30164 -0.066213 0.076404 0.39221 0.38462 -0.034968 0.062691 0.070374 0.07318
167.54 129.53 6.9581 1.5366 0 0 0 0 0 0 0 0 0 0 0 0 0 0 0 0 0 0 0 0 0.10383 0.075065 0.12658 0.16882 -0.049506 0.1595 0.25876 0.41131 0.03955 0.08738 0.197 0.31382 0 0 0 0 0.076565 -0.057493 0.2032 0.14864 -0.026802 -0.11426 0.3907 0.3572 0.0049233 -0.07492 0.2526 0.2592 0 0 0 0 0.015853 -0.0058549 0.068862 0.062229 -0.013653 -0.02592 0.076585 0.086968 0.0052779 -0.016185 0.026616 0.034194
126.93 110.37 9.5523 1.7672 -0 0 0 0 -0 0 0 0 -0 0 0 0 -0 0 0 0 0.021865 0.025033 0.026985 0.027762 -0.026035 0.13203 0.082991 0.13716 -0.002167 0.078378 0.037039 0.078378 -0.0029458 0.0084917 0.0058717 0.0084917 0.059908 -0.011567 0.09157 0.077849 0.050963 -0.036519 0.45988 0.49423 -0.046923 -0.018449 0.42427 0.47525 -0.037006 -0.0012904 0.061323 0.039665 0.0045634 -0.004843 0.029133 0.026942 0.011539 -0.025514 0.076603 0.059051 -0.0062463 -0.040976 0.12592 0.12966 -0.0091707 -0.0038399 0.019089 0.012619
128.34 128.21 22.123 4.5877 9.7724e-19 -1.2244e-19 9.7724e-19 1.2244e-19 7.2438e-06 0.00048956 0.00073985 0.00048956 -0.0011486 0.0027246 0.0022574 0.0027246 0 -0 0 0 0.0015191 0.0010757 0.0015191 0.0012676 0.13637 0.098349 0.36525 0.56635 -0.13174 0.079731 0.27616 0.41756 -0.00067453 -0.00075778 0.00067453 0.00075778 0.00021541 0.00012834 0.00021541 0.00018603 0.067582 -0.13442 0.18037 0.35172 -0.068534 -0.068953 0.11696 0.20295 -0.00045702 -0.00049361 0.00045702 0.00049361 0 -0 0 0 0 -0 0 0 0 -0 0 0 0 -0 0 0
