46 64
112.12 118.06 1.8661 1.4759 0 0 0 0 0 0 0 0 0 0 0 0 0 0 0 0 0.01671 0.031135 0.019557 0.031219 0.050769 0.20402 0.074857 0.20407 -0.054682 0.18549 0.078462 0.18549 -0.014939 0.021881 0.016638 0.022052 0.0084203 0.011855 0.14551 0.29944 0.024429 0.0075043 0.24879 0.47634 -0.0036452 0.015738 0.30552 0.37241 -0.10595 0.038934 0.14422 0.12395 0.0019609 -0.033304 0.064085 0.091907 0.016764 -0.064197 0.12193 0.1546 0.019459 -0.073933 0.14636 0.13844 -0.036296 -0.0064541 0.16699 0.11098
139.67 129.9 1.9888 4.9829 -0.0090896 0.014457 0.038592 0.040564 -0.0039077 0.013701 0.049104 0.058452 -0.0036535 0.012183 0.016966 0.022669 0.010615 0.013382 0.021461 0.020331 -0.046864 0.065436 0.12038 0.14982 -0.037485 0.02003 0.14203 0.21779 -0.0075102 0.019779 0.30094 0.2414 0.0094721 -0.013247 0.14969 0.098544 0.015219 -0.071574 0.14422 0.2705 -0.018758 -0.0097367 0.23596 0.61692 -0.12256 -0.045143 0.2454 0.22968 0.025708 -0.015236 0.057065 0.027895 0.0068064 -0.019413 0.009074 0.021798 0.0059384 -0.080219 0.035784 0.10604 -0.020079 -0.029223 0.021661 0.034773 0.0010395 -0.0014296 0.002145 0.0017353
175.85 132.47 2.0601 1.9619 -0 0 0 0 0.00026305 0.00020248 0.00026305 0.00020248 0.0002166 0.00023823 0.0002166 0.00023823 -0 0 0 0 0.018704 0.022718 0.018704 0.02427 0.068646 0.19522 0.092008 0.2061 -0.052938 0.26732 0.10493 0.28803 -0.01553 0.033377 0.02126 0.038431 0.046197 0.0059669 0.10336 0.090942 0.17969 0.020319 0.22831 0.26275 0.0042089 -0.00902 0.34044 0.49083 -0.13792 0.02769 0.1844 0.12161 0.032628 0.00163 0.048493 0.023816 0.031038 -0.064418 0.1341 0.12819 0.023286 -0.11366 0.13588 0.16979 -0.025155 -0.015588 0.1372 0.092005
97.541 136.69 1.6951 0.46453 0.0011162 0.0031645 0.0025279 0.0032072 0.041045 -0.0067402 0.044115 0.025596 0.052699 -0.080339 0.19239 0.15316 -0.043128 0.018274 0.062026 0.061174 0.016473 0.17491 0.15618 0.25514 -0.024688 0.17529 0.16911 0.37597 -0.044381 0.0094122 0.16182 0.22364 0.012944 -0.053004 0.092541 0.12909 -0.047647 -0.028604 0.24532 0.25025 -0.048917 -0.12362 0.20222 0.4177 -0.065041 -0.05105 0.13495 0.2066 0.0011211 -0.00016431 0.046998 0.069169 -0.048165 -0.040228 0.13096 0.10027 -0.028151 -0.032611 0.08826 0.099157 -0.016888 -0.016474 0.034235 0.035699 0.0025739 -0.011168 0.016208 0.019386
118.17 136.13 2.0284 4.3623 -0.0022529 0.003116 0.0078444 0.0075846 0.0014604 -0.0007136 0.014207 0.01825 0.0015694 0.012408 0.023404 0.028084 -0.001278 0.0078704 0.01818 0.014832 0.0076365 0.027964 0.055874 0.065956 -0.02172 0.04745 0.11157 0.12118 0.0082681 0.025561 0.12329 0.11815 -0.0076153 0.017257 0.10222 0.13898 -0.013279 0.048439 0.20143 0.22039 0.0085148 0.0814 0.23216 0.25002 0.028011 0.11241 0.26709 0.3232 0.04033 0.042012 0.18064 0.36315 0.076733 -0.048173 0.12489 0.13617 -0.019042 -0.048893 0.17275 0.31448 -0.061252 -0.066504 0.21192 0.29175 -0.020987 -0.059825 0.043331 0.096015
111.8 140.55 2.0638 3.5287 -0.00031272 -0.0060413 0.03718 0.030399 0.0007094 -0.0036831 0.034149 0.021724 0.024684 0.013302 0.087581 0.080415 0.0076255 0.024636 0.1341 0.0999 -0.00050213 -0.0025862 0.01182 0.014718 0.050523 0.046796 0.085989 0.076779 0.063928 0.074189 0.21006 0.2041 0.1046 0.072181 0.27284 0.1855 0.002932 0.0095651 0.041003 0.068636 0.049449 0.091903 0.12465 0.21063 0.12078 0.15046 0.23092 0.30977 0.024898 0.057013 0.34176 0.22583 -0.0096945 0.020969 0.031566 0.051764 0.077567 -0.026686 0.14413 0.23713 0.068187 -0.078774 0.17577 0.30736 -0.04151 -0.084586 0.12234 0.1738
135.3 141.61 1.9667 3.2332 0.0015292 -0.0018539 0.0030213 0.008163 0.02312 -0.018088 0.033136 0.031694 0.022511 0.002731 0.18726 0.28147 -0.014675 0.050727 0.04594 0.10187 0 -0 0 0 0.023049 0.012996 0.036886 0.033788 0.046764 -0.02585 0.21959 0.31087 0.071083 0.0343 0.38451 0.26059 -0.0068677 0.011775 0.048748 0.025916 0.037593 0.0078877 0.081957 0.065387 0.044708 0.005986 0.23707 0.20309 0.08665 -0.0050439 0.42426 0.21117 -0.0051058 -0.0049736 0.027642 0.014937 0.028677 0.020843 0.049908 0.053381 0.074362 0.045092 0.16583 0.13136 0.029155 0.023401 0.25922 0.13461
164.66 142.54 1.9463 5.1555 0.0022498 0.00085819 0.0050339 0.002643 -0.0016615 0.0085125 0.023307 0.018919 0.060999 0.0051784 0.067636 0.034231 0.051716 -0.10583 0.18852 0.11519 -0.0080949 0.022395 0.16403 0.15552 -0.029323 0.078628 0.22228 0.1655 0.047315 0.10301 0.1373 0.15726 -0.05169 -0.013087 0.10583 0.078184 0.031509 -0.026971 0.13736 0.076963 0.11043 0.079243 0.40044 0.33262 -0.091941 0.13251 0.20317 0.29621 -0.081705 0.021493 0.12931 0.094175 0.010109 -0.0033048 0.015191 0.0070072 0.1041 -0.18003 0.15745 0.21806 -0.027477 -0.14474 0.11336 0.22634 -0.037846 -0.032716 0.046672 0.067383
175.48 144.82 1.8158 3.4162 -0.029035 0.042768 0.030925 0.056531 0.0059004 0.0021022 0.020337 0.031844 -0.0051332 0.032411 0.055853 0.083513 -0.0040214 0.0054563 0.0057143 0.0061862 -0.13298 -5.6348e-05 0.14734 0.22048 0.04001 0.12141 0.10827 0.19755 0.037967 0.20501 0.18498 0.24153 -0.080726 0.076083 0.11894 0.077104 -0.0125 -0.065969 0.053907 0.094318 0.13191 -0.058422 0.19315 0.18356 0.17237 0.090925 0.34694 0.23779 -0.19545 0.014092 0.26247 0.099857 0.010061 -0.0035133 0.018659 0.016662 0.069302 -0.020212 0.12518 0.15628 0.030261 -0.14852 0.21833 0.2872 -0.065281 -0.046633 0.083209 0.064076
181.6 143.48 1.9649 3.3268 -0.00035002 8.8794e-05 0.00068168 0.001581 -0.00060916 0.018434 0.010606 0.02083 -0.0037872 0.010301 0.0050841 0.010301 0 -0 0 0 -0.043799 0.055224 0.048891 0.090558 0.042704 0.060514 0.076115 0.16757 -0.036339 0.11766 0.16099 0.16843 -0.013013 0.012772 0.013967 0.012847 -0.046397 0.0051494 0.10694 0.16394 0.10166 0.091551 0.19528 0.2996 -0.079838 0.2088 0.39782 0.2688 -0.1073 0.037462 0.13205 0.054577 0.013123 -0.030822 0.037834 0.050196 0.1333 -0.018473 0.19814 0.17081 -0.047278 -0.053635 0.42162 0.26902 -0.10089 -0.017726 0.11766 0.0409
84.026 146.12 1.8638 3.0427 0.00051059 0.009228 0.041006 0.052624 0.014926 -0.015494 0.07372 0.079744 0.05963 -0.081393 0.24469 0.33529 -0.029279 -0.10923 0.14609 0.18814 0.0058161 0.017593 0.051538 0.15969 0.0196 0.10646 0.082505 0.3115 0.021169 0.14401 0.12702 0.38158 -0.0613 0.10657 0.090061 0.14948 -0.001537 -0.03892 0.044319 0.10041 0.028824 -0.10885 0.061952 0.21415 0.1427 -0.11594 0.18096 0.27983 -0.09521 -0.047189 0.24317 0.17335 -0.0059855 0.015863 0.023015 0.057276 -0.0037101 0.019286 0.020894 0.068069 0.03239 -0.027823 0.074521 0.11485 -0.027884 -0.035136 0.056714 0.045098
96.49 153.63 1.797 3.1451 -0.0059721 0.0089752 0.014996 0.024509 0.0018448 -0.0019598 0.011402 0.021179 0.057099 0.020304 0.076017 0.056892 0.045798 -0.0058228 0.12097 0.10216 0.0021706 0.0059429 0.090915 0.093097 -0.0024219 0.03548 0.11627 0.1526 0.060485 -0.018614 0.15883 0.17102 0.091955 0.0081078 0.31659 0.46619 0.016056 0.01575 0.079978 0.12681 0.0040974 0.059076 0.10799 0.30266 -0.0051988 0.17493 0.095532 0.29217 -0.0090319 0.029676 0.12323 0.27988 0.0084614 -0.019007 0.046512 0.049664 0.0091604 -0.051252 0.060537 0.15337 0.046665 -0.087517 0.083592 0.24731 0.063003 -0.0059339 0.12694 0.19119
91.399 158.78 1.9756 3.1492 0.011228 0.015428 0.050954 0.037988 -0.016717 0.042138 0.047674 0.057116 0.02282 0.040615 0.061739 0.072914 0.051545 0.042362 0.10365 0.13384 0.027236 0.008557 0.082807 0.10824 -0.0047366 0.034465 0.16652 0.2468 -0.028362 -0.0092384 0.12951 0.21026 0.12856 -0.085731 0.19217 0.2609 0.038013 -0.0050653 0.090751 0.084702 0.010119 -0.021261 0.13341 0.29457 0.076699 0.0014262 0.14167 0.50246 0.02868 0.077184 0.12469 0.39433 -0.011428 0.017008 0.044388 0.051342 -0.011007 0.0017036 0.061331 0.11487 0.012407 -0.039908 0.041784 0.105 0.068142 -0.049525 0.078573 0.12441
70.276 162.18 2.0384 2.9737 0.048134 -0.010796 0.080198 0.10407 0.00081454 -0.02748 0.12006 0.28755 0.060184 -0.06667 0.10093 0.4616 0.056879 -0.07835 0.11837 0.37993 -0.026275 0.035969 0.093079 0.1184 -0.028681 0.028896 0.12743 0.28548 -0.020068 0.022487 0.071261 0.2344 0.079648 0.0020845 0.10727 0.19863 0.035563 -0.060671 0.048757 0.10069 0.00033216 -0.067125 0.11347 0.26149 -0.036825 -0.082247 0.086584 0.29956 -0.0098803 -0.064292 0.061082 0.14844 0.0015049 -0.0054148 0.0016211 0.0054148 0.00058469 -0.026004 0.0098687 0.026495 -0.0039923 -0.020368 0.0049333 0.020483 -0.001189 -0.0068635 0.001359 0.0068635
67.381 168.52 2.169 5.7738 0 0 0 0 0 0 0 0 0 0 0 0 0 0 0 0 0.028931 0.056468 0.031777 0.056468 0.058824 0.23145 0.092632 0.24741 -0.028504 0.14979 0.059264 0.20185 -0.015717 0.084166 0.029197 0.095683 0.028558 0.0040426 0.11097 0.21878 -0.017866 -0.10403 0.16064 0.41411 -0.011573 -0.051702 0.12076 0.32908 0.025909 -0.047959 0.074026 0.17333 -0.026401 0.031441 0.071778 0.10734 0.068756 0.19336 0.11534 0.32459 0.015943 0.11167 0.13381 0.33545 -0.040885 0.0069391 0.062252 0.13639
94.055 167.82 1.8574 2.9929 0.012771 0.00038031 0.018607 0.013435 -0.010008 0.045346 0.065339 0.093012 -0.0029564 0.03019 0.035274 0.052273 0.049578 0.024202 0.091614 0.079026 0.005158 0.010302 0.036238 0.049403 0.050849 0.019287 0.22614 0.24446 0.0038271 -0.0024419 0.21823 0.28471 -0.020599 -0.028301 0.1392 0.16148 -0.02703 0.047254 0.06633 0.094222 0.10436 -0.013589 0.17295 0.24523 0.013334 0.0017441 0.16762 0.43839 0.065379 0.037536 0.10325 0.4744 0.0052221 -0.0029417 0.055427 0.072937 -0.018647 0.018831 0.10773 0.12256 -0.0091277 -0.037553 0.079897 0.17071 0.00090113 -0.046367 0.033889 0.11499
169.39 171.1 2.1721 1.0399 -0.0019668 -0.01193 0.033534 0.019407 -0.014014 0.014105 0.024559 0.021685 -0.0018007 0.0045565 0.0048719 0.0070948 -8.2558e-05 2.9141e-05 0.00013659 0.0001717 0.042322 0.010479 0.054151 0.044274 0.031903 0.15971 0.11414 0.18603 0.0019335 0.23517 0.067783 0.23619 -0.022865 0.12503 0.053978 0.19478 0.045122 -0.0261 0.049199 0.041533 0.10018 -0.10841 0.15783 0.34972 0.012643 -0.12685 0.12642 0.55293 -0.018828 -0.042955 0.13539 0.42504 0.0017459 -0.0018079 0.0029447 0.0027738 0.015242 -0.035844 0.020614 0.05274 0.0066785 -0.057883 0.021293 0.10791 -0.0032068 -0.043246 0.016395 0.075681
156.02 178.02 2.033 1.1301 -0.0075817 0.010028 0.012692 0.01275 -0.0013524 0.0025861 0.0031774 0.0033398 0 0 0 0 0.0005838 0.00048213 0.000658 0.00063943 -0.00011296 0.10893 0.06816 0.12261 -0.015982 0.22935 0.063578 0.23733 -0.05201 0.12347 0.065717 0.19738 -0.007952 0.048032 0.01827 0.057094 0.020912 -0.083493 0.078083 0.28388 0.0038845 -0.078563 0.13543 0.57757 -0.061554 -0.053078 0.15962 0.49137 -0.043789 0.0051962 0.068064 0.13156 0.0078807 -0.026664 0.015727 0.056842 0.0070671 -0.04896 0.019456 0.11004 -0.0072443 -0.065954 0.023723 0.10509 -0.012879 -0.030735 0.018627 0.035417
131.98 190.14 1.6445 0.69338 0.0012836 0.00049216 0.0029895 0.0018867 -0.0054611 0.0061909 0.024261 0.019068 -0.0024072 -0.00090414 0.0030123 0.0019838 -5.0107e-05 -0.00045754 0.00078038 0.00058815 0.01469 0.016302 0.019409 0.020731 -0.010202 0.049225 0.067889 0.084473 -0.010839 0.012238 0.013385 0.017725 -9.432e-05 -7.7866e-05 9.432e-05 7.7866e-05 0.022476 0.21919 0.21662 0.41074 -0.18709 0.15716 0.31612 0.31557 -0.058732 -0.0029448 0.061758 0.041973 -0.00014355 -0.00011851 0.00014355 0.00011851 -0.070104 -0.062444 0.33294 0.44081 -0.17957 -0.13384 0.2129 0.20018 -0.017007 -0.0058749 0.017007 0.0066853 0 0 0 0
137.67 194.27 1.8793 5.1598 0 0 0 0 0 0 0 0 0 0 0 0 0 0 0 0 0.0038905 0.00055842 0.0038905 0.0010403 0.0078743 0.043525 0.037109 0.045706 -0.011339 0.096536 0.029138 0.096536 -0.0059363 0.011779 0.0059363 0.011779 0.0027998 0.0084188 0.018791 0.02473 0.16128 0.015033 0.1906 0.18245 0.027241 0.15378 0.30818 0.36258 -0.095389 0.10353 0.12642 0.13209 0.00060544 -0.0030184 0.0062631 0.010057 0.05958 -0.035709 0.062554 0.045 0.19373 -0.029446 0.39373 0.36179 -0.050801 0.059077 0.31069 0.36849
103.6 109.61 3.0138 1.1197 0 0 0 0 0 0 0 0 0 0 0 0 0 0 0 0 0 0 0 0 -0.00012392 0.0003568 0.00012392 0.0003568 -0.00021463 0.00065951 0.00021463 0.00065951 -0.00045358 0.0026182 0.001005 0.0026182 0.027828 0.023522 0.027921 0.023777 0.12272 0.18763 0.21735 0.39588 -0.12124 0.20541 0.26134 0.3986 0.048927 0.052353 0.14277 0.09499 0.023848 0.021303 0.1667 0.26798 0.010016 -0.074437 0.21709 0.3346 -0.031836 -0.075805 0.22813 0.26239 -0.0012054 -0.018588 0.14751 0.096779
125.87 115.49 2.7964 1.6698 -0 0 0 0 -0 0 0 0 -0 0 0 0 -0 0 0 0 0.0088587 0.030022 0.01143 0.030022 -0.0074451 0.10283 0.029193 0.10283 0.0058935 0.093239 0.0294 0.093239 -0.0088593 0.024301 0.0105 0.024301 0.059572 0.0077549 0.17184 0.15065 0.020137 -0.029805 0.23492 0.53913 0.053135 0.041725 0.21745 0.53503 -0.096405 0.06083 0.19875 0.19604 -0.0034175 -0.022605 0.083059 0.060677 0.0049078 -0.056533 0.1001 0.12262 0.02682 -0.074525 0.11484 0.14313 -0.0187 -0.040392 0.17355 0.11335
75.071 142.31 2.7663 5.6443 0 0 0 0 0.010897 0.012826 0.01218 0.016395 0.014425 0.014102 0.047367 0.079566 0.0019433 0.0044995 0.01633 0.057968 0.0058062 -0.00073391 0.0058062 0.0024967 -0.0027845 0.067393 0.17636 0.12232 0.0014395 0.086605 0.12588 0.23054 -0.0055251 0.0097336 0.083693 0.16026 0.012371 0.00098261 0.012541 0.0046725 0.077328 -0.058643 0.32175 0.3918 -0.098577 -0.0009683 0.25422 0.43297 -0.024876 -0.018247 0.10798 0.12501 0.00044228 6.044e-05 0.00051909 0.00027607 0.068793 0.007158 0.088237 0.10007 -0.015485 0.078745 0.36237 0.30996 -0.043873 0.01298 0.083101 0.066551
104.24 162.13 2.8118 2.9964 -0.014797 -0.021092 0.042928 0.029414 0.0082588 0.0029104 0.045208 0.022699 0.019726 0.004276 0.08046 0.052171 0.097436 0.021631 0.19945 0.13945 0.0085152 -0.00052731 0.011478 0.0083324 0.00019208 0.031002 0.059114 0.059857 0.06675 0.030367 0.11764 0.10894 0.16446 0.045983 0.33571 0.37648 0.0060149 0.0087226 0.032896 0.03948 0.030724 0.028281 0.12776 0.2257 0.021786 0.084217 0.1317 0.33348 0.041813 0.033903 0.22265 0.42363 0.0079427 0.0024558 0.040946 0.049481 0.0035546 0.0043787 0.075626 0.12829 0.019282 -0.034247 0.065725 0.23805 0.058429 -0.031014 0.11146 0.21598
85.643 167.31 2.6051 3.2375 -0.00073082 0.0068836 0.0078083 0.0107 0.011098 0.017646 0.055719 0.053777 -0.0051941 0.037252 0.050203 0.064472 0.049718 0.044088 0.088426 0.11855 -0.0012626 0.027629 0.068703 0.06429 0.041931 0.031115 0.16008 0.19419 -0.0028117 0.069675 0.18745 0.40184 0.067178 0.053202 0.20123 0.39358 0.034585 -0.024453 0.063344 0.055207 0.0019185 0.013973 0.15908 0.17701 0.035716 -0.049661 0.15163 0.36263 0.12239 -0.030491 0.21723 0.3839 0.0048563 -0.0050476 0.0049456 0.0050476 0.019721 -0.034812 0.047718 0.07911 -0.0028239 -0.022627 0.034014 0.12864 0.019906 -0.045823 0.061856 0.099446
74.428 169.98 2.6153 2.7702 0.013397 0.001578 0.027596 0.036605 0.020091 0.012246 0.10372 0.20144 0.047307 0.020442 0.15538 0.37234 0.06378 0.021758 0.15708 0.41604 0.022882 0.01665 0.077571 0.11423 0.016619 -0.0073362 0.14999 0.28678 0.0025362 -0.039937 0.13901 0.41113 0.098026 -0.094663 0.16431 0.29973 0.018256 -0.031062 0.026451 0.043312 0.021735 -0.078791 0.0635 0.16586 -0.019383 -0.085406 0.082082 0.24009 -0.018421 -0.044713 0.041509 0.096797 -0 0 0 0 0.00088424 -0.0050194 0.00088424 0.0050194 -0.0010935 -0.0086526 0.0024632 0.0086526 -0.00020858 -0.00037687 0.00020858 0.00037687
86.16 179.84 2.8513 2.3135 0.0021888 -0.0031862 0.016603 0.018715 0.041698 0.013527 0.10585 0.14734 0.056019 0.027287 0.28795 0.27407 0.051184 -0.040724 0.27608 0.35785 0.015065 0.010905 0.023734 0.027144 0.041727 0.029263 0.13617 0.25866 0.0062618 -0.0014207 0.24759 0.41328 0.00060959 0.0075893 0.17654 0.24069 0.015751 -0.0038651 0.022294 0.017787 0.06169 -0.056421 0.098685 0.2358 -0.0021914 -0.058496 0.074751 0.25554 -0.030475 -0.052933 0.091817 0.1482 0.00017824 -0.00012028 0.00017824 0.00012028 0.0036947 -0.016493 0.00433 0.016493 -0.0013739 -0.017191 0.0034419 0.017191 -0.0012681 -0.0038291 0.001486 0.0038291
78.327 181.9 2.7076 5.5551 0 0 0 0 0 0 0 0 0 0 0 0 0 0 0 0 0.036529 0.080722 0.051315 0.10156 0.0089983 0.12158 0.045181 0.18034 -0.054478 0.11193 0.074779 0.16663 -0.016486 0.012786 0.016912 0.018319 -0.0078984 -0.03896 0.14991 0.22466 -0.0048028 0.030116 0.15886 0.40936 -0.056679 -0.072536 0.1244 0.30215 -0.025058 -0.0067464 0.040995 0.051227 -0.027625 0.084794 0.22168 0.37484 -0.03896 -0.015922 0.28167 0.38288 -0.059293 -0.0025577 0.12784 0.21348 -0.0094895 -0.0012724 0.013853 0.01842
69.893 183.38 2.8164 5.6324 0 0 0 0 0 0 0 0 0 0 0 0 0 0 0 0 0.0081282 0.029382 0.0081282 0.029382 0.005597 0.089095 0.017767 0.089095 -0.0099111 0.069882 0.013799 0.069882 -0.0013976 0.0041275 0.0013976 0.0041275 0.048271 0.04409 0.14904 0.24715 -0.013043 0.012242 0.14343 0.38861 -0.024356 0.012874 0.12889 0.35814 -0.043401 0.016962 0.06648 0.079319 -0.0003418 0.11145 0.16 0.28798 -0.024215 0.022966 0.26984 0.49336 -0.061581 0.029174 0.16357 0.28592 -0.015845 -0.0042915 0.032553 0.032637
83.22 186.5 2.8922 5.4012 0 0 0 0 0 0 0 0 0 0 0 0 0 0 0 0 0.023829 0.084044 0.044822 0.089344 0.030467 0.16373 0.061528 0.21139 -0.055921 0.076725 0.084512 0.12859 -0.0050629 0.0058036 0.0072204 0.0058308 0.015571 -0.0124 0.15713 0.2683 -0.043498 0.0051319 0.16706 0.45811 -0.05271 -0.059716 0.15639 0.21304 -0.013349 -0.0043201 0.022052 0.020168 0.025269 0.093119 0.25936 0.30949 -0.061048 -0.0071388 0.29878 0.37415 -0.056161 -0.016916 0.12408 0.18586 -0.0038212 0.0078236 0.012731 0.016296
97.415 189.45 2.8709 4.6048 0 -0 0 0 0 -0 0 0 0 -0 0 0 0 -0 0 0 0.034688 0.04706 0.036045 0.049889 -0.019893 0.096978 0.15507 0.16034 -0.024942 0.013608 0.051028 0.033527 0.0093305 0.009771 0.010059 0.011092 0.064173 0.041325 0.1957 0.157 -0.089443 0.018745 0.37013 0.28967 -0.038916 0.082357 0.18638 0.18383 -0.0013732 0.00020758 0.051063 0.051215 0.00041245 -0.015776 0.23198 0.11349 0.039739 0.057188 0.51427 0.23985 -0.099522 0.0034093 0.30405 0.19974 -0.0012711 0.0058251 0.062305 0.090705
90.722 145.88 3.7208 3.3736 0.00080788 0.0049381 0.011751 0.0086952 0.001223 0.00569 0.025501 0.01708 0.05297 0.032204 0.10103 0.10143 -0.032819 0.022145 0.28644 0.1203 0.01158 0.0084484 0.067517 0.067902 0.0057358 0.050226 0.099904 0.19277 0.1356 -0.031401 0.30848 0.45674 -0.096676 -0.085123 0.29566 0.21387 0.0044606 -0.010755 0.065231 0.079148 0.064858 -0.010688 0.13899 0.25683 -0.03983 -0.027021 0.30443 0.36072 -0.025746 -0.033009 0.03858 0.04645 0.0034706 -0.0081909 0.0082577 0.016755 0.013758 -0.022693 0.026176 0.06055 -0.011736 -0.037453 0.056956 0.057847 -0.0020049 -0.0010212 0.0020237 0.0017125
84.678 165.25 3.474 3.1646 0.001246 0.0060128 0.0071222 0.008325 0.0045045 0.021181 0.058587 0.055869 0.0043092 0.033729 0.057662 0.070563 0.079166 0.046585 0.14805 0.17799 -0.0042025 0.026536 0.060241 0.06414 0.035596 0.017264 0.15354 0.21786 0.014977 0.050499 0.15909 0.4215 0.036688 0.039281 0.21356 0.44231 0.025986 -0.021974 0.062365 0.061496 -0.0022643 0.0094105 0.14125 0.18884 0.027343 -0.023393 0.1137 0.31995 0.097605 -0.035626 0.22898 0.34079 0.0053991 -0.0064852 0.0055469 0.0065266 0.013204 -0.032916 0.037126 0.075044 -0.0042729 -0.028202 0.019882 0.10122 0.0043356 -0.03874 0.049142 0.077981
91.709 177.25 3.8218 4.5542 0 -0 0 0 0.0012401 0.0095263 0.0061222 0.0095263 -0.00098008 0.0045393 0.00491 0.0045393 0.02503 0.0064285 0.02503 0.022431 0.026807 0.014979 0.029531 0.017852 -0.0099735 0.026334 0.16001 0.13747 -0.02262 0.027557 0.069557 0.065771 0.032147 -0.010377 0.049463 0.051017 0.028429 0.0031873 0.11493 0.039256 0.0055937 0.017888 0.38566 0.17248 -0.065209 0.023594 0.26756 0.13885 -0.010505 -0.00047416 0.035683 0.062378 0.020637 -0.0029566 0.074593 0.024869 0.023075 0.098774 0.44028 0.14377 0.00084107 0.13346 0.47563 0.29715 -0.027757 0.13899 0.15805 0.17231
87.98 122.77 5.1842 0.6602 0 0 0 0 0 0 0 0 0 0 0 0 0 0 0 0 6.2928e-06 5.0001e-05 6.2928e-06 5.0001e-05 0.0038642 0.011061 0.0045114 0.014012 0.0071267 0.077062 0.16546 0.16567 -0.025314 0.023532 0.041276 0.054759 0.075477 0.045989 0.092801 0.06248 0.0082431 0.12438 0.36883 0.49611 -0.084261 -0.035019 0.37171 0.40629 -0.02624 0.0035763 0.13503 0.10922 0.062022 -0.010073 0.18412 0.13977 -0.044385 -0.095844 0.19465 0.21684 -0.014244 -0.039687 0.072665 0.088071 -0.00044545 -0.0134 0.052352 0.035949
155.99 122.18 5.1882 0.94859 0 0 0 0 0 0 0 0 0.036804 0.03176 0.042184 0.038055 0.0070649 0.073266 0.091712 0.15156 0 0 0 0 0.010918 0.00018367 0.012763 0.005771 0.094458 0.0078435 0.3965 0.37876 -0.023938 -0.092906 0.18374 0.26549 0 0 0 0 0.089504 0.08111 0.26154 0.24702 -0.099316 -0.02496 0.26591 0.25408 -0.0069988 -0.01838 0.030997 0.03108 0 0 0 0 0.052108 -0.049857 0.11962 0.08486 0.055933 0.088566 0.18358 0.31642 -0.041411 0.089424 0.099421 0.22586
170.28 135.89 5.1681 2.0038 -0 0 0 0 -0 0 0 0 -0 0 0 0 -0 0 0 0 0.001184 0.00037744 0.0024394 0.0012975 0.085454 0.099937 0.15307 0.19633 -0.04424 0.09766 0.17639 0.18705 -0.014219 0.083903 0.087725 0.17792 0.04534 0.03027 0.047324 0.032107 0.044067 0.063204 0.30252 0.28569 -0.044052 -0.087716 0.2493 0.20998 0.062319 -0.058608 0.17778 0.29929 0.065284 -0.0066801 0.065284 0.031015 -0.014201 0.012539 0.42302 0.39166 -0.080931 0.030023 0.094384 0.080124 0.016151 -0.013828 0.026315 0.026383
117.02 143.33 5.0064 4.3276 -0.0032233 0.0070205 0.016169 0.014222 0.013194 -0.0062122 0.021718 0.028752 0.058954 -0.10416 0.087227 0.22102 -0.0085956 -0.057276 0.11875 0.18681 -0.0024615 0.011352 0.11175 0.053516 -0.012903 0.038885 0.077462 0.075894 0.0063845 0.054246 0.077837 0.082423 0.056932 -0.0087261 0.16523 0.17679 0.012056 0.0095791 0.22252 0.12428 0.087123 0.029021 0.37592 0.39114 -0.060237 0.010782 0.28519 0.50173 -0.051646 -0.036792 0.1209 0.13702 -0.00019267 -0.016493 0.030409 0.030845 0.017079 -0.055526 0.060543 0.08675 -0.020754 -0.051052 0.036366 0.069955 -0.0030173 -0.0054264 0.0034823 0.0054264
100.16 166.49 4.9293 3.1606 0.039682 -0.024601 0.078524 0.035958 -0.048286 -0.11258 0.23221 0.13112 0.016928 -0.014647 0.057952 0.052552 0.0094575 0.029396 0.19731 0.15605 0.0015868 -0.00023508 0.0054827 0.006862 0.012405 0.010082 0.049507 0.048957 0.099593 0.03022 0.15417 0.20632 -0.0086999 -0.020994 0.41808 0.30627 0.014595 -0.00080412 0.025994 0.01967 0.019151 0.018749 0.13233 0.17057 0.108 0.012681 0.19195 0.46649 -0.058683 -0.059507 0.21153 0.29794 0.0021215 -0.0018058 0.0024613 0.0021264 0.0083151 -0.020353 0.033908 0.059303 0.020427 -0.041452 0.044794 0.11288 -0.015509 -0.021401 0.041039 0.045857
168.86 173.25 5.5583 0.94001 0.030305 0.013868 0.031743 0.029028 -0.0058418 0.012391 0.2131 0.21206 -0.024363 -0.066073 0.086072 0.097944 -0.0025229 -0.019838 0.050132 0.043358 0.045375 -0.024872 0.050021 0.049557 0.089263 0.027064 0.3192 0.37532 -0.071886 0.19239 0.20618 0.46848 -0.033616 0.014163 0.043433 0.060907 0.0003193 -0.00084505 0.00077357 0.00084505 0.11325 -0.1211 0.1206 0.21806 -0.046566 -0.18372 0.16394 0.3924 -0.025887 -0.016432 0.028111 0.038005 0 0 0 0 -3.9282e-17 7.6005e-18 7.4194e-17 1.0277e-16 -2.2684e-17 5.1014e-17 5.5497e-17 5.1014e-17 -2.6139e-18 1.909e-18 2.6139e-18 1.909e-18
178.35 188.3 5.102 4.0616 0 -0 0 0 0 -0 0 0 0 -0 0 0 0 -0 0 0 0.00028232 0.00037081 0.00028232 0.00037081 -0.0021568 0.049223 0.0061712 0.049223 -0.003126 0.022836 0.0033992 0.022836 -7.5869e-17 2.3995e-17 1.3823e-16 9.8241e-17 0.077275 0.01439 0.091784 0.12819 0.07881 0.039702 0.28397 0.74561 -0.16291 0.044932 0.22766 0.37195 -0.012544 0.0079992 0.015831 0.011001 0.010717 -0.015929 0.017504 0.029179 0.011145 -0.091488 0.038149 0.13243 0.038893 -0.027123 0.159 0.18203 -0.042578 0.0076375 0.069194 0.054555
109.95 126.13 7.4024 4.3011 0.0021418 0.010969 0.027431 0.02144 0.01436 -0.0038818 0.042953 0.050032 0.085436 -0.1138 0.13674 0.32354 -0.049049 0.00012596 0.13777 0.15769 0.022709 0.010938 0.15243 0.075228 0.039993 0.1074 0.32208 0.35563 -0.033693 0.060949 0.30867 0.46089 -0.035463 -0.047322 0.13779 0.14627 0.0171 -0.016991 0.064377 0.04474 0.033127 -0.095685 0.18008 0.2378 -0.053847 -0.095093 0.11009 0.21132 -0.0059317 -0.00577 0.0076106 0.010704 0 -0 0 0 0 -0 0 0 0 -0 0 0 0 -0 0 0
165.29 177.92 7.0455 0.86344 0.019855 0.020412 0.031945 0.026377 0.014495 -0.0064177 0.20586 0.22337 -0.027436 -0.060798 0.098938 0.12817 -0.0065544 -0.016544 0.06317 0.04 0.056347 -0.024039 0.082421 0.069764 0.073445 0.067103 0.35267 0.50869 -0.12135 0.10502 0.21184 0.43874 -0.015381 -0.0030182 0.024256 0.022655 0.0017632 -0.0034737 0.0017632 0.0034737 0.082422 -0.11803 0.12269 0.25549 -0.079238 -0.11877 0.11595 0.24563 -0.0082168 -0.0040496 0.0083023 0.0080969 2.8015e-18 3.2768e-18 2.8015e-18 3.2768e-18 2.3109e-18 -6.4818e-17 3.3643e-17 1.0304e-16 -4.9285e-18 -6.2057e-17 1.6036e-17 7.998e-17 0 0 0 0
148.54 152.48 9.9402 0.96266 0 0 0 0 0.036605 0.03434 0.037122 0.040329 0.0058693 0.077662 0.13021 0.14488 -0.0098635 0.010155 0.028477 0.023362 0.011448 -0.00092213 0.011448 0.00096316 0.062502 0.010334 0.32087 0.31132 -0.045431 -0.099536 0.26561 0.33558 -0.026154 -0.010358 0.079912 0.056825 0.00718 -0.0011886 0.00718 0.0012002 0.10834 -0.038229 0.32391 0.4183 -0.14476 -4.9783e-05 0.23062 0.40856 -0.0070638 -0.0042327 0.012343 0.010586 0 0 0 0 0.011256 -0.029114 0.01757 0.029114 -0.012992 -0.030826 0.020595 0.030826 -0.00043801 -0.00019219 0.00043801 0.00019219
191.72 151.1 10.154 2.8404 -0 0 0 0 -0 0 0 0 -0 0 0 0 -0 0 0 0 2.8583e-17 1.5034e-17 2.8583e-17 1.5034e-17 0.011455 0.030972 0.018663 0.030972 -0.00024947 0.067146 0.034209 0.067146 -0.001373 0.001462 0.0014982 0.001462 -2.2505e-17 -2.3899e-17 5.9886e-17 6.0965e-17 0.0485 0.03152 0.6346 0.33593 -0.069106 0.059239 0.43988 0.34961 -0.027746 0.030248 0.060454 0.038298 -7.4795e-18 -6.1793e-18 7.4795e-18 9.3296e-18 0.0065223 -0.056023 0.135 0.071215 0.033851 -0.020243 0.25126 0.19037 -0.03791 -0.00469 0.077235 0.053441
128.91 157.97 12.703 4.2956 1.5507e-20 -6.8659e-21 1.5507e-20 6.8659e-21 -0.0011644 0.0032392 0.0011644 0.0032392 -0.0042474 0.010626 0.0042474 0.010626 -1.4914e-05 4.7604e-05 1.4914e-05 4.7604e-05 0.0066473 0.0038471 0.008446 0.0051307 0.084104 0.0084543 0.11346 0.20245 -0.057985 0.013438 0.43086 0.60714 -0.02506 0.0044888 0.037185 0.024463 0.015942 -0.00067167 0.01643 0.0099061 0.072187 -0.038268 0.22794 0.32091 -0.061949 -0.08524 0.26934 0.35997 -0.011083 -0.0056023 0.01952 0.013813 0.00067351 -0.00011568 0.00067351 0.00040448 0.0034751 -0.023507 0.018546 0.024175 -0.0046502 -0.012943 0.0089144 0.012943 -2.1208e-05 -8.1911e-06 2.1208e-05 8.1911e-06
