27 64
112.56 114.41 2.1297 1.7416 -0 0 0 0 -0 0 0 0 -0 0 0 0 -0 0 0 0 -0.058885 0.057046 0.13412 0.2541 0.052152 0.1897 0.20572 0.34961 -0.074767 0.1354 0.11704 0.18692 -0.0040942 0.0029675 0.0041526 0.004565 -0.0096014 0.0095283 0.21629 0.24713 0.031121 -0.067906 0.32914 0.41552 -0.046426 -0.082538 0.22705 0.34207 -0.052514 0.0075526 0.081496 0.092685 0.017981 -0.049008 0.054593 0.10895 -0.041278 -0.066869 0.074091 0.10711 0.007588 -0.032817 0.023877 0.033668 -0.0085915 -0.018907 0.016378 0.020212
98.822 118.23 2.0097 0.84032 0 0 0 0 0 0 0 0 0 0 0 0 0 0 0 0 0.0062526 0.031232 0.026882 0.031232 0.0102 0.12595 0.11453 0.14729 -0.054422 0.066337 0.078652 0.07995 -0.00013977 4.1945e-05 0.00013977 0.00010976 0.062833 0.13552 0.34939 0.35796 -0.20264 -0.045338 0.38672 0.42147 -0.10408 -0.037088 0.13852 0.12632 0.079151 0.0422 0.087467 0.058859 0.03229 -0.02064 0.2488 0.21773 -0.13948 -0.011418 0.20812 0.11688 -0.0030494 -0.0047856 0.0036709 0.0055119 0.057624 0.011218 0.14755 0.067773
170.52 141.7 1.7649 2.4735 -0 0 0 0 -0 0 0 0 -0 0 0 0 -0 0 0 0 0.00143 0.0030545 0.005501 0.0036686 -0.0018844 0.028284 0.01785 0.028715 -0.0030152 0.013251 0.009274 0.015615 0.00059743 0.0011085 0.0010186 0.0011085 0.063369 0.068818 0.11595 0.088285 0.13537 0.22504 0.42044 0.32477 -0.16378 0.18372 0.38623 0.36472 -0.015411 9.9223e-05 0.035469 0.018329 0.080789 0.02254 0.098833 0.065217 0.015685 -0.083462 0.2708 0.17109 -0.11384 -0.11748 0.28222 0.1841 -0.0071066 -0.0017685 0.018327 0.010222
161.18 143.66 2.107 0.56716 0.008101 -0.022881 0.034166 0.039771 -0.016476 -0.015678 0.02865 0.040916 0.00417 0.0051067 0.0079312 0.0096921 0.0026513 0.0014408 0.012847 0.020623 0.00087984 -0.00012727 0.001031 0.0015168 0.10869 0.15481 0.16705 0.21378 -0.069236 0.18508 0.18931 0.3008 -0.0047913 0.014408 0.070616 0.09054 0.0015422 -0.00031539 0.0015422 0.0020126 0.22401 -0.10184 0.29865 0.27377 -0.075675 -0.0062606 0.33596 0.47081 -0.0042806 0.091805 0.11984 0.13908 1.7985e-05 -2.8236e-05 1.7985e-05 2.8236e-05 0.037334 -0.039085 0.051687 0.062028 0.028764 -0.13502 0.11445 0.19821 -0.018994 -0.072455 0.049664 0.092507
107.54 152.51 1.935 5.0614 0.0040595 0.01322 0.042751 0.064313 0.0059514 0.023422 0.092181 0.11598 0.028004 -0.0095531 0.091335 0.13906 0.005275 0.0093591 0.055723 0.13453 -0.045038 -0.014937 0.15679 0.22216 -0.011604 -0.091948 0.17895 0.27532 0.037628 -0.066798 0.1902 0.26837 -0.0018276 -0.079961 0.11607 0.24446 -0.043372 -0.020257 0.13138 0.2177 0.017363 -0.0391 0.12981 0.28324 0.08922 -0.02818 0.15079 0.44528 -0.05421 -0.0093592 0.12301 0.32856 -0.0021719 -0.010385 0.00489 0.012542 0.0078246 -0.020467 0.010295 0.025029 0.01955 -0.048796 0.023577 0.064281 -0.0043777 -0.032794 0.019912 0.054418
168.23 155.88 1.6388 3.3919 -2.5991e-17 -6.1613e-17 5.5911e-16 4.4026e-16 7.9538e-06 -3.111e-05 7.9538e-06 3.111e-05 0.00095098 0.00056074 0.0016425 0.00056074 3.0788e-05 7.2911e-05 0.00017285 7.2911e-05 0.033227 0.048318 0.034895 0.053344 0.053494 0.17416 0.10683 0.21424 -0.06327 0.17545 0.22743 0.24282 -0.017395 0.015874 0.024366 0.019578 0.065133 0.043898 0.10004 0.1033 0.014323 -0.084082 0.27006 0.2254 0.0082023 0.037297 0.41008 0.50952 -0.12357 0.028097 0.15074 0.13941 -0.021727 -0.042549 0.074814 0.072077 -0.012279 -0.067928 0.10806 0.10683 0.0075084 -0.11695 0.099178 0.19993 -0.026239 -0.030544 0.033623 0.04945
104.06 159.83 2.2614 2.2476 0.032473 0.020354 0.1292 0.18489 -0.027051 -0.037118 0.20302 0.28344 -0.035166 0.017889 0.11063 0.12589 0.002241 0.037237 0.026458 0.049011 -0.052699 0.0060388 0.16769 0.18 -0.05184 0.075958 0.23129 0.29149 -0.012085 0.046717 0.1759 0.3169 0.066636 0.047681 0.15914 0.31983 -0.00096046 -0.048694 0.096885 0.22634 -0.031664 -0.025804 0.14234 0.20725 -0.020699 0.064725 0.15801 0.25641 0.026172 0.019515 0.088608 0.20415 0.0075158 -0.042637 0.01547 0.046051 0.01174 -0.061077 0.041064 0.066903 0.01908 -0.071444 0.051968 0.085327 -0.012207 -0.051313 0.028705 0.066806
142.81 163.78 2.0631 1.1138 -0.019266 0.023918 0.040681 0.055689 -0.005211 0.015616 0.020812 0.03742 0.072669 -0.022281 0.1386 0.17482 0.01683 -0.015033 0.14606 0.24896 -0.14571 0.052053 0.19992 0.27251 -0.024756 0.064043 0.10447 0.17265 0.060522 0.11747 0.10481 0.13935 0.07721 0.033248 0.14813 0.19949 -0.049441 0.063636 0.12838 0.24279 -0.055226 0.14438 0.17539 0.29097 0.10601 0.013908 0.23068 0.27885 -0.018094 -0.070945 0.14535 0.23922 0.012093 -0.098138 0.045953 0.1086 -0.013967 -0.13577 0.066826 0.16583 -0.023142 -0.095623 0.055891 0.10857 -0.006145 -0.05359 0.023009 0.05359
164.04 169.72 1.8301 4.0451 3.0603e-16 -1.2762e-16 4.518e-16 5.87e-16 -2.9063e-16 6.0396e-16 1.8433e-15 2.234e-15 -1.3814e-15 4.737e-16 1.9044e-15 1.3534e-15 0 -0 0 0 0.010109 0.040305 0.012258 0.040305 0.0041644 0.10915 0.032714 0.11628 -0.027888 0.11752 0.050583 0.12848 -0.0085389 0.012942 0.0088577 0.0136 0.056686 0.086658 0.1146 0.17948 0.048064 0.093527 0.17001 0.2793 -0.022241 0.1511 0.20386 0.36811 -0.12754 0.12403 0.16981 0.23735 -0.02211 -0.057691 0.076745 0.09875 0.0033667 -0.13028 0.1141 0.17521 0.17593 -0.067547 0.25007 0.3664 -0.10521 0.058191 0.2258 0.25822
121.92 178.08 2.0164 4.8631 0 0 0 0 0 0 0 0 0 0 0 0 0 0 0 0 0.039021 0.12548 0.049866 0.12725 0.034931 0.23499 0.096315 0.33415 -0.048583 0.20988 0.11724 0.242 -0.031949 0.072245 0.036053 0.072245 0.047907 0.019165 0.1242 0.19273 0.01555 0.058787 0.16136 0.37717 0.020814 -0.007271 0.17769 0.33971 -0.064721 0.033342 0.13424 0.15261 0.0058414 -0.043689 0.09416 0.1321 0.019597 -0.092064 0.13441 0.33735 -0.047447 -0.10665 0.083486 0.1775 0.010138 -0.063375 0.053617 0.076278
127.63 182.01 2.0999 4.5469 0 -0 0 0 0 -0 0 0 0 -0 0 0 0 -0 0 0 0.003861 0.0040186 0.003861 0.0040186 0.011662 0.095287 0.061763 0.095287 -0.0095953 0.12651 0.047071 0.12651 -0.0040228 0.057144 0.018291 0.057144 0.080611 0.14842 0.14199 0.24782 0.034888 0.13809 0.27126 0.45752 -0.047834 0.098818 0.20095 0.40732 -0.002549 0.044231 0.14401 0.18783 0.026668 -0.038968 0.12492 0.14989 -0.03139 -0.064733 0.16612 0.29635 -0.076616 -0.1288 0.11809 0.18009 -0.0024143 -0.06363 0.06827 0.092485
140.21 124.07 2.7149 4.341 -0.030317 -0.0012209 0.082811 0.13024 -0.0035203 -0.0042743 0.021348 0.02058 0.023991 -0.080934 0.14841 0.14138 -0.036427 -0.027008 0.056198 0.04002 0.0011405 0.005136 0.064833 0.10406 -0.0075837 0.087244 0.060615 0.10603 -0.010671 0.10297 0.11115 0.19705 -0.0086394 0.0031628 0.0095978 0.013273 0.039524 0.064094 0.19316 0.18736 0.10207 -0.012218 0.29862 0.52999 -0.10122 -0.062405 0.28572 0.47576 -0.010438 -0.0038695 0.010756 0.013306 -0.01238 -0.045216 0.069536 0.1079 -0.0082076 -0.059959 0.047092 0.10526 -0.0074104 -0.024874 0.01238 0.027942 -4.1715e-05 -0.00010711 4.1715e-05 0.00010711
121.99 148.65 2.7746 1.7892 -0.00074879 -0.019266 0.045534 0.041821 0.028743 -0.089781 0.10007 0.13946 -0.015649 -0.069872 0.16162 0.24232 -0.023285 -0.029267 0.072513 0.11446 -0.041306 0.0031715 0.054296 0.032349 0.04343 0.041636 0.063617 0.20791 -0.03532 0.041304 0.07139 0.25466 0.027883 0.034787 0.055415 0.10738 -0.046713 0.077357 0.074135 0.09588 0.070692 0.10199 0.16889 0.4314 -0.040222 0.058051 0.18625 0.41725 0.053886 0.055392 0.14701 0.18023 0.027954 -0.034187 0.071041 0.11147 0.018473 -0.038291 0.12654 0.24346 -0.04677 -0.032053 0.1199 0.22213 -0.010302 -0.039617 0.048512 0.086186
94.911 153 3.086 3.1519 0.056393 -0.017935 0.16829 0.077186 -0.040068 -0.011585 0.38189 0.14843 -0.061187 -0.014082 0.22193 0.06195 0.041621 -0.024933 0.11239 0.084457 0.09246 -0.060688 0.14311 0.090917 -0.071859 0.025942 0.25673 0.2297 -0.065543 0.066153 0.29467 0.19848 0.044772 -0.0057016 0.080715 0.049774 0.050874 -0.024803 0.050874 0.028191 0.08054 -0.080808 0.20406 0.21014 -0.086781 -0.040358 0.30771 0.41281 -0.043788 -0.010056 0.066654 0.054194 0.0014874 -0.0015399 0.0014874 0.0015399 0.015085 -0.042538 0.027779 0.044685 -0.011858 -0.058602 0.030319 0.059982 -0.0034085 -0.0050336 0.0037706 0.0050336
152.35 155.68 2.956 0.67039 -0.013782 -0.051865 0.12084 0.11571 -0.014457 -0.025977 0.022018 0.03459 0.053057 -0.03384 0.17185 0.1042 0.030969 0.0050048 0.16973 0.12266 0.059303 0.077428 0.11714 0.14819 -0.068107 0.13602 0.1703 0.27778 0.052338 0.074029 0.1041 0.12749 0.073747 0.0012092 0.18245 0.16564 0.14245 -0.040541 0.18548 0.14935 -0.0023067 -0.010897 0.30977 0.4923 -0.04372 0.0080834 0.17081 0.29644 -0.047267 -0.076334 0.099521 0.12948 0.011503 -0.012232 0.014305 0.014275 0.018953 -0.081085 0.048182 0.098141 -0.021741 -0.067036 0.029622 0.070721 -0.0044021 -0.0066349 0.0048885 0.0067214
159.89 164.29 3.0835 3.9652 -1.1597e-16 -2.1053e-16 1.2224e-16 2.1053e-16 5.0668e-16 -1.9533e-16 9.5623e-16 1.4408e-15 1.2411e-16 3.2514e-17 3.4822e-16 6.2569e-16 -1.8024e-17 -1.9458e-17 1.8024e-17 1.9458e-17 0.037353 0.049725 0.042985 0.052833 0.052508 0.14999 0.10216 0.19496 -0.076138 0.19101 0.13838 0.25893 -0.029164 0.033921 0.036059 0.039848 -0.013732 0.026528 0.14327 0.18653 0.010697 -0.13384 0.14911 0.23802 0.081624 -0.11757 0.43138 0.52872 -0.13945 -0.010784 0.19545 0.13373 -0.066133 -0.0058936 0.12534 0.11901 -0.017928 0.0039405 0.05188 0.052789 0.023971 -0.064221 0.074884 0.12134 -0.021899 -0.014963 0.037987 0.047591
170.03 164.38 2.6963 3.6888 1.1831e-16 9.6275e-17 1.1831e-16 3.1912e-16 1.2039e-16 2.5081e-16 1.2039e-16 3.9046e-16 0 -0 0 0 0 -0 0 0 0.0039018 0.0056019 0.0039018 0.0056019 0.026678 0.11042 0.039998 0.11057 -0.021672 0.10898 0.03607 0.1092 -0.0018336 0.0036378 0.002824 0.0038011 0.08768 0.066277 0.11294 0.11236 0.08316 0.0081607 0.22849 0.38059 -0.081362 0.17511 0.41397 0.53909 -0.082482 0.037783 0.092973 0.066297 -0.0265 -0.0080131 0.11265 0.10885 -0.025593 -0.10693 0.098329 0.11936 0.012704 -0.15336 0.16783 0.25833 -0.030213 -0.014596 0.044695 0.050135
98.2 173.69 3.036 5.1416 0 0 0 0 0 0 0 0 0 0 0 0 0 0 0 0 0.0078703 0.017392 0.0078703 0.017392 -0.001668 0.082614 0.031795 0.08262 0.0025453 0.16135 0.033828 0.16135 -0.011754 0.075099 0.020753 0.075099 0.06006 0.092662 0.11533 0.14931 -0.01168 0.054531 0.18688 0.24818 0.06448 0.088082 0.21191 0.42486 -0.024841 0.10859 0.15175 0.30858 -0.00074976 -0.05757 0.17101 0.16987 -0.026995 -0.058602 0.17975 0.21294 0.06629 -0.044075 0.22871 0.39673 -0.0067593 -0.074175 0.10057 0.1709
108.84 173.82 2.7149 5.1152 0 0 0 0 0 0 0 0 0 0 0 0 0 0 0 0 0.012119 0.08242 0.038711 0.084476 0.038121 0.15251 0.068414 0.19162 -0.018558 0.18958 0.081497 0.29109 -0.028348 0.063539 0.035493 0.07098 -0.0062493 0.0065276 0.12461 0.18994 0.080436 -0.077601 0.20455 0.3219 0.021074 -0.05124 0.22212 0.41873 -0.065751 0.027495 0.16079 0.20286 -0.033409 -0.040362 0.091496 0.12836 0.062828 -0.038902 0.12213 0.28889 -0.038248 -0.057641 0.14201 0.32128 0.019671 -0.047212 0.055267 0.069144
133.49 175.42 2.912 4.533 0 -0 0 0 0 -0 0 0 0 -0 0 0 -1.0884e-16 2.7863e-17 2.7741e-16 3.7517e-16 0.048506 0.076272 0.055586 0.096116 0.024912 0.19883 0.14421 0.29692 -0.012922 0.16181 0.11827 0.22949 -0.019013 0.10783 0.054214 0.12116 0.05789 0.01182 0.16479 0.21773 -0.071176 -0.089145 0.2184 0.42655 -0.028042 -0.12629 0.17133 0.25217 0.076153 -0.033303 0.14799 0.19084 0.0040059 -0.023344 0.1023 0.1269 -0.042419 -0.025429 0.15004 0.35145 -0.021759 -0.0068144 0.040591 0.063802 0.093983 -0.031749 0.11324 0.087488
155.77 175.53 2.7056 4.3843 0 -0 0 0 2.6528e-17 1.3592e-16 2.1723e-16 2.7521e-16 2.5262e-17 2.0084e-16 4.5224e-16 6.3197e-16 -4.2001e-17 1.369e-16 1.5404e-16 2.6148e-16 0.0036523 0.0431 0.013629 0.0431 0.014326 0.10716 0.037509 0.10716 -0.016464 0.081629 0.027106 0.081629 -0.0015335 0.0044248 0.0015335 0.0044248 -0.034999 0.045917 0.14451 0.27264 0.032517 -0.072359 0.21557 0.37329 -0.015981 0.13906 0.27499 0.38074 -0.089963 0.073684 0.12082 0.091368 -0.06422 -0.0052907 0.11094 0.19499 -0.0038159 -0.051932 0.056716 0.085216 0.1965 -0.088175 0.31841 0.31862 -0.1106 -0.017754 0.2021 0.13957
87.028 142.99 3.7854 0.30096 0 0 0 0 0 0 0 0 0 0 0 0 0 0 0 0 0.0030956 0.02202 0.026857 0.02202 0.079256 0.075016 0.15021 0.14605 -0.051101 0.15013 0.14609 0.20872 -0.016152 0.014053 0.01671 0.014462 -0.031102 0.044193 0.29503 0.1989 0.083587 -0.018156 0.31223 0.20024 -0.008623 -0.010268 0.3594 0.29171 -0.072276 0.020417 0.085704 0.042367 -0.042598 -0.012695 0.23362 0.16836 0.021931 -0.0014683 0.25563 0.11784 0.055338 0.034193 0.35387 0.17535 -0.075752 0.011348 0.12725 0.031075
120.88 151.24 3.7216 1.7419 0.024709 0.0014359 0.060618 0.081769 0.016841 -0.070559 0.17286 0.34393 -0.015023 -0.025961 0.18716 0.30396 -0.019632 -0.0036645 0.039796 0.052443 -0.098148 0.020414 0.16086 0.10583 0.048075 0.0057298 0.086916 0.20374 -0.027215 0.01805 0.10153 0.26756 0.010085 0.057381 0.12941 0.1237 -0.025615 -0.0015198 0.14508 0.17434 0.047462 0.13232 0.19374 0.34886 -0.03457 0.071992 0.17499 0.31513 -0.030509 -0.029709 0.15128 0.13172 0.01718 -0.032766 0.026508 0.04879 0.015796 -0.088262 0.066024 0.17709 -0.028592 -0.0763 0.05063 0.13071 -0.011027 -0.023475 0.015149 0.027382
160.07 164.39 3.4651 3.9652 -1.1597e-16 -2.1053e-16 1.2224e-16 2.1053e-16 5.0668e-16 -1.9533e-16 9.5623e-16 1.4408e-15 1.2411e-16 3.2514e-17 3.4822e-16 6.2569e-16 -1.8024e-17 -1.9458e-17 1.8024e-17 1.9458e-17 0.037353 0.049725 0.042985 0.052833 0.052508 0.14999 0.10216 0.19496 -0.076138 0.19101 0.13838 0.25893 -0.029164 0.033921 0.036059 0.039848 -0.013732 0.026528 0.14327 0.18653 0.010697 -0.13384 0.14911 0.23802 0.081624 -0.11757 0.43138 0.52872 -0.13945 -0.010784 0.19545 0.13373 -0.066133 -0.0058936 0.12534 0.11901 -0.017928 0.0039405 0.05188 0.052789 0.023971 -0.064221 0.074884 0.12134 -0.021899 -0.014963 0.037987 0.047591
141.98 181.27 3.8705 4.5037 0 -0 0 0 0 -0 0 0 0 -0 0 0 0 -0 0 0 0.0055255 0.021174 0.011133 0.021174 0.0072677 0.13568 0.045777 0.13568 -0.0077785 0.097022 0.030108 0.097022 -0.0032778 0.0089338 0.0032778 0.0089338 0.080622 0.075157 0.16711 0.24806 -0.088914 0.0028678 0.24934 0.44035 0.064122 -0.010024 0.24822 0.40919 -0.090389 0.10065 0.17784 0.18455 0.0067316 -0.049721 0.12286 0.18125 -0.073363 -0.048392 0.14306 0.25203 0.10374 -0.062803 0.13198 0.10876 -0.04219 -0.059846 0.20365 0.15554
176.43 165.68 5.2055 3.612 0 -0 0 0 0 -0 0 0 0 -0 0 0 0 -0 0 0 1.3373e-16 6.9579e-18 1.3373e-16 8.4411e-17 -0.0046349 0.01648 0.0046349 0.01648 -0.0023364 0.012722 0.0053754 0.012722 -4.2021e-05 2.3265e-05 4.6422e-05 2.3265e-05 0.054453 0.051819 0.062022 0.05908 0.14231 0.061083 0.30159 0.44878 -0.12192 0.028977 0.37016 0.50747 -0.021802 0.00071123 0.021809 0.014418 0.071529 0.039213 0.19061 0.10292 -0.090642 -0.015381 0.24517 0.1973 0.029818 0.019266 0.17972 0.23029 -0.018467 0.032034 0.062659 0.073191
113.53 167.6 9.7515 4.8708 0 0 0 0 0 0 0 0 0 0 0 0 0 0 0 0 0.0045755 0.00073084 0.0045755 0.00073084 0.064863 0.1174 0.1154 0.21219 -0.057315 0.13373 0.16007 0.3295 -0.010569 0.015739 0.018133 0.021442 0.012999 0.0017868 0.012999 0.0017868 0.044043 -0.066426 0.20228 0.38688 -0.037126 -0.058264 0.47901 0.54609 -0.038382 -0.0087476 0.1026 0.064815 0 0 0 0 0.013439 -0.02035 0.019208 0.060862 -0.010886 -0.037303 0.055902 0.10842 -0.0014384 -0.0037016 0.0040417 0.0037016
