31 64
86.034 123.39 1.8314 0.45865 0 0 0 0 0 0 0 0 0.0022443 0.001568 0.011904 0.017042 -0.0036833 0.0036176 0.0065248 0.0085079 0.00076694 0.00076402 0.00076694 0.00076402 0.052371 0.082412 0.065648 0.11959 0.069546 0.11835 0.22701 0.23291 -0.041209 0.030912 0.09622 0.065051 0.062023 0.098023 0.12714 0.11676 0.0028674 0.082596 0.29046 0.38832 -0.030539 -0.010245 0.31295 0.43955 -0.045457 -0.01604 0.14249 0.091943 -0.042337 0.0050806 0.24886 0.15549 -0.068239 -0.064346 0.20382 0.16905 -0.016768 0.0023086 0.12308 0.17003 -0.024093 0.0064001 0.061871 0.07975
144.77 126.64 1.9887 4.6949 0.0017555 -0.00089237 0.015626 0.018776 0.018952 0.020374 0.059492 0.054781 -0.001939 0.043934 0.10588 0.078074 -0.0029483 0.050203 0.1108 0.072503 -0.0025577 0.035259 0.04031 0.055326 0.024498 -0.026646 0.09698 0.091327 0.00039308 -0.033897 0.22817 0.17802 -0.018064 -0.054886 0.34356 0.21749 0.0062225 0.015673 0.074507 0.18736 0.0038739 0.07935 0.2166 0.6045 -0.11878 -0.03093 0.22721 0.31923 -0.017457 -0.029644 0.05223 0.042242 0.0010241 -0.042177 0.015189 0.059331 -0.005016 -0.095536 0.035531 0.13966 -0.024394 -0.036887 0.028298 0.046181 -0.00084496 -0.00066435 0.00084496 0.00074528
91.761 127.97 2.0381 3.2669 0.027027 -0.0085028 0.043649 0.044239 -0.010191 0.022511 0.075172 0.091902 0.12084 0.036619 0.15909 0.10436 -0.073506 -0.032026 0.28298 0.086652 0.054788 -0.020735 0.083664 0.13274 -0.0029332 -0.028819 0.14083 0.27629 0.082481 -0.050773 0.28103 0.33481 -0.09853 -0.088783 0.18358 0.11579 0.036315 -0.012934 0.091027 0.082832 0.030099 0.0035904 0.24514 0.41234 -0.078631 -0.087789 0.18835 0.3332 -0.02296 -0.017668 0.026964 0.022739 0.015163 -0.0082332 0.022336 0.017096 -0.017577 -0.054724 0.12475 0.10574 -0.020051 -0.025451 0.025513 0.03561 -0.00061522 -0.00070632 0.00062196 0.00074515
77.946 131.42 2.148 0.75587 0 0 0 0 0.0074836 -0.00084239 0.007742 0.0087399 -0.0054776 0.0020307 0.01983 0.024313 -0.00028281 0.00015314 0.00028281 0.00015314 0.022902 0.095782 0.071633 0.12534 0.017105 0.14311 0.15644 0.16858 -0.057392 0.054781 0.10075 0.085622 -0.00012039 8.9208e-05 0.00012039 8.9208e-05 -0.019544 0.0098012 0.25614 0.32579 -0.050926 -0.014096 0.51847 0.45512 -0.10017 -0.0066092 0.21318 0.13525 -0.0050335 0.0060505 0.0064563 0.0060505 0.003478 -0.0023489 0.10634 0.11796 -0.072552 0.0038762 0.19681 0.20956 -0.027472 0.012467 0.12385 0.11347 -0.015992 0.0046675 0.042973 0.038425
141.98 138.09 2.2553 0.43579 0.024649 0.050061 0.27148 0.12919 -0.085398 -0.051264 0.14106 0.091955 -0.0015736 -0.0064132 0.052154 0.031712 0.0010944 -0.013348 0.047649 0.035651 -0.10679 -0.053713 0.43041 0.22174 -0.0080952 0.061899 0.1476 0.15435 -0.035916 0.049242 0.088754 0.090584 -0.009618 -0.010784 0.046981 0.034103 0.049816 -0.045819 0.23411 0.21062 -0.031027 -0.001699 0.24106 0.2732 -0.077843 -0.030107 0.10278 0.1251 -0.0082733 -0.0028094 0.025191 0.028992 0.042313 0.011563 0.19417 0.28772 -0.077479 -0.03963 0.20227 0.28354 -0.019888 -0.0011792 0.076726 0.093602 -0.005202 0.0015443 0.011895 0.020874
98.209 144.62 1.881 5.5638 0.0071732 0.017977 0.036863 0.050866 -0.012415 0.022649 0.09784 0.10458 -0.011829 0.0052614 0.04194 0.061048 0.016067 0.01095 0.038514 0.034595 -0.056304 0.09719 0.21115 0.31766 -0.055098 0.069313 0.24727 0.21992 -0.013283 0.025792 0.11919 0.1146 -0.0085079 -0.008673 0.09172 0.10243 -0.0066633 0.013873 0.31799 0.33965 -0.07512 0.044239 0.28655 0.29977 -0.060012 0.071513 0.15791 0.18216 -0.028627 -0.0047945 0.077686 0.082184 -0.059958 0.048568 0.19988 0.21831 -0.038161 -0.039005 0.11724 0.17149 -0.016904 -0.05702 0.065414 0.098561 -0.017353 -0.0080861 0.068333 0.063903
147.59 143.89 1.9859 4.1101 -0.0028381 0.00018529 0.011096 0.015066 0.028652 -0.011622 0.045639 0.045349 0.023569 -0.0071363 0.094235 0.1071 -0.0093829 -0.0076148 0.061366 0.085723 0.00089179 -0.00067564 0.029297 0.030957 0.024957 0.020273 0.064266 0.069382 0.063607 0.085031 0.22905 0.18761 -0.034745 0.12793 0.32686 0.29719 0.0030267 -0.0023039 0.048401 0.046641 0.072377 0.0084409 0.12812 0.15474 0.078635 -0.0030972 0.29025 0.29269 -0.037154 -0.069176 0.38219 0.30457 -0.0043232 -0.00016793 0.02708 0.034156 0.019932 0.0013411 0.075962 0.080163 0.086359 0.039456 0.19052 0.24753 -0.051608 0.023576 0.15595 0.13758
157.37 143.99 2.2552 5.6327 0.01018 0.024044 0.037517 0.037318 -0.027798 0.01725 0.044925 0.038378 -0.0027592 0.0096765 0.017995 0.019577 0.037005 0.011347 0.054527 0.023957 0.042922 0.050814 0.1126 0.10312 -0.090552 0.076735 0.16111 0.19676 -0.015888 0.018368 0.13856 0.12992 0.056563 0.013399 0.11706 0.067656 0.0060779 -0.023013 0.20246 0.21721 -0.04324 0.064643 0.53453 0.46671 -0.10487 0.014256 0.22046 0.16275 0.026556 0.01473 0.11837 0.076138 0.019829 -0.0295 0.039996 0.058126 -0.033364 -0.10719 0.20781 0.20761 -0.02965 -0.036372 0.059209 0.046572 0.00046372 -0.031156 0.026595 0.035285
140.3 148.46 1.6628 4.7759 0.0012536 0.001688 0.010702 0.012289 0.0030793 -0.0012915 0.044266 0.046975 -0.0065368 -0.00074244 0.032105 0.026761 0.037581 -0.015655 0.072724 0.045241 -0.014974 0.029452 0.059262 0.075908 -0.0045752 0.020209 0.069553 0.11574 -0.004098 0.015759 0.057436 0.064619 0.024175 0.0005977 0.13326 0.11707 -0.021772 -0.019068 0.056494 0.087843 0.099047 0.037309 0.16851 0.14844 0.047947 0.15821 0.30447 0.24258 0.028531 0.12357 0.30153 0.21495 -0.0027235 0.058835 0.053357 0.086401 0.023784 0.018616 0.14195 0.12638 0.14657 -0.056748 0.25522 0.22774 0.061284 -0.022593 0.46906 0.30609
172.33 150.48 2.2018 0.53909 0.11541 -0.052075 0.19041 0.19983 -0.087984 -0.039673 0.35295 0.43977 -0.059132 0.0095571 0.15885 0.17559 -0.013189 0.011615 0.034506 0.034776 0.010057 -0.011002 0.010057 0.013329 0.071803 0.03667 0.12461 0.27022 -0.03552 0.10538 0.16085 0.32071 0.012152 0.1022 0.071735 0.20059 0.001227 -1.2511e-05 0.001227 0.00042457 0.11818 -0.068935 0.1362 0.14711 0.089541 -0.034751 0.16835 0.22451 0.062137 0.032665 0.093876 0.18228 0 0 0 0 0.0066581 -0.0097317 0.0070166 0.0097317 0.051842 -0.060381 0.052384 0.064936 -0.0066139 -0.08886 0.040634 0.092166
99.984 164.57 1.8866 0.46988 -0.088503 -0.038197 0.20806 0.25029 -0.076495 -0.022771 0.18177 0.18986 -0.019605 -0.0029704 0.052195 0.078628 0.0023162 0.0048709 0.009588 0.0096395 -0.083734 -0.023422 0.21596 0.2326 -0.018415 0.10975 0.22374 0.25357 -0.057133 0.13717 0.11902 0.1632 0.011935 0.012329 0.075639 0.052823 -0.026624 -0.07761 0.22545 0.20552 0.061616 -0.12632 0.35879 0.33285 -0.067481 -0.087726 0.23224 0.20737 -0.04253 -0.011437 0.057389 0.027664 -0.01698 -0.016192 0.034644 0.032798 0.027323 -0.0063528 0.073939 0.046378 -0.012991 -0.03273 0.06306 0.04718 -0.0052215 -0.0054219 0.0069276 0.006401
109.36 166.45 1.9688 3.5617 0 -0 0 0 0.016634 -0.0026192 0.086571 0.051086 -0.019675 -0.012034 0.061179 0.04615 0.0089708 -0.0028676 0.058924 0.048042 0.027643 0.036931 0.04374 0.044955 -0.023717 0.062863 0.13803 0.13699 -0.015176 0.09879 0.088086 0.13863 0.039566 0.050807 0.14592 0.13791 0.079657 -0.010446 0.09802 0.053705 0.0022564 0.020426 0.32638 0.30859 -0.058743 0.019658 0.39185 0.41124 0.065594 0.032264 0.23579 0.22615 0.010219 -0.01867 0.028088 0.027698 0.01374 -0.056551 0.10423 0.14351 0.034479 0.00060332 0.14425 0.19757 0.1101 0.04395 0.17612 0.21177
66.062 170.83 2.0137 2.7576 -0.033491 -0.049334 0.18675 0.26495 0.001493 -0.0084464 0.080512 0.081864 0.042293 -0.16659 0.19789 0.5668 -0.057308 -0.16237 0.16452 0.28711 0.0096592 -0.038567 0.078393 0.099267 0.021127 0.052712 0.1683 0.36661 -0.04281 0.05355 0.13782 0.28188 -0.0050769 0.0013965 0.0067598 0.01535 0.0079917 -0.005241 0.0088802 0.0080854 0.018613 -0.092334 0.071404 0.16925 -0.016458 -0.04811 0.051786 0.11774 -0.0017657 -0.0016214 0.0019542 0.0047329 -0 0 0 0 -0 0 0 0 -0 0 0 0 -0 0 0 0
114.3 170.05 1.7843 3.5438 0 -0 0 0 0.051549 0.031362 0.069934 0.050354 -0.018338 0.019406 0.13744 0.084281 -0.0055722 -0.011791 0.084472 0.094792 0.0022712 0.009891 0.003032 0.009891 0.02874 0.012444 0.15179 0.084302 -0.04865 -0.014736 0.099912 0.054112 0.02623 0.025114 0.091644 0.087966 0.060831 0.033288 0.076378 0.042384 0.00060834 0.16985 0.23311 0.23287 -0.016002 0.15658 0.32122 0.33955 0.075163 0.10828 0.25291 0.2244 0.038912 -0.0093837 0.075087 0.039883 0.049408 -0.1109 0.18268 0.21268 0.0056592 -0.10499 0.25915 0.28279 0.10011 -0.0077657 0.2146 0.20089
67.881 174.14 1.9247 2.8524 0.020754 -0.049293 0.1507 0.23919 -0.08224 -0.0065531 0.14823 0.19028 0.07149 -0.067334 0.14323 0.34315 0.068712 -0.17243 0.21006 0.59071 0.011107 -0.041222 0.038881 0.070756 0.044305 0.0091173 0.14404 0.2278 -0.060088 0.072995 0.12397 0.28711 -0.018907 0.0093217 0.022591 0.03524 0.00026521 -0.0002251 0.00026521 0.00039024 0.034701 -0.051375 0.057332 0.09808 -0.031643 -0.082118 0.09505 0.22415 -0.013523 -0.0054933 0.016236 0.024099 -0 0 0 0 -0 0 0 0 -0 0 0 0 -0 0 0 0
86.362 180.13 1.9778 5.723 -0.0036482 0.019212 0.041844 0.073356 -0.008093 0.0028748 0.019186 0.025941 -0.0011099 -0.000103 0.0050821 0.0093659 0 0 0 0 -0.0031352 -0.018186 0.027404 0.048554 0.042549 0.036199 0.11301 0.16867 -0.038447 0.067938 0.10958 0.22288 -0.0027655 0.0025754 0.0037237 0.0050539 -0.039318 -0.007874 0.1209 0.17004 0.078722 0.061029 0.15042 0.24999 -0.035347 0.02033 0.10877 0.24345 -0.001492 0.00071957 0.0034752 0.0046905 -0.0042672 0.027248 0.16914 0.27121 0.19144 0.22507 0.38333 0.38606 -0.19468 0.11214 0.24482 0.25248 -0.028283 0.0058348 0.029038 0.024565
98.088 149.47 3.0148 5.4505 0.0035278 0.0041003 0.0038091 0.0043606 0.0017293 0.01088 0.027234 0.027971 0.016149 0.018351 0.025565 0.030246 -0.0071379 0.0098469 0.012831 0.016778 0.0020786 0.068984 0.12282 0.15764 -0.027859 0.070437 0.19655 0.16081 0.017269 0.010788 0.13513 0.096091 -0.021095 -0.0097897 0.047843 0.040403 0.055584 0.057401 0.37127 0.34204 -0.045707 0.068974 0.31733 0.32934 -0.066551 0.033803 0.15236 0.1496 -0.024051 0.0077151 0.038651 0.033327 0.089242 0.019656 0.2647 0.22755 -0.11463 0.10701 0.23631 0.28075 -0.038927 0.0082641 0.079296 0.12077 -0.0091552 0.015423 0.040126 0.052499
134.3 150.15 3.0045 4.6639 -0.0082968 0.0048532 0.014623 0.017452 -0.00068013 -0.00053256 0.01436 0.025024 0.043947 -0.028001 0.0574 0.051767 0.067615 -0.071725 0.12629 0.15727 -0.015559 0.017474 0.04615 0.049749 -0.0066745 0.023226 0.04002 0.054407 -0.0011237 0.012518 0.042235 0.041603 0.048457 -0.023132 0.12298 0.10483 -0.032398 0.01173 0.083288 0.075358 -0.011382 0.011615 0.075785 0.10477 0.1102 0.079308 0.19806 0.19056 -0.002936 0.10843 0.42242 0.22084 -0.01172 0.10299 0.07372 0.13283 0.014137 0.13416 0.097286 0.23555 0.035956 0.096269 0.23946 0.50532 -0.046168 -0.056061 0.23716 0.17613
163.53 149.96 2.841 0.43408 0.053695 -0.029779 0.17684 0.14724 -0.045766 0.013817 0.20583 0.24861 -0.04602 -0.0069835 0.070138 0.075661 -0.0017811 -0.00098973 0.014262 0.015717 0.079666 -0.023918 0.14117 0.19744 -0.088353 -0.090219 0.34503 0.45436 -0.050084 0.019482 0.11608 0.14664 0.022227 0.079391 0.042692 0.093846 0.0079262 -0.012517 0.0080998 0.013417 0.081153 -0.041713 0.13403 0.22451 0.085204 0.093471 0.16573 0.28424 -0.015038 -0.018747 0.17401 0.30986 1.7785e-05 -3.8366e-05 1.7785e-05 3.8366e-05 0.018403 -0.026379 0.019895 0.02657 0.021757 -0.090229 0.055272 0.099385 -0.022936 -0.059679 0.032908 0.062126
128.88 111.13 3.6643 1.6146 -0 0 0 0 -0 0 0 0 -0 0 0 0 -0 0 0 0 0.0077288 0.017054 0.0077487 0.017054 0.001345 0.12828 0.024923 0.12828 0.0087809 0.1705 0.031025 0.1705 -0.014498 0.06254 0.0173 0.06254 0.060188 0.071561 0.24891 0.20361 -0.0012825 -0.0078051 0.20773 0.51743 0.034288 -0.04955 0.12538 0.51256 -0.046533 0.025776 0.19497 0.24689 0.0018376 -0.036584 0.16781 0.11867 -0.023199 -0.050251 0.08136 0.10379 0.026981 -0.030649 0.049708 0.085176 -0.0031022 -0.032927 0.095943 0.074523
156.86 121.57 3.6649 2.4286 -0 0 0 0 -0 0 0 0 -0 0 0 0 -0 0 0 0 0.013097 0.02836 0.028189 0.029321 0.0013853 0.090231 0.11447 0.1329 -0.016141 0.070851 0.034337 0.07558 -0.0013878 0.0033458 0.0013878 0.0033458 -0.0065661 0.014497 0.16088 0.11892 0.034097 -0.040757 0.35717 0.39257 -0.0080751 0.046252 0.51972 0.46514 -0.063856 0.069025 0.099265 0.10617 -0.046259 -0.0089691 0.087378 0.035541 0.014971 -0.037684 0.05766 0.062296 0.046053 -0.049939 0.10587 0.11413 -0.001479 0.0097968 0.17266 0.15529
95.288 156.1 3.5011 4.9638 0.00037424 0.00011173 0.0038838 0.0030434 0.0019462 0.0013504 0.010594 0.010214 -0.0023802 0.013502 0.013982 0.016801 -0.0014589 0.0013471 0.0014589 0.0013471 0.0077232 0.0015642 0.011152 0.0048107 0.020359 0.026592 0.091401 0.04674 -0.019353 0.019306 0.13023 0.076304 -0.011139 0.0022327 0.024052 0.037062 0.044778 0.034335 0.077383 0.076586 0.04063 0.15776 0.35038 0.31252 -0.063795 0.062657 0.18313 0.1899 -0.022885 0.023878 0.058259 0.073735 0.054487 -0.016182 0.066549 0.042931 0.1219 -0.0056589 0.4482 0.33736 -0.068709 0.1523 0.18096 0.37493 -0.0034934 0.13546 0.1009 0.20786
94.684 104.51 5.1928 1.2724 0 0 0 0 0 0 0 0 0 0 0 0 0 0 0 0 0 0 0 0 0 0 0 0 0.00030539 -9.3937e-05 0.00030539 9.3937e-05 -0.0001228 0.00068784 0.0006996 0.00086526 0.053178 0.10457 0.13849 0.29789 -0.0058816 0.13911 0.29747 0.62727 -0.10521 0.085123 0.26722 0.32498 -0.019333 0.0063699 0.028663 0.031249 -0.021168 -0.03749 0.16456 0.23307 0.00096444 -0.092144 0.13108 0.17033 -0.043253 -0.052456 0.14229 0.12617 -0.0086062 -0.0039309 0.019317 0.015446
112.78 148.45 4.8384 4.4271 0.0021621 0.0015732 0.0036769 0.0024067 -0.0016412 0.0085363 0.011149 0.014733 0.042924 -0.012741 0.054247 0.059433 0.023366 -0.022056 0.11663 0.1858 0.010935 0.0024912 0.026589 0.014335 0.0076433 0.033887 0.094436 0.083368 0.010098 0.029271 0.058985 0.079867 0.049093 0.028255 0.21615 0.19135 0.044 0.0058079 0.067345 0.061042 0.069631 0.11854 0.28179 0.25479 0.024291 0.15874 0.22111 0.41107 -0.042085 -0.030958 0.29707 0.38863 0.017167 -0.011488 0.02368 0.022919 0.045293 -0.087545 0.12386 0.20551 -0.038467 -0.10346 0.11115 0.26122 -0.016052 -0.029918 0.029721 0.060846
103.7 169.5 4.9875 3.4416 0 -0 0 0 0.047962 -0.031338 0.060938 0.067339 -0.012844 -0.10785 0.10432 0.17002 0.089586 -0.0060121 0.22219 0.21657 -1.7509e-20 5.6612e-20 3.1827e-18 1.029e-17 0.018265 0.019227 0.04184 0.042459 0.040492 0.064253 0.10146 0.10486 0.20245 0.070801 0.36896 0.16385 0.0012766 0.00015976 0.0014115 0.00081572 0.01689 -0.014837 0.036789 0.059263 0.14125 -0.019267 0.22614 0.28449 0.060254 -0.034584 0.48273 0.37983 0.00044678 -7.3277e-05 0.0004804 0.00028822 0.0012702 -0.0017341 0.0033981 0.0086663 0.036222 -0.040804 0.099546 0.091066 -0.019002 -0.067227 0.10829 0.12035
172.96 184.9 5.0633 3.9999 0 -0 0 0 -2.7765e-18 3.8028e-17 2.7765e-18 3.8028e-17 -4.2224e-18 5.7832e-17 4.2224e-18 5.7832e-17 0 -0 0 0 0 -0 0 0 -0.0019729 0.011875 0.0026263 0.01191 -0.003043 0.012096 0.0039117 0.012101 -0.00019993 0.00017272 0.00019993 0.00017272 0.026564 -0.0039077 0.026564 0.017299 0.14309 -0.020568 0.23139 0.59175 -0.14991 0.043209 0.26684 0.47705 -0.03382 0.0088055 0.042771 0.034339 0.0015009 0.0047589 0.013262 0.014989 0.031093 -0.048746 0.056906 0.088607 0.045012 0.023134 0.33187 0.31792 -0.043784 0.011619 0.099786 0.071178
87.408 102.68 6.5403 1.0051 0 0 0 0 0 0 0 0 0 0 0 0 0 0 0 0 0 0 0 0 0 0 0 0 -0.00054992 0.0015161 0.00062316 0.0021286 -0.00015964 0.00023463 0.000166 0.00049497 0.037401 0.053292 0.066671 0.079371 0.080141 0.16029 0.44589 0.60171 -0.11942 0.058312 0.21285 0.28346 -0.0090805 -0.00047776 0.010113 0.0086575 0.042992 -0.0069567 0.17109 0.18363 -0.048982 -0.091807 0.249 0.29336 -0.041597 -0.046038 0.10294 0.10053 -0.0050682 6.7985e-05 0.0069265 0.0067408
103.91 126.27 10.436 1.4974 0 0 0 0 0 0 0 0 0 0 0 0 0 0 0 0 0.044178 0.044341 0.05309 0.068212 0.029233 0.16849 0.19357 0.56662 -0.072538 0.058829 0.11146 0.19689 -0.0008676 3.7442e-05 0.0008676 0.00038212 0.069963 0.010197 0.24886 0.22993 -0.036891 -0.1014 0.31106 0.50007 -0.066846 -0.052792 0.11758 0.14964 -0.0010502 -0.0001199 0.0011397 0.00047391 0.0152 -0.025879 0.063956 0.064798 -0.022558 -0.024398 0.065026 0.067795 -0.0012269 -0.0032572 0.0051656 0.0037769 -1.7829e-05 -1.8296e-05 5.6205e-05 3.4025e-05
151.32 126.66 10.399 1.9794 -0 0 0 0 -0 0 0 0 -0 0 0 0 -0 0 0 0 0.00089033 0.00038544 0.00089033 0.00038544 0.080101 0.067606 0.11039 0.17011 -0.04407 0.16078 0.19754 0.39233 -0.021285 0.025879 0.028194 0.040612 0.046953 0.0039764 0.046953 0.016481 0.026229 -0.030492 0.4593 0.34536 -0.0042283 -0.11521 0.34028 0.47576 -0.056504 -0.014096 0.083874 0.094472 0.0050252 -0.00069655 0.0050252 0.0014165 -0.0052852 -0.036 0.07567 0.053993 -0.0024532 -0.021481 0.029528 0.02833 -0.0034403 -0.0050603 0.0043223 0.0059517
108.38 126.52 13.046 1.5316 0 0 0 0 0 0 0 0 0 0 0 0 0 0 0 0 0.017571 0.007749 0.017571 0.022583 0.058383 0.14464 0.21548 0.55217 -0.078316 0.06031 0.11661 0.23158 -2.7836e-05 1.1651e-05 8.0155e-05 0.00010144 0.07452 -0.0024588 0.12273 0.091931 -0.016633 -0.10491 0.4234 0.52667 -0.060953 -0.052052 0.11532 0.15816 -6.1393e-05 -5.014e-06 0.00018894 0.0002593 0.01029 -0.0067962 0.013404 0.011466 -0.0079363 -0.019658 0.044424 0.039056 -0.00041503 -0.00098573 0.0019007 0.0012791 -1.0661e-05 -9.8479e-06 2.9913e-05 2.839e-05
127.3 160.74 13.423 4.8237 0 0 0 0 9.5485e-19 1.0674e-19 2.2531e-17 2.5186e-18 -1.6459e-18 -1.8399e-19 4.7423e-18 5.3012e-19 0 0 0 0 0.002996 0.00054705 0.0033268 0.00058403 0.0059658 0.071719 0.07085 0.073403 -0.015702 0.090237 0.36359 0.27246 -0.024006 0.0043016 0.028955 0.016358 0.016223 0.0011639 0.016324 0.0020405 0.094789 -0.032527 0.37094 0.47606 -0.13844 -0.065964 0.39986 0.44873 -0.0184 -0.0055503 0.023108 0.010763 0.00022524 -3.9143e-05 0.00023028 3.9143e-05 0.0080337 -0.038297 0.031004 0.052228 -0.0095745 -0.023753 0.0186 0.032631 -0.00019254 -0.00017178 0.00019254 0.00017178
