46 64
116.34 112.37 1.6841 1.7807 -0 0 0 0 -0 0 0 0 -0 0 0 0 -0 0 0 0 -0.036759 0.12701 0.050173 0.14405 0.026459 0.19717 0.068629 0.20632 -0.039235 0.23777 0.074702 0.24972 -0.016838 0.035421 0.016838 0.035421 -0.0005457 -0.061749 0.093618 0.20376 0.020046 -0.061132 0.14571 0.35248 0.062152 -0.080157 0.21804 0.52405 -0.12466 0.038983 0.19251 0.23244 0.0042073 -0.022356 0.028194 0.040193 0.013419 -0.052874 0.09432 0.12341 0.027578 -0.061366 0.1224 0.16163 -0.0059944 -0.035249 0.12066 0.08654
73.347 118.92 2.3275 0.94613 0 0 0 0 0 0 0 0 0 0 0 0 0 0 0 0 0 0 0 0 0.048547 0.075062 0.071022 0.1086 -0.047103 0.053927 0.070377 0.085004 -0.0009913 0.00045995 0.0009913 0.00045995 -0.0099435 0.094459 0.10448 0.10534 0.024622 0.059151 0.31318 0.22504 -0.058529 -0.025424 0.18259 0.12564 -0.0042927 0.0008585 0.0066879 0.0025432 -0.055553 0.028915 0.33965 0.24484 -0.13003 0.083734 0.4981 0.45554 -0.11338 0.034304 0.18517 0.11662 -0.0025699 0.00090622 0.0047541 0.0031339
134.18 122.91 1.9602 4.8425 -0.011598 -0.016013 0.039557 0.043502 0.0078295 -0.016125 0.057375 0.067506 0.031105 -0.054617 0.062818 0.095762 -0.021143 -0.0062271 0.063313 0.05013 -0.0032236 0.07908 0.081706 0.13138 -0.018299 0.13102 0.0803 0.14262 0.0020738 0.10319 0.081948 0.15232 0.011393 0.031611 0.14487 0.12145 -0.024982 -0.065804 0.11711 0.23589 0.041378 -0.056833 0.15227 0.37951 0.017024 -0.056834 0.18095 0.63831 -0.092426 -0.059053 0.14618 0.25428 -0.0057498 -0.033651 0.011793 0.034979 0.0095443 -0.053212 0.017142 0.055231 -0.0024691 -0.077318 0.019071 0.088136 -0.0071455 -0.018943 0.0076333 0.01955
156.2 121.79 2.1548 2.4249 -0.00084718 0.00043575 0.00096044 0.00051169 -0 0 0 0 -0 0 0 0 -0 0 0 0 2.0542e-05 0.05896 0.053947 0.086608 -0.015337 0.095845 0.055621 0.11114 -0.0133 0.065681 0.021907 0.065681 -0.0015852 0.0059206 0.0015852 0.0059206 0.037645 -0.007238 0.18891 0.16102 -0.026276 -0.010833 0.30132 0.33205 0.1058 0.089962 0.39053 0.50859 -0.10792 0.13479 0.20875 0.28563 0.018933 -0.004227 0.056724 0.047351 -0.011618 0.002127 0.12261 0.095643 0.045963 -0.075206 0.10452 0.11768 0.024418 -0.048856 0.13448 0.13318
75.767 125.7 1.9217 4.6494 0.00014177 -0.00012722 0.00014177 0.00012722 0.01016 0.0024123 0.012194 0.012023 0.048994 0.041707 0.21874 0.14468 -0.0048836 0.020485 0.12499 0.075286 0 -0 0 0 0.011586 0.020949 0.073856 0.054793 0.22608 -0.027922 0.46083 0.28331 -0.04849 0.0554 0.431 0.22523 0.0076143 0.00012156 0.0076143 0.0024262 0.044612 0.0019012 0.14535 0.16949 0.040679 -0.081275 0.21719 0.18017 0.12245 -0.096638 0.33096 0.17952 0.0007015 -8.4753e-05 0.0007015 0.00025522 0.0056469 -0.023992 0.018613 0.028234 -0.0082307 -0.012185 0.013387 0.013842 0.016414 -0.016476 0.019113 0.016821
145.37 126.21 1.9738 4.734 0.024903 -0.017122 0.050584 0.062541 0.0091127 -0.048307 0.072385 0.091149 -0.015439 0.016758 0.10727 0.067386 0.0016898 0.031054 0.078365 0.065927 0.00056596 0.025357 0.045146 0.051566 0.020612 0.023679 0.078463 0.1162 0.062777 0.021202 0.27317 0.16329 -0.035883 -0.030348 0.21613 0.13931 0.018299 0.048753 0.091148 0.20657 0.019046 0.072975 0.19989 0.58029 -0.13794 -0.053866 0.2673 0.3999 -0.023901 -0.033532 0.046394 0.043402 0.0055516 -0.057187 0.022215 0.076666 -0.010366 -0.11025 0.041746 0.15654 -0.023103 -0.041038 0.025657 0.049761 -0.00048434 -0.00056747 0.00048434 0.00056747
94.225 130.74 2.1016 3.6351 0.024149 -0.0036414 0.040261 0.023299 0.038586 -0.020788 0.12442 0.097498 -0.021075 0.017067 0.11833 0.078829 0.029917 0.027099 0.14392 0.11506 0.0093713 0.019084 0.086104 0.08643 0.03833 -0.020536 0.1667 0.16712 0.053542 0.036707 0.19679 0.17961 0.10076 0.071155 0.31104 0.2654 0.027201 -0.021085 0.099587 0.10114 0.056823 0.047382 0.22439 0.39374 -0.015174 -0.029406 0.26991 0.39757 -0.021478 -0.13501 0.15929 0.20958 0.0069229 -0.0073063 0.017559 0.011029 0.021291 -0.033345 0.098782 0.099655 -0.026151 -0.016353 0.063326 0.065117 -0.0014468 -0.0055937 0.0028891 0.0065022
123.43 133.44 2.1105 4.7695 -0.0048507 0.049621 0.070766 0.084515 -0.028467 0.014254 0.064299 0.090419 0.046754 0.016203 0.082461 0.13437 0.0091807 0.043562 0.090235 0.10428 -0.037719 -0.060804 0.097227 0.13919 -0.040081 -0.031248 0.1269 0.15381 0.028856 -0.044116 0.13564 0.16525 0.034591 -0.077233 0.084893 0.1226 -0.023697 0.046809 0.18256 0.25193 -0.012811 0.10606 0.17535 0.23651 -0.0077146 0.14142 0.1101 0.17424 0.0095835 0.087491 0.071224 0.13069 -0.014879 0.023865 0.11666 0.3176 -0.032059 0.01461 0.16197 0.30576 0.017924 -0.047815 0.11626 0.31397 0.015227 -0.020844 0.10344 0.34231
147.55 134.1 1.7015 3.5045 0.0011999 0.0017678 0.0028712 0.0034374 0.051971 0.018706 0.088711 0.087728 -0.019739 0.052939 0.17661 0.20455 -0.023544 0.011213 0.029972 0.021928 0.032118 0.062313 0.056589 0.067925 0.0098825 0.056833 0.11953 0.19498 0.025796 -0.010065 0.26671 0.39873 -0.053771 0.0229 0.088841 0.07693 0.018107 -0.028613 0.12679 0.11991 -0.064428 -0.055259 0.15271 0.11722 0.22101 0.049447 0.31166 0.23129 -0.11859 0.077582 0.34763 0.12504 -0.0034987 -0.024857 0.073121 0.053669 0.0021751 -0.0026617 0.059809 0.049214 0.1727 0.027857 0.20182 0.10464 -0.092239 -0.035188 0.20222 0.066784
153.41 138.34 2.1818 5.9196 -0.034795 0.019196 0.047049 0.042195 0.088052 0.00069451 0.12772 0.093408 -0.077472 -0.0076022 0.13835 0.097496 -0.01374 -0.0020099 0.029224 0.016711 -0.11914 0.072236 0.24783 0.19152 -0.0079189 -0.0026066 0.17967 0.21171 -0.084014 -0.047853 0.15775 0.12566 -0.009969 -0.00076103 0.014267 0.0094734 0.011699 -0.098212 0.19407 0.2346 -0.052115 0.021502 0.31158 0.51304 -0.094578 0.042345 0.26578 0.2275 -0.01318 0.0022907 0.023197 0.0086761 0.010092 -0.012909 0.010708 0.018138 0.026531 -0.072056 0.088854 0.13331 -0.032791 -0.017154 0.16548 0.13578 -0.010378 0.004661 0.027933 0.015895
71.585 152.35 1.9172 1.2225 -0.12295 -0.00026214 0.32624 0.19979 -0.026998 -0.0019337 0.051385 0.030516 0 0 0 0 0 0 0 0 -0.10695 -0.055892 0.48215 0.27883 -0.044297 0.047858 0.15051 0.098306 -0.016917 0.024608 0.0292 0.02673 -0.00014222 5.1643e-05 0.00014222 5.1643e-05 0.050286 -0.010793 0.28303 0.27623 -0.043 0.023581 0.28674 0.27755 -0.076683 0.013085 0.16887 0.070102 -0.0069084 0.00067901 0.0069084 0.0013464 0.023311 -0.0090539 0.19792 0.096448 -0.057304 0.0045783 0.19237 0.10626 -0.03966 -0.021025 0.075519 0.041354 -0.0008089 -4.9979e-05 0.0008089 0.00013109
88.348 156.47 2.1029 2.0191 0.024534 -0.095444 0.14184 0.16614 -0.052665 -0.12471 0.16029 0.1908 0.099748 -0.010346 0.33336 0.20704 -0.067702 -0.078394 0.19439 0.15721 -0.035416 0.0019488 0.10099 0.1257 0.032394 0.046034 0.13735 0.15184 -0.0012626 0.022585 0.35123 0.32177 -0.035071 -0.008439 0.078077 0.073917 -0.040126 -0.011777 0.11895 0.098364 -0.0093682 -0.00040585 0.32594 0.20733 -0.025599 -0.013719 0.2508 0.16411 -0.026232 0.0052314 0.079442 0.050729 0.0046242 -0.01769 0.051274 0.041004 -0.024939 -0.041973 0.10643 0.091915 -0.0060996 -0.032842 0.061867 0.063607 -0.009614 -0.0096651 0.026316 0.020153
82.267 161.32 1.9638 3.5448 0.029254 0.0097796 0.046529 0.039825 -0.0015065 0.057475 0.10409 0.17258 -0.021393 0.0019471 0.14047 0.13652 0.045024 -0.0064571 0.108 0.060649 0.056864 -0.025937 0.061545 0.041759 0.048472 -0.060381 0.19093 0.29951 -0.043457 0.00085646 0.33503 0.40072 -0.0053196 0.058132 0.19385 0.17356 0.017754 -0.0054352 0.019171 0.011546 0.06336 -0.030538 0.13494 0.18711 -0.035506 -0.064787 0.22043 0.29368 0.06404 -0.079711 0.28648 0.31336 0.0019875 -0.0010011 0.0019875 0.0010058 0.024904 -0.038465 0.042317 0.068889 -0.014319 -0.029816 0.037475 0.047065 0.023027 -0.025289 0.045898 0.032305
137.75 163.95 2.1621 4.342 0.029066 0.01332 0.033268 0.023091 -0.0037813 0.044859 0.079688 0.09041 -0.028549 0.016738 0.032585 0.022304 -0.0012624 0.0011353 0.0029653 0.0018552 0.012921 0.025188 0.10858 0.12475 -0.0035749 -0.065437 0.11825 0.18335 -0.038564 -0.0063495 0.083216 0.10321 -0.0044338 -0.0022527 0.031475 0.020595 0.033831 0.070129 0.15979 0.24307 -0.034888 0.087953 0.26502 0.32869 -0.015244 0.20575 0.15913 0.31413 -0.019509 0.064048 0.033724 0.077228 -0.016027 -0.042496 0.09399 0.15574 0.041596 -0.026856 0.21349 0.23875 0.074746 0.11594 0.30197 0.33153 -0.094098 0.061098 0.14085 0.16949
92.945 171.77 1.885 3.3146 0.02639 -0.0039645 0.026489 0.010868 0.087716 -0.0013756 0.15039 0.15375 -0.079343 0.031186 0.15653 0.14905 0.0099819 -0.031413 0.22384 0.10666 0.0048656 0.006265 0.014675 0.011539 0.076936 -0.045586 0.1241 0.1927 -0.0068578 -0.081825 0.18785 0.2871 -0.052661 -0.026216 0.16128 0.12025 0.0076231 -0.0049189 0.023822 0.01931 0.10173 -0.027721 0.14725 0.2122 0.0098201 -0.014612 0.19176 0.51369 -0.037673 0.031489 0.22739 0.26787 0.00010901 -0.00027458 0.00013666 0.00027458 0.035945 -0.033366 0.048292 0.0482 0.036978 -0.034957 0.096451 0.15426 -0.015712 -0.034598 0.13287 0.17636
115.58 177.55 2.164 3.2946 0 -0 0 0 0.043157 -0.019861 0.044062 0.036294 -0.012086 -0.047963 0.18992 0.15557 0.0087813 0.037766 0.14664 0.078266 0 -0 0 0 0.01215 0.036012 0.034843 0.056605 0.070901 0.0065939 0.30179 0.22014 0.10456 0.0033271 0.42045 0.16909 0.015768 0.00025646 0.015876 0.0064375 0.14148 0.10344 0.19158 0.17814 -0.085647 0.14633 0.21129 0.22494 0.086123 -0.012057 0.38309 0.15917 0.0023137 -0.00093541 0.0023601 0.0011027 0.094168 -0.07781 0.1095 0.10503 -0.010906 -0.08678 0.13597 0.18929 -0.024671 -0.028168 0.14254 0.10417
142.12 118.03 2.9941 1.8128 -0 0 0 0 -0 0 0 0 -0 0 0 0 -0 0 0 0 0.0068046 0.020534 0.0078307 0.020534 0.094226 0.1821 0.1091 0.34415 -0.049326 0.18734 0.084581 0.30961 -0.0019599 0.12458 0.033476 0.13641 0.045981 0.018735 0.23738 0.1644 0.027225 -0.077262 0.27793 0.38233 0.012281 -0.15632 0.13065 0.35838 0.045428 -0.067792 0.1063 0.27985 0.017415 -0.028854 0.064089 0.0471 0.0049546 -0.0053306 0.13368 0.11755 -0.033566 0.0050174 0.086926 0.10033 0.027151 0.0091467 0.058342 0.079511
86.381 128.42 2.8643 0.51139 0 0 0 0 0.0092293 0.01491 0.030879 0.032575 -0.0096036 0.0086213 0.018989 0.020069 -9.6432e-05 4.6796e-05 9.6432e-05 4.6796e-05 0.0054637 0.033237 0.012026 0.033237 0.043379 0.12251 0.14435 0.22255 -0.063772 0.07895 0.12223 0.12907 -0.0016664 0.0067355 0.010607 0.011186 0.050361 0.095566 0.3688 0.34695 -0.086509 0.00099562 0.31124 0.41723 -0.068754 -0.012823 0.19188 0.2972 -0.00068029 0.012753 0.080754 0.10273 -0.041783 -0.051125 0.24283 0.13684 0.023023 -0.043554 0.18588 0.14067 -0.057246 -0.0060269 0.12747 0.091779 0.0053027 -0.0008269 0.043762 0.049217
112.31 132.23 2.7048 4.5385 -0.004504 -0.0024786 0.039823 0.032283 0.0089092 0.017355 0.053962 0.10038 0.008013 -0.0047456 0.068431 0.1044 0.0031382 0.028814 0.066018 0.08995 0.012858 0.025679 0.1196 0.082211 -0.013785 -0.0016111 0.17182 0.17917 -0.02162 -0.0039288 0.12614 0.11125 0.021871 -0.017415 0.080366 0.10846 0.037562 -0.0050536 0.20146 0.13666 0.019814 0.17291 0.26352 0.35934 0.0096263 0.17498 0.21526 0.38465 0.034235 0.0072735 0.11954 0.36122 0.013819 -0.023094 0.034058 0.031027 0.040082 -0.11331 0.094248 0.25659 -0.050876 -0.10505 0.080793 0.21239 -0.0091842 -0.044145 0.016594 0.058351
133.2 133.05 2.9263 4.8397 0.0020991 0.021376 0.043059 0.06154 0.01028 -0.0014026 0.057335 0.10019 -0.018714 0.047651 0.082718 0.090282 -0.0063075 0.0059185 0.0094281 0.010615 -0.033102 -0.001555 0.10188 0.12421 0.025777 -0.01158 0.13256 0.12536 0.012931 -0.029029 0.17525 0.17849 -0.013933 0.049014 0.12767 0.088268 -0.028715 0.083299 0.14216 0.32544 0.011385 0.12998 0.1454 0.35856 -0.0062361 0.11571 0.21184 0.49272 -0.043707 -0.038355 0.22441 0.17895 -0.0025672 -0.078553 0.041794 0.15357 0.010869 -0.08513 0.044523 0.15598 -0.020596 -0.09404 0.056296 0.21139 -0.014159 -0.017712 0.018003 0.026724
92.308 137.76 2.8815 3.5977 -0.0029973 -0.0064192 0.035251 0.035835 0.040426 -0.0019901 0.1056 0.07754 -0.020829 0.040419 0.13319 0.11053 0.076414 0.036458 0.13437 0.079206 -0.0052877 0.0073705 0.070942 0.080856 0.06102 0.0087951 0.16184 0.16256 0.040589 -0.0015288 0.24762 0.24665 0.080224 0.046494 0.43212 0.30028 0.0036087 -0.016567 0.040516 0.050113 0.075541 -0.039008 0.13826 0.21594 0.0011576 -0.051818 0.24945 0.45082 -0.027298 -0.11188 0.15495 0.19938 3.9154e-05 -0.0016535 0.0014129 0.0024573 0.012234 -0.01245 0.018349 0.021622 -0.0049578 -0.02926 0.08088 0.080201 -0.0066829 -0.0027434 0.0078653 0.0079082
137.8 144.59 3.1395 4.057 0.0017559 2.6345e-05 0.03187 0.032831 -0.010112 0.0030744 0.023958 0.028415 0.0036713 0.0036049 0.0068801 0.0075585 0.0069177 0.023024 0.018977 0.039497 -0.0019064 0.013641 0.094858 0.093174 0.061144 0.084529 0.16984 0.20437 -0.032885 0.10525 0.16403 0.22652 0.0037616 0.04183 0.22368 0.21163 -0.0054264 0.01863 0.10043 0.12029 0.047456 -0.059669 0.18792 0.20002 0.057988 0.00058191 0.23071 0.26174 -0.070494 0.033771 0.33066 0.26366 -0.0092379 -0.00089166 0.10084 0.084901 0.019638 0.049594 0.14276 0.13925 0.086662 0.035615 0.25994 0.29386 -0.08832 -0.070396 0.17509 0.15855
114.6 156.18 2.8278 1.5324 -0.035596 -0.014537 0.10418 0.16643 0.026768 -0.033772 0.19097 0.22073 -0.0010365 0.00045375 0.23685 0.27858 -0.016584 -0.04085 0.22133 0.12969 -0.034659 -0.054959 0.22064 0.2422 0.0084322 0.023187 0.21624 0.33851 -0.043102 -0.098523 0.23031 0.3226 0.00515 -0.01418 0.16712 0.12212 0.02465 -0.015461 0.082549 0.10931 0.0031906 -0.038842 0.11748 0.23485 -0.012829 0.024261 0.13064 0.17904 0.00082001 -0.0029352 0.1371 0.061728 0.0025937 -0.011821 0.044664 0.045996 0.00097225 -0.02034 0.040985 0.047314 -3.5388e-05 -0.037042 0.080154 0.068262 -0.0089375 -0.016684 0.041197 0.022807
114.51 164.5 2.4813 4.7425 0.039358 0.033396 0.053218 0.04321 -0.049701 0.044151 0.09111 0.069742 -0.0097901 0.033129 0.039921 0.041989 0.026768 0.019587 0.043594 0.051127 0.049214 -0.014109 0.11769 0.078876 -0.067771 -0.057164 0.14894 0.14043 0.0029245 -0.0057033 0.18428 0.23208 0.0037473 -0.006425 0.085705 0.13332 0.0093066 -0.03323 0.094413 0.10864 0.045596 0.00382 0.1585 0.344 0.007559 0.029932 0.20831 0.48466 -0.048134 0.010113 0.1267 0.21134 0.04533 0.061088 0.077989 0.10059 -0.034509 0.1003 0.20425 0.24534 -0.017051 -0.037897 0.1013 0.20703 0.087524 0.045711 0.16118 0.20936
130.47 168.2 2.5139 4.3664 0.00010959 -4.1581e-05 0.00011092 4.1581e-05 0.010302 0.011633 0.012268 0.011731 -0.0076804 0.025285 0.019813 0.025285 -0.00084919 0.00055111 0.00090968 0.00055111 -0.0092237 0.054329 0.075991 0.067036 0.037066 0.03453 0.11748 0.14389 -0.049343 -0.0062257 0.13819 0.17053 -0.0091303 0.0016047 0.021359 0.017639 0.0029154 -0.017636 0.13779 0.12324 0.011868 0.038783 0.22339 0.38086 0.035008 0.12196 0.31001 0.37725 -0.039498 0.11607 0.10741 0.14448 0.029267 0.01883 0.09254 0.09839 -0.046458 0.063335 0.18334 0.26871 0.092311 -0.08031 0.25291 0.27318 -0.0041158 -0.044564 0.17954 0.20869
86.262 169.86 2.4857 3.3045 0.012069 -0.004523 0.012619 0.0086293 0.072725 -0.098883 0.10577 0.13906 -0.020962 -0.034288 0.13492 0.16901 -0.036518 -0.022815 0.10199 0.05946 0.015431 -0.0012603 0.038629 0.029475 0.087177 0.039747 0.1431 0.23823 0.017818 0.050257 0.17267 0.53585 -0.060532 0.068822 0.17827 0.19901 0.0020862 -0.0044667 0.0051914 0.0048107 0.070175 -0.065791 0.094834 0.11214 0.055024 -0.066849 0.17191 0.37008 -0.0072087 -0.030955 0.24754 0.30366 2.1809e-05 -4.7531e-05 9.4091e-05 4.7531e-05 0.017346 -0.0082878 0.022085 0.017419 0.029249 -0.029656 0.075712 0.14635 -0.024226 -0.024405 0.059383 0.084245
86.854 116.54 3.454 0.79213 0 0 0 0 0 0 0 0 5.7883e-05 0.0080773 0.0019749 0.0080773 -0.00030067 0.0015167 0.00047484 0.0015167 0.00042826 0.0012473 0.00042826 0.0012473 0.0029636 0.021982 0.010792 0.021982 -0.0051313 0.024268 0.10457 0.097257 -0.01135 0.0019968 0.020827 0.017633 0.11038 0.12985 0.23986 0.29104 -0.068784 0.093861 0.37818 0.5005 -0.041704 -0.014124 0.28375 0.34949 -0.031854 0.013867 0.060341 0.051691 0.0035031 -0.021051 0.20083 0.16087 -0.015798 -0.055195 0.18824 0.18553 -0.029339 -0.011443 0.14415 0.12968 -0.0032057 -0.00071104 0.066735 0.059552
157.18 119.9 3.3824 2.3076 -0 0 0 0 -0 0 0 0 -0 0 0 0 -0 0 0 0 -0.0079061 0.026523 0.048482 0.035743 -0.0088657 0.075308 0.030119 0.075308 -0.0045475 0.069371 0.0075064 0.069371 -0.00035653 0.0029245 0.00035653 0.0029245 0.049434 -0.014131 0.13265 0.095441 -0.0010333 0.024694 0.32702 0.3264 0.067599 0.022861 0.38618 0.6119 -0.098312 0.092506 0.16644 0.21674 0.01771 -0.010096 0.025355 0.015203 0.011675 0.019083 0.15022 0.11332 0.0059883 -0.044662 0.11493 0.13907 0.030106 -0.035419 0.10399 0.15429
92.407 138.42 3.4462 3.5977 -0.0029973 -0.0064192 0.035251 0.035835 0.040426 -0.0019901 0.1056 0.07754 -0.020829 0.040419 0.13319 0.11053 0.076414 0.036458 0.13437 0.079206 -0.0052877 0.0073705 0.070942 0.080856 0.06102 0.0087951 0.16184 0.16256 0.040589 -0.0015288 0.24762 0.24665 0.080224 0.046494 0.43212 0.30028 0.0036087 -0.016567 0.040516 0.050113 0.075541 -0.039008 0.13826 0.21594 0.0011576 -0.051818 0.24945 0.45082 -0.027298 -0.11188 0.15495 0.19938 3.9154e-05 -0.0016535 0.0014129 0.0024573 0.012234 -0.01245 0.018349 0.021622 -0.0049578 -0.02926 0.08088 0.080201 -0.0066829 -0.0027434 0.0078653 0.0079082
105.48 140.96 3.6203 5.5391 0.0031649 0.0035188 0.003467 0.0038782 0.016418 0.01057 0.048327 0.063963 -0.00032644 0.0084371 0.058054 0.06649 -0.0091558 0.010141 0.018581 0.024492 0.025866 0.022529 0.12384 0.093927 0.0026973 0.065344 0.21552 0.22342 -0.0057674 0.035431 0.15055 0.16285 -0.015475 0.0077034 0.064738 0.072228 0.116 0.003594 0.22328 0.13279 -0.061217 0.059803 0.42312 0.34485 -0.0033184 -0.019044 0.1844 0.1924 -0.035927 0.021489 0.10942 0.10103 0.037795 -0.026514 0.054631 0.041099 0.056455 -0.077086 0.2601 0.27748 -0.024132 0.084336 0.25695 0.24886 -0.033759 0.017332 0.1032 0.090084
137.91 144.36 3.458 1.3021 0.06787 0.027047 0.1154 0.1382 -0.023444 -0.05467 0.22585 0.44145 -0.034925 -0.11589 0.14396 0.22758 0.008645 -0.03818 0.11099 0.153 0.021068 -0.026944 0.30769 0.203 -0.03221 0.044731 0.24408 0.26451 -0.065042 0.039898 0.18267 0.17943 0.03251 -0.03196 0.11373 0.13802 -0.0060546 -0.055333 0.08505 0.078123 0.058603 -0.12244 0.1265 0.19803 -0.025383 -0.078922 0.1706 0.22688 -0.0030873 -0.010702 0.06784 0.14161 0.00014393 -0.00017222 0.0012128 0.00043045 0.0087353 -0.0057824 0.014981 0.017647 0.0061411 0.0039799 0.052928 0.069072 -0.0012548 -0.011208 0.029747 0.041361
121.89 147.73 3.7779 4.1161 0.0011456 0.011662 0.010025 0.012698 0.0047959 0.014569 0.037798 0.044003 -0.0092492 0.0093747 0.01995 0.027998 0.0054117 0.013692 0.0095807 0.015385 0.0047618 0.0054328 0.067323 0.054053 -0.010416 0.0070947 0.11885 0.14793 0.046386 -0.0065521 0.18845 0.22611 -0.020376 0.036459 0.18417 0.18569 0.00040161 0.0060531 0.093393 0.067271 -0.0035953 0.032945 0.22012 0.21664 0.052244 0.071299 0.22315 0.2439 -0.027226 0.013357 0.31786 0.33415 0.033136 -0.0065398 0.076022 0.062678 0.062725 -0.024312 0.22681 0.25838 -0.0076017 -0.011217 0.2734 0.35656 -0.032139 -0.044109 0.071974 0.084722
119.84 159.61 3.6233 4.614 0.0042641 0.0064534 0.0078327 0.0066039 -0.0034658 0.021968 0.01694 0.021968 0.0027981 0.018658 0.025928 0.028626 -0.0029577 0.0031612 0.0048638 0.0043596 0.02007 0.017207 0.08059 0.045974 -0.0049355 0.024221 0.11627 0.15272 -0.022159 0.027629 0.11279 0.16639 -0.011103 0.0013068 0.018321 0.022066 0.013771 0.010448 0.11066 0.083526 -0.011112 0.045924 0.21574 0.2757 0.054825 -0.0011908 0.26133 0.29742 -0.029824 0.072063 0.17796 0.16002 0.038214 0.023087 0.2035 0.13617 -0.014255 0.15404 0.21845 0.30517 0.0413 0.11464 0.15181 0.3703 -0.0368 0.0036096 0.23045 0.28921
106.27 175.86 3.6661 3.7795 0 -0 0 0 0 -0 0 0 0.024359 0.0086673 0.055321 0.06845 -0.009526 0.012324 0.032669 0.039565 -7.2555e-06 9.7877e-06 7.2555e-06 9.7877e-06 0.043922 0.04484 0.083123 0.074148 0.061272 0.070038 0.24244 0.1732 0.08522 0.049671 0.26476 0.25153 0.0023669 -0.001631 0.0032599 0.0031939 0.084177 0.010637 0.17245 0.16965 0.071717 -0.034755 0.30064 0.25788 -0.024993 0.066919 0.32514 0.28209 0.00021738 -0.00026446 0.00022435 0.00027387 0.035872 -0.020855 0.082677 0.080346 0.060643 0.0062216 0.22941 0.23579 0.056556 0.027562 0.28589 0.31592
136.7 175.89 3.487 3.8589 0 -0 0 0 0 -0 0 0 0 -0 0 0 0 -0 0 0 0 -0 0 0 0.061808 0.046708 0.074056 0.11915 -0.053836 0.051292 0.098662 0.13331 -0.0022518 0.0024117 0.013699 0.013684 0.010175 0.047457 0.035774 0.047986 0.066361 0.028219 0.21828 0.18822 -0.014604 0.092578 0.30761 0.28662 0.045022 0.24678 0.18981 0.30698 0.02231 0.0093674 0.10645 0.089557 0.021333 0.034741 0.2527 0.22298 0.01562 -0.023068 0.34237 0.25628 0.0098653 -0.083188 0.2473 0.28444
120.81 132.57 5.3437 4.7489 0.0061988 0.0043244 0.038936 0.017879 0.0010464 0.007004 0.05579 0.058382 -0.013379 0.012156 0.044099 0.06323 -0.0031603 0.00080747 0.0048153 0.0054998 0.027675 0.027367 0.12933 0.069167 -0.023916 0.036677 0.18488 0.21909 0.0019187 0.020588 0.20264 0.19516 -0.029149 0.039204 0.12759 0.0913 0.063165 -0.030524 0.15422 0.11662 -0.0016522 -0.029722 0.21684 0.55532 -0.023369 -0.039498 0.20479 0.52715 -0.051887 -0.037576 0.11823 0.13358 0.0052311 -0.0061299 0.0061733 0.0079367 0.00069733 -0.048528 0.021112 0.078309 -0.0059251 -0.045065 0.017065 0.058965 -0.0029715 -0.0058856 0.0035718 0.0068817
152.3 148.03 5.0233 4.3334 0.003298 0.0058129 0.0064767 0.0071888 -0.0024512 0.0068138 0.007436 0.008104 2.6159e-17 -1.2488e-17 2.9048e-16 2.8588e-16 -1.0826e-17 4.0216e-17 7.7253e-17 9.136e-17 0.0032583 0.017777 0.073534 0.083178 -0.021197 0.074883 0.095112 0.13009 -0.011126 0.058398 0.048276 0.06704 -0.0046138 0.0044084 0.010891 0.0088071 -0.0014157 0.0081327 0.14589 0.1603 0.065262 0.074282 0.28234 0.38943 -0.1023 0.071739 0.37634 0.29213 -0.014225 -0.0010439 0.018535 0.014807 0.028349 0.0062231 0.152 0.25993 -0.040232 -0.07403 0.22841 0.46364 -0.066861 -0.067174 0.11956 0.15441 -0.00053104 -0.00028341 0.00053104 0.00030262
96.403 154.06 5.1891 5.39 0.00044411 0.00035741 0.00044411 0.00035741 0.0030889 0.0088095 0.0048326 0.0090301 -0.002077 0.0062372 0.0074277 0.0091424 -0.00022799 8.0165e-05 0.00022799 0.00023986 0.010764 0.0085091 0.010764 0.0097083 0.023745 0.01801 0.11915 0.11025 -0.014472 0.017305 0.11927 0.11858 -0.018981 0.014087 0.030087 0.031372 0.060836 0.013998 0.13647 0.094868 -0.0073137 0.084196 0.36187 0.33533 -0.030409 0.021129 0.21777 0.27304 -0.029494 0.01227 0.089158 0.083505 0.055504 -0.016255 0.06204 0.031174 0.030646 -0.049592 0.35841 0.42086 -0.019538 0.10396 0.26263 0.31421 -0.047184 0.029697 0.11045 0.089725
83.505 160.12 5.3528 5.6532 0 0 0 0 0 0 0 0 0 0 0 0 1.6046e-18 2.2008e-18 1.0121e-17 1.3882e-17 0 0 0 0 0.023138 0.03492 0.053413 0.056338 -0.017987 0.050125 0.07102 0.10241 -0.0064429 0.010565 0.0096739 0.01388 0.057674 0.049251 0.13742 0.13333 -0.017987 0.13381 0.34291 0.34826 -0.015489 0.043087 0.20738 0.22551 -0.032483 0.017265 0.057392 0.063392 0.11166 -0.005818 0.20473 0.13093 -0.089049 0.057849 0.46181 0.39355 -0.019194 0.033775 0.24652 0.2179 -0.020446 0.0039176 0.070076 0.056482
93.334 180.97 5.0463 5.4527 0 0 0 0 0 0 0 0 3.4258e-17 3.1298e-17 3.4258e-17 3.1298e-17 7.3194e-18 6.687e-18 1.7892e-17 1.6346e-17 0.0064844 0.015513 0.0083323 0.016916 -0.006258 0.057333 0.049285 0.077052 -0.0074657 0.013084 0.012783 0.018944 -6.0885e-05 6.8723e-05 6.1064e-05 6.8723e-05 0.048267 0.095957 0.16727 0.17229 0.033915 0.06683 0.27664 0.3127 -0.063938 0.057608 0.17058 0.19737 -0.0095094 0.013209 0.013137 0.017033 0.035299 0.11999 0.39686 0.3047 -0.051597 0.015917 0.33515 0.39062 -0.050476 0.060128 0.23547 0.25208 -0.020854 -0.0033525 0.038951 0.026274
86.097 102.76 6.5272 1.0059 0 0 0 0 0 0 0 0 0 0 0 0 0 0 0 0 0 0 0 0 0 0 0 0 -0.0029022 0.0073072 0.015714 0.0097522 -0.0010859 0.00066189 0.0010859 0.00066189 0.047877 0.056455 0.08107 0.094382 0.03993 0.14859 0.41486 0.5782 -0.12708 0.059305 0.26134 0.27081 -0.011262 0.0053308 0.013064 0.0092937 0.047392 -0.010793 0.1519 0.15347 -0.046351 -0.069527 0.26866 0.33617 -0.043491 -0.024191 0.15553 0.13531 -0.012265 -0.0006476 0.019216 0.012502
125.69 102.05 6.809 1.7867 -0 0 0 0 -0 0 0 0 -0 0 0 0 -0 0 0 0 0.0027066 0.00455 0.0027066 0.00455 0.00071205 0.09512 0.033542 0.09512 -0.0002583 0.029992 0.01088 0.029992 -0 0 0 0 0.066868 0.0079938 0.094299 0.11193 0.061772 -0.017501 0.26846 0.59722 -0.092682 0.045321 0.34597 0.53199 -0.035822 0.0099117 0.064376 0.041441 0.015508 -0.010796 0.018721 0.022776 0.025933 -0.044911 0.11916 0.14855 -0.015856 -0.052473 0.18445 0.14403 -0.013982 -0.0064273 0.030902 0.01561
122.78 134.39 6.7978 4.6346 0.0050972 0.0059497 0.014487 0.0063533 0.0035715 0.029959 0.043614 0.047495 -0.0084649 0.0094798 0.022621 0.021745 -0.00017998 1.4031e-05 0.00017998 1.4031e-05 0.027055 0.014486 0.079029 0.046898 0.013367 0.064644 0.2395 0.28656 -0.027535 0.11279 0.20777 0.33298 -0.024658 0.014979 0.037851 0.0493 0.039617 -0.018606 0.072677 0.069479 0.035758 -0.084026 0.22137 0.53206 -0.077077 -0.10522 0.21448 0.49569 -0.0283 -0.014498 0.03516 0.042838 0.00074908 -0.0016884 0.0018816 0.0016884 0.0019568 -0.030481 0.013213 0.030569 -0.0040355 -0.018235 0.0056618 0.01839 -0.00025839 -0.00029633 0.00025839 0.00031376
80.542 160.81 6.7814 5.4444 0 0 0 0 0 0 0 0 0 0 0 0 0 0 0 0 0 0 0 0 0.015356 0.022455 0.020727 0.026809 -0.011428 0.048741 0.051756 0.070923 -0.0041531 0.004736 0.0058813 0.0068969 0.0053067 -0.00059026 0.013931 0.021263 0.071698 0.13151 0.28348 0.2855 -0.049992 0.055207 0.24092 0.30059 -0.025573 0.0091653 0.05324 0.052514 0.00081946 -0.0017994 0.002614 0.0036117 0.086723 -0.052124 0.34759 0.3136 -0.051232 0.038617 0.3994 0.48579 -0.041101 0.0057265 0.073613 0.079536
162.85 101.3 9.4668 2.0781 -0 0 0 0 -0 0 0 0 -0 0 0 0 -0 0 0 0 -0 0 0 0 -0 0 0 0 -0 0 0 0 -0 0 0 0 -0 0 0 0 0.13213 0.032628 0.19767 0.27638 -0.030333 0.16171 0.40456 0.68199 -0.056145 0.043059 0.080631 0.093769 6.0344e-17 1.2907e-18 8.4811e-17 4.2725e-17 0.043423 -0.0356 0.098172 0.091556 0.0094922 -0.09052 0.2633 0.28376 -0.032576 -0.0174 0.068257 0.067454
69.348 144.32 9.1804 5.7134 0 0 0 0 0 0 0 0 0 0 0 0 -5.5592e-19 -8.6766e-19 5.5592e-19 8.6766e-19 0 0 0 0 0.0094457 0.013668 0.011192 0.013668 0.0089491 0.035751 0.039205 0.055584 -0.0039967 0.0070408 0.0052352 0.008966 0 0 0 0 0.14487 0.093798 0.37653 0.2371 -0.087316 0.14652 0.43037 0.39288 -0.032454 0.014767 0.053472 0.049295 0 0 0 0 0.10266 -0.05847 0.18535 0.12477 -0.047604 -0.040334 0.42561 0.36861 -0.03254 0.00057794 0.055693 0.035887
