41 64
104.21 129.91 2.0773 2.0012 -0.0041907 0.0091546 0.0061478 0.010411 -0.00019139 0.00041685 0.00019139 0.00041685 -0 0 0 0 -0 0 0 0 -0.018635 0.014838 0.059814 0.13097 -0.018665 0.11681 0.051077 0.12402 0.028673 0.11881 0.053945 0.11948 0.0092009 0.15099 0.046314 0.16772 0.056065 -0.023618 0.064326 0.083099 0.11586 0.046476 0.33573 0.39349 0.074659 0.026668 0.39048 0.44513 -0.020984 -0.018236 0.20685 0.27258 0.0035361 -0.0033722 0.0042253 0.0066286 0.051542 -0.049929 0.10413 0.096779 -0.026027 -0.084808 0.15265 0.11758 0.018128 -0.031613 0.098554 0.08407
169.42 130.27 1.7316 4.2153 -0.0092596 0.025511 0.059558 0.056025 -0.002907 0.022143 0.065937 0.063523 0.030101 0.042445 0.073541 0.061554 -0.016347 0.0091685 0.042562 0.016892 0.0028426 0.11189 0.18562 0.16269 -0.030618 0.17363 0.19409 0.26439 -0.0022019 0.061304 0.15561 0.1405 -0.053253 -0.0064154 0.085425 0.034499 0.0089139 -0.19435 0.18163 0.42718 -0.097606 -0.096217 0.16047 0.47903 -0.093661 -0.10078 0.18008 0.32314 -0.028945 -0.022113 0.033347 0.032927 -0.0011776 -0.045775 0.012367 0.050071 -0.0063585 -0.046782 0.010326 0.059497 -0.0071313 -0.018074 0.0081682 0.021362 -0.00017032 -0.00018647 0.00017032 0.00020589
69.701 135.47 2.0286 5.5044 0 0 0 0 0.04071 0.046447 0.070772 0.055487 -0.0022639 0.039268 0.082433 0.082607 -0.0043411 -8.0946e-05 0.051924 0.065276 0.020875 0.0056661 0.020875 0.0056661 0.083699 0.063708 0.23073 0.11226 -0.032395 0.055874 0.20395 0.13041 0.006317 0.040052 0.14128 0.10825 0.053716 -0.00079821 0.053856 0.0088651 0.13914 0.047745 0.35228 0.19576 -0.11628 0.09717 0.35633 0.19135 -0.023861 0.0065256 0.17018 0.083064 0.0060476 -0.0010615 0.0062144 0.0029114 0.14194 -0.10674 0.22285 0.173 0.030105 0.0079927 0.29084 0.30405 -0.030742 0.076902 0.22146 0.18422
173.96 136.19 2.0208 4.737 -0.0069737 0.020746 0.092124 0.088928 -0.025934 -0.0066431 0.097897 0.055731 -0.028463 -0.005066 0.050018 0.023458 7.2397e-05 0.0058634 0.061066 0.023644 -0.072199 0.14875 0.2161 0.28002 -0.068942 0.11027 0.17096 0.26559 -0.026538 0.090585 0.13262 0.12747 -0.023971 0.006258 0.083761 0.062032 -0.011238 -0.11185 0.26409 0.40532 -0.10837 0.10968 0.22289 0.33209 -0.090776 0.0056863 0.20921 0.19783 -0.041628 -0.018065 0.062202 0.039363 0.030937 -0.070597 0.048278 0.088508 -0.0052323 -0.13048 0.063357 0.23171 -0.040695 -0.062919 0.046201 0.10214 -0.0037316 -0.0035092 0.0040596 0.0040381
185.6 135.43 2.0631 2.8592 -0 0 0 0 -0 0 0 0 -0 0 0 0 -0 0 0 0 0.0034168 0.017011 0.05098 0.12102 0.014094 0.085475 0.082862 0.18216 -0.032292 0.13587 0.051503 0.17461 -0.0091585 0.015284 0.0099196 0.016069 0.0039253 -0.028524 0.03578 0.10121 0.11998 -0.0074648 0.1673 0.25053 0.1054 0.094421 0.2274 0.37226 -0.12804 0.12429 0.27385 0.16461 0.0035958 0.042372 0.046947 0.091302 0.05162 0.014908 0.16448 0.16681 0.13957 0.06546 0.32224 0.2588 -0.13771 0.04998 0.34896 0.10886
154.18 146.22 1.9014 5.2822 0 0 0 0 0.0069539 0.0043113 0.0069539 0.0063343 0.083339 0.018098 0.1175 0.090233 -0.043393 -0.0033527 0.12535 0.068194 0.020583 0.034369 0.056719 0.081906 0.0088278 0.062034 0.10865 0.14142 0.042897 0.00094561 0.13487 0.19197 -0.027365 -0.019405 0.11596 0.072645 0.13588 0.006688 0.19565 0.21096 -0.021874 0.24617 0.34031 0.46479 -0.10412 0.011239 0.1808 0.25317 -0.0086071 -0.023201 0.061596 0.055504 0.072733 -0.032779 0.076957 0.052539 0.054246 -0.071395 0.28879 0.24117 -0.086646 0.011146 0.13393 0.13805 -0.020586 0.014012 0.047956 0.052229
73.577 153.62 2.0047 5.8601 0.0042086 0.02442 0.021593 0.031653 0.022875 -0.0004624 0.047876 0.058545 0.032217 -0.0071536 0.044176 0.15353 0.0089417 -0.00032118 0.026451 0.092721 -0.041171 0.014303 0.14067 0.16391 -0.053446 -0.00055222 0.16389 0.28889 -0.0067054 -0.0086915 0.093564 0.30415 0.010296 -0.056025 0.044697 0.17594 -0.092045 0.069199 0.24702 0.17314 -0.050628 0.047294 0.29376 0.29453 -0.095947 0.020592 0.14582 0.25304 -0.01988 -0.0025372 0.02899 0.061163 -0.11216 0.032883 0.28703 0.086592 -0.026791 0.0027265 0.23474 0.15201 0.013843 0.0029008 0.16852 0.20454 -0.05183 0.02261 0.092512 0.098524
165.17 153.58 2.1098 3.0158 -0.01211 0.0058832 0.021803 0.032618 0.0077101 0.045946 0.018424 0.055779 0.017662 0.014496 0.055859 0.066392 0.030809 0.010217 0.056391 0.072664 -0.042809 0.043992 0.10862 0.15822 -0.0099648 -0.0053799 0.088475 0.19445 0.016445 0.069192 0.11079 0.15196 0.08336 0.083226 0.21742 0.1745 -0.032212 0.029132 0.2201 0.19987 -0.0087931 0.091368 0.23294 0.30963 0.064361 -0.01598 0.24517 0.23521 0.20326 0.004352 0.31595 0.26019 0.031063 -0.04486 0.13889 0.089647 -0.052617 -0.086811 0.14024 0.12693 0.013011 -0.054633 0.0778 0.087322 0.074384 -0.085951 0.19239 0.18983
64.701 157.68 2.2746 2.7975 0.010004 0.0072678 0.01939 0.048307 0.075467 -0.055812 0.10784 0.19522 0.018379 -0.046661 0.2028 0.25219 0.074675 -0.073213 0.20465 0.16363 -0.035614 0.085416 0.069272 0.23917 -0.027223 0.0064852 0.11766 0.45911 0.060577 -0.044332 0.16812 0.35928 0.042849 -0.053544 0.19081 0.2432 0.0058195 -0.06109 0.05498 0.17725 -0.074342 -0.052761 0.10687 0.30424 -0.02542 -0.044392 0.08201 0.11772 -0.0078185 -0.063493 0.04991 0.086308 0.0054187 -0.022487 0.0059144 0.022846 -0.0057124 -0.039268 0.010085 0.041976 -0.0051587 -0.010331 0.0053184 0.010709 -6.5269e-05 -8.4636e-05 6.5269e-05 8.4636e-05
94.753 157.28 2.125 2.6831 0.010162 0.0080498 0.010162 0.008203 -0.006259 0.022982 0.032276 0.031054 0.19477 0.014497 0.20216 0.092189 0.033134 0.034544 0.34039 0.20869 0.028216 -0.0012462 0.030383 0.025756 0.098233 0.10201 0.23226 0.22299 0.063683 0.071288 0.25998 0.29328 0.013361 -0.14603 0.25653 0.23251 0.004511 -0.001577 0.014921 0.015582 0.065409 -0.1059 0.13051 0.22067 0.048931 -0.049009 0.19594 0.30429 -0.0098311 0.027149 0.18156 0.13866 -0.00077804 0.013019 0.013143 0.017849 0.0065825 0.025738 0.017877 0.053857 0.035204 -0.01226 0.061684 0.12603 0.01407 -0.028242 0.085309 0.11487
171.93 158.06 2.016 3.2899 -0.0067987 -0.0012654 0.034776 0.040484 -0.021201 -0.0084241 0.024483 0.045154 0.017479 -0.01017 0.022092 0.063188 0.0059273 -0.0047755 0.055461 0.076503 -0.067329 0.10199 0.14462 0.23627 -0.015638 0.099415 0.071406 0.20428 -0.024559 0.076708 0.059863 0.13053 0.051063 0.027364 0.09734 0.090816 -0.14682 -0.042893 0.25069 0.29475 -0.0041417 0.10272 0.10604 0.35954 -0.0019601 0.054386 0.10469 0.18949 0.059756 0.082724 0.20438 0.14649 0.061881 -0.014042 0.16375 0.14619 -0.034391 -0.018724 0.20141 0.27087 0.026292 -0.016945 0.20108 0.17406 0.11133 0.062045 0.22069 0.17675
163.84 165.87 2.1816 3.4913 0.0045938 0.037783 0.05924 0.068804 -0.028566 0.067042 0.071456 0.12814 -0.018273 0.022165 0.026324 0.055951 0.0010456 0.0059478 0.0053475 0.013282 0.010281 0.070511 0.35721 0.38901 -0.14843 -0.084094 0.2077 0.30436 -4.6009e-05 0.0098058 0.057257 0.16906 -0.015357 0.011213 0.036719 0.070307 -0.092628 -0.1159 0.22567 0.20495 0.040012 0.051305 0.25181 0.34189 -0.055702 0.042095 0.15533 0.2441 0.0098973 0.040548 0.068573 0.09108 -0.022875 -0.016739 0.052426 0.024584 0.0030569 -0.07759 0.088592 0.1042 -0.0093952 -0.0671 0.076509 0.090543 0.046065 -0.0091585 0.10627 0.08518
68.112 174.89 1.9744 5.7531 0 0 0 0 0 0 0 0 0 0 0 0 0 0 0 0 0.051502 0.080967 0.054593 0.13567 0.0012438 0.18734 0.057747 0.25177 0.017992 0.23558 0.075387 0.27538 -0.072065 0.1342 0.082719 0.16324 0.035138 -0.039759 0.09563 0.2572 0.047283 -0.10419 0.097133 0.41501 0.035957 -0.15939 0.1334 0.43403 -0.028721 -0.067842 0.14347 0.19325 -0.014539 0.040892 0.11079 0.18701 -0.033873 0.010936 0.078387 0.18386 -0.008645 -0.041162 0.025257 0.088132 0.0079535 -0.026676 0.03578 0.043281
62.341 178.2 2.1979 5.7522 0 0 0 0 0 0 0 0 0 0 0 0 0 0 0 0 0.009209 0.03294 0.0095759 0.03294 0.0023657 0.089522 0.017091 0.089522 -0.0029238 0.098026 0.0133 0.098026 -0.0028885 0.026654 0.0053744 0.026654 0.072245 0.02385 0.084441 0.20537 0.023333 0.015458 0.088252 0.41972 0.055345 0.10939 0.12472 0.44299 -0.098027 0.12468 0.13861 0.26042 0.0096277 -0.017894 0.094357 0.22903 -0.0062417 -0.13239 0.084999 0.4081 0.010843 -0.13283 0.073449 0.27436 0.0045464 -0.08084 0.07809 0.13201
161.79 177.8 2.1415 1.085 -0.00055421 0.00019921 0.043035 0.032784 0.029106 -0.027573 0.095881 0.12988 -0.056963 -0.00018316 0.080772 0.10894 -0.0051632 0.0045524 0.0085699 0.010069 0.034665 0.0050534 0.069598 0.068231 0.025714 0.1548 0.10865 0.24376 -0.024385 0.18045 0.095042 0.27292 0.022962 0.076646 0.10432 0.21579 0.028061 -0.01081 0.052116 0.064506 0.064924 -0.10297 0.108 0.3902 0.01021 -0.10356 0.12195 0.55301 -0.063154 -0.10083 0.13125 0.30804 0.0024266 -0.0098622 0.0075477 0.014259 0.0022573 -0.025137 0.023307 0.055172 -0.0038294 -0.042242 0.022197 0.084251 -0.0091501 -0.019642 0.013807 0.038669
140.78 183.6 2.0476 1.4602 -0.019891 -0.031156 0.072586 0.093384 -0.026544 -0.0051039 0.026741 0.030452 0 0 0 0 0 0 0 0 -0.057792 0.13313 0.094428 0.23372 0.0055644 0.20691 0.098277 0.33224 -0.077195 0.072138 0.091994 0.22738 -0.0045308 0.00081825 0.0049081 0.011905 0.0094209 -0.091847 0.10187 0.42996 -0.067163 -0.11526 0.13668 0.58384 -0.073965 -0.051336 0.081903 0.22878 -0.0018655 -0.0011352 0.0019076 0.003241 -0.00066611 -0.023528 0.013927 0.056907 -0.006093 -0.032565 0.011775 0.094791 -0.005894 -0.0092007 0.0061273 0.024904 -7.025e-05 -1.668e-05 7.025e-05 7.6592e-05
78.416 194.25 1.9717 5.0933 0 0 0 0 0 0 0 0 0 0 0 0 0 0 0 0 0.0042112 0.0046016 0.0042112 0.0046016 0.0056626 0.10556 0.04358 0.10604 0.0020909 0.1261 0.051413 0.12641 -0.012953 0.039253 0.016645 0.039253 0.12545 0.14962 0.14686 0.17636 -0.1175 0.10112 0.34283 0.43604 -0.08268 0.026182 0.23838 0.38289 -0.073184 -0.022996 0.11705 0.16931 -0.00017363 -0.04766 0.13781 0.18844 -0.10933 -0.16351 0.18443 0.31733 -0.026939 -0.062442 0.051396 0.12306 -0.0087217 -0.024779 0.021432 0.045931
96.471 194.46 2.2501 4.7384 0 0 0 0 0 0 0 0 0 0 0 0 0 0 0 0 0.052409 0.15125 0.074477 0.15966 0.010908 0.23873 0.13633 0.31773 -0.08988 0.047211 0.1436 0.11177 0 0 0 0 -0.092312 0.03918 0.32698 0.36896 -0.14808 -0.17323 0.24101 0.45305 -0.059817 -0.045601 0.082079 0.13914 0 0 0 0 -0.13192 -0.089708 0.20071 0.2188 -0.015733 -0.030941 0.031453 0.082187 -0.001787 -0.0030285 0.0081295 0.022299 0 0 0 0
145.86 135.69 2.8853 0.87665 0 0 0 0 0 0 0 0 0.0028218 0.010273 0.047888 0.061762 0.035398 -0.010783 0.087984 0.099843 0.02586 0.093211 0.028699 0.093211 -0.028091 0.24297 0.14546 0.29955 -0.041395 -0.00024765 0.1677 0.15809 -0.009702 -0.018164 0.019075 0.029086 0.077378 0.013994 0.18361 0.23963 -0.12323 -0.07512 0.4565 0.48226 -0.11288 0.0034359 0.16794 0.12311 -0.00067837 0.00041807 0.00067837 0.00062194 -0.0023912 -0.039857 0.079935 0.063965 0.018974 -0.044823 0.14346 0.12031 -0.016896 0.024075 0.14164 0.19334 -0.012914 0.025182 0.037252 0.05859
87.578 137.46 2.7787 4.8689 0.0049335 0.0024421 0.052537 0.022525 -0.0019636 0.025982 0.096956 0.047112 -0.0066991 0.018779 0.09994 0.076748 -0.012809 0.0029295 0.02951 0.025851 0.033759 0.042496 0.11455 0.06969 -0.0050091 0.08859 0.19188 0.20064 -0.0097073 0.13998 0.22941 0.24201 -0.045448 0.059001 0.059109 0.078299 0.089843 -0.042812 0.11682 0.12514 0.050142 -0.058032 0.24931 0.45652 -0.083925 -0.13232 0.28814 0.47937 -0.046762 -0.042727 0.080711 0.19235 0.0089511 -0.012352 0.0099526 0.013789 0.0050924 -0.063452 0.028637 0.073098 -0.015742 -0.034914 0.020622 0.035494 0.00052394 -0.0028706 0.0013406 0.0049152
172.33 152.62 2.8016 3.2145 0.00098133 0.0138 0.015874 0.022772 -0.0040187 0.005771 0.011951 0.026546 0.0018033 0.0078637 0.027903 0.042476 -0.0031508 0.011971 0.0093914 0.014043 -0.022258 0.077581 0.10676 0.13492 -0.014402 0.051343 0.052696 0.1318 0.052016 0.033874 0.11446 0.11697 -0.011452 0.060616 0.14213 0.10377 -0.076423 -0.0066398 0.3115 0.25879 -0.024635 0.051406 0.18012 0.27386 0.1429 0.11088 0.33093 0.26424 -0.074507 0.048588 0.33732 0.18337 -0.025794 -0.041097 0.13984 0.078249 -0.018309 -0.057675 0.092746 0.10432 0.13299 -0.081459 0.24859 0.18534 -0.067014 -0.067447 0.17363 0.10841
73.959 165.72 2.9366 2.4343 0.02597 -0.0082676 0.037645 0.030339 0.047572 -0.038075 0.21839 0.23435 0.072156 -0.072308 0.31611 0.24044 0.010667 -0.099043 0.25883 0.18422 -0.001407 0.02198 0.019649 0.032501 0.0412 -0.0093574 0.11066 0.17003 0.015748 -0.090043 0.27269 0.32372 0.0041997 -0.094389 0.20345 0.17882 0.03335 0.016518 0.082142 0.16074 -0.019697 0.023756 0.10815 0.34907 -0.076769 -0.038779 0.12858 0.29465 -0.021402 -0.022963 0.041619 0.05063 0.0079609 -0.023924 0.010339 0.028162 -0.0085802 -0.059701 0.015011 0.067939 -0.011244 -0.030234 0.012241 0.034383 -0.0014324 -0.0017873 0.0014324 0.0018733
153.6 166.18 2.4415 0.60556 -0.048278 0.0070271 0.094581 0.061707 -0.011082 0.015175 0.017823 0.017826 -0.00032103 0.00045815 0.00032103 0.00045815 0.00027396 0.00018967 0.00034841 0.00024121 -0.0056712 -0.010145 0.11786 0.090914 0.0098781 0.12942 0.15193 0.22044 -0.079483 0.075518 0.11104 0.12242 0.071442 0.06657 0.085646 0.069827 0.0036232 -0.0021347 0.061242 0.095203 0.025909 -0.069946 0.13853 0.29294 -0.0011149 0.11694 0.17101 0.27309 0.065115 0.13065 0.27658 0.25984 0.010955 -0.012472 0.024263 0.038486 0.076651 0.0096376 0.10062 0.17734 0.027176 -0.039989 0.23123 0.42582 -0.047284 -0.068666 0.21494 0.25611
162.05 169.3 2.5884 0.92509 0.015806 -0.06545 0.10306 0.12076 -0.061146 -0.023272 0.1694 0.11986 -0.018093 0.018126 0.026148 0.024721 -7.9504e-05 0.00060669 0.00010991 0.00060669 0.019531 -0.024405 0.069864 0.06974 0.04081 -0.025589 0.19289 0.21398 -0.060101 0.050893 0.16425 0.26537 0.0034506 0.075052 0.12233 0.15195 0.013374 0.00047316 0.031052 0.035122 0.12158 -0.012019 0.17247 0.25759 0.067939 0.026497 0.23663 0.5854 -0.051276 -0.011939 0.20842 0.29027 0.007195 -0.0076113 0.0095477 0.017752 0.020734 -0.038477 0.032996 0.059284 0.00085296 -0.078042 0.05226 0.10929 -0.0088417 -0.019343 0.018995 0.033893
185.74 172.24 2.9991 2.6973 -0 0 0 0 -8.1382e-18 3.8742e-18 8.1382e-18 3.8742e-18 0.0057116 0.0047694 0.0058957 0.013582 0.010807 0.015689 0.029572 0.046391 -3.5437e-17 1.2591e-16 1.6412e-16 2.8519e-16 0.024044 0.042288 0.061207 0.046195 -0.0030904 0.017265 0.056336 0.073981 0.036515 0.014441 0.084663 0.10337 0.0084774 0.0016144 0.0084774 0.0016144 0.093079 0.079408 0.17262 0.12837 -0.020698 0.13348 0.24706 0.26117 0.026368 0.052481 0.14203 0.17149 0.01323 0.00048819 0.01323 0.0047152 0.22216 0.051366 0.39701 0.14058 -0.079317 0.039938 0.58225 0.22861 -0.029478 -0.030858 0.20218 0.16191
82.11 178.13 2.9478 2.528 0.00011952 -8.4179e-05 0.00011952 8.4179e-05 0.0279 -0.0064573 0.039485 0.026649 0.058685 -0.0435 0.24853 0.28092 0.057476 -0.062947 0.25817 0.2109 0.010296 0.039239 0.052055 0.071128 -0.019088 0.082378 0.058325 0.092968 0.045402 -0.0038533 0.12817 0.22522 0.025576 -0.061257 0.21146 0.30719 0.037326 -0.029592 0.053621 0.07686 0.084274 -0.033041 0.19331 0.347 -0.044497 -0.029849 0.12991 0.44482 -0.059622 -0.017963 0.10477 0.25733 0.00063639 -0.0016337 0.00076442 0.0016337 0.013522 -0.042326 0.017895 0.047917 -0.0050151 -0.063605 0.011606 0.06893 -0.0092289 -0.026683 0.010419 0.031503
150.11 177.83 2.8976 1.2512 0.018967 -0.017494 0.081682 0.063466 -0.036491 0.030034 0.088547 0.073979 -0.0040365 0.0045682 0.0040365 0.0047914 0.00081629 -0.00014439 0.00081629 0.00041666 0.039138 0.033495 0.11883 0.099022 -0.042318 0.064815 0.18924 0.30047 -0.017389 0.11134 0.078883 0.16126 -0.0069219 0.009103 0.011942 0.021129 0.058342 -0.023671 0.09119 0.13018 -0.011739 -0.092324 0.17697 0.58462 -0.12206 -0.08104 0.22778 0.51646 -0.021906 -0.013979 0.027628 0.046685 0.0046415 -0.01651 0.010694 0.019864 -0.0012519 -0.058671 0.029658 0.074053 -0.0098119 -0.026636 0.017339 0.047785 -0.0010787 -0.0015132 0.0015355 0.0036317
186.14 182.54 2.71 3.7977 5.1011e-17 9.813e-17 1.536e-16 1.1213e-16 1.8646e-18 1.8905e-16 4.7655e-16 4.6289e-16 -7.6663e-17 6.8016e-17 7.6663e-17 6.8016e-17 -9.1839e-19 4.7138e-18 9.1839e-19 4.7138e-18 0.0011824 0.0053827 0.0015168 0.0053827 0.0028563 0.032226 0.0085627 0.032226 -0.0096999 0.035079 0.01507 0.035079 -0.0024554 0.0039929 0.0024554 0.0039929 0.069095 0.12031 0.11637 0.15004 -0.03732 0.27064 0.22019 0.32495 -0.067723 0.012742 0.10168 0.15394 -0.0082342 0.016279 0.031122 0.043848 0.036477 0.016534 0.31172 0.34141 -0.12308 -0.044955 0.27874 0.53256 -0.049031 0.03186 0.12728 0.21676 -0.0027421 0.020703 0.053022 0.072409
74.364 184.07 2.7967 5.6658 0 0 0 0 0 0 0 0 0 0 0 0 0 0 0 0 0.047565 0.092363 0.058402 0.17034 0.030985 0.20886 0.080021 0.34011 -0.10753 0.17856 0.13235 0.23279 -0.011648 0.016405 0.012534 0.016405 0.014794 -0.055362 0.1455 0.32675 0.01378 -0.18434 0.14271 0.38221 -0.028099 -0.12835 0.19046 0.30973 -0.046369 -0.0015257 0.078344 0.094924 -0.05697 0.042894 0.2012 0.21985 -0.080822 0.092723 0.15178 0.20309 -0.011827 -0.0043747 0.028226 0.027073 -0.0028161 -0.010868 0.011722 0.016131
77.657 197.7 2.7747 5.0237 0 0 0 0 0 0 0 0 0 0 0 0 0 0 0 0 0 0 0 0 0.0050882 0.014455 0.0057188 0.014455 0.0015723 0.036592 0.006589 0.036592 -3.6419e-05 0.0017126 0.00013521 0.0017126 0.10693 0.11643 0.11093 0.12573 0.013481 0.19633 0.35827 0.52248 -0.11162 -0.034252 0.18506 0.45223 -0.031056 -0.003299 0.037042 0.053723 0.043005 -0.013144 0.21565 0.20937 -0.10058 -0.14199 0.22555 0.24463 -0.034974 -0.065858 0.03861 0.073838 -0.0042327 -0.0062456 0.0046347 0.0068617
92.186 114.53 3.1642 1.9001 -0 0 0 0 -0 0 0 0 -0 0 0 0 -0 0 0 0 -0.00070928 0.0020758 0.00070928 0.0020758 -0 0 0 0 -0 0 0 0 -0 0 0 0 0.045396 0.097802 0.092455 0.19657 0.072075 0.25244 0.25912 0.5038 -0.10988 0.24384 0.21037 0.41342 -0.04221 0.041971 0.04532 0.053434 0.053235 -0.040406 0.087809 0.10841 0.0042317 -0.094452 0.21755 0.26528 -0.0040498 -0.078724 0.18449 0.22317 -0.067859 0.00031096 0.092894 0.047764
77.02 127.77 4.3543 1.3366 0 0 0 0 0 0 0 0 0 0 0 0 0 0 0 0 0.035061 0.021431 0.035061 0.021431 0.062589 0.2419 0.18159 0.27476 -0.094149 0.10643 0.11313 0.1607 -0.0065789 0.0030671 0.0071369 0.0040811 0.12209 0.0123 0.18046 0.26648 -0.020455 -0.11363 0.38979 0.52896 -0.12279 -0.057262 0.25393 0.21795 -0.022017 0.001538 0.034358 0.019023 0.022531 -0.024898 0.038129 0.053992 -0.0053104 -0.05005 0.1419 0.13471 0.0022973 -0.011177 0.1319 0.070424 -0.015854 0.0053172 0.037545 0.015047
99.222 137.37 3.7882 2.1845 -0.055685 -0.0053233 0.094198 0.085662 -0.0098489 0.009498 0.020803 0.032885 -0 0 0 0 -0 0 0 0 -0.00065616 -0.010034 0.022849 0.036689 0.078372 0.089476 0.21072 0.31618 -0.022028 0.19898 0.22415 0.50349 -0.066508 0.068463 0.073959 0.086799 0.004681 0.0015282 0.011556 0.012711 0.093133 -0.036312 0.24133 0.23988 0.048655 -0.12438 0.29962 0.36053 -0.10441 -0.020378 0.17925 0.12214 0.0013685 -0.0010661 0.0031632 0.0035593 0.015583 -0.01318 0.051945 0.053737 0.015594 -0.012407 0.10798 0.093994 -0.016522 -0.018609 0.045636 0.029218
152.6 163.99 3.4611 0.58599 -0.026638 0.064737 0.13348 0.1311 -0.035966 0.0056167 0.053864 0.033286 0 0 0 0 1.8728e-05 -2.8215e-05 1.8728e-05 2.8215e-05 -0.049049 -0.073339 0.22773 0.17748 -0.029119 0.099438 0.16707 0.15497 -0.019746 0.059089 0.072049 0.082778 -0.0099689 0.058113 0.13848 0.08686 0.016426 -0.041961 0.079721 0.085659 0.049441 -0.0033305 0.16902 0.27046 0.074152 0.16157 0.32314 0.44917 -0.097789 0.01704 0.33976 0.24458 0.0051155 -0.0038247 0.015022 0.02456 0.053153 -0.012933 0.07142 0.11562 -0.00096349 -0.081402 0.14483 0.22629 -0.033255 -0.034169 0.065395 0.066033
73.636 183.33 3.5511 2.4614 -0.00091863 -0.0046344 0.0048615 0.0062413 0.042591 -0.013302 0.058434 0.05478 0.085333 -0.098205 0.2652 0.31797 0.072589 -0.13982 0.28965 0.28779 0.031805 -0.00068482 0.046786 0.059809 0.053995 0.095027 0.14197 0.31085 -0.021757 0.0512 0.21613 0.44929 -0.041459 -0.092681 0.19513 0.23322 0.0090292 -0.0088542 0.0096618 0.011742 0.044795 -0.095003 0.071158 0.18137 -0.039667 -0.12111 0.065184 0.21948 -0.024518 -0.022525 0.027149 0.042046 -0 0 0 0 -0 0 0 0 -0 0 0 0 -0 0 0 0
75.946 200.85 3.4678 5.0434 0 0 0 0 0 0 0 0 0 0 0 0 0 0 0 0 0 0 0 0 0 0 0 0 0 0 0 0 0 0 0 0 0.054881 0.056537 0.054881 0.0567 0.076729 0.31027 0.31089 0.4255 -0.062939 0.12729 0.19893 0.42321 -0.037196 0.015205 0.052155 0.067542 0.059867 0.0087052 0.19718 0.20926 -0.10512 -0.13227 0.29875 0.34617 -0.048285 -0.074489 0.078006 0.14565 -0.0095037 -0.0071091 0.015283 0.021409
59.191 191.63 5.1047 5.618 0 0 0 0 0 0 0 0 0 0 0 0 0 0 0 0 0 0 0 0 -2.3533e-06 1.9488e-05 2.3533e-06 1.9488e-05 -3.5108e-06 2.9073e-05 3.5108e-06 2.9073e-05 0 0 0 0 0.037585 0.046866 0.065239 0.083855 0.06146 0.046826 0.15964 0.53131 -0.10465 0.053621 0.19379 0.41232 -0.018424 0.0063805 0.02319 0.029857 0.015621 0.17439 0.30759 0.26727 -0.093109 0.074625 0.2692 0.37013 -0.03436 -0.033979 0.079716 0.13711 -0.005219 -0.0039374 0.0085929 0.01221
61.567 110.02 6.748 1.0083 0 0 0 0 0 0 0 0 0 0 0 0 0 0 0 0 0 0 0 0 0 0 0 0 0 0 0 0 0 0 0 0 0.0079265 0.004141 0.0079265 0.0041883 0.12715 0.23855 0.51394 0.49383 -0.16343 0.091999 0.23592 0.22357 -0.0036007 0.0032129 0.0052582 0.0035162 -0.047139 0.054024 0.11787 0.1414 0.041197 -0.10767 0.30065 0.26242 -0.038714 -0.015024 0.22124 0.12 -0.013674 0.0056711 0.030233 0.010648
158.08 183.68 5.6941 4.1978 -1.165e-17 6.5865e-18 4.0964e-17 2.3159e-17 -1.9512e-18 1.1031e-18 4.0872e-17 2.3107e-17 1.9813e-17 1.0741e-16 9.9118e-17 1.9745e-16 -1.7197e-18 1.0756e-17 1.016e-17 2.1657e-17 -1.8156e-17 -2.8115e-17 9.8307e-17 7.5365e-17 0.10524 0.11275 0.16291 0.30828 -0.076585 0.085755 0.14457 0.29714 -0.011605 0.0020724 0.013572 0.012522 -0.0044924 0.0031528 0.0083905 0.0078847 0.1031 -0.12177 0.20513 0.37267 -0.048433 -0.028238 0.34747 0.43132 -0.041325 0.04786 0.082559 0.068163 -0.0013149 0.035418 0.049658 0.051741 0.00042155 0.033053 0.048228 0.059913 0.057459 -0.065383 0.20038 0.33116 -0.063312 -0.028195 0.089678 0.127
87.971 134.5 9.5591 3.3559 0.052097 0.0051255 0.052097 0.022743 0.069091 -0.039927 0.38729 0.35409 -0.081006 -0.013657 0.30093 0.2481 -0.0082542 -0.00035527 0.0082755 0.0024481 0.017172 0.0089207 0.046129 0.031456 0.086039 0.082261 0.38307 0.26261 -0.093645 0.031604 0.30016 0.16978 -0.00067825 -0.00029855 0.00068813 0.00029855 0.01216 -0.010078 0.027744 0.028253 0.042437 -0.10938 0.2579 0.22173 -0.074384 -0.063761 0.18839 0.12194 0 -0 0 0 0 -0 0 0 -0.00031071 -0.0016878 0.00065643 0.0016948 -0.00013249 -0.00065966 0.00023266 0.00066059 0 -0 0 0
185.82 156.1 10.105 3.6585 -1.7999e-19 3.1665e-19 1.7999e-19 3.1665e-19 0 -0 0 0 0 -0 0 0 0 -0 0 0 0.031108 0.026235 0.031141 0.026235 -0.019477 0.11676 0.14024 0.17684 -0.012733 0.024085 0.02002 0.029162 0 -0 0 0 0.048513 -0.010597 0.093633 0.061218 0.083894 -0.11405 0.48132 0.56751 -0.11785 -0.010859 0.29676 0.31726 -0.0012863 0.0010144 0.0012863 0.0010144 0.027529 0.0095126 0.070123 0.051028 -0.022397 0.01721 0.30755 0.16955 -0.028105 -0.027008 0.049428 0.042272 -4.1219e-05 4.3261e-05 4.1219e-05 4.3261e-05
