46 64
106.53 117.43 2.3062 1.3036 0 0 0 0 0 0 0 0 0 0 0 0 0 0 0 0 0.028086 0.036086 0.028086 0.038291 0.079246 0.27489 0.14073 0.34886 -0.098713 0.17739 0.12093 0.2226 -0.012298 0.01644 0.012557 0.024503 0.09645 0.035831 0.14706 0.15327 -0.0069516 -0.12624 0.28579 0.46874 -0.12609 -0.088222 0.26234 0.33624 -0.04608 0.02544 0.12523 0.088677 -0.0088868 -0.025696 0.068425 0.07786 -0.017464 -0.058601 0.11045 0.097368 -0.0038616 -0.0033659 0.071108 0.08391 -0.016988 0.0013676 0.085813 0.063948
149.48 129.51 1.8823 3.1896 0.019691 -0.05335 0.046063 0.073154 -0.049047 -0.12447 0.1196 0.15044 -0.025262 -0.015719 0.026149 0.018661 0 -0 0 0 0.00040642 -0.0050935 0.10019 0.17765 0.010504 0.038003 0.089529 0.14291 -0.022755 0.12658 0.078894 0.13977 -0.0086388 0.015895 0.013853 0.015895 0.018511 0.0096044 0.046942 0.068615 0.082914 0.051423 0.13865 0.17046 0.075887 0.16077 0.48741 0.32573 -0.12099 0.040324 0.16283 0.064837 0.024002 -0.008488 0.036827 0.035816 0.047978 0.013998 0.14415 0.14096 -0.0018534 -0.078113 0.45994 0.22057 -0.070899 -0.019612 0.10626 0.031861
135.93 138.72 1.9976 3.3378 5.8236e-05 -0.00072176 0.003595 0.0043365 0.025499 -0.0072112 0.10856 0.15826 0.0040385 0.015169 0.095351 0.12556 -0.01331 0.056171 0.045307 0.070827 0.0024798 0.00025814 0.0040362 0.0011698 0.038452 0.033448 0.079574 0.10666 0.072694 0.070018 0.15941 0.20673 0.032149 0.12356 0.35284 0.23674 -0.00085596 0.010856 0.035311 0.028642 0.059334 -0.0047737 0.11617 0.095969 0.11532 0.024716 0.29285 0.26646 -0.057419 -0.10379 0.51676 0.23731 0.0051796 0.0049621 0.046593 0.027214 0.039225 0.026342 0.10012 0.06543 0.057411 -0.0038765 0.15393 0.10664 -0.04625 0.044961 0.14154 0.11321
85.724 141.22 1.9797 2.6917 0.022175 -0.0012747 0.042697 0.04862 0.035451 0.019444 0.16749 0.15764 -0.017564 -0.032635 0.23012 0.28218 -0.04289 -0.033231 0.087238 0.065514 0.046443 0.020305 0.093806 0.14576 -0.012554 -0.071816 0.20907 0.32871 -0.043696 -0.048475 0.12359 0.21389 -0.011506 -0.0067121 0.020144 0.034142 0.047134 0.048009 0.087523 0.2247 -0.0001824 0.062271 0.14211 0.44523 -0.11169 0.13817 0.26786 0.28491 -0.04355 0.01726 0.049129 0.026856 0.010916 -0.022581 0.02912 0.081131 0.034066 -0.030487 0.056756 0.10339 -0.031717 -0.068575 0.13478 0.10369 -0.026242 -0.0074693 0.028255 0.015329
123.65 142.47 2.0116 5.0923 -0.017215 0.019573 0.040494 0.045545 0.0049508 0.018145 0.057727 0.090242 -0.011193 0.015073 0.072394 0.066872 -0.0034173 0.001212 0.0075475 0.0052787 -0.023625 0.065587 0.10581 0.11555 -0.061218 0.058928 0.13638 0.15521 -0.017885 0.025988 0.067068 0.078295 -0.0044592 0.010206 0.011098 0.014892 -0.0033427 0.041008 0.1671 0.16545 -0.043247 0.14606 0.16583 0.3002 -0.012434 0.12717 0.2201 0.2219 -0.052604 0.013301 0.090516 0.068223 -0.099141 0.033878 0.2098 0.31986 0.0094548 0.038016 0.22929 0.25594 -0.047588 0.13943 0.26782 0.37997 -0.037703 0.083718 0.12172 0.12895
90.771 149.66 1.9369 2.8697 -0.0035052 -0.0032398 0.018251 0.015087 0.027751 -0.0060377 0.055326 0.054193 0.051804 -0.0027319 0.13136 0.11536 0.020288 0.018044 0.13685 0.16373 0.0024863 0.016728 0.055845 0.061839 0.034863 0.012637 0.12392 0.1989 -0.00095736 -0.062736 0.24151 0.35597 -0.016452 -0.083383 0.13834 0.23342 0.029553 0.0073384 0.0621 0.14712 0.057145 0.056836 0.11483 0.3776 -0.037769 0.11922 0.17995 0.4627 -0.069501 0.079316 0.14053 0.14447 -0.0004942 0.0075811 0.027197 0.052318 0.027074 -0.036742 0.042358 0.13537 0.049622 -0.045082 0.084224 0.1396 -0.050439 -0.026661 0.11071 0.06975
172.04 165.3 2.3613 1.1212 0.016224 -0.030427 0.035904 0.035037 -0.0054939 -0.022521 0.033087 0.039012 -0.037936 0.0057337 0.043648 0.026511 -0.0011241 -0.00028301 0.0086101 0.0059384 0.027395 -0.0067553 0.033999 0.016532 0.086165 0.10858 0.13663 0.14242 -0.044188 0.24976 0.11981 0.25415 -0.041016 0.12268 0.051062 0.12647 0.023809 -0.0045873 0.023809 0.011539 0.13634 -0.10984 0.22078 0.26959 0.037974 -0.080928 0.16449 0.56946 -0.038604 0.0076832 0.10286 0.37973 0.00073679 -0.00059187 0.00073679 0.00059187 0.018404 -0.029511 0.027656 0.039832 0.030795 -0.067005 0.047878 0.18199 0.0065234 -0.058028 0.025784 0.18012
162.38 171.63 2.1864 0.93793 -0.018929 -0.00065333 0.026208 0.020794 -0.013022 0.010462 0.017532 0.014749 -0.0013894 0.00061504 0.004372 0.0032016 -0.00010848 -2.7947e-05 0.00010848 8.572e-05 0.022286 0.07672 0.056503 0.091913 -0.0044354 0.23184 0.071022 0.24235 -0.04473 0.16795 0.061666 0.23377 -0.016223 0.095455 0.027952 0.10904 0.060864 -0.060281 0.10636 0.18205 -0.018906 -0.073672 0.13696 0.49469 -0.00034245 -0.025835 0.16186 0.52561 -0.0103 -0.023858 0.099719 0.26002 0.010722 -0.024478 0.015806 0.034367 0.012812 -0.046602 0.027648 0.10882 -0.001727 -0.062125 0.039828 0.1434 -0.010252 -0.041379 0.018349 0.061193
88.392 174.22 1.9822 2.8791 0.0076035 0.0076683 0.018859 0.025621 -0.00069452 -0.029498 0.057937 0.065783 0.019281 0.016109 0.11979 0.085643 0.013587 0.017355 0.098573 0.13372 -0.012373 0.013278 0.062821 0.15993 0.01698 0.022705 0.10936 0.29793 0.081363 0.015756 0.16755 0.39265 0.082449 0.0861 0.18 0.43516 0.038931 -0.016163 0.092392 0.11275 0.012104 0.056593 0.14097 0.23005 0.011153 0.014787 0.13676 0.2878 0.055413 -0.072616 0.094231 0.27494 0.015047 -0.01817 0.017567 0.021351 0.047439 -0.066518 0.068349 0.11677 0.0084966 -0.044365 0.081068 0.14841 0.02338 -0.038053 0.063302 0.1632
104.49 173.97 2.0261 0.38656 0.01801 -0.082967 0.19132 0.24737 -0.030328 -0.10264 0.29925 0.3553 -0.023091 -0.019958 0.256 0.25056 0.0067255 -0.030053 0.10659 0.10166 0.016996 -0.018865 0.097596 0.06222 -0.017454 0.018711 0.18664 0.19296 0.0548 -0.096285 0.25713 0.24445 0.036247 -0.017359 0.18471 0.22527 -0.0097556 -0.0038701 0.1407 0.10703 0.034874 -0.04945 0.21462 0.24221 -0.042237 -0.031815 0.13605 0.09252 0.033143 -0.058476 0.081035 0.08523 -0.0033976 -0.0069257 0.029865 0.029005 0.0065239 -0.0084156 0.083206 0.079734 -0.010827 -0.0085631 0.02542 0.019611 -0.00084553 -0.003503 0.0079115 0.0054086
89.603 181.8 1.9585 2.7221 0.0020319 0.0049587 0.011811 0.011954 0.029519 -0.019853 0.047713 0.068267 0.018985 -0.032559 0.095782 0.085202 0.03039 0.012573 0.12402 0.15271 0.059718 0.03157 0.10142 0.15096 -0.00066681 0.041349 0.13765 0.34054 0.043654 0.028313 0.14971 0.44692 0.0788 -0.030907 0.16099 0.39456 0.032452 -0.034877 0.046592 0.066833 0.04452 -0.028223 0.19272 0.2417 0.025917 0.073321 0.18329 0.29184 0.0017254 0.054221 0.11545 0.19791 0.0010587 -0.00041595 0.0010587 0.00041595 0.024969 -0.032834 0.034326 0.04287 0.047582 -0.09842 0.064494 0.13425 -0.0025552 -0.055612 0.050565 0.11813
85.434 187.17 2.0602 5.3028 0 0 0 0 0 0 0 0 0 0 0 0 0 0 0 0 0.026656 0.10928 0.041477 0.11134 -0.010963 0.19612 0.10342 0.24377 -0.020453 0.13891 0.12601 0.168 -0.02748 0.059421 0.077931 0.10157 -0.0098055 -0.056623 0.16788 0.19578 -0.072522 0.0013212 0.24512 0.3376 0.0035998 0.040345 0.33856 0.3492 -0.056311 -0.025963 0.12595 0.12604 0.00057713 0.058923 0.15537 0.18466 -0.062788 -0.014788 0.20659 0.31238 -0.040063 -0.035848 0.11306 0.17954 -0.017465 0.013332 0.025383 0.043995
89.711 192.67 2.0507 5.7561 -0.0072743 0.038424 0.0079349 0.038424 -0.0010791 0.0065951 0.0011932 0.0065951 0 0 0 0 0 0 0 0 -0.039506 0.02112 0.13521 0.21718 -0.14035 0.093859 0.20366 0.21587 -0.03029 0.053303 0.03285 0.063042 -0.00016979 0.00081463 0.00016979 0.00081463 -0.01345 -0.056126 0.15248 0.37625 -0.009956 -0.048793 0.27077 0.50464 -0.11065 0.043312 0.23137 0.38831 -0.012104 0.0014852 0.015017 0.019064 -0.024358 -0.029474 0.081082 0.18121 -0.018751 -0.033581 0.070835 0.17066 -0.021488 -0.039802 0.05733 0.065597 -0.00061735 -0.0025222 0.005791 0.0060611
118.71 111.51 2.753 1.981 -0 0 0 0 -0 0 0 0 -0 0 0 0 -0 0 0 0 -0.037403 0.13923 0.11716 0.1923 -0.045571 0.1185 0.045571 0.1185 -0.0063997 0.043337 0.0063997 0.043337 -2.9202e-05 6.7148e-05 2.9202e-05 6.7148e-05 0.026595 -0.060671 0.19782 0.24876 0.063807 0.064725 0.2475 0.37088 -0.15519 0.088178 0.38297 0.53521 -0.050283 0.018949 0.05437 0.037037 0.014585 -0.032971 0.046173 0.049702 0.036488 -0.05598 0.093634 0.099427 -0.026079 -0.063541 0.2075 0.1634 -0.028874 -0.0035213 0.051755 0.027507
97.563 113.34 2.7367 0.89624 0 0 0 0 0 0 0 0 0 0 0 0 0 0 0 0 0 0 0 0 0.0020433 0.015084 0.0035394 0.015084 -0.0014136 0.016364 0.0032024 0.016364 0.0025582 0.0077635 0.0047746 0.0077635 0.068151 0.031251 0.068151 0.038799 0.017082 0.2093 0.47874 0.54818 -0.1098 0.051517 0.30062 0.31891 0.033621 0.027242 0.10211 0.080912 0.044083 0.06792 0.13094 0.12443 -0.031505 -0.081186 0.22365 0.19212 -0.038165 -0.041222 0.12895 0.13281 0.012224 -0.016176 0.09725 0.081537
168.92 135.69 2.7339 2.1836 -0 0 0 0 -0 0 0 0 -0 0 0 0 -0 0 0 0 0.03491 0.009409 0.042817 0.056134 0.05358 0.16513 0.22446 0.31848 -0.10874 0.073344 0.14396 0.11706 0.030788 0.10894 0.06876 0.10894 0.060212 0.10143 0.10249 0.13311 0.028841 -0.085944 0.27729 0.24673 -0.07555 -0.023951 0.26537 0.2256 0.14257 -0.022495 0.20003 0.26595 0.041895 0.069097 0.34925 0.20115 -0.16702 0.021352 0.21428 0.11189 -0.0035436 -0.032842 0.075199 0.091016 0.037512 -0.030415 0.067523 0.075815
89.532 137.75 2.8739 2.599 0.032636 -0.0069666 0.051926 0.044658 0.082851 -0.057376 0.16357 0.17455 -0.13353 -0.090537 0.42299 0.29681 -0.046348 -0.0031324 0.046648 0.019481 0.033439 -0.007635 0.060277 0.060244 0.052105 -0.061549 0.24659 0.29053 -0.081786 -0.10098 0.20238 0.2275 -0.010957 -0.0045895 0.011702 0.0072427 0.031691 0.019204 0.075134 0.13288 0.026783 0.029619 0.15643 0.42059 -0.087988 0.071448 0.15388 0.19303 -0.010268 0.0024373 0.010612 0.0042456 0.011606 -0.00065757 0.030886 0.068462 0.017781 -0.036638 0.065593 0.15662 -0.051506 -0.051418 0.089653 0.087449 -0.0054549 -0.0016828 0.0054549 0.0026897
136.56 141.08 2.6251 4.5283 -0.0029584 0.0040733 0.012366 0.012905 -0.0014772 0.0016738 0.005162 0.0054596 0.026213 -0.034918 0.030898 0.035791 0.053246 -0.07637 0.076805 0.1132 -0.0005891 0.024424 0.030174 0.057651 0.012815 0.045588 0.068119 0.060178 0.0013705 0.030774 0.20343 0.097938 0.10703 -0.0092676 0.18248 0.12059 0.0058022 0.049769 0.10187 0.089859 0.05091 0.14325 0.23111 0.27833 -0.075529 0.20646 0.35878 0.31251 -0.0010943 -0.024533 0.11639 0.079745 0.0061593 0.015622 0.17039 0.28843 -0.032915 -0.066103 0.17751 0.27626 -0.06097 -0.12745 0.16217 0.31208 -0.025014 -0.01187 0.026044 0.018805
116.08 146.39 2.7506 4.4372 -0.0037344 0.0024039 0.036904 0.02376 -0.0071777 0.0019593 0.030646 0.025233 -0.0018091 0.0052054 0.011986 0.0099727 0.0039391 -0.0057184 0.0044837 0.0078632 -0.03749 0.020505 0.12429 0.065634 -0.0045918 0.029421 0.066743 0.095668 0.015877 0.034642 0.061628 0.076581 0.027185 0.028027 0.087803 0.05468 -0.013822 0.0084672 0.24499 0.12973 0.0055893 0.066965 0.2008 0.18293 0.029028 0.11594 0.18737 0.20015 0.031254 0.15268 0.20239 0.26441 0.029208 -0.021467 0.10013 0.057844 0.14407 0.03155 0.28109 0.3408 -0.10848 -0.036153 0.29781 0.39941 -0.013714 -0.09987 0.096875 0.21008
74.351 150.98 2.6273 5.7535 0 0 0 0 0.0058005 0.010709 0.0058005 0.010709 0.012353 0.048879 0.023466 0.051155 -0.0028825 0.028289 0.01101 0.030213 0.015715 0.0095749 0.015715 0.0095749 0.047853 0.12093 0.14612 0.18039 -0.023285 0.059923 0.11197 0.26362 -0.0076893 0.017528 0.055755 0.12531 0.056517 -0.009245 0.057188 0.024854 0.078717 -0.09463 0.24924 0.37331 -0.077781 -0.035656 0.18133 0.53761 -0.033559 -0.013947 0.079 0.15281 0.016849 0.0054661 0.020061 0.014918 0.067796 0.052197 0.229 0.26669 -0.059114 -0.0072973 0.18692 0.24174 -0.0054947 -0.0039481 0.035054 0.036879
179.78 150.89 2.856 2.7249 -0 0 0 0 -0 0 0 0 -0 0 0 0 -0 0 0 0 0.0018933 0.0069961 0.0018933 0.0069961 0.012045 0.040955 0.023619 0.06074 0.069267 0.13297 0.1458 0.18116 -0.054141 0.071206 0.088038 0.075851 0.13002 0.098336 0.18369 0.12829 -0.1122 0.17479 0.33566 0.27141 0.062209 -0.080734 0.2044 0.20528 -0.076919 -0.038116 0.1418 0.11635 0.11776 0.022681 0.40376 0.095424 -0.19238 -0.073476 0.4285 0.13845 -0.010834 -0.048417 0.05777 0.082695 0.0080098 -0.00030872 0.058831 0.079596
67.746 160.32 2.8615 5.8337 0 0 0 0 0 0 0 0 0 0 0 0 0 0 0 0 0.0042131 0.0075236 0.0042131 0.0075236 0.052754 0.11119 0.069061 0.16156 0.011851 0.092268 0.072356 0.19161 -0.017515 0.049009 0.035995 0.082861 0.10691 0.06266 0.1569 0.10571 -0.0075152 0.20021 0.22881 0.40497 -0.071306 0.066477 0.14773 0.40614 -0.016443 -0.012531 0.076566 0.17363 0.045939 -0.03161 0.075677 0.07167 0.025996 -0.055502 0.17402 0.4263 -0.066133 -0.050069 0.14818 0.29215 -0.011822 -0.0048425 0.049347 0.073981
63.902 168.36 2.9079 5.9354 0 0 0 0 0 0 0 0 0 0 0 0 0 0 0 0 0.0013539 0.0037343 0.0013539 0.0037343 0.011667 0.075358 0.018528 0.075358 -0.0049698 0.052896 0.016983 0.052896 -0.0017641 0.0047905 0.0021087 0.0047905 0.064357 0.13561 0.15451 0.169 -0.037059 0.071831 0.16168 0.39354 -0.019801 -0.0013881 0.144 0.24999 -0.039167 0.016614 0.075932 0.11348 0.071552 -0.043456 0.16285 0.22522 -0.083066 -0.047609 0.16728 0.59218 -0.072443 -0.058753 0.13069 0.32223 -0.0081261 -0.022748 0.048421 0.10468
75.827 176.49 2.6204 5.654 0 0 0 0 0 0 0 0 0 0 0 0 0 0 0 0 0.030857 0.071904 0.049974 0.090594 0.022569 0.11233 0.097056 0.17921 -0.026924 0.085061 0.067057 0.15222 -0.016548 0.02569 0.022032 0.032244 0.011798 0.1434 0.172 0.28489 -0.041419 0.10623 0.20827 0.40931 -0.037212 -0.035518 0.15896 0.3162 -0.030895 -0.018494 0.075843 0.13287 0.012476 -0.050922 0.15019 0.32455 -0.079862 -0.032019 0.23487 0.39549 -0.026211 -0.02292 0.10462 0.13418 -0.01653 -0.0010417 0.028385 0.039992
135.58 187.85 2.6083 5.605 -0.0048814 -0.0025238 0.0099983 0.016789 -0.001341 -0.00065069 0.001512 0.0015422 0 0 0 0 0 0 0 0 -0.0049299 -0.0047905 0.019396 0.02288 0.0048294 0.013238 0.022624 0.024882 -0.0078235 0.032795 0.023629 0.032858 -0.00097444 0.0013372 0.00097444 0.0013372 -0.0030102 -0.0029138 0.0097593 0.012175 0.12844 0.016846 0.14278 0.042618 -0.034187 0.18854 0.46827 0.27574 -0.055232 0.024616 0.06067 0.030335 -0.0029633 -2.3517e-05 0.0035139 0.0035509 0.16559 0.019302 0.1656 0.031285 -0.0060647 0.038501 0.68748 0.26042 -0.060179 0.0040793 0.10761 0.039735
96.463 189.67 2.7851 2.8693 -0 0 0 0 0.0084527 -0.0039111 0.013423 0.0076753 0.023525 0.018177 0.099375 0.080884 -0.013881 0.0031319 0.078796 0.064415 5.2402e-06 1.8766e-05 5.2402e-06 1.8766e-05 0.043199 0.030533 0.082657 0.16924 0.012569 0.062717 0.14306 0.32889 0.056684 0.10097 0.174 0.38633 6.9053e-07 2.4728e-06 6.9053e-07 2.4728e-06 0.084155 -0.048304 0.10438 0.16031 0.099889 0.028703 0.25671 0.45436 0.052356 0.029403 0.18091 0.44437 -0 0 0 0 0.0054848 -0.0033997 0.0054848 0.0049487 0.046541 -0.059733 0.05429 0.089819 0.015038 -0.061938 0.064933 0.14069
140.15 121.28 3.1186 1.4669 0 0 0 0 0 0 0 0 0 0 0 0 0.0021059 0.012177 0.0032244 0.012177 0.00093467 -9.7413e-05 0.00093467 9.7413e-05 0.10005 0.15406 0.13694 0.23246 -0.021968 0.1901 0.12929 0.32247 0.10361 0.058592 0.20732 0.38506 -0.021378 0.067776 0.063175 0.076232 0.14013 -0.10335 0.30188 0.27377 -0.040599 -0.11572 0.2703 0.34478 0.0034867 -0.1089 0.14356 0.16739 -0.04871 -0.0015729 0.10118 0.073321 -0.0024026 -0.01722 0.12751 0.065077 -0.0050902 -0.043292 0.068083 0.056042 0.0051943 -0.023063 0.031063 0.041249
75.127 140.41 3.6834 2.4832 0.056077 -0.024401 0.078902 0.070332 -0.0097579 -0.13011 0.42021 0.36829 -0.097253 -0.039038 0.15298 0.093467 -0 0 0 0 0.070258 0.019004 0.12458 0.15433 -0.036345 0.046587 0.32182 0.46399 -0.069327 0.021819 0.10179 0.099526 -0 0 0 0 0.040762 -0.003745 0.089018 0.16594 -0.021661 -0.08986 0.20995 0.32574 -0.062357 -0.036334 0.089222 0.075512 -0 0 0 0 0.0017076 -0.021058 0.015598 0.037419 -0.013076 -0.026094 0.02733 0.041847 -0.0024616 -0.0028104 0.0026534 0.0030946 -0 0 0 0
68.15 160.46 3.1815 5.8337 0 0 0 0 0 0 0 0 0 0 0 0 0 0 0 0 0.0042131 0.0075236 0.0042131 0.0075236 0.052754 0.11119 0.069061 0.16156 0.011851 0.092268 0.072356 0.19161 -0.017515 0.049009 0.035995 0.082861 0.10691 0.06266 0.1569 0.10571 -0.0075152 0.20021 0.22881 0.40497 -0.071306 0.066477 0.14773 0.40614 -0.016443 -0.012531 0.076566 0.17363 0.045939 -0.03161 0.075677 0.07167 0.025996 -0.055502 0.17402 0.4263 -0.066133 -0.050069 0.14818 0.29215 -0.011822 -0.0048425 0.049347 0.073981
109.09 172.59 3.6727 3.1368 0.065057 -0.02396 0.065057 0.033472 -0.051616 -0.18767 0.27987 0.24182 -0.024823 -0.024829 0.039543 0.037375 0.089611 0.01655 0.12806 0.13478 0.00059891 0.00011931 0.00103 0.002283 0.01313 0.0049632 0.047395 0.043258 0.00055418 0.0072263 0.10284 0.04583 0.13486 6.6254e-05 0.1992 0.17205 0.019307 0.0030566 0.024049 0.034288 0.012618 0.029918 0.099605 0.18508 0.043182 0.11624 0.16208 0.35713 0.051941 0.0044848 0.19963 0.42328 0.009048 -0.0035743 0.0090502 0.0078335 0.030256 -0.019145 0.078168 0.11704 0.068763 -0.024159 0.12799 0.31603 -0.0475 -0.022692 0.16043 0.23213
151.52 184.9 3.649 0.68532 -0.020135 -0.010657 0.05405 0.059129 -0.0068066 -0.0044899 0.014442 0.012131 -0.00090155 -0.0025483 0.014578 0.01255 0.00016742 -0.0040877 0.008136 0.0071995 0.011965 0.10441 0.11705 0.19954 -0.0074067 0.23705 0.18422 0.45997 -0.092568 0.076953 0.14442 0.17925 -0.0037395 -6.7031e-05 0.0037854 0.0017457 0.082152 -0.0851 0.1372 0.22241 -0.078996 -0.19774 0.31747 0.53448 -0.084649 -0.073599 0.1128 0.13516 -0.0011994 -0.00023119 0.0011994 0.00041457 0.0019873 -0.0088596 0.0020931 0.0090185 -0.0034024 -0.014816 0.0047487 0.014967 -0.00059767 -0.00076497 0.0006107 0.00076497 0 0 0 0
95.048 106.91 5.1767 0.96993 0 0 0 0 0 0 0 0 0 0 0 0 0 0 0 0 0 0 0 0 0 0 0 0 0 0 0 0 0 0 0 0 0.016717 0.03006 0.016717 0.03006 0.0857 0.14484 0.44103 0.5116 -0.096607 0.097073 0.31353 0.31361 -0.023759 0.05863 0.14115 0.1118 0.061413 -0.00061403 0.1396 0.15001 -0.049045 -0.1103 0.24305 0.26841 -0.030387 -0.065154 0.16189 0.14745 -0.0036844 -0.023018 0.11219 0.059503
126.15 110.37 4.9529 1.6154 -0 0 0 0 -0 0 0 0 -0 0 0 0 -0 0 0 0 0.0036141 0.0054276 0.0036141 0.0054276 0.0036071 0.078733 0.020387 0.078733 -0.0025764 0.15476 0.054065 0.15476 -0.0060141 0.014311 0.0069805 0.014311 0.020311 0.045881 0.15624 0.13385 0.064842 0.0071348 0.2706 0.45676 -0.066881 0.01464 0.37708 0.56856 -0.066896 0.032361 0.11449 0.09116 -0.05209 0.034377 0.14506 0.10905 0.0017179 -0.063297 0.072758 0.0808 0.0080375 -0.075774 0.1113 0.097377 0.0070635 -0.0014074 0.14385 0.081475
123.05 143.3 4.6166 4.6541 -0.0042171 0.0086504 0.037277 0.02228 -0.0071109 0.0028382 0.020098 0.014855 0.086803 -0.036148 0.11185 0.12362 -0.0080505 0.013758 0.16946 0.29606 -0.022126 0.024373 0.17687 0.075119 -0.026754 0.048966 0.085175 0.092537 0.0058963 0.023341 0.090547 0.070131 0.050714 -0.044601 0.21339 0.19852 0.038574 -0.033829 0.14787 0.094278 0.030015 0.071203 0.30968 0.43046 -0.073263 0.035064 0.28547 0.41426 -0.020869 -0.037271 0.14622 0.13537 0.012777 -0.0072633 0.01412 0.010252 -0.00018577 -0.087959 0.092905 0.17209 -0.01849 -0.063075 0.046927 0.094267 -0.0068045 -0.0064558 0.0081523 0.0095404
103.59 153.1 4.9409 4.0687 0.0012126 0.0055829 0.010282 0.0078344 0.00060878 0.0072067 0.017894 0.011686 0.03557 -0.074699 0.066641 0.12344 0.023888 -0.095745 0.10541 0.17992 0.010617 0.014691 0.072335 0.033477 -0.020248 0.033779 0.098077 0.080112 0.036242 0.064245 0.074162 0.093753 0.028423 0.10851 0.19992 0.19125 0.054587 -0.010896 0.10544 0.060558 -0.0065814 0.021718 0.34473 0.21139 0.13585 0.060719 0.38936 0.41479 -0.094944 -0.05322 0.29838 0.31527 0.012813 -0.0097022 0.015391 0.015124 -0.0031151 -0.040053 0.064162 0.059034 0.025233 -0.087116 0.10309 0.14896 -0.027979 -0.03593 0.04928 0.054272
158.72 154.67 5.0983 0.76739 0.0054689 -0.00091602 0.0054689 0.0012488 0.040179 -0.030593 0.18871 0.17183 -0.057541 -0.064117 0.11626 0.10847 -0.0041072 -0.016695 0.038994 0.038454 0.04371 0.014155 0.055423 0.042918 -0.030352 0.022767 0.20624 0.2286 -0.024538 0.00032569 0.053644 0.057732 -0.00020976 0.0038344 0.013259 0.01492 0.024293 -0.016749 0.034285 0.026922 0.14103 -0.032378 0.2485 0.33367 -0.03708 0.05667 0.31322 0.64435 -0.07826 0.0076031 0.10659 0.14555 6.5174e-05 -6.7565e-05 9.2477e-05 9.5869e-05 0.023236 -0.038786 0.028221 0.050267 -0.010161 -0.093223 0.057993 0.11821 -0.010276 -0.015115 0.013941 0.018185
96.568 175.91 5.0586 3.5678 0 -0 0 0 0.028002 -0.0028856 0.028002 0.0098804 0.018157 -0.14687 0.17971 0.21016 -0.0031524 -0.067716 0.086404 0.13507 0.0059411 0.001576 0.0060382 0.0047139 0.01214 0.031032 0.078624 0.081025 0.0011359 0.028564 0.09312 0.079216 0.12542 0.078888 0.18303 0.12766 0.0077661 -0.00048211 0.0077661 0.0025009 0.064435 0.0046247 0.18255 0.15983 0.0095234 0.12389 0.32774 0.42789 0.17536 -0.045875 0.34297 0.36211 0.00012623 -8.6668e-05 0.00012623 8.6668e-05 0.029009 -0.028891 0.043298 0.05687 0.018719 -0.081453 0.18274 0.23791 -0.016694 -0.046158 0.065566 0.083626
83.899 180.09 5.1605 5.4319 0 0 0 0 0 0 0 0 0 0 0 0 0 0 0 0 0.015786 0.02208 0.022032 0.026771 0.015925 0.077777 0.080072 0.16932 -0.02591 0.036497 0.063157 0.11038 -0.0036341 0.0011133 0.0049523 0.0057869 0.085782 0.04638 0.18824 0.23709 -0.11346 0.041058 0.36092 0.51281 -0.057445 -0.02349 0.13564 0.15352 0.0003306 0.031989 0.025553 0.040783 0.074717 0.0094725 0.14161 0.13917 -0.079234 0.077303 0.32562 0.32428 -0.045577 0.014079 0.079625 0.071612 0.16904 0.049468 0.23142 0.11602
180.12 182.48 4.9381 3.9221 0 -0 0 0 0 -0 0 0 0 -0 0 0 0 -0 0 0 0.00025525 0.00025278 0.00025525 0.00025278 0.0018463 0.058645 0.010685 0.058645 -0.0047988 0.030457 0.0062697 0.030457 0 -0 0 0 0.08862 0.016099 0.10649 0.14285 0.061745 0.02159 0.32396 0.7061 -0.16007 0.08342 0.24359 0.38237 -0.0169 0.022045 0.022597 0.022553 0.012485 -0.014797 0.022051 0.031789 0.013063 -0.092316 0.046624 0.14153 0.017112 -0.065419 0.14183 0.20191 -0.0317 -0.0081426 0.048397 0.043256
161.43 117.96 6.7408 2.2372 -0 0 0 0 -0 0 0 0 -0 0 0 0 -0 0 0 0 0.0094335 0.0058824 0.0094335 0.0058824 -0.0078886 0.073923 0.0569 0.075125 -0.0016917 0.027317 0.0091383 0.027681 -0 0 0 0 0.083738 0.086153 0.21035 0.13005 -0.046482 0.035478 0.41167 0.31484 0.023325 0.058813 0.39248 0.48739 -0.074425 0.042504 0.12259 0.13449 0.062652 -0.041188 0.19401 0.12163 -0.084238 -0.041813 0.20769 0.12106 0.074939 -0.056394 0.13868 0.16286 -0.040212 0.00072456 0.094541 0.10144
83.334 125.07 6.5519 0.61377 0 0 0 0 0 0 0 0 0 0 0 0 0 0 0 0 0 0 0 0 0.0087084 0.057388 0.013077 0.058182 -0.0047994 0.077438 0.087503 0.10187 -0.0095503 0.011567 0.00992 0.013354 0.11146 0.055388 0.12558 0.058103 -0.032704 0.11443 0.58137 0.48232 -0.064626 -0.029859 0.30595 0.31225 -0.038307 0.0048277 0.06578 0.050489 0.059222 0.0032343 0.12962 0.11403 -0.068844 -0.073446 0.22634 0.2065 -0.0071906 -0.027615 0.051582 0.055727 -0.0055904 -0.0072979 0.018754 0.014086
186.4 151.22 6.8985 3.0068 -0 0 0 0 -0 0 0 0 -0 0 0 0 -0 0 0 0 -0 0 0 0 0.012128 0.067598 0.029785 0.067598 -0.0099464 0.06316 0.036619 0.06316 -0.0015387 0.0013988 0.0015387 0.0013988 0.077739 0.028126 0.10494 0.051651 -0.018466 0.033847 0.61758 0.46669 -0.072536 0.048536 0.29332 0.33266 -0.021227 0.023892 0.038359 0.030866 0.02773 -0.017703 0.053534 0.031737 -0.031263 -0.073026 0.15309 0.1063 0.089617 0.0044771 0.22258 0.15616 -0.056121 0.01756 0.12002 0.074702
166.63 172.86 7.5987 0.7743 7.1295e-05 0.0022122 0.00035472 0.0026478 0.078191 -0.018375 0.23326 0.24194 -0.04493 -0.067462 0.15466 0.17021 -0.015251 -0.01395 0.047963 0.037491 0.034099 -0.0027403 0.034726 0.033303 0.096116 0.048644 0.38436 0.50782 -0.1156 0.084492 0.23274 0.39466 -0.014541 -0.0060173 0.023643 0.019304 0.0021113 -0.0031116 0.0021113 0.0031116 0.080063 -0.10294 0.13539 0.21256 -0.064482 -0.093816 0.13932 0.2273 -0.0064634 -0.0023573 0.006559 0.0053809 0 0 0 0 0 0 0 0 0 0 0 0 0 0 0 0
144.8 153.6 9.7941 0.54545 0 0 0 0 0.027783 0.060812 0.1052 0.09319 -0.018367 0.04302 0.10257 0.12421 -0.0093418 0.0044864 0.010629 0.011835 0.0018206 -0.001062 0.0018206 0.001062 0.029754 -0.0052662 0.42211 0.35825 -0.051473 -0.037839 0.1597 0.18476 -0.0082234 -0.0064917 0.018782 0.017709 0.0049107 -0.0037367 0.0049107 0.0037367 0.1025 -0.061083 0.28622 0.45868 -0.1181 -0.055126 0.25124 0.43003 -0.0094564 -0.002916 0.010221 0.0060903 0 0 0 0 0.0094354 -0.024201 0.013242 0.024201 -0.0064493 -0.030098 0.012784 0.030098 -0.00023446 -0.00030344 0.00023446 0.00030344
163.53 95.028 13.029 2.2435 -0 0 0 0 -0 0 0 0 -0 0 0 0 -0 0 0 0 -0 0 0 0 0.0051992 0.0053149 0.0051992 0.0053149 0.00022401 0.00017847 0.00022401 0.00017847 -0 0 0 0 0.093282 0.029635 0.093282 0.065012 0.0076836 0.077824 0.68446 0.42188 -0.092325 0.065822 0.32525 0.29483 -0.0091992 0.0001787 0.0091992 0.0025845 0.037872 -0.013391 0.037872 0.024777 0.013602 -0.068096 0.21161 0.11979 -0.035131 -0.045842 0.17263 0.13462 -0.0085662 -0.00079212 0.0085662 0.0046099
125.24 158.66 13.038 4.3747 1.8534e-19 -6.5074e-20 1.3311e-18 4.6734e-19 -1.9896e-20 6.9857e-21 1.6758e-19 5.8838e-20 -0.0017468 0.0018344 0.0017468 0.0018344 -7.2167e-05 2.777e-05 7.2167e-05 2.777e-05 0.0093963 0.0054856 0.0093963 0.0054856 0.059173 0.051055 0.11284 0.1314 0.010008 0.039407 0.46859 0.5222 -0.029583 0.0050427 0.045599 0.025607 0.019561 -0.00080265 0.019561 0.0072871 0.08567 -0.051282 0.23498 0.33135 -0.079892 -0.098614 0.30929 0.41842 -0.01402 -0.0050258 0.022869 0.014208 0.00031598 -0.00025567 0.00031598 0.00025567 0.0044821 -0.022279 0.01511 0.026512 -0.007019 -0.019259 0.012699 0.021741 -0.00017316 -6.5121e-05 0.00017316 6.5121e-05
