44 64
75.275 126.44 2.0196 1.1851 0 0 0 0 0 0 0 0 0 0 0 0 0 0 0 0 0.023963 0.038036 0.02766 0.039273 0.034627 0.23043 0.070937 0.24162 -0.054858 0.18681 0.065043 0.20626 -0.017948 0.027675 0.018057 0.028705 0.15793 0.058359 0.26194 0.23094 -0.062426 -0.05983 0.30097 0.5055 -0.1168 -0.027465 0.16254 0.26151 -0.054946 0.019186 0.074798 0.07358 0.007974 -0.0012369 0.17466 0.20251 -0.039315 -0.077242 0.12742 0.20897 -0.021955 -0.047681 0.087967 0.10094 -0.014415 -0.01464 0.048645 0.033089
86.333 127.7 1.904 1.8904 -0 0 0 0 -0.00013431 0.00040584 0.00013431 0.00040584 -2.2201e-05 6.7086e-05 2.2201e-05 6.7086e-05 -0 0 0 0 -0.0088951 0.083067 0.035119 0.088779 0.12997 0.21908 0.20397 0.31499 -0.077645 0.21942 0.15372 0.29816 -0.032916 0.043158 0.033504 0.045628 0.00099448 0.017297 0.25376 0.22194 0.0581 -0.10595 0.33739 0.36673 0.0035431 -0.10474 0.21019 0.30364 -0.084326 0.016679 0.11538 0.11429 0.0090703 -0.039587 0.076441 0.069426 -0.0031009 -0.018475 0.093062 0.06237 0.003394 -0.048503 0.099013 0.073735 -0.011849 -0.022086 0.053796 0.031583
70.172 136.16 1.9477 5.7016 0 0 0 0 0.016169 0.01997 0.021044 0.020951 0.0035089 0.03445 0.039612 0.053767 0.0073314 0.0078142 0.035197 0.06526 0.019136 0.0057517 0.019136 0.0057517 0.056797 0.08408 0.18447 0.10404 -0.039421 0.062451 0.12101 0.11936 -0.0075975 0.033558 0.05294 0.092746 0.063338 -0.0044371 0.063338 0.012812 0.16153 0.079831 0.38796 0.17314 -0.12754 0.062974 0.31758 0.15983 -0.030366 0.017739 0.089026 0.080689 0.018101 -0.0041561 0.018101 0.0041561 0.23103 -0.10034 0.30921 0.19984 -0.094737 0.023753 0.36297 0.34167 -0.024023 0.059497 0.15663 0.12036
124.48 138.32 1.9869 1.6224 -0 0 0 0 -0 0 0 0 -6.0601e-05 0.0011738 0.00050743 0.0098286 -7.3696e-06 0.00014274 4.6452e-05 0.00089975 -0.07143 0.049452 0.09222 0.2155 0.067472 0.18844 0.20538 0.35986 -0.050606 0.11448 0.18199 0.29523 0.038906 0.11665 0.075322 0.22306 -0.042789 -0.055691 0.068851 0.146 0.084163 -0.13806 0.19901 0.40389 -0.039838 -0.083857 0.18338 0.34005 0.085323 -0.071942 0.13223 0.25728 -7.3055e-05 -0.0013006 0.0042571 0.0051517 -0.00048386 -0.00051099 0.001493 0.0021144 0.014635 -0.014248 0.022362 0.030654 0.0078404 -0.005238 0.039781 0.041197
90.119 149.79 2.3021 4.8614 -0.0089681 -0.0057811 0.065147 0.032366 0.009202 0.02488 0.050925 0.045016 -0.0076192 0.038764 0.050234 0.046933 -0.0041653 0.018003 0.0261 0.024632 0.016296 0.024943 0.094528 0.038857 0.0091245 0.031826 0.12888 0.096585 -0.017847 -0.0051342 0.16926 0.17468 -0.017674 -0.0098675 0.067749 0.060384 0.00023991 0.055661 0.13144 0.092953 0.023476 0.043675 0.218 0.13317 0.024908 0.15609 0.33506 0.28053 -0.052699 0.08056 0.1241 0.13734 0.014894 0.070058 0.1084 0.15474 -0.0051824 0.1251 0.29226 0.32908 -0.0041475 -0.094425 0.30832 0.31256 -0.048055 -0.036665 0.11158 0.22498
104.12 160.72 2.2048 4.2333 -0.0048391 0.00055005 0.020714 0.021292 0.0015379 0.0030183 0.0093112 0.0094639 -0.00045558 0.00015352 0.00045558 0.000375 0 -0 0 0 0.004231 -0.0074693 0.041352 0.031653 0.053856 0.043602 0.11222 0.093655 -0.044556 0.050493 0.075924 0.0657 -0.0010842 0.00090027 0.003324 0.0022565 0.061946 0.04643 0.12406 0.10981 -0.017116 0.046792 0.25419 0.26037 -0.0028114 -0.01491 0.17471 0.14538 -0.032389 0.0020938 0.089543 0.14841 0.026329 0.013931 0.096146 0.060491 0.076615 0.054429 0.23807 0.24991 0.086884 0.18766 0.24473 0.51787 -0.08505 0.12733 0.16898 0.37336
96.503 162.15 1.9963 4.3727 -0.023622 -0.006411 0.071546 0.068339 -0.005029 -0.0019759 0.025649 0.031927 -0.0022619 0.0022289 0.0085452 0.0092163 0 -0 0 0 -0.031846 -0.012169 0.087426 0.059036 0.012083 0.05262 0.090724 0.077018 0.0072497 0.074544 0.14985 0.13406 -0.028732 0.01684 0.034043 0.030223 0.0091377 0.02564 0.10528 0.060587 0.028235 0.028353 0.24871 0.30431 -0.089798 0.015893 0.26373 0.25862 0.0071695 0.027573 0.11026 0.15144 0.031544 0.018403 0.11263 0.037408 0.029685 0.033158 0.18685 0.1592 0.092354 0.13002 0.32881 0.39715 -0.05867 0.1134 0.14507 0.38814
153.42 164.34 2.1548 3.2874 0.043121 0.038686 0.3837 0.26354 -0.19706 -0.094012 0.26484 0.24768 -0.016269 -0.020093 0.035847 0.052319 0.050481 -0.027869 0.064612 0.074843 -0.15244 -0.13584 0.38057 0.21949 -0.050804 -0.058664 0.17247 0.18401 -0.014128 0.029901 0.11328 0.19561 0.030925 0.018354 0.10205 0.12748 -0.15217 -0.062292 0.26641 0.092681 0.021034 -0.03118 0.037106 0.062288 -0.020358 -0.037873 0.049756 0.085991 0.14358 -0.0041262 0.15926 0.12103 -0.02181 -0.022769 0.041851 0.024241 0.00074544 -0.0010831 0.0019301 0.0030635 0.0031806 -0.00051257 0.0045994 0.0066781 0.059204 -0.014716 0.07062 0.028014
61.388 165.06 2.0505 2.4638 0.012874 0.013102 0.0416 0.12916 0.0046086 -0.037577 0.15096 0.27714 0.00183 -0.091207 0.23157 0.30989 -0.011026 -0.097277 0.1425 0.13736 -0.018352 0.13943 0.077619 0.31226 -0.0359 0.11578 0.16869 0.43003 -0.10137 -0.032416 0.17953 0.27959 -0.018396 -0.040775 0.040979 0.054503 -0.03032 -0.14013 0.050193 0.20525 -0.050226 -0.14464 0.081613 0.25634 -0.064323 -0.080198 0.067955 0.13176 -0.0020969 -0.0011401 0.0020969 0.0020991 -0.00068798 -0.0074135 0.00094572 0.0074135 -0.00073022 -0.0030471 0.00073022 0.0030471 -0 0 0 0 -0 0 0 0
188.17 171.18 2.0767 3.1738 4.1215e-17 5.3494e-17 5.1186e-16 9.4699e-16 -1.1935e-16 7.3715e-17 8.9561e-16 9.368e-16 -3.7561e-17 -1.2095e-18 3.7561e-17 1.2095e-18 0 -0 0 0 0.0052601 0.0048403 0.0052601 0.0048403 0.018754 0.06694 0.046899 0.083114 -0.027689 0.018656 0.03646 0.060469 0.01276 0.0048824 0.014273 0.033799 0.05049 0.054161 0.072393 0.068529 -0.0094125 0.14616 0.13642 0.21215 -0.073604 0.085824 0.088294 0.16816 0.0063803 0.042484 0.025626 0.073822 0.13047 0.12117 0.35752 0.21837 -0.116 0.20192 0.53274 0.43082 -0.13792 -0.014584 0.15724 0.16427 0.0438 -0.022925 0.057372 0.11617
165.06 175.97 2.2851 1.0485 -0.013174 -0.0037045 0.024654 0.014537 0.0094782 -0.0092487 0.036304 0.028144 -0.0096004 -0.0094916 0.039274 0.039495 -0.0014342 0.0022506 0.0042995 0.0044278 0.032002 0.028205 0.048752 0.055052 0.040497 0.21263 0.10716 0.23075 -0.014812 0.21509 0.059741 0.26435 0.037232 0.085538 0.080914 0.21082 0.046633 -0.012742 0.051731 0.054011 0.095252 -0.081785 0.14425 0.44709 -0.035999 -0.10842 0.12636 0.52235 -0.025142 -0.066566 0.10959 0.31846 0.0051875 -0.012489 0.0076802 0.01535 0.010113 -0.049769 0.021203 0.086652 -0.0048903 -0.06252 0.024493 0.10975 -0.0071171 -0.022642 0.01312 0.043273
143.14 183.37 1.6742 1.3406 -0.0058739 -0.006577 0.034901 0.028397 -0.009546 -0.0016751 0.014221 0.0079325 -2.7583e-05 8.1809e-05 0.00026778 0.00020973 0.00016621 0.00025077 0.00016621 0.00025077 -0.044831 0.12942 0.051252 0.15515 0.020118 0.20913 0.058741 0.23674 -0.043034 0.087975 0.070872 0.15535 -0.0047406 0.0032911 0.0060998 0.0072331 -0.022872 -0.056165 0.053528 0.35769 -0.018188 -0.064755 0.11876 0.68146 -0.099349 -0.018348 0.16129 0.35036 -0.011967 -0.00092781 0.021004 0.018349 -0.00054657 -0.038541 0.0098986 0.09755 0.0014767 -0.05231 0.0089306 0.1134 -0.017492 -0.027914 0.020615 0.062218 -0.0022282 -0.0015964 0.0025694 0.0029185
88.392 185.69 2.0757 2.1918 0.00075774 9.6865e-05 0.00075774 0.00027453 0.0021614 0.0096058 0.021997 0.031268 0.016132 -0.006465 0.057028 0.063586 0.014455 -0.042835 0.057444 0.089923 0.014874 0.019287 0.016501 0.019845 0.013318 0.12863 0.079821 0.19967 0.049404 0.13703 0.1094 0.45172 0.028617 0.099657 0.088848 0.34383 0.058703 -0.022184 0.059158 0.071981 0.123 -0.052955 0.18487 0.32835 0.064709 -0.015029 0.19886 0.44731 -0.024725 -0.093425 0.10221 0.27018 0.0033111 -0.0066108 0.0033111 0.0066108 0.02273 -0.054488 0.02876 0.058226 0.01009 -0.084524 0.02658 0.089976 -0.009908 -0.051792 0.015027 0.053377
139.03 188.88 1.996 4.9688 0 0 0 0 -0.00013133 0.00050093 0.00013133 0.00050093 -0.00019988 0.00076239 0.00019988 0.00076239 0 0 0 0 0.0015377 -0.00017133 0.0015377 0.00023105 0.033966 0.0093847 0.067526 0.082379 0.024538 0.03223 0.17214 0.31132 -0.041696 0.067936 0.065732 0.11725 0.00078312 -9.4585e-05 0.001635 0.0012303 0.10917 -0.024269 0.12862 0.24622 0.062939 -0.01408 0.26244 0.66377 -0.026344 0.078949 0.18438 0.3616 -1.7586e-06 -4.4868e-05 0.0001476 0.00016192 0.012348 -0.019957 0.012421 0.020012 0.036625 -0.071182 0.045937 0.085286 0.075386 -0.046244 0.1177 0.14569
82.892 189.18 2.2154 2.2917 0.0030074 0.0040724 0.0037968 0.0088529 0.018283 0.016423 0.053649 0.11103 -0.00087477 0.020126 0.055871 0.16556 0.01067 0.013325 0.043024 0.14568 0.054095 0.0082834 0.069118 0.083195 0.0554 0.1401 0.15991 0.28337 0.011929 0.23486 0.14868 0.45522 0.0084776 0.14248 0.092501 0.34575 0.0226 -0.031785 0.025626 0.036894 0.070243 -0.16551 0.12125 0.22832 0.042414 -0.21733 0.11984 0.35897 -0.042059 -0.12846 0.069082 0.18637 -0 0 0 0 -4.3213e-05 -0.0029551 0.00094422 0.0030434 0.001489 -0.016685 0.0032793 0.016685 -0.001106 -0.0065095 0.0016484 0.0065095
77.227 195.74 1.957 5.222 0 0 0 0 0 0 0 0 0 0 0 0 0 0 0 0 1.7677e-05 6.2472e-05 1.7677e-05 6.2472e-05 0.00088534 0.0024416 0.00088534 0.0024416 0.0024415 0.0033261 0.0030822 0.0036754 -2.6705e-05 -1.4561e-05 2.6705e-05 1.4561e-05 0.083621 0.16224 0.092134 0.18212 0.037164 0.25864 0.1663 0.39834 -0.091613 0.2429 0.20301 0.4183 -0.059208 0.061992 0.074576 0.099763 0.0068151 -0.031994 0.11465 0.22435 -0.039557 -0.047424 0.11996 0.38744 -0.042421 -0.12108 0.099663 0.31402 -0.022911 -0.031912 0.033989 0.057993
86.074 197.11 1.8694 4.9276 0 0 0 0 0 0 0 0 0 0 0 0 0 0 0 0 0.0027841 0.0059648 0.0027841 0.0059648 0.012179 0.11494 0.043107 0.11494 -0.012036 0.11393 0.04375 0.12227 -0.0062058 0.0082385 0.0062058 0.013585 0.082681 0.195 0.16252 0.24119 -0.05139 0.1256 0.33212 0.4469 -0.15077 -0.063041 0.19742 0.31091 -0.03143 -0.0063121 0.031568 0.028126 -0.036802 -0.051704 0.17104 0.23098 -0.077992 -0.089544 0.16373 0.3869 -0.043889 -0.03275 0.061848 0.18426 -0.0042329 -0.0016372 0.0046586 0.0083155
177.63 131.73 2.847 2.2791 -0 0 0 0 -0 0 0 0 -0 0 0 0 -0 0 0 0 0.011637 0.0086568 0.015415 0.022854 0.055648 0.07885 0.069022 0.14102 -0.047137 0.1734 0.16105 0.23136 -0.018616 0.020978 0.025611 0.026246 0.021386 -0.005483 0.039533 0.048025 0.12878 -0.0088102 0.19174 0.24713 0.032315 0.071077 0.50128 0.4361 -0.10962 0.043478 0.17274 0.084963 -0.0050947 0.037903 0.063438 0.051669 0.0063085 -0.027235 0.084495 0.10446 0.10339 -0.13131 0.24001 0.24099 -0.076625 -0.026106 0.16619 0.17038
105.93 136.83 2.9443 1.8797 -0.0024436 0.003553 0.0024436 0.003553 -0 0 0 0 -0 0 0 0 -0 0 0 0 0.018967 -0.0082579 0.15818 0.2843 0.016767 0.074727 0.14781 0.29925 0.071104 0.16863 0.18782 0.29047 0.0056934 0.11115 0.16197 0.29033 0.020963 -0.038945 0.045373 0.085387 0.11491 -0.058755 0.20458 0.28486 0.024685 -0.089602 0.31483 0.34665 0.022276 -0.097997 0.18199 0.21847 0.00078381 -0.00048054 0.00078381 0.00049055 0.027275 -0.018453 0.054814 0.057364 0.0088113 -0.037354 0.07792 0.099472 -0.0038761 -0.022166 0.059931 0.04019
180.38 142.72 2.7939 3.5023 -0.0081423 0.0073398 0.013095 0.025607 -0.0010125 0.0050631 0.006636 0.010854 -0.0014538 0.0058308 0.0031406 0.0066693 0 -0 0 0 -0.08893 0.015872 0.12037 0.13485 0.015934 0.067334 0.090103 0.15583 -0.013423 0.081242 0.13544 0.13975 -0.011111 0.0097163 0.013295 0.0097924 -0.038766 -0.0093025 0.073169 0.11386 0.15978 0.069381 0.29924 0.21775 -0.092448 0.13142 0.32958 0.24272 -0.055234 0.0064087 0.068389 0.026934 0.020057 -0.0039651 0.04081 0.047398 0.15815 0.049149 0.3474 0.30298 -0.15764 -0.11046 0.31466 0.32183 -0.028904 -0.015876 0.033503 0.021179
181.59 145.52 2.8508 3.5136 -0.0035611 0.012998 0.009846 0.024476 -0.0039461 0.0045938 0.0039461 0.0077561 -0.00073009 0.001871 0.00073009 0.001871 0 -0 0 0 -0.090409 0.054167 0.1206 0.1406 0.0025499 0.051233 0.065175 0.11212 -0.00011266 0.061823 0.12475 0.14172 -0.0095796 0.010214 0.013286 0.011517 -0.079761 -0.035649 0.11543 0.14711 0.10519 0.061046 0.28261 0.22535 -0.050818 0.15084 0.31988 0.24412 -0.076034 0.018468 0.095883 0.035516 0.0063042 -0.010945 0.039294 0.062403 0.19387 0.0732 0.29678 0.24874 -0.13288 -0.057978 0.37247 0.36529 -0.057927 -0.020998 0.072631 0.039105
82.499 147.06 2.5232 5.2659 0.006937 0.0029307 0.010117 0.0058893 0.01352 -0.005904 0.066553 0.069692 -0.010264 -0.028903 0.03938 0.073466 -0.0041036 -0.017617 0.010595 0.031618 0.029169 0.032341 0.071553 0.035922 -0.013498 0.066861 0.1499 0.12296 -0.01162 0.037599 0.12272 0.11745 -0.021508 0.017061 0.059906 0.059576 0.11538 0.010235 0.17396 0.11869 -0.033596 0.22626 0.36937 0.35715 -0.057512 0.16427 0.34839 0.29345 -0.049309 0.025099 0.11912 0.10644 0.04046 -0.028505 0.046891 0.040728 -0.0061831 -0.11735 0.16604 0.26492 -0.0088024 -0.084896 0.18683 0.21926 -0.0028667 -0.0041641 0.14111 0.1537
165.77 147.97 2.9224 4.788 0.012993 -0.018663 0.017515 0.026161 0.060137 -0.087972 0.12054 0.15985 -0.043809 -0.10796 0.16856 0.2168 -0.026742 -0.009765 0.042674 0.029418 0.014135 0.033908 0.029778 0.04476 -0.011019 0.034547 0.11834 0.087323 -0.01393 0.033187 0.17025 0.099632 -0.016122 0.0015666 0.039993 0.017098 0.09834 -0.016765 0.16612 0.3136 -0.036356 0.17305 0.34472 0.46849 -0.096974 0.093508 0.21345 0.20876 -0.039239 0.0099662 0.084446 0.044733 0.019322 -0.027459 0.022261 0.032374 0.044747 -0.13928 0.15539 0.25123 -0.055473 -0.088468 0.082624 0.17685 -0.017033 -0.011657 0.019784 0.018104
103.85 150.15 2.7391 4.2024 -0.0069973 -0.0013436 0.017641 0.015222 0.00026697 0.0088697 0.008452 0.011474 -0.00085376 0.0015772 0.0010955 0.0015772 0.0020121 -0.00025831 0.002636 0.001502 0.0149 0.019687 0.050617 0.049034 -0.013372 0.034211 0.10097 0.12845 0.0037103 0.041399 0.074772 0.10722 0.013931 0.033493 0.18025 0.2115 0.031723 0.019411 0.10517 0.062303 0.089235 0.076096 0.2417 0.31767 -0.10541 0.029081 0.27422 0.52163 -0.018632 -0.064004 0.11939 0.17277 0.040958 0.047367 0.0774 0.087343 -0.013768 0.032721 0.32195 0.31701 -0.094308 -0.052433 0.13848 0.13088 -0.0024247 -0.0025639 0.0024415 0.0027356
61.957 182.48 2.8285 5.7392 0 0 0 0 0 0 0 0 0 0 0 0 0 0 0 0 0.001968 0.0032533 0.001968 0.0032533 0.0027248 0.049303 0.0081769 0.049303 -0.0013826 0.030692 0.0032559 0.030692 -8.7331e-05 0.00048881 8.7331e-05 0.00048881 0.067255 0.06436 0.10425 0.18341 0.081143 0.066618 0.16064 0.47842 -0.040279 0.11464 0.18483 0.53148 -0.10027 0.093787 0.12563 0.16541 -0.029097 0.087773 0.15468 0.24929 -0.022656 -0.0067065 0.12358 0.25932 0.00086162 -0.094819 0.12423 0.23487 -0.025142 -0.045004 0.089388 0.1137
72.529 181.39 2.5395 5.6256 0 0 0 0 0 0 0 0 0 0 0 0 0 0 0 0 0.035012 0.056913 0.043315 0.10919 0.044434 0.14353 0.062809 0.30071 -0.071331 0.19265 0.10234 0.28566 -0.029115 0.039974 0.031228 0.045958 0.0077215 0.00015695 0.15769 0.26552 0.0027625 -0.13078 0.13547 0.38711 -0.0098246 -0.15505 0.1904 0.43369 -0.054194 -0.035038 0.091546 0.13098 -0.059959 0.058222 0.1534 0.18862 -0.08391 0.058956 0.2007 0.19347 -0.027076 0.0040799 0.068631 0.077702 -0.0016549 -0.0071649 0.0075719 0.010744
74.178 195.98 2.7968 5.2234 0 0 0 0 0 0 0 0 0 0 0 0 0 0 0 0 0 0 0 0 0.0025909 0.0081324 0.0025909 0.0081324 0.0040903 0.011164 0.0044042 0.01134 -1.35e-05 -7.5685e-06 1.35e-05 7.5685e-06 0.086913 0.11033 0.10385 0.14701 0.053667 0.16165 0.23759 0.54909 -0.11679 0.062425 0.22136 0.50032 -0.04595 -0.0016257 0.049474 0.063732 0.034168 -0.026213 0.18391 0.20442 -0.045894 -0.10852 0.14664 0.2952 -0.034351 -0.068559 0.064692 0.15635 -0.0083669 -0.0071419 0.01061 0.016419
156.51 196.01 2.6681 4.5681 -1.9557e-18 2.8419e-19 1.1599e-17 1.6854e-18 0 -0 0 0 0 -0 0 0 0 -0 0 0 0.005362 0.019896 0.0054102 0.019896 -0.0020399 0.077051 0.010831 0.078667 -0.0020314 0.024634 0.0057076 0.028581 -0.0012536 0.0034593 0.0014656 0.0035899 0.061313 0.0049468 0.08085 0.16307 0.048931 0.016157 0.1254 0.66461 -0.039365 0.18172 0.13837 0.51887 -0.062132 0.073016 0.0677 0.10526 0.012485 -0.013873 0.015632 0.033267 0.026141 -0.072596 0.041415 0.16162 0.041259 -0.12095 0.11025 0.25028 -0.037971 -0.035902 0.068782 0.080897
82.761 200.65 2.6616 5.0031 0 0 0 0 0 0 0 0 0 0 0 0 0 0 0 0 0 0 0 0 0.0019161 0.0031377 0.0025118 0.003316 0.002387 0.0014798 0.0027899 0.0016004 0 0 0 0 0.10692 0.1312 0.12739 0.16001 -0.031046 0.16622 0.30171 0.58155 -0.14634 0.049058 0.18964 0.31298 -0.011661 -0.00014209 0.011912 0.0077842 0.025366 -0.025032 0.20799 0.21201 -0.097561 -0.14151 0.19 0.38323 -0.026517 -0.028636 0.040023 0.091925 -0.0012237 -0.00023483 0.0015296 0.0014722
98.369 127.51 3.7558 2.0978 -0.010672 0.0068777 0.010672 0.0068777 -0 0 0 0 -0 0 0 0 -0 0 0 0 -0.036162 -0.027254 0.15704 0.1714 -0.025518 0.121 0.087671 0.17189 -0.010722 0.18595 0.080329 0.18595 -0.0081097 0.014366 0.0087928 0.014366 0.029464 -0.030591 0.09457 0.10983 0.077829 -0.0042008 0.31386 0.38524 -0.018569 -0.0012194 0.38685 0.55875 -0.086568 0.015107 0.10255 0.080493 0.0076675 -0.0050937 0.015866 0.01272 0.019203 -0.04621 0.082364 0.093868 0.005081 -0.066966 0.11584 0.11138 -0.026068 -0.01849 0.038707 0.024779
167.25 158.51 3.4372 1.1271 0.0494 -0.0032492 0.072097 0.079905 -0.0019229 -0.060374 0.18385 0.28089 -0.08517 -0.075096 0.16695 0.26286 -0.017462 -0.020104 0.033402 0.049329 0.037281 -0.046957 0.098646 0.072811 -0.045327 -0.087197 0.21252 0.12622 -0.011011 -0.038714 0.12051 0.10527 -0.011668 -0.00020883 0.024971 0.01806 0.0051503 -0.0055093 0.023269 0.015247 0.084869 0.056967 0.15072 0.14627 0.015122 0.2215 0.16432 0.4421 -0.0019339 0.11776 0.094849 0.28435 0.0073979 -0.0027986 0.0081018 0.0094256 0.060872 -0.038728 0.067122 0.086489 0.033989 -0.11423 0.093692 0.29346 -0.027992 -0.073048 0.079646 0.26074
76.092 164.06 3.5617 5.3685 0 0 0 0 0.011404 0.022224 0.011404 0.022224 0.004061 0.054423 0.018948 0.06038 -0.0078826 0.016616 0.0097258 0.01836 0.01144 0.0088846 0.015313 0.011391 0.045409 0.010693 0.11511 0.15658 -0.017515 -0.06082 0.081608 0.21512 -0.023052 -0.015145 0.03475 0.068505 0.062139 0.075943 0.1323 0.08732 -0.024188 0.11993 0.21806 0.23617 -0.04949 0.046039 0.15755 0.18854 -0.014662 0.0034555 0.020038 0.018997 0.13125 -0.041933 0.17062 0.13394 0.037436 -0.052946 0.35563 0.51194 -0.095809 -0.0049556 0.3069 0.32229 -0.017804 0.0036963 0.027949 0.027078
181.88 162.15 3.5402 2.1448 -0 0 0 0 0.0070291 0.004253 0.0088269 0.007438 0.04677 0.041029 0.065997 0.081337 -0.024605 0.074776 0.08385 0.094856 0.00021298 0.00013772 0.00021298 0.00013772 0.0097294 0.01612 0.03608 0.025969 0.086038 -0.044512 0.16786 0.19479 0.011386 -0.060367 0.33217 0.30978 0.0019098 0.00033904 0.0019098 0.00057656 0.14148 0.083132 0.22391 0.15693 -0.081227 0.12411 0.33644 0.2431 0.0093525 -0.064539 0.093777 0.10954 8.8619e-05 -3.9458e-05 8.8619e-05 3.9458e-05 0.12995 -0.068559 0.13799 0.11415 -0.05313 -0.026561 0.37124 0.3874 -0.036495 0.0067423 0.058007 0.063023
68.112 168.84 3.9542 2.3538 0.019167 -0.0023204 0.030463 0.025543 0.095716 -0.10771 0.2633 0.26059 0.10071 -0.18474 0.38375 0.44457 -0.12122 -0.03605 0.21565 0.13328 0.01675 0.056036 0.053622 0.09327 0.02897 0.068851 0.14847 0.25594 -0.013741 -0.078329 0.23548 0.27888 -0.035773 -0.046668 0.074157 0.051022 0.038793 -0.042162 0.055685 0.12153 -0.021847 -0.084575 0.081494 0.24287 -0.047667 -0.041432 0.060297 0.09634 -0.002514 -0.0014586 0.0026765 0.0020242 0.00012466 -0.001774 0.00012554 0.001774 -0.00015217 -0.0040039 0.00068795 0.0040039 4.6245e-05 -0.00013789 7.3463e-05 0.00013789 -0 0 0 0
151.53 175.19 3.6827 1.1454 0.0078874 -0.025183 0.12162 0.17003 -0.095302 -0.042717 0.13856 0.21657 -0.0065291 -0.021906 0.04894 0.061962 0.002763 -0.014153 0.021259 0.024724 0.00304 -0.019184 0.11869 0.08575 -0.020611 0.12272 0.11322 0.19822 -0.0096771 0.11571 0.070908 0.1521 -0.0066223 0.0060268 0.0079975 0.014383 0.087596 -0.017384 0.097514 0.099776 0.006782 -0.054184 0.20103 0.49217 -0.13076 -0.063848 0.28254 0.55799 -0.025659 -0.0040936 0.034501 0.043715 0.005432 -0.0099738 0.0054755 0.010701 -0.0039898 -0.054822 0.019306 0.056148 -0.010481 -0.028463 0.017909 0.043267 -0.0013363 -0.001833 0.0015841 0.0028681
71.265 197.01 3.389 5.2852 0 0 0 0 0 0 0 0 0 0 0 0 0 0 0 0 0 0 0 0 0 0 0 0 6.7623e-05 0.00031336 6.7623e-05 0.00031336 5.5632e-06 2.5779e-05 5.5632e-06 2.5779e-05 0.064559 0.10177 0.070199 0.11325 0.060404 0.21191 0.17334 0.50033 -0.10219 0.1037 0.18429 0.49924 -0.055083 0.013234 0.060383 0.079712 0.025823 -0.029343 0.16484 0.20911 -0.036295 -0.13113 0.16446 0.35183 -0.037747 -0.12459 0.07923 0.23153 -0.020929 -0.015296 0.025235 0.035623
153.3 136.32 5.486 1.0679 0 0 0 0 0 0 0 0 0 0 0 0 0.063396 0.029511 0.089496 0.082533 0.031728 0.025447 0.031914 0.025447 0.031088 0.20815 0.16407 0.3461 -0.058759 0.090893 0.20155 0.28195 0.032211 -0.053952 0.11826 0.17443 0.06096 -0.012133 0.08312 0.047964 -0.011097 -0.13519 0.3056 0.35819 -0.10108 -0.061424 0.16325 0.21016 0.00011096 -0.0047969 0.013251 0.016204 0.0033695 -0.0045099 0.010391 0.0048887 0.077105 0.0014539 0.11769 0.12275 0.003894 0.042929 0.17178 0.41657 -0.04546 -0.0014927 0.094757 0.12798
86.929 172.59 4.847 2.5771 -0.055103 -0.066076 0.23246 0.12621 0.023698 0.0038521 0.056685 0.020021 0.0541 0.083543 0.35883 0.25931 -0.056246 0.10269 0.15684 0.17011 0.0020227 -0.0065594 0.013558 0.011207 0.039102 0.011607 0.057703 0.047095 0.12528 -0.093907 0.27796 0.29611 -0.056972 -0.11421 0.39996 0.342 0.012463 -0.0032217 0.012463 0.009674 0.044347 -0.013356 0.093108 0.21183 -0.031342 -0.034054 0.10717 0.25777 -0.020603 -0.063718 0.06726 0.089747 0.00017287 -0.00013754 0.00017287 0.00013754 0.0049842 -0.017453 0.0064873 0.02071 -0.0040949 -0.016571 0.0077439 0.025456 -0.001174 -0.0011935 0.0011871 0.0022415
179.3 192.34 4.9928 4.1443 0 -0 0 0 0 -0 0 0 0 -0 0 0 0 -0 0 0 1.8532e-18 -1.1828e-18 2.1963e-17 1.4018e-17 -0.0010763 0.021398 0.0046291 0.021398 -0.0050758 0.019102 0.0052756 0.019102 -9.6914e-05 0.00026672 9.6914e-05 0.00026672 0.077968 0.023586 0.13267 0.18851 0.046498 0.090379 0.32275 0.71304 -0.15038 0.024069 0.18121 0.28273 -0.0076711 0.0014275 0.0095841 0.0080378 0.014005 -0.025987 0.041103 0.057879 0.006438 -0.098379 0.11624 0.22187 0.028309 0.1009 0.19419 0.21033 -0.035017 0.036949 0.057953 0.04639
63.914 196.01 5.1794 5.5088 0 0 0 0 0 0 0 0 0 0 0 0 0 0 0 0 0 0 0 0 -3.0058e-07 2.7364e-05 3.0058e-07 2.7364e-05 -2.1207e-07 1.9306e-05 2.1207e-07 1.9306e-05 0 0 0 0 0.040344 0.01748 0.057092 0.06075 0.06569 0.048777 0.18329 0.52689 -0.10476 0.027831 0.1675 0.41155 -0.011954 0.00019074 0.013431 0.015606 0.039448 0.18201 0.27354 0.25415 -0.10147 0.10277 0.29634 0.39119 -0.046254 -0.025243 0.085337 0.12871 0.0019863 0.01015 0.020701 0.022545
61.755 110.78 6.834 1.0444 0 0 0 0 0 0 0 0 0 0 0 0 0 0 0 0 0 0 0 0 0 0 0 0 0 0 0 0 0 0 0 0 0.010748 0.0089546 0.010748 0.0089546 0.13254 0.20099 0.4861 0.51063 -0.14903 0.066157 0.2089 0.22037 -0.0018268 0.0019157 0.0019891 0.0019224 -0.02514 0.051143 0.12439 0.23906 0.034019 -0.12286 0.30236 0.30105 -0.048865 -0.021577 0.19174 0.10714 -0.011978 0.0017625 0.01831 0.0071565
161.31 135.12 6.5562 0.93145 0 0 0 0 0 0 0 0 0.011014 0.0049305 0.011014 0.0094158 0.030807 0.026451 0.14931 0.15556 0 0 0 0 0.089964 0.12325 0.14525 0.26157 -0.056907 0.042969 0.19456 0.31682 0.0059969 -0.076697 0.12192 0.13407 0 0 0 0 0.081757 -0.097328 0.22835 0.25374 -0.018987 0.06905 0.32887 0.5456 -0.056032 0.019742 0.095569 0.11773 0 0 0 0 0.017925 -0.0061339 0.022255 0.017636 0.022964 -0.096352 0.10486 0.24084 -0.029909 -0.02737 0.037078 0.058856
191.72 109.86 9.7895 2.3397 -0 0 0 0 -0 0 0 0 -0 0 0 0 -0 0 0 0 -0 0 0 0 -0 0 0 0 -0 0 0 0 -0 0 0 0 0.016526 0.0068106 0.016706 0.00696 0.11472 0.1191 0.41071 0.40752 -0.10514 0.026666 0.318 0.27834 -0 0 0 0 0.036904 -0.0039989 0.03694 0.010669 -0.029674 -0.049897 0.41558 0.32643 0.047967 -0.011152 0.25619 0.23831 -0.052747 0.037947 0.11983 0.13408
129.03 106.29 19.441 2.7842 -0 0 0 0 -0 0 0 0 -0 0 0 0 -0 0 0 0 0.034039 0.032304 0.1505 0.087738 -0.051011 0.0881 0.47758 0.43685 -0.024474 -0.0029019 0.024818 0.040795 -0 0 0 0 0.021738 -0.01421 0.08078 0.048121 0.020491 -0.03604 0.5103 0.47054 -0.065631 -0.0009736 0.134 0.13199 -0 0 0 0 0.00066147 -5.0464e-05 0.00066147 0.00036612 0.0032133 -0.025344 0.027329 0.029977 -0.0047409 -0.0082736 0.0097128 0.008284 -0 0 0 0
