53 64
84.434 121.2 1.7383 1.8855 -0.0031757 0.0032915 0.0032267 0.0033385 -0 0 0 0 -0 0 0 0 -0 0 0 0 -0.05537 0.0042817 0.083046 0.063276 0.00085627 0.012205 0.008693 0.013638 -0.0018288 0.0087197 0.0035315 0.0094413 -7.7165e-05 0.0001905 7.7165e-05 0.00019676 0.019567 0.03401 0.073386 0.080736 0.19714 0.21639 0.30294 0.51241 -0.19392 0.20645 0.24853 0.38982 -0.030048 0.021071 0.030048 0.025656 -0.0024841 0.0088838 0.13866 0.095556 0.095673 -0.076785 0.24514 0.24051 -0.074018 -0.078356 0.15411 0.17882 -0.042618 0.0076901 0.057154 0.033688
114.18 122.03 2.1422 1.5258 0 0 0 0 0 0 0 0 0 0 0 0 0 0 0 0 0.0014003 0.08522 0.063575 0.12785 0.069964 0.20338 0.12195 0.37304 -0.078306 0.16362 0.11891 0.228 -0.018405 0.016115 0.026688 0.032063 -0.042074 -0.044808 0.13102 0.21546 0.085139 -0.15725 0.16465 0.37408 -0.10518 -0.095675 0.35834 0.42733 -0.034725 -0.0066706 0.055353 0.051572 0.020353 -0.0086644 0.052626 0.075776 -0.023791 -0.014941 0.077609 0.10223 0.033664 -0.0023747 0.096546 0.13237 -0.012771 0.050662 0.06103 0.073548
174.02 124.83 1.9992 1.7886 -0 0 0 0 -0 0 0 0 -0 0 0 0 -0 0 0 0 0.0027087 0.004384 0.0027087 0.004384 0.010645 0.1094 0.017431 0.1094 -0.014256 0.095129 0.02238 0.095129 -0.0014635 0.0033944 0.0014635 0.0033944 0.071795 0.029655 0.077316 0.084501 0.093103 0.10278 0.14265 0.3754 0.025124 0.19078 0.3544 0.4304 -0.11056 0.078957 0.18008 0.11833 0.031005 -0.018128 0.063695 0.044808 0.042118 -0.065391 0.12401 0.2323 0.045854 -0.14252 0.17254 0.29805 -0.051786 0.013156 0.25496 0.22961
153.71 132.36 1.9697 0.76471 0 0 0 0 0.01572 0.00089289 0.02267 0.015686 -0.014538 -0.063843 0.16966 0.14407 -0.014238 -0.018876 0.048545 0.045038 0.00095741 0.0068834 0.00095741 0.0068834 0.0036133 0.03801 0.020949 0.0507 0.056456 0.074416 0.10212 0.13801 -0.027428 0.043779 0.10293 0.073531 0.10084 0.077865 0.12545 0.14753 -0.030449 0.12091 0.26209 0.44974 0.027019 -0.011076 0.47031 0.40164 -0.079155 -0.029874 0.17556 0.10405 0.038269 -0.001875 0.1041 0.071308 -0.070853 -0.053241 0.20796 0.093205 -0.032766 -0.0652 0.11768 0.085716 -0.010033 -0.016313 0.031172 0.036634
161.72 131.59 2.0913 0.72808 0 0 0 0 0.00058527 -0.00024416 0.00058527 0.00024416 0.016785 -0.028374 0.045951 0.046647 -0.00039692 0.014366 0.04926 0.045956 0.019327 0.020956 0.019327 0.021298 0.084077 0.14823 0.12801 0.29799 -0.04863 0.1419 0.24545 0.34304 -0.0030867 0.07554 0.27087 0.17352 0.08961 0.044085 0.13801 0.083038 0.078387 -0.0033127 0.27809 0.28625 -0.10755 -0.10523 0.33997 0.28706 -0.022963 -0.078574 0.14452 0.12896 0.036869 -0.019973 0.068423 0.037754 -0.01443 -0.07528 0.16229 0.10885 -0.047713 -0.0055757 0.14398 0.050495 -0.011582 0.0026513 0.01982 0.012965
124.69 135.76 1.9136 4.8653 -0.028341 0.013135 0.074108 0.084088 -0.025544 -0.0053245 0.059223 0.082255 0.025773 0.0096749 0.071708 0.10491 -0.015119 0.0053435 0.042203 0.050125 -0.040361 -0.031326 0.093517 0.12458 0.032206 0.02527 0.13311 0.19031 -0.025367 0.012927 0.11348 0.15778 0.08097 0.0082308 0.11477 0.17488 -0.023379 0.15136 0.25447 0.26997 -0.047189 0.15751 0.20933 0.2907 0.019158 0.13981 0.13272 0.25417 0.024517 0.014909 0.086352 0.13795 0.028735 -0.084431 0.073712 0.16208 -0.051993 -0.060717 0.14909 0.28534 0.046241 -0.075864 0.11921 0.37341 -0.047154 -0.025139 0.069916 0.13313
70.247 139.29 2.0452 5.5865 0 0 0 0 0.014304 0.019787 0.023199 0.022931 0.0054799 0.021775 0.046741 0.059824 0.0045964 0.0073046 0.0496 0.09209 0.019443 0.0054415 0.019443 0.0063207 0.031434 0.062495 0.1723 0.098013 -0.020416 0.048251 0.20476 0.153 -0.017849 0.020862 0.088453 0.12711 0.05278 -0.0055268 0.05278 0.0082017 0.094122 0.15738 0.28222 0.19996 -0.10186 0.11903 0.30259 0.19733 -0.040405 0.0048514 0.10644 0.14704 0.012319 0.00069231 0.012966 0.0047854 0.16127 -0.10484 0.26125 0.28494 -0.14897 -0.081503 0.30869 0.38385 0.0097484 -0.013333 0.13813 0.13058
105.71 140.05 2.0597 1.2623 0.036384 0.044117 0.1083 0.27829 -0.10635 0.026337 0.21311 0.32352 -0.018372 0.0028223 0.045389 0.040574 0.10196 -0.017632 0.2061 0.16199 0.0093731 -0.064364 0.098517 0.19486 0.0096067 -0.042743 0.20756 0.29622 -0.013061 0.17721 0.14155 0.23388 0.014748 -0.031663 0.21561 0.14466 -0.0085191 -0.019687 0.085632 0.1105 0.068883 0.000344 0.15209 0.23842 0.059147 -0.065968 0.20969 0.26214 -0.065058 -0.00067868 0.17324 0.10437 -0.0064163 -0.0050447 0.026721 0.028308 0.0013193 -0.03951 0.066421 0.10392 0.010962 -0.044326 0.053473 0.065518 -0.0042541 -0.020827 0.044739 0.04426
180.79 140.34 1.9454 3.8504 -0.026195 0.0015202 0.028354 0.040531 0.013551 0.00061255 0.029982 0.029915 -0.0071803 0.011432 0.023894 0.020975 -5.2622e-05 6.1368e-05 5.2622e-05 6.1368e-05 0.003792 0.036914 0.11768 0.090946 0.00024162 0.12158 0.16244 0.16357 -0.047605 0.086792 0.18568 0.11514 -0.012582 0.0060014 0.013313 0.0060014 0.081239 0.0028373 0.18677 0.06993 0.062154 0.1195 0.42102 0.22039 -0.18269 0.082534 0.33288 0.18492 -0.038754 0.0021956 0.03984 0.0096871 0.074686 0.06502 0.24131 0.20077 0.0079914 0.023342 0.29241 0.31221 -0.13821 -0.065503 0.18576 0.1249 -0.0087931 -0.0025028 0.0088309 0.0028967
110.79 143.97 1.9619 3.6998 -0.0022742 0.0026908 0.0036377 0.0031357 0.0055841 0.017016 0.019152 0.019031 0.019316 -0.0028111 0.060946 0.055478 -0.0023931 0.021444 0.060232 0.075621 0.00081805 0.025578 0.039327 0.043136 0.02666 0.050617 0.24961 0.19713 0.031263 0.012569 0.15362 0.11621 -0.01499 -0.027529 0.16032 0.17977 0.067229 0.035753 0.089885 0.13856 -0.071807 0.046558 0.2303 0.3135 -0.029838 0.032164 0.26465 0.26768 0.1636 0.12196 0.27707 0.37039 0.028093 -0.012996 0.079622 0.11189 -0.048943 -0.021511 0.13647 0.21023 0.051292 -0.023382 0.10062 0.12529 0.018355 -0.091658 0.11888 0.21883
69.796 148.42 1.7456 3.6027 -0.015004 0.0081721 0.11521 0.061075 0.032601 -0.0087469 0.11357 0.099389 0.01293 0.0096027 0.1314 0.15418 -0.0061102 0.04723 0.16723 0.20133 -0.015589 -0.0055585 0.10952 0.10473 -0.00062579 0.040997 0.15148 0.2582 0.10913 -0.0026348 0.16906 0.36279 0.18806 0.086957 0.32205 0.29569 0.002337 -0.027571 0.033795 0.046015 0.046449 -0.024209 0.10721 0.14247 0.091045 -0.027466 0.13515 0.2928 0.061346 -0.17879 0.23606 0.26103 0.00024028 -0.00055495 0.00029642 0.00055495 0.0096744 -0.012919 0.01052 0.017415 0.014047 -0.050461 0.022584 0.073651 -0.012436 -0.044649 0.024933 0.051843
89.77 148.4 2.1241 5.8843 -0.01321 0.047835 0.079638 0.08081 -0.027834 0.026424 0.087256 0.1366 -0.0072146 0.0098162 0.031561 0.13486 0.0094584 -0.0077153 0.035963 0.083891 -0.14242 0.073061 0.26496 0.20623 -0.069053 0.0040711 0.14721 0.24814 -0.014864 0.007093 0.10507 0.23286 -0.013566 0.00086526 0.052502 0.086331 -0.055402 -0.15409 0.2298 0.28295 0.073424 0.0078216 0.29069 0.32099 -0.079294 0.087327 0.25925 0.25473 -0.033699 6.809e-05 0.069442 0.050851 0.0034266 0.025332 0.042861 0.057145 0.097159 -0.012576 0.17014 0.11051 -0.049054 -0.045491 0.19655 0.12733 -0.022422 0.0044641 0.045769 0.033438
76.436 152.14 2.1889 5.8179 0.0064124 0.017677 0.0173 0.024418 0.010886 0.023802 0.040807 0.079283 0.016145 0.027185 0.037784 0.1147 0.0039329 0.011833 0.027526 0.083287 0.0083041 0.054345 0.12421 0.11667 -0.019341 0.030317 0.14857 0.22955 -0.012612 -0.022462 0.08533 0.27342 0.012008 -0.022727 0.056542 0.17376 -0.04992 0.13108 0.232 0.18229 -0.075378 0.055337 0.22388 0.28189 -0.033597 0.013508 0.079554 0.27021 -0.019715 -0.013186 0.055355 0.11391 -0.075993 -0.057001 0.29371 0.305 -0.073715 0.0065181 0.2099 0.2795 -2.8133e-05 0.090668 0.14569 0.21265 -0.037368 0.012274 0.064083 0.056629
170.07 153.56 1.8463 5.863 -0.070599 0.026565 0.14734 0.20705 -0.026447 -0.001865 0.063605 0.046073 0.026678 0.0072404 0.053703 0.022061 0.11111 0.044119 0.24492 0.099293 -0.10971 0.026465 0.23224 0.29706 -0.012587 0.049169 0.064038 0.11907 0.087141 0.050764 0.1232 0.13852 0.10202 -0.099571 0.39122 0.21753 -0.11382 0.078834 0.23431 0.24754 -0.082475 0.044572 0.15237 0.31112 -0.0054403 -0.036054 0.094295 0.14147 0.024274 -0.092928 0.11478 0.12604 -0.019981 -0.058054 0.12526 0.11316 -0.066154 -0.017659 0.087231 0.11836 -0.010764 0.0052494 0.021801 0.039698 0.0029394 -0.0042523 0.0066246 0.0092095
88.236 159.45 2.1257 5.7556 -0.00016299 0.00922 0.064909 0.12122 -0.00092154 -0.034891 0.062215 0.21911 0.016915 -0.061016 0.071886 0.24473 -0.0038346 -0.031497 0.058369 0.1133 -0.046322 0.052537 0.1642 0.20025 -0.023838 0.051592 0.079824 0.27034 -0.022041 -0.0125 0.10789 0.21869 -0.0056632 -0.015698 0.076722 0.1057 -0.10118 0.033387 0.20133 0.25215 -0.0024244 0.062351 0.22156 0.36892 -0.055296 0.043637 0.17103 0.17415 0.0025947 0.0074074 0.075103 0.11272 0.027486 -0.029537 0.17619 0.16062 -0.026247 0.011192 0.29683 0.21316 -0.086069 -0.0051821 0.11359 0.083592 -0.0057631 -0.015922 0.024671 0.030777
176.27 159.36 1.9602 3.1272 -0.00022776 0.010998 0.018327 0.023566 -0.0078438 0.0013076 0.0091656 0.01241 0.0071421 0.00060297 0.0088143 0.027494 0.0074071 0.011439 0.026969 0.053633 0.0070901 0.16698 0.12724 0.20818 -0.097065 0.098277 0.11751 0.22249 0.03686 0.043806 0.059502 0.12443 0.067422 0.069304 0.1237 0.13761 -0.099218 0.0075018 0.45798 0.35596 -0.18572 -0.060621 0.20983 0.24208 0.020941 -0.027497 0.10052 0.19567 0.10478 -0.039419 0.22619 0.16951 -0.12483 -0.072215 0.18475 0.10945 -0.031898 -0.021446 0.05527 0.048972 0.02017 -0.0041911 0.039379 0.04637 0.073884 0.020246 0.1337 0.16548
62.105 162.73 2.2979 0.37235 -0.0092764 0.028755 0.0092764 0.028755 -0.00078794 0.0019743 0.00078794 0.0019743 0 0 0 0 0 0 0 0 -0.057198 0.030157 0.11508 0.18998 -0.0015369 0.083486 0.10897 0.16218 -0.047453 0.09317 0.070003 0.094615 -0.002934 0.0029241 0.002934 0.0029241 -0.051973 -0.020745 0.16335 0.35121 0.006749 0.05358 0.33247 0.44784 -0.042714 0.070872 0.23939 0.19399 -0.045953 0.030443 0.047638 0.034848 -0.045106 0.0065684 0.12871 0.14373 0.064038 -0.027048 0.27545 0.21244 0.078392 -0.015108 0.28889 0.16351 -0.056882 0.041918 0.090755 0.065209
67.696 165.36 1.9642 2.7429 0.00045932 0.026865 0.090453 0.13695 -0.002953 0.020898 0.071059 0.20988 0.037499 -0.024578 0.08154 0.25392 0.06224 -0.023923 0.17589 0.18483 -0.023428 0.084649 0.1263 0.24912 -0.047744 0.092223 0.13035 0.46494 -0.019636 -0.026067 0.13454 0.4514 0.017519 -0.04542 0.1239 0.21505 0.0020145 -0.092246 0.050056 0.14711 -0.011884 -0.091469 0.088063 0.24378 -0.065721 -0.065703 0.081398 0.18125 -0.011234 -0.027952 0.032213 0.055153 0.0015119 -0.0070455 0.0016898 0.0070455 0.0022352 -0.02631 0.0072646 0.026332 -0.0051272 -0.015118 0.0062513 0.016052 -0.00046674 -0.00061837 0.00046674 0.00068069
63.922 168.1 2.0853 5.8435 0 0 0 0 0 0 0 0 0 0 0 0 0 0 0 0 0.011313 0.0097281 0.011313 0.015135 0.051329 0.10668 0.06219 0.14327 -0.018485 0.13447 0.051832 0.15365 -0.0080294 0.10128 0.02453 0.10128 -0.0039371 0.065821 0.09449 0.17767 0.053123 0.081752 0.14755 0.46369 0.03557 -0.040505 0.13615 0.45023 0.021619 -0.033125 0.10366 0.23907 -0.031511 0.036452 0.1481 0.19286 -0.017538 0.020754 0.093299 0.3173 0.021166 -0.025774 0.089415 0.29058 -0.016716 -0.025672 0.11193 0.17826
188.25 170.04 1.8969 3.1211 -0 0 0 0 1.2535e-17 -2.5682e-19 3.1355e-16 6.424e-18 -2.3267e-17 4.7668e-19 6.7398e-17 1.3808e-18 -0 0 0 0 0.0032149 0.0032781 0.0032149 0.0032814 0.0076932 0.037392 0.034613 0.053066 -0.012666 0.0082491 0.017415 0.026727 0.00636 0.0028332 0.0069385 0.022957 0.045249 0.049643 0.06753 0.070121 0.030509 0.22133 0.14996 0.2755 -0.081132 0.11174 0.11059 0.23843 0.013759 0.017903 0.030865 0.063545 0.12284 0.072598 0.25863 0.15783 -0.034235 0.12337 0.54459 0.42504 -0.17334 -0.0074971 0.19736 0.22305 0.0087899 -0.00065782 0.048386 0.098258
168.5 174.04 2.2113 1.0181 0.00063387 -0.010593 0.045488 0.023359 -0.0095912 0.0076382 0.019997 0.017095 -0.002179 -0.004104 0.011753 0.01459 -0.00026242 0.0026992 0.0018973 0.0030762 0.050298 0.0082388 0.066131 0.065058 0.043558 0.20067 0.12833 0.2283 -0.0070297 0.21112 0.095649 0.23062 0.033588 0.15254 0.11885 0.29263 0.049731 -0.018134 0.057429 0.060235 0.11847 -0.15796 0.19494 0.38405 -0.025601 -0.11465 0.16211 0.41311 -0.0016742 -0.11737 0.13172 0.36833 0.0044664 -0.0091112 0.0079219 0.012951 0.013752 -0.047601 0.024712 0.071498 -0.0073 -0.076094 0.030545 0.10994 -0.0071236 -0.03751 0.012526 0.047289
63.937 176.29 1.9454 5.7271 0 0 0 0 0 0 0 0 0 0 0 0 0 0 0 0 0.012967 0.036076 0.01375 0.036076 0.00068382 0.10809 0.02324 0.10809 0.0070815 0.10404 0.022494 0.10404 -0.0054188 0.039046 0.010091 0.039046 0.056602 0.01718 0.082621 0.15326 0.052995 -0.02878 0.12189 0.36941 0.074502 -0.0058875 0.13256 0.35077 -0.016861 0.038315 0.11758 0.2157 0.013857 0.029326 0.12404 0.24726 0.0036013 -0.071985 0.11079 0.40906 0.022631 -0.097928 0.14621 0.44615 -0.0064489 -0.080703 0.10508 0.20044
81.966 180.09 2.0068 2.2864 0.015367 -0.0088149 0.022369 0.038973 0.0083409 -0.0088269 0.07943 0.14812 0.026542 -0.011169 0.11275 0.21338 0.0093427 -0.002784 0.07059 0.1428 0.014794 0.045421 0.022171 0.061056 0.059289 0.066816 0.10338 0.32826 0.020625 0.12353 0.12397 0.52589 0.00082489 0.033179 0.13515 0.31876 0.080385 -0.025115 0.081918 0.10836 0.031133 -0.045605 0.14707 0.29659 -0.019586 -0.043949 0.12725 0.32775 -0.030845 -0.056578 0.070974 0.16096 0.009942 -0.016742 0.009942 0.016799 0.010042 -0.070789 0.023183 0.074734 -0.013696 -0.072306 0.021613 0.075041 -0.0045197 -0.01505 0.0052414 0.015066
67.977 182.05 2.0263 5.7649 0 0 0 0 0 0 0 0 0 0 0 0 0 0 0 0 0.0048926 0.088458 0.024005 0.088783 -0.0041333 0.12575 0.023783 0.12581 -0.0080032 0.095182 0.019312 0.095182 -0.0025207 0.0089431 0.0025207 0.0089431 0.039094 0.040779 0.084858 0.23239 0.073505 0.02459 0.13661 0.36992 -0.0099795 0.10465 0.18567 0.39283 -0.085782 0.12426 0.12563 0.15548 0.0019966 -0.016285 0.079154 0.25564 0.032065 -0.062695 0.13798 0.42926 -0.021434 -0.084502 0.18452 0.31829 -0.017487 -0.06028 0.077956 0.10548
150.21 181.87 1.9815 1.2406 -0.0017132 0.0031694 0.0096064 0.012308 -0.0020305 -0.0015095 0.0036652 0.0038582 0.00035488 0.00078854 0.00037314 0.0008839 0.00015443 0.0004824 0.00016244 0.00051203 -0.028584 0.090068 0.065542 0.13496 0.0049077 0.21825 0.059739 0.2595 -0.052871 0.119 0.079775 0.23638 -0.016755 0.034498 0.023698 0.043672 0.0095656 -0.068455 0.06139 0.22382 0.017818 -0.089997 0.13223 0.61995 -0.084787 -0.065909 0.14805 0.47425 -0.042719 -0.01261 0.061448 0.084138 0.0029597 -0.029712 0.010945 0.047019 0.0042671 -0.058687 0.011121 0.1017 -0.011186 -0.049702 0.014784 0.078295 -0.006559 -0.0098867 0.0070721 0.014259
87.742 183.8 2.1338 2.2823 0.0039875 -0.004029 0.0062711 0.0091277 0.02183 -0.021326 0.057417 0.11782 0.0027288 -0.016978 0.11183 0.14205 0.0096819 -0.035056 0.081394 0.14874 0.0053629 0.011148 0.0061398 0.011791 0.020264 0.081922 0.063475 0.15128 0.05925 0.090147 0.13676 0.45395 -0.0075567 0.028569 0.098616 0.42551 0.034057 -0.012569 0.034199 0.035299 0.12643 -0.022596 0.17828 0.29902 0.030327 -0.0096131 0.17899 0.38816 -0.041434 -0.034825 0.10404 0.27085 0.002268 -0.0024831 0.002268 0.0024831 0.027807 -0.06576 0.033303 0.066942 0.012482 -0.10978 0.03875 0.12077 -0.012854 -0.046575 0.016575 0.048821
136.48 188.08 2.0734 0.84708 6.0895e-05 0.00017626 6.0895e-05 0.00017626 0.00044559 0.00079735 0.00044559 0.00079735 -0.00012297 -0.00064025 0.00071705 0.00064025 -1.2172e-05 -7.5039e-05 0.00028297 0.00027519 0.026079 0.086618 0.028454 0.087343 0.0072431 0.1253 0.060204 0.13855 -0.03414 0.038302 0.043033 0.052484 -0.00080445 8.6042e-05 0.00080445 0.00076401 -0.015306 0.13126 0.35025 0.53139 -0.082211 0.028347 0.30083 0.48955 -0.089298 -0.016531 0.10706 0.078009 -0.00069981 -0.00025622 0.00069981 0.00056433 -0.042829 -0.10413 0.14053 0.25469 -0.062042 -0.079061 0.10492 0.18041 -0.011502 -0.010698 0.012214 0.01391 0 0 0 0
73.749 192.51 1.9762 5.3391 0 0 0 0 0 0 0 0 0 0 0 0 0 0 0 0 0 0 0 0 0.0003415 0.00024729 0.0003415 0.00024729 0.00019901 0.00014411 0.00019901 0.00014411 0 0 0 0 0.069513 0.13353 0.079206 0.13829 0.054494 0.27377 0.1672 0.3713 -0.099973 0.2789 0.19684 0.37641 -0.078077 0.071787 0.078077 0.095281 0.030948 -0.003331 0.095229 0.2166 -0.028387 -0.07725 0.12438 0.46145 -0.070456 -0.092908 0.12139 0.29252 -0.035727 -0.028544 0.038909 0.062697
135.33 124.15 2.8011 1.6707 -0 0 0 0 -0 0 0 0 -0 0 0 0 -0 0 0 0 -0.021123 0.050723 0.041355 0.055218 0.066464 0.063504 0.089909 0.26227 0.012854 0.085302 0.15574 0.35544 -0.024925 0.098877 0.093752 0.17653 -0.084078 0.055573 0.29263 0.27281 -0.036521 -0.00063783 0.17992 0.30302 0.024857 -0.073338 0.19294 0.37651 -0.014931 -0.052085 0.20188 0.25355 0.010786 -0.056223 0.11635 0.11586 -0.043996 -0.028371 0.12994 0.17345 0.001724 -0.0076862 0.060778 0.10549 0.037314 -0.0020351 0.073221 0.090721
80.397 128.76 2.5981 1.0226 0 0 0 0 0 0 0 0 0 0 0 0 0 0 0 0 0.00014682 0.00083866 0.00064118 0.00083866 0.12683 0.15552 0.21137 0.2387 -0.083157 0.16432 0.16706 0.29743 -0.029692 0.025113 0.033568 0.04467 -0.084746 0.035061 0.15096 0.22221 0.15966 -0.084498 0.38556 0.26785 -0.1109 -0.085047 0.30507 0.30121 -0.048921 0.0043675 0.096664 0.082284 0.0063388 -0.0069928 0.081156 0.12602 -0.010852 0.014979 0.18309 0.21953 -0.049102 -0.019947 0.15644 0.085822 -0.0013857 0.00051301 0.084308 0.036292
93.385 162.14 2.7696 4.0011 -0.0066035 0.02005 0.046828 0.029267 0.00028678 0.013703 0.029531 0.021312 -0.0069624 0.011633 0.028138 0.018198 0.001973 -0.0005344 0.0026458 0.0024212 -0.036698 0.0068503 0.18776 0.058951 -0.017605 0.012395 0.18178 0.10286 -0.0072433 0.084504 0.10916 0.13206 -0.019597 0.060792 0.11435 0.13351 -0.010452 -0.017374 0.19825 0.060664 0.0056012 0.020846 0.28038 0.13294 0.083048 0.00070473 0.32557 0.36425 -0.040558 -0.021921 0.19866 0.27412 0.014633 -0.017567 0.059434 0.043362 0.056763 0.028977 0.16227 0.15849 -0.0037172 0.14258 0.35497 0.30714 -0.03632 -0.0028528 0.14112 0.11003
86.104 171.83 2.9618 2.5099 0.0069928 0.0016035 0.011731 0.016739 0.024909 0.0050596 0.073044 0.088004 0.058088 -0.054026 0.30531 0.23936 0.055182 0.040858 0.22456 0.2239 0.0090077 -0.001004 0.01429 0.015817 0.017552 0.018564 0.12761 0.18699 0.043877 -0.0017266 0.17766 0.33617 0.066134 -0.056429 0.20158 0.25799 0.050072 0.0047209 0.062932 0.074965 0.034121 0.050579 0.14778 0.33398 -0.014167 0.025399 0.12786 0.40562 -0.019214 -0.025196 0.11853 0.20307 0.011381 -0.012007 0.01185 0.013795 0.014261 -0.059356 0.031016 0.086713 -0.0077765 -0.045312 0.02156 0.081624 -0.0077679 -0.012254 0.010519 0.021033
125.39 114.6 3.4494 1.9654 -0 0 0 0 -0 0 0 0 -0 0 0 0 -0 0 0 0 0.010245 0.057172 0.042715 0.073238 -0.040385 0.12472 0.063432 0.12747 -0.0023149 0.0015086 0.0023149 0.0015086 -0 0 0 0 0.0061465 0.010449 0.15961 0.24492 0.053736 0.0039351 0.32458 0.49767 -0.051375 0.097704 0.40168 0.4173 -0.036773 0.01688 0.047803 0.033145 -0.022737 -0.0092529 0.069662 0.10704 0.0068852 -0.025792 0.10631 0.14041 -0.0083328 -0.033037 0.22665 0.19464 0.026455 0.035703 0.09123 0.091547
112.59 122.77 3.5851 4.4951 0.01228 0.025084 0.09806 0.063943 -0.033281 0.043156 0.092257 0.12942 0.0061636 0.011098 0.072023 0.096157 0.043688 -0.0053528 0.1503 0.1693 -0.05258 0.028313 0.26006 0.21517 -0.0011474 0.010594 0.29546 0.36283 -0.0041351 0.032358 0.29814 0.50843 0.0097163 -0.060946 0.14559 0.22618 -0.030087 -0.071815 0.095208 0.12153 0.031331 -0.06889 0.092929 0.15638 -0.021264 -0.080373 0.11155 0.19714 -0.0065886 -0.014073 0.016925 0.029536 4.621e-05 -1.0204e-05 4.9676e-05 1.0969e-05 0 -0 0 0 0 -0 0 0 0 -0 0 0
150.98 131.47 3.5476 0.94784 0 0 0 0 0.0051538 0.0035904 0.0051538 0.0035904 0.058817 0.041965 0.12604 0.14678 -0.00028421 0.0069912 0.095974 0.14488 0.0054177 0.006418 0.0054177 0.006418 0.034466 0.099156 0.076707 0.14098 0.0060017 -0.0016405 0.24082 0.34669 0.0030639 -0.042563 0.10744 0.12107 0.091229 0.024323 0.097963 0.079074 -0.026999 0.037046 0.35252 0.42289 -0.076201 -0.029882 0.28037 0.30469 -0.018906 -0.013853 0.041583 0.040175 0.024534 -0.021726 0.040587 0.029445 0.0070685 -0.055187 0.13361 0.12926 0.011658 0.14507 0.10215 0.20394 0.0027922 0.13075 0.070941 0.18774
148.03 141.33 3.0949 1.1061 0 0 0 0 0.055127 0.0093119 0.084859 0.09622 0.0017867 -0.0011152 0.20549 0.25091 -0.0087258 -0.04419 0.074549 0.13019 0.02528 0.12602 0.11878 0.21348 -0.042073 0.14268 0.27244 0.37322 -0.04947 0.0069197 0.18768 0.20003 0.0041991 -0.0075044 0.058491 0.077417 -0.019919 -0.067695 0.19333 0.19523 -0.044843 -0.12515 0.37975 0.34725 -0.069547 -0.053989 0.17245 0.1491 -0.0016671 -0.0074772 0.019051 0.032763 0.0081533 -0.023948 0.073959 0.048278 -0.023619 0.035287 0.067577 0.079584 -0.007681 0.03511 0.017694 0.059401 -0.0015544 0.024287 0.0041392 0.024287
92.958 165.47 3.4069 3.9615 -0.0031789 0.023748 0.032938 0.027761 -0.00054572 0.011326 0.02197 0.015579 -0.0029271 0.0075318 0.031761 0.015876 -0.00054931 -0.00038777 0.0009759 0.00049279 -0.0067617 0.018557 0.17394 0.069336 -0.0068554 0.020755 0.18406 0.11138 0.004878 0.053224 0.11329 0.12074 -0.013109 0.052542 0.093615 0.12759 0.010995 -0.011277 0.20023 0.060752 -0.013581 0.021576 0.29748 0.13989 0.11048 0.019574 0.31434 0.33392 -0.064606 -0.022694 0.2189 0.31228 0.014934 -0.019747 0.0612 0.043237 0.045095 0.0086673 0.19067 0.15797 0.075081 0.12721 0.31566 0.28189 -0.062046 0.030901 0.19298 0.1286
63.105 184.91 3.4262 5.7037 0 0 0 0 0 0 0 0 0 0 0 0 0 0 0 0 0 0 0 0 0 0 0 0 0 0 0 0 0 0 0 0 0.058586 0.042257 0.085971 0.14421 0.060579 0.10316 0.10052 0.45319 -0.041161 0.15806 0.16404 0.43904 -0.065188 0.060544 0.076311 0.087348 -0.017232 0.056639 0.16654 0.26098 0.016294 -0.049163 0.14721 0.40445 -0.029786 -0.098968 0.1936 0.35143 -0.038136 -0.020878 0.05751 0.070244
153.27 183.44 3.792 1.0477 -0.015148 -0.040012 0.086843 0.12314 -0.024285 -0.024526 0.065329 0.078264 -0.00077329 -0.0045297 0.0067483 0.015138 -1.333e-05 -0.0049368 0.010944 0.0093025 0.045484 0.047105 0.13111 0.14935 0.011189 0.20592 0.17314 0.41991 -0.079327 0.13762 0.16045 0.29487 -0.016788 0.0045538 0.018011 0.015649 0.069382 -0.056037 0.095308 0.13613 -0.011326 -0.21847 0.20188 0.48669 -0.10103 -0.13701 0.16684 0.33642 -0.01255 -0.0059192 0.01342 0.01136 0.00050352 -0.0036941 0.0011595 0.0036941 -0.0016634 -0.013071 0.0031872 0.013071 -0.00023154 -0.0026494 0.00052911 0.0026494 1.2693e-18 -1.5153e-18 1.2693e-18 3.5561e-18
72.132 196.58 3.4277 5.2923 0 0 0 0 0 0 0 0 0 0 0 0 0 0 0 0 0 0 0 0 0 0 0 0 0 0 0 0 0 0 0 0 0.047442 0.087723 0.050171 0.090254 0.071558 0.19924 0.15442 0.38234 -0.13293 0.11546 0.19031 0.39951 -0.024907 0.0093512 0.02499 0.02955 0.025674 -0.00036039 0.16311 0.2106 -0.030478 -0.073547 0.17287 0.56703 -0.078675 -0.072103 0.10597 0.28809 -0.010535 -0.005578 0.011226 0.01636
66.274 118.83 5.0195 0.76822 0 0 0 0 0 0 0 0 0 0 0 0 0 0 0 0 0 0 0 0 -3.6044e-05 3.7304e-05 3.6044e-05 3.7304e-05 0.0016826 0.0016461 0.0017029 0.0016461 0 0 0 0 0.0041785 0.021785 0.013363 0.021785 0.18446 0.12755 0.40253 0.34847 -0.12538 0.11974 0.30308 0.35939 -0.021164 0.018683 0.028471 0.031878 0.0048088 0.0040026 0.21188 0.23127 0.02639 -0.038564 0.29853 0.35333 -0.057431 -0.045489 0.21005 0.19283 -0.018138 0.012596 0.089746 0.040152
162.7 152.15 4.9848 4.5553 0.048966 0.0061908 0.051498 0.10379 0.013351 0.09077 0.159 0.42741 -0.082008 0.070209 0.10982 0.14331 -0.0029099 0.0010588 0.0032778 0.0017629 0.017612 -0.016238 0.026707 0.046715 0.086873 -0.12452 0.14606 0.33292 -0.082966 -0.049761 0.22876 0.23686 -0.0073696 0.0015996 0.011878 0.0055207 -0.0017735 0.04051 0.065767 0.10498 0.092113 0.02504 0.25585 0.36394 -0.083139 -0.0016055 0.25056 0.31722 -0.025635 -0.0012796 0.029681 0.019682 -0.0085187 -0.021702 0.072441 0.14281 -0.0077049 -0.042356 0.063121 0.11329 -0.0123 -0.044125 0.028354 0.052234 -0.0023819 -0.0021179 0.0023819 0.0023395
91.343 176.35 5.2393 2.8678 0.040138 -0.069079 0.14385 0.076107 -0.069508 -0.066394 0.15135 0.076751 0.043127 0.035445 0.14401 0.099107 0.014089 0.01018 0.30164 0.18521 0.0033172 -0.0017547 0.0034687 0.0031484 0.015887 0.02227 0.062371 0.062057 0.11102 0.0052039 0.26384 0.2567 -0.0047309 0.065866 0.39875 0.37676 0.0032535 -0.00015046 0.0032535 0.0014291 0.054259 -0.012229 0.14874 0.17738 0.00081771 -0.029153 0.14589 0.3117 -0.00044275 -0.11956 0.21377 0.2624 -0 0 0 0 0.0060803 -0.014137 0.0080386 0.017919 -0.00077811 -0.023377 0.015059 0.039019 -0.0019326 -0.010542 0.0061637 0.01456
94.783 111.46 6.9223 2.1093 -0.0026111 0.0096254 0.0036614 0.0096254 -0 0 0 0 -0 0 0 0 -0 0 0 0 -0.060578 0.019604 0.28988 0.30484 -0.023989 0.059845 0.20394 0.22598 -0.0066308 0.0016007 0.0066308 0.0028708 -0 0 0 0 0.0040155 -0.026876 0.17465 0.1594 0.057857 0.047089 0.477 0.51471 -0.11833 0.036118 0.22105 0.20999 -0 0 0 0 0.0041714 -0.0074752 0.040942 0.044149 0.022661 -0.047034 0.13293 0.15487 -0.04284 -0.033654 0.06499 0.060517 -0 0 0 0
154.21 111.08 6.3749 1.0867 0 0 0 0 0 0 0 0 0 0 0 0 0.00063178 0.00010973 0.00063178 0.00010973 0 0 0 0 7.2812e-05 -3.8286e-05 7.2812e-05 3.8286e-05 0.070651 0.054101 0.14399 0.17546 0.031161 0.057905 0.1823 0.23582 0 0 0 0 0.10342 0.11569 0.2158 0.25743 -0.072228 0.059125 0.33692 0.50853 0.017233 -0.03711 0.12099 0.16953 0 0 0 0 0.074703 -0.052349 0.14969 0.12627 -0.0028612 0.12522 0.21279 0.38767 -0.036563 0.077121 0.056266 0.12731
168.63 135.43 7.3969 1.1557 0 0 0 0 0 0 0 0 0.024107 0.028258 0.029755 0.047455 0.020912 0.024806 0.064765 0.075564 0 0 0 0 0.067354 0.071929 0.14505 0.17899 -0.034349 0.064289 0.23246 0.42072 0.016684 -0.025547 0.14761 0.18833 0 0 0 0 0.11253 -0.045536 0.17924 0.16202 0.0046687 0.15434 0.29492 0.54834 -0.042348 0.043938 0.072515 0.12015 0 0 0 0 0.030081 -0.0092291 0.030481 0.019672 0.034792 -0.10428 0.11521 0.28672 -0.028543 -0.028364 0.037192 0.079299
78.458 184.31 6.3952 5.6597 0 0 0 0 0 0 0 0 0 0 0 0 0 0 0 0 0.015292 0.012489 0.01596 0.018154 0.039602 0.072181 0.060083 0.16718 -0.033335 0.033296 0.048581 0.092464 -0.00082868 6.3081e-05 0.00082868 0.00011231 0.070998 0.14369 0.29146 0.27676 -0.08347 0.074211 0.26418 0.37916 -0.053823 -0.017224 0.085348 0.109 -0.0014746 0.00028934 0.0014746 0.00043216 0.062138 -0.053648 0.2268 0.22085 -0.091244 -0.023247 0.31908 0.28059 0.095072 -0.0035272 0.14331 0.057485 -0.03144 0.13256 0.33616 0.2261
62.466 200.37 6.4248 5.5822 0 0 0 0 0 0 0 0 0 0 0 0 0 0 0 0 0 0 0 0 0 0 0 0 0 0 0 0 0 0 0 0 0.035867 0.046049 0.050386 0.072511 0.049671 0.075715 0.15933 0.41209 -0.073815 0.03604 0.10661 0.18691 -0.0012861 -7.4798e-05 0.0012861 0.00037853 0.10438 0.027411 0.38286 0.35844 -0.13727 0.083428 0.39613 0.46694 -0.019385 -0.0019444 0.10271 0.1055 -0.0089054 0.091553 0.074783 0.093669
54.393 109.85 10.181 0.72247 0 0 0 0 0 0 0 0 0 0 0 0 0 0 0 0 0 0 0 0 0 0 0 0 0 0 0 0 0 0 0 0 0.018859 0.0067329 0.018994 0.0067329 0.15876 0.11958 0.45877 0.41627 -0.098488 0.098618 0.27834 0.26942 -0.0071959 0.0071037 0.0097821 0.0080604 0.04868 0.06063 0.15543 0.16344 -0.010965 0.044391 0.38303 0.39208 -0.021599 -0.038622 0.15035 0.14778 -0.0079122 -0.0026085 0.013767 0.0087254
193.76 110.32 9.9873 2.4069 -0 0 0 0 -0 0 0 0 -0 0 0 0 -0 0 0 0 -0 0 0 0 -0 0 0 0 -0 0 0 0 -0 0 0 0 0.027407 0.010743 0.028047 0.010872 0.055512 0.12719 0.43199 0.35848 -0.10379 0.085188 0.29271 0.23627 -0.0067419 0.010345 0.0088033 0.012752 0.061651 -0.0063482 0.061771 0.01901 -0.018329 -0.083332 0.50792 0.29313 -0.016938 0.027726 0.27876 0.23282 -0.032446 0.023499 0.073683 0.068624
191.32 153.5 11.072 2.7896 -0 0 0 0 -0 0 0 0 -0 0 0 0 -0 0 0 0 -4.4205e-18 9.5535e-18 4.4205e-18 9.5535e-18 0.012863 0.034227 0.025791 0.034227 -0.0066598 0.081999 0.076816 0.081999 -0.0032895 0.0028041 0.0032895 0.0028041 -9.3237e-18 -5.3641e-17 3.3716e-17 8.1346e-17 0.075072 0.032861 0.6405 0.27511 -0.05284 0.0075559 0.52759 0.31277 -0.022768 0.012509 0.04703 0.032066 -9.1508e-19 -2.4912e-18 9.1508e-19 2.4912e-18 0.012576 -0.037972 0.12178 0.05933 0.029588 0.0037908 0.2011 0.18155 -0.021803 0.0045894 0.060918 0.057966
55.17 156.76 9.4393 5.7504 0 0 0 0 0 0 0 0 0 0 0 0 4.1393e-19 7.0196e-19 1.6357e-18 2.7739e-18 0 0 0 0 0.01224 0.011146 0.012342 0.013523 0.011907 0.050653 0.042962 0.08052 -0.005931 0.0063431 0.0079528 0.011212 0 0 0 0 0.14122 0.051474 0.31038 0.30836 -0.11659 0.030409 0.29359 0.29563 -0.015057 0.038394 0.051737 0.062222 0 0 0 0 0.081229 -0.064089 0.19619 0.19436 -0.065961 0.051312 0.33198 0.27248 0.023219 0.065553 0.50226 0.20544
161.77 92.166 12.589 2.4036 -0 0 0 0 -0 0 0 0 -0 0 0 0 -0 0 0 0 0.0058225 0.002574 0.0058225 0.002574 0.0052249 0.06213 0.032078 0.06213 -0.0018527 0.002588 0.0018527 0.002588 -0 0 0 0 0.091874 0.030275 0.28484 0.15401 -0.048729 0.049102 0.70734 0.45532 -0.03808 0.063147 0.11776 0.1395 -0.00069742 3.8682e-05 0.00069742 3.8682e-05 0.025653 -0.037038 0.094364 0.05896 0.015157 -0.052639 0.2036 0.1621 -0.048137 -0.030173 0.12308 0.14885 -0.0039241 -0.00020596 0.0039241 0.00028264
