53 64
96.691 120.34 2.1793 1.9433 -0.00048158 0.0011704 0.00048158 0.0011704 -0 0 0 0 -0 0 0 0 -0 0 0 0 -0.037502 0.075342 0.08641 0.10022 -0.0065188 0.068509 0.024146 0.069314 -0.0033407 0.13174 0.012659 0.13174 -0.0096949 0.052657 0.011413 0.053988 0.059002 0.0081083 0.25373 0.30091 0.015503 0.14138 0.19291 0.48987 -0.064573 0.12281 0.11559 0.36749 -0.03402 0.047293 0.12848 0.253 0.014202 -0.019507 0.24037 0.16063 -0.040446 -0.12155 0.1445 0.21079 0.016249 -0.099351 0.094583 0.14178 0.00096146 -0.046172 0.076492 0.062977
88.082 122.36 1.9838 1.909 -0.00041191 0.00074216 0.00041191 0.00074216 -0 0 0 0 -0 0 0 0 -0 0 0 0 -0.0080837 0.14262 0.066417 0.18955 0.015638 0.28594 0.072347 0.33185 -0.025618 0.24468 0.10916 0.3718 -0.046915 0.067459 0.062877 0.092587 0.010731 -0.088231 0.18619 0.31573 -0.031374 -0.15052 0.14179 0.3201 -0.02004 -0.063371 0.1732 0.2075 -0.099447 0.0085192 0.17342 0.12511 -0.038207 -0.0033265 0.13483 0.099733 0.015301 -0.023291 0.093372 0.14177 -0.0035234 -0.058301 0.072548 0.095031 0.0029139 -0.0080242 0.11079 0.032774
179.63 127.4 1.9949 2.6406 -0 0 0 0 -0 0 0 0 -0 0 0 0 -0 0 0 0 0.026457 0.053381 0.032549 0.10923 0.011793 0.16262 0.045636 0.2399 -0.04326 0.16432 0.087193 0.2157 -0.0089602 0.014534 0.010789 0.015871 0.056565 0.015264 0.065859 0.12033 0.069926 0.024556 0.13083 0.28074 0.027365 0.10543 0.43931 0.41009 -0.18773 0.066589 0.27407 0.10496 0.0036738 -0.0042546 0.063448 0.057179 0.081247 -0.066068 0.11572 0.11405 0.05392 0.0032156 0.29029 0.090551 -0.11062 -0.00074017 0.19443 0.030847
78.293 131.23 2.099 5.1429 0.03312 0.012578 0.080356 0.019969 -0.04118 0.0033806 0.096598 0.027204 0.025901 -0.0037254 0.064784 0.059442 0.032618 0.0020343 0.083227 0.066831 0.049136 -0.0060149 0.16155 0.030384 -0.0085938 0.093536 0.22663 0.12133 -0.053722 0.07263 0.16754 0.1991 0.026751 -0.036852 0.121 0.10942 0.10743 -0.011717 0.1444 0.050907 0.055355 0.10612 0.29158 0.22512 -0.0015407 0.1936 0.18232 0.2568 -0.01992 0.23497 0.12794 0.26063 0.022509 -0.011967 0.023351 0.016931 0.062275 -0.14708 0.12073 0.24379 0.026583 -0.17337 0.063769 0.29744 -0.0046457 -0.13222 0.052324 0.20983
183.88 133.34 1.9941 2.8149 -0 0 0 0 -0 0 0 0 -0 0 0 0 -0 0 0 0 0.0091751 0.0045847 0.024222 0.053462 0.034901 0.08048 0.073819 0.22755 -0.039718 0.19954 0.060776 0.21494 -0.015802 0.041948 0.016078 0.041948 0.016514 0.015233 0.043713 0.08065 0.13538 0.031338 0.17103 0.30775 0.09934 0.09712 0.22048 0.38765 -0.1394 0.16149 0.36753 0.23556 -0.0071673 -9.0953e-05 0.055016 0.081964 0.076431 -0.05199 0.14273 0.11834 0.10769 0.00013572 0.13761 0.12766 -0.071285 0.0046936 0.33965 0.098681
151.67 137.81 2.0233 4.6597 0.014734 -0.0015331 0.014734 0.014721 0.020649 -0.010875 0.10684 0.079821 -0.038987 -0.018515 0.07298 0.047188 0.014215 -0.0047305 0.03463 0.023293 0.029489 0.0070295 0.03025 0.026024 -0.00022752 0.029229 0.38127 0.37102 -0.040936 0.06053 0.12003 0.13652 0.021414 0.056565 0.046836 0.081351 0.088615 0.025054 0.10701 0.054942 0.046777 -0.0046283 0.41757 0.42061 -0.012946 0.12102 0.15336 0.27852 -0.025596 0.053535 0.063199 0.078764 0.022394 -0.017052 0.060748 0.080751 -0.0113 -0.070121 0.090415 0.096679 0.050162 -0.10994 0.084071 0.18775 0.0030156 -0.060932 0.061805 0.16824
181.68 139.85 1.9644 3.3349 -0.0021786 0.017763 0.01367 0.035586 -0.0061327 0.021191 0.016521 0.031622 -0.0016473 0.0089173 0.0030416 0.0095647 0 -0 0 0 0.0058258 0.01176 0.031756 0.07635 0.04281 0.05763 0.12411 0.16951 -0.035514 0.17094 0.24195 0.26392 -0.029189 0.037309 0.031561 0.038351 0.012804 -0.0013479 0.085301 0.15939 0.099892 0.058391 0.19103 0.22167 0.087622 0.11125 0.33105 0.29419 -0.12194 0.12866 0.27114 0.19578 -0.0073361 -0.0090142 0.042407 0.063661 0.13995 -0.017948 0.16996 0.10338 0.10832 0.080589 0.17073 0.15187 -0.10641 0.013281 0.33271 0.1648
84.233 141.58 1.8891 0.66709 0.014864 0.014647 0.14021 0.11776 -0.082402 -0.0043226 0.1272 0.16943 -0.0092352 -0.041979 0.06709 0.15679 -0.0027774 -0.0054931 0.042049 0.084064 -0.104 0.0079202 0.24419 0.10923 -0.094427 -0.099946 0.20552 0.20377 -0.022605 0.035638 0.11268 0.11529 0.00035084 0.00066311 0.035115 0.031804 -0.14788 -0.0046514 0.2533 0.24149 0.050105 0.096562 0.20313 0.25977 -0.014362 0.067636 0.18347 0.24205 -0.040452 0.0018471 0.054509 0.037906 -0.018655 -0.057172 0.1418 0.33095 -0.026761 -0.0030894 0.1489 0.27532 -0.044765 0.0091214 0.15464 0.15956 -0.036788 0.012475 0.067621 0.043696
98.398 158.15 1.9836 3.6235 -0.00051336 0.0023048 0.0044781 0.0033226 -0.0010383 0.0026091 0.0069107 0.0060813 0.0029307 0.0098565 0.0086726 0.011446 -0.00032298 0.002384 0.0073681 0.0059659 0.03119 0.023004 0.070656 0.036398 0.067188 0.12129 0.17446 0.2228 -0.017797 0.11804 0.18232 0.28133 0.0098637 0.16024 0.10682 0.20347 0.030106 -0.014967 0.068929 0.038682 0.096607 -0.033067 0.27847 0.26197 0.0061915 -0.027929 0.25599 0.35954 0.021329 -0.076989 0.22101 0.40425 -0.0056543 0.0056612 0.0092995 0.0090807 0.06404 -0.026763 0.10659 0.091307 -0.028846 -0.069075 0.12006 0.19005 0.066567 -0.0090486 0.13395 0.074432
61.813 177.59 2.0168 5.6894 0 0 0 0 0 0 0 0 0 0 0 0 0 0 0 0 0.0050153 0.011807 0.0050153 0.011807 0.0068115 0.078643 0.015431 0.078643 -0.0088094 0.079663 0.018447 0.079663 -0.0018947 0.0091549 0.0026451 0.0091549 0.11771 0.11524 0.13437 0.24968 -0.021112 0.10454 0.16943 0.5017 0.020718 0.1809 0.15931 0.38347 -0.023748 0.21093 0.121 0.29282 -0.0014401 -0.090364 0.060482 0.12667 -0.032791 -0.17526 0.065083 0.18637 0.043454 -0.09174 0.083847 0.19726 0.025468 -0.12062 0.072383 0.21926
174.27 177.69 1.9525 0.93188 0.0058624 -0.052154 0.10114 0.094432 0.028283 -0.065306 0.20049 0.23261 0.027957 -0.12525 0.23134 0.313 0.010564 -0.075021 0.18006 0.26667 -0.0081755 0.036325 0.04647 0.063718 0.021078 0.086147 0.066363 0.15784 0.010751 0.14285 0.1394 0.23518 0.02652 0.052835 0.15282 0.35554 0.02075 -0.020463 0.053604 0.074624 0.084204 -0.033748 0.11139 0.20163 0.063046 -0.038937 0.13866 0.37087 -0.078754 -0.01177 0.10941 0.18185 0.0011453 -0.0042432 0.0016605 0.0042432 0.013586 -0.02488 0.014205 0.027696 0.013584 -0.087626 0.022952 0.094468 -0.011166 -0.046125 0.016397 0.048118
94.297 194.63 2.0791 4.8616 0 0 0 0 5.7873e-06 2.6497e-05 3.6802e-05 3.1158e-05 2.5725e-05 1.9724e-05 0.00045924 8.4875e-05 -2.0519e-05 -3.0837e-06 6.6294e-05 9.9632e-06 0.039779 0.17266 0.061133 0.17422 0.0067017 0.24542 0.12328 0.26963 -0.050496 0.14684 0.13886 0.19046 -0.021954 0.013136 0.027241 0.022985 -0.034205 0.04231 0.25783 0.3576 -0.17803 -0.1686 0.22586 0.41873 -0.084849 -0.091826 0.12094 0.30205 -0.012324 -0.0049355 0.014561 0.019246 -0.057478 -0.09789 0.16286 0.19205 -0.040795 -0.036333 0.075595 0.10988 -0.00011941 -0.0043311 0.0075292 0.03874 0.00028993 -0.0010209 0.002399 0.0083005
88.42 197.69 2.1658 4.8558 0 0 0 0 0 0 0 0 0 0 0 0 0 0 0 0 0.0026707 0.003541 0.0026707 0.003541 0.0059972 0.081576 0.020111 0.083554 0.010476 0.11348 0.069585 0.12418 -0.017463 0.036421 0.035664 0.046103 0.15498 0.21773 0.16932 0.24775 -0.11633 0.18414 0.27938 0.43754 -0.10033 -0.024237 0.18514 0.39773 -0.058348 -0.015321 0.07103 0.093485 -0.0034673 -0.061642 0.15104 0.18473 -0.15008 -0.16469 0.21548 0.26163 -0.027647 -0.062277 0.039902 0.12642 -0.0022932 -0.0097776 0.0066939 0.031651
159.03 198.88 2.3574 4.9023 0 0 0 0 -0.0011847 0.0017996 0.0011847 0.0017996 -0.00010851 7.3521e-05 0.00010851 7.3521e-05 0 0 0 0 0.0048449 0.00051972 0.0058081 0.0072263 0.0016765 0.031501 0.057853 0.087272 -0.0076795 0.037729 0.01612 0.044448 -0.00032068 0.00082459 0.00032068 0.00082459 0.0080095 0.10829 0.056878 0.14821 0.11529 0.026857 0.21327 0.26322 0.01956 0.24559 0.23144 0.31911 -0.078162 0.077614 0.081373 0.07976 0.020305 -0.013994 0.15769 0.36268 -0.0070245 -0.034383 0.2899 0.4119 0.1255 -0.10345 0.21016 0.23078 -0.098319 0.019851 0.14512 0.10133
69.792 111.71 2.7322 1.065 0 0 0 0 0 0 0 0 0 0 0 0 0 0 0 0 0 0 0 0 -4.827e-05 0.0010846 4.827e-05 0.0010846 -5.9242e-06 0.00013311 5.9242e-06 0.00013311 0 0 0 0 0.054956 0.052675 0.056979 0.05399 0.11937 0.30586 0.35991 0.46273 -0.12225 0.12937 0.22485 0.30455 -0.026617 0.026918 0.038946 0.041445 0.10864 0.10351 0.18981 0.18708 -0.073183 -0.059617 0.31868 0.27312 -0.045995 -0.05436 0.1736 0.18072 -0.013158 0.00083576 0.075641 0.067516
86.557 111.44 2.5994 1.7866 -0 0 0 0 -0 0 0 0 -0 0 0 0 -0 0 0 0 -0.00041673 0.0030934 0.00089075 0.0030934 -0 0 0 0 -0.00011531 0.00070965 0.00011531 0.00070965 -9.4864e-06 5.8381e-05 9.4864e-06 5.8381e-05 0.041447 0.12818 0.15854 0.29812 0.0049069 0.22598 0.17192 0.4888 -0.12284 0.12285 0.2308 0.37426 -0.03905 0.016005 0.043544 0.028821 0.021832 -0.043514 0.2314 0.24753 -0.034887 -0.10919 0.16868 0.28041 -0.024879 -0.074158 0.22508 0.13932 -0.033108 0.0038818 0.072101 0.017823
105.33 121.62 2.799 1.8058 -0 0 0 0 -0 0 0 0 -0 0 0 0 -0 0 0 0 0.0024204 0.012549 0.043064 0.046065 -0.0043925 0.097388 0.075113 0.12295 0.016003 0.14902 0.030235 0.15257 -0.011554 0.10254 0.028635 0.13362 0.020936 -0.010164 0.028196 0.018235 0.1091 0.059892 0.33739 0.43052 -0.039831 -0.012099 0.21918 0.55146 -0.033286 -0.021667 0.12948 0.2231 0.0020688 -4.6792e-05 0.0023856 0.0016882 0.049283 -0.022566 0.20788 0.16951 -0.053532 -0.022947 0.17458 0.18721 0.0014433 -0.025044 0.06088 0.05597
148.2 123.62 2.7614 1.2962 0 0 0 0 0 0 0 0 0 0 0 0 0.001283 0.0041358 0.001283 0.0041358 0.0027823 0.10537 0.044249 0.10576 -0.021765 0.15621 0.058385 0.15621 -0.011984 0.099022 0.14427 0.16243 0.033854 -0.0031747 0.055205 0.079716 0.057597 0.025386 0.1612 0.22781 -0.041288 0.024785 0.26211 0.51692 -0.15844 0.021428 0.4104 0.36738 -0.013168 -0.0085702 0.021856 0.015313 -0.00075766 -0.043057 0.076743 0.06618 0.023691 -0.064658 0.11071 0.11969 -0.046265 0.0022836 0.19579 0.14575 -0.0073848 0.0020121 0.0084454 0.0043947
95.766 128.25 2.6865 1.8473 -0.001447 0.010905 0.0047806 0.012763 -0.00078197 0.0034952 0.00078197 0.0034952 -0 0 0 0 2.2502e-05 1.3471e-05 2.2502e-05 1.3471e-05 0.050838 0.024755 0.10989 0.097759 0.039626 0.17339 0.16665 0.38406 -0.0082878 0.13738 0.10694 0.3029 -0.061804 0.058803 0.094117 0.13383 0.093668 -0.019133 0.11627 0.069591 -0.021867 -0.084438 0.37693 0.44291 -0.016083 -0.12704 0.15547 0.2944 -0.044323 -0.03081 0.17566 0.091744 0.035781 -0.0027812 0.039358 0.029749 -0.013618 -0.020661 0.17044 0.12171 -0.03421 -0.008861 0.088818 0.078353 0.0020208 -0.0080522 0.070212 0.022215
72.432 136.44 2.8381 4.9129 0.0013405 0.0002725 0.0013405 0.0002725 0.0084184 -0.016591 0.082581 0.036222 0.0030277 0.0097695 0.054789 0.046742 0.019796 0.03993 0.086126 0.073601 0.0061988 0.0012601 0.0061988 0.0012601 -0.018877 0.030132 0.26259 0.06291 0.049438 0.012278 0.17068 0.16315 0.065566 -0.0089935 0.23609 0.19799 0.0009791 0.00019903 0.0009791 0.00019903 0.11644 0.022972 0.30766 0.14495 0.03007 0.20723 0.26821 0.33166 0.050301 0.064597 0.23026 0.46464 0 0 0 0 0.048257 -0.039757 0.055747 0.070098 0.017271 -0.12339 0.070737 0.22433 -0.0127 -0.088859 0.036959 0.12702
65.296 137.46 2.9793 0.19346 0 0 0 0 0 0 0 0 0 0 0 0 0 0 0 0 0.015432 0.03852 0.021759 0.041171 0.021283 0.11241 0.063358 0.27329 -0.016055 0.060103 0.051821 0.23101 -0.0038991 0.051192 0.028428 0.074844 0.12636 0.087857 0.29048 0.18694 -0.15365 0.033395 0.2773 0.38402 -0.032889 -0.0048408 0.10063 0.21006 0.033132 -0.031617 0.06649 0.10619 0.13903 -0.0014835 0.25213 0.092016 -0.13422 0.044133 0.35824 0.20975 -0.00044827 0.067434 0.17743 0.20685 -0.025902 0.021151 0.049562 0.063587
180.65 143.77 2.9441 3.5329 -0.003811 0.0089705 0.0076122 0.018657 -0.0016825 0.0079635 0.0065027 0.013189 -0.00038353 0.00061078 0.00038353 0.00061078 0 -0 0 0 -0.0048284 0.013799 0.029872 0.05744 0.0052799 0.05264 0.065229 0.11315 0.0033271 0.075598 0.14783 0.12783 -0.0089015 0.010284 0.012149 0.010723 -0.005656 0.057151 0.093477 0.17433 0.10783 0.017863 0.17414 0.18646 0.052191 0.15328 0.40792 0.2629 -0.091802 0.054244 0.15348 0.072861 -0.0087098 -0.0082936 0.13521 0.14782 0.13449 0.098864 0.31727 0.20642 -0.036091 -0.06313 0.37818 0.33895 -0.092268 -0.038826 0.13397 0.081078
79.971 150.06 2.7982 5.4121 0.0085102 0.0055494 0.0093491 0.0076225 0.023197 -0.00076958 0.060164 0.086254 -0.0089404 -0.030504 0.040302 0.097673 -0.0052515 -0.022911 0.019365 0.058071 0.03204 0.026434 0.12719 0.070815 -0.0029241 -0.0013139 0.095025 0.096613 0.013372 0.074477 0.093135 0.13495 -0.019001 0.045096 0.056503 0.094936 0.030698 0.056131 0.19864 0.11653 -0.031027 0.056038 0.21781 0.20876 0.054523 0.04388 0.32589 0.23197 -0.090268 0.0045272 0.1747 0.1067 0.076016 -0.029724 0.13305 0.13815 0.00090826 0.0516 0.18972 0.37874 -0.082395 0.078666 0.39172 0.32894 -0.065776 -0.011623 0.096756 0.043959
79.224 186.22 2.8596 2.3302 -0.0019948 0.0031776 0.0031658 0.0035091 0.078094 -0.035042 0.086731 0.086217 0.013425 -0.15826 0.20169 0.26606 -0.019015 -0.059237 0.09811 0.12815 0.041079 0.0092579 0.088632 0.11633 0.066316 0.19957 0.14487 0.41255 -0.0075226 0.19456 0.12544 0.38545 -0.002204 0.059435 0.1456 0.28041 0.017807 -0.024701 0.019046 0.028522 0.055785 -0.14914 0.08725 0.24461 -0.025698 -0.18632 0.067471 0.29652 -0.030705 -0.087472 0.048743 0.11481 -0 0 0 0 -1.9711e-06 -7.5904e-05 1.9711e-06 7.5904e-05 -2.7889e-07 -1.0739e-05 2.7889e-07 1.0739e-05 -8.0392e-19 8.4678e-19 8.0392e-19 8.4678e-19
67.794 188.42 2.8557 5.5532 0 0 0 0 0 0 0 0 0 0 0 0 0 0 0 0 0.0016079 0.0044974 0.0016079 0.0044974 0.0018931 0.063099 0.0099932 0.063099 -0.00057426 0.04325 0.0038769 0.04325 2.1241e-05 0.0015649 0.00036368 0.0015649 0.070148 0.046612 0.15242 0.28305 0.020605 -0.016341 0.14962 0.55548 -0.069512 0.011912 0.19979 0.57824 -0.073189 0.060193 0.093826 0.13777 -0.016744 -0.021549 0.089076 0.13909 0.0039411 -0.011607 0.080528 0.22111 -0.014522 -0.083179 0.061611 0.16815 -0.01133 -0.030562 0.042467 0.066447
157.81 188.36 2.5478 0.80232 0.079272 -0.039482 0.16585 0.14749 -0.089324 -0.057023 0.33636 0.43149 -0.052848 0.020538 0.14641 0.15667 -0.0015749 -3.7414e-05 0.0047866 0.0047235 0.0065195 -0.034362 0.1229 0.18551 0.0049538 -0.098151 0.27502 0.42901 -0.051152 -0.013618 0.1956 0.21146 -0.0028196 0.00049987 0.0037752 0.0034354 0.049876 -0.009 0.058374 0.13626 -0.03781 -0.024416 0.15762 0.31667 -0.069364 -0.020832 0.084285 0.096696 -0.0023224 -0.00059595 0.0024859 0.0033412 0.0043569 -0.01573 0.0047117 0.016055 -0.0030959 -0.03832 0.012028 0.039107 -0.0043163 -0.0051725 0.0045397 0.0053631 -4.1839e-05 1.7462e-05 5.7076e-05 1.7462e-05
168.3 188.16 3.0517 0.88863 -0.0047927 -0.012269 0.13098 0.12642 0.098821 -0.14234 0.23709 0.36462 -0.097055 -0.071314 0.31199 0.42384 -0.023148 -0.0054795 0.058973 0.063819 0.025546 0.013715 0.06285 0.10744 0.043698 0.13901 0.13887 0.29463 -0.073649 0.062356 0.24173 0.30912 -0.025963 -0.0021709 0.041088 0.047833 0.021888 -0.031772 0.024477 0.053216 0.046867 -0.14278 0.08816 0.25543 -0.066495 -0.074233 0.087294 0.13386 -0.0070087 -0.0028411 0.0093615 0.012001 -1.3878e-16 -4.0441e-17 5.0502e-16 5.8352e-16 0.00077043 -0.0016314 0.00077043 0.0016314 0.00040998 -0.0014461 0.00040998 0.0014461 3.2842e-18 -4.6324e-18 7.5235e-18 6.3259e-18
99.258 195.83 2.8105 4.6927 0 -0 0 0 0 -0 0 0 0 -0 0 0 3.3997e-17 -1.9761e-17 2.882e-16 2.4761e-17 0.026118 0.068912 0.027488 0.068912 0.015744 0.19417 0.11406 0.21712 -0.045463 0.035811 0.073024 0.062823 1.5576e-17 -5.8299e-17 1.4114e-16 6.0731e-17 0.053192 0.08232 0.35277 0.40331 -0.20183 -0.11207 0.28514 0.41907 -0.040875 -0.027835 0.048583 0.058192 2.6278e-05 0.0013321 0.00011791 0.0059772 -0.09299 -0.080226 0.18827 0.13369 0.0014426 0.12769 0.28371 0.2804 -0.050868 0.056774 0.083896 0.080505 -1.6762e-05 -0.00084974 9.7673e-05 0.0049513
66.727 110.67 3.4101 1.032 0 0 0 0 0 0 0 0 0 0 0 0 0 0 0 0 0 0 0 0 0 0 0 0 0 0 0 0 0 0 0 0 0.036538 0.031008 0.036538 0.031008 0.06272 0.28057 0.29635 0.4657 -0.10914 0.14123 0.18247 0.26977 -0.019143 0.021261 0.02346 0.025079 0.13515 0.115 0.21906 0.175 -0.095077 -0.043897 0.34019 0.30087 -0.056191 -0.065261 0.22337 0.24213 -0.03585 0.019983 0.11133 0.10384
104.45 119.52 3.5184 1.7668 -0 0 0 0 -0 0 0 0 -0 0 0 0 -0 0 0 0 -0.029073 0.02462 0.063993 0.083457 0.00072832 0.097449 0.0525 0.10671 0.02239 0.1612 0.032922 0.16418 -0.01912 0.063648 0.027376 0.064867 -0.041639 -0.022817 0.08717 0.082108 0.14139 0.033818 0.39094 0.40842 -0.019656 -0.013365 0.26938 0.55029 -0.060949 -0.0061897 0.14932 0.14087 -0.0096877 -0.0011524 0.010364 0.0068757 0.066617 -0.035824 0.18036 0.12905 -0.052476 -0.04118 0.16504 0.16324 -0.0089279 -0.015158 0.074485 0.037135
149.21 120.11 3.524 1.2096 0 0 0 0 0 0 0 0 0 0 0 0 5.7813e-05 0.00015304 5.7813e-05 0.00015304 -0.00046319 0.012435 0.0041184 0.012435 -0.0088296 0.052725 0.021118 0.053731 -0.0041243 0.045027 0.081069 0.057304 0.081334 0.015642 0.10698 0.17098 0.11004 0.05066 0.14118 0.13291 0.018986 0.079349 0.22916 0.59379 -0.14944 -0.0039178 0.43515 0.35344 0.014907 -0.027777 0.05985 0.054064 0.036954 -0.030552 0.064436 0.039862 -0.013219 -0.07863 0.13509 0.13524 -0.025199 0.032264 0.22048 0.15156 -0.022154 0.015637 0.024023 0.019207
91.242 137.53 3.6559 5.0174 0.01443 0.001364 0.03438 0.0183 -0.0020858 -0.0023922 0.065273 0.061578 -0.0064185 0.040679 0.068751 0.0743 -0.0074723 0.0043735 0.0096988 0.0076418 0.021249 0.014943 0.1417 0.029518 0.019357 0.059866 0.16348 0.18321 -0.025728 0.04774 0.31575 0.25616 -0.037621 0.0068657 0.046162 0.026229 0.068449 -0.016442 0.1023 0.085517 0.043913 -0.037496 0.19698 0.46219 -0.079901 -0.069418 0.3837 0.50405 -0.042339 0.011864 0.080813 0.058925 0.0053595 -0.0078042 0.0065767 0.010038 0.0015677 -0.051851 0.013371 0.059442 -0.0016621 -0.054122 0.028165 0.06453 0.011734 -0.0091078 0.029166 0.033253
72.969 139.73 3.7074 4.9984 0 0 0 0 0.030675 0.007867 0.068092 0.046721 -0.01013 -0.018729 0.073352 0.082955 -0.008335 0.0051717 0.026036 0.039255 0 0 0 0 0.015186 0.010067 0.21106 0.057085 0.068922 0.023989 0.1647 0.15812 -0.039018 0.040888 0.16092 0.13091 0 0 0 0 0.12074 0.017657 0.29024 0.17078 0.053908 0.092258 0.25499 0.57108 -0.099978 0.041565 0.30706 0.30884 0 0 0 0 0.036486 -0.041903 0.051592 0.066446 0.0073112 -0.12215 0.053318 0.21138 -0.015992 -0.063521 0.063186 0.11014
84.616 150.47 3.7711 5.4899 0.0037096 0.0032505 0.0039338 0.0041969 0.02172 0.011005 0.05206 0.081978 0.0021317 -0.011071 0.031689 0.12233 -0.013808 -0.0039037 0.025464 0.063577 0.013929 0.026274 0.096792 0.065264 0.01197 0.027081 0.13763 0.14324 -0.0065809 0.072603 0.12759 0.18155 -0.016275 -0.0021498 0.029743 0.040163 0.083599 0.030309 0.17012 0.14804 0.014577 0.18637 0.3222 0.37942 -0.093742 0.028651 0.41945 0.24198 -0.034286 -0.0079754 0.042063 0.019561 0.030366 -0.03556 0.037308 0.054391 0.097656 -0.1165 0.21762 0.30003 -0.099775 -0.054153 0.25959 0.14247 0.0032639 0.00086315 0.011261 0.0068803
63.635 164.84 3.5411 2.6842 0.019679 0.0043459 0.029965 0.025869 0.098296 -0.08968 0.25808 0.25794 0.024579 -0.15562 0.36871 0.32872 -0.047839 -0.055244 0.27136 0.23247 0.013495 0.022392 0.11077 0.19148 -0.0080016 0.037538 0.11774 0.32124 -0.010214 -0.0407 0.20366 0.32773 -0.035627 -0.072064 0.13982 0.15402 0.015646 -0.043111 0.027318 0.065606 -0.0047713 -0.08742 0.052673 0.19531 -0.039027 -0.059445 0.052189 0.11475 -0.0032858 -0.0062885 0.0047456 0.0077599 -1.4646e-18 -1.5734e-18 4.1879e-18 7.6527e-18 -6.6509e-19 1.0717e-19 8.0749e-19 7.51e-19 -0 0 0 0 -0 0 0 0
148.06 166.4 3.6026 0.41366 0.0014639 0.044896 0.11669 0.08706 -0.0076892 -0.02346 0.023815 0.045892 -0.0026358 -0.027787 0.015081 0.029342 0.0041927 -0.0055686 0.010526 0.0057137 -0.052923 -0.013318 0.45311 0.37092 -0.0048645 0.097558 0.27903 0.32665 -0.065778 0.053747 0.16904 0.1265 -0.002112 0.0013167 0.011111 0.0051552 -0.092954 -0.066716 0.18547 0.16155 0.0077555 -0.10598 0.20038 0.32234 -0.058973 -0.017331 0.25747 0.22103 -0.010629 0.0047439 0.028152 0.022258 0.00056208 -0.021079 0.028896 0.041592 0.018997 -0.0026783 0.040772 0.075593 -0.011977 -0.016766 0.08236 0.10848 -0.012147 -0.0030182 0.014664 0.012025
79.347 186.6 3.3137 2.3013 -0.0015651 0.0026562 0.0024688 0.0026562 0.084067 -0.042102 0.088334 0.11965 0.0073313 -0.16754 0.18676 0.30719 -0.016931 -0.044553 0.098881 0.13177 0.037719 -0.0026584 0.069991 0.10305 0.090639 0.13144 0.15489 0.4083 -0.010883 0.1502 0.13157 0.43421 -0.011119 0.0021296 0.15449 0.28802 0.015062 -0.024516 0.016124 0.025413 0.055302 -0.15276 0.085032 0.22888 -0.025612 -0.17504 0.060973 0.26354 -0.029865 -0.08682 0.044756 0.10473 -0 0 0 0 -0 0 0 0 -5.1793e-18 5.7814e-18 5.1793e-18 5.7814e-18 -6.4679e-19 7.2198e-19 6.4679e-19 7.2198e-19
100.28 112.56 5.1205 1.7986 -0 0 0 0 -0 0 0 0 -0 0 0 0 -0 0 0 0 -0.030806 0.051176 0.050837 0.072822 -0.0043361 0.025518 0.01378 0.026229 0.0080266 0.032587 0.014348 0.032757 -7.2735e-05 0.0025783 0.001194 0.002623 -0.053327 -0.020636 0.15416 0.16512 0.10614 0.065112 0.3779 0.48374 -0.096469 0.042297 0.28235 0.53744 -0.05375 0.0090441 0.07881 0.050304 -0.020769 -0.0021748 0.032233 0.018129 0.049291 -0.07159 0.22603 0.16668 -0.046898 -0.057312 0.17582 0.13824 -0.016806 -0.0052955 0.047537 0.016543
78.918 123.99 5.237 1.5956 -0 0 0 0 -0 0 0 0 -0 0 0 0 -0 0 0 0 0.034237 0.075205 0.062589 0.11927 0.0172 0.23121 0.16683 0.37258 -0.0834 0.070458 0.11782 0.12105 -0.0010764 0.00033583 0.0010764 0.00034018 0.11122 -0.027003 0.22803 0.19633 -0.082167 -0.077205 0.35451 0.5716 -0.077913 -0.039885 0.25224 0.14397 -0.010252 0.00068757 0.015534 0.0023302 0.030346 -0.019709 0.044479 0.033122 -0.020086 -0.041758 0.11116 0.11432 -0.017559 0.0086903 0.12961 0.06074 -0.0085533 -0.00044056 0.011435 0.0028239
168.16 128.12 5.7331 1.3085 0 0 0 0 0 0 0 0 0 0 0 0 0.0026108 0.0062222 0.0041381 0.0062222 0 0 0 0 0.10559 0.10617 0.14945 0.20588 -0.057267 0.14915 0.20528 0.4404 0.076668 0.013761 0.17666 0.21474 0 0 0 0 0.094186 -0.087064 0.18301 0.19344 -0.030214 -0.080349 0.42966 0.46268 -0.013002 -0.018165 0.11378 0.10421 0 0 0 0 0.015383 -0.003863 0.032273 0.033432 0.0040672 -0.022892 0.1228 0.1699 -0.013889 -0.010996 0.027294 0.045475
95.576 153.65 5.3007 3.5055 -7.4502e-05 0.0017703 0.0025662 0.001835 0.013171 -0.0073067 0.026742 0.0152 0.011806 -0.047832 0.079032 0.1106 0.0089446 -0.053201 0.18937 0.15874 -0.0075956 0.020652 0.080814 0.027906 0.050896 0.062736 0.10852 0.11051 0.043659 0.18381 0.24067 0.3844 -0.042684 0.030128 0.12948 0.12831 0.0083442 -0.0064563 0.10826 0.064781 0.010625 -0.018833 0.16838 0.16315 0.097301 -0.0323 0.54639 0.33543 -0.1074 -0.013863 0.21113 0.069234 0.0057009 -0.0092929 0.012133 0.014815 0.0014654 -0.021128 0.040102 0.073228 0.020628 -0.063767 0.11634 0.12232 -0.022535 -0.023647 0.038233 0.02709
80.668 164.85 5.3429 5.5421 0 0 0 0 0.0060762 0.020877 0.0062119 0.020877 -0.0023873 0.033364 0.0069012 0.033364 -0.0010905 0.0027461 0.0010967 0.0027461 0.022214 0.018246 0.042815 0.038004 0.027001 0.0089321 0.10971 0.21415 -0.016597 -0.017949 0.069902 0.23207 -0.018432 -0.0042513 0.027773 0.045527 0.029893 0.10084 0.18334 0.15895 0.034328 0.16505 0.31235 0.34702 -0.086467 0.021521 0.20279 0.1771 -0.0049275 -0.003229 0.0073757 0.0096037 0.06181 -0.052336 0.096872 0.13748 -0.034042 -0.0682 0.46567 0.41081 -0.077955 -0.027821 0.14295 0.067204 0.019892 0.045667 0.095847 0.068642
59.557 188.51 5.0551 5.58 0 0 0 0 0 0 0 0 6.1974e-18 7.3111e-18 6.1974e-18 7.3111e-18 9.2366e-18 1.0896e-17 3.5072e-17 4.1374e-17 0 0 0 0 9.0753e-18 1.0706e-17 9.0753e-18 1.0706e-17 2.6671e-18 3.1464e-18 1.0733e-16 1.2662e-16 -9.3348e-18 -1.1012e-17 7.6699e-17 9.0482e-17 0.047413 0.0292 0.074073 0.082357 0.038736 0.016623 0.17076 0.49074 -0.073753 0.048999 0.17791 0.49692 -0.032922 0.013479 0.046846 0.055995 0.002583 0.095921 0.25562 0.21234 0.011109 0.087706 0.31049 0.35788 -0.086309 0.0043383 0.16242 0.18312 -0.0067567 -0.0058764 0.013868 0.015993
61.149 101.79 7.7066 0.96249 0 0 0 0 0 0 0 0 0 0 0 0 0 0 0 0 0 0 0 0 0 0 0 0 0 0 0 0 0 0 0 0 0.0094798 0.0024424 0.01128 0.0048452 0.069511 0.19673 0.45279 0.41337 -0.11712 0.088499 0.24138 0.23147 -0.0045933 0.0057438 0.0070492 0.0065659 -0.0043732 0.062677 0.18406 0.20165 0.026943 -0.093974 0.3666 0.34246 -0.056059 -0.016861 0.2734 0.16519 -0.010788 0.0046024 0.03628 0.012292
96.437 101.76 5.6209 1.8574 -0 0 0 0 -0 0 0 0 -0 0 0 0 -0 0 0 0 -0.025319 0.044017 0.034265 0.045928 -0.0010223 0.00057656 0.0010223 0.00057656 -0 0 0 0 -0 0 0 0 -0.029741 0.0068922 0.23839 0.19073 0.068427 0.14473 0.2484 0.6199 -0.12577 0.079299 0.18221 0.38069 -0.010494 0.0017309 0.012083 0.0037705 0.016121 -0.01429 0.084861 0.048372 0.013848 -0.09885 0.22439 0.2983 -0.059073 -0.045489 0.19764 0.15361 -0.0089242 -0.0015549 0.016642 0.0037372
186.49 109.53 6.2577 2.5116 -0 0 0 0 -0 0 0 0 -0 0 0 0 -0 0 0 0 -0 0 0 0 -0 0 0 0 -0 0 0 0 -0 0 0 0 0.020229 0.019334 0.037298 0.02959 0.09395 0.18051 0.41896 0.38939 -0.15223 0.099979 0.2497 0.15015 1.2857e-05 1.7634e-05 1.2857e-05 1.7634e-05 0.020143 0.023238 0.12394 0.071747 0.082282 -0.059736 0.39563 0.40976 -0.098961 -0.025961 0.26852 0.26698 -0.0051651 0.0063561 0.0096806 0.0098592
103.9 128.96 7.2445 1.8113 -0.0019509 0.010631 0.0067548 0.010631 -0 0 0 0 -0 0 0 0 -0 0 0 0 -0.046968 0.022818 0.24572 0.31219 0.018409 0.086757 0.20528 0.22294 -0.059579 0.14137 0.14123 0.3541 -0.024178 0.011799 0.025331 0.024128 -0.02125 -0.045826 0.24695 0.17065 0.086871 -0.061892 0.31811 0.22832 -0.08043 -0.08822 0.31466 0.40363 -0.028856 -0.0050902 0.052677 0.027662 -0.0055544 -0.010818 0.024927 0.02213 0.023028 -0.015988 0.03915 0.056136 -0.014224 -0.018874 0.097471 0.1165 -0.0075241 -0.0023683 0.014148 0.008362
151.48 129.69 7.725 1.3501 0 0 0 0 0 0 0 0 0 0 0 0 0.00059107 0.013964 0.0080401 0.014336 0.013886 0.0012713 0.013886 0.0033214 0.028096 0.14698 0.17103 0.29627 0.054756 0.070508 0.23095 0.30258 -0.042229 0.032492 0.26429 0.36116 0.018616 -0.0015086 0.018616 0.0045719 0.071751 -0.097043 0.33106 0.34141 -0.044621 -0.033392 0.30706 0.27937 0.00425 -0.067116 0.18312 0.17285 0.00052192 -0.00011709 0.00052192 0.00011709 0.0163 -0.013898 0.063742 0.073723 -0.019918 -0.016889 0.04839 0.070605 0.0056932 -0.0094135 0.019563 0.021023
167.71 128.54 7.1398 1.3911 0 0 0 0 0 0 0 0 0 0 0 0 0.0021293 0.0029482 0.0021293 0.0029482 0 0 0 0 0.10628 0.091726 0.15521 0.2171 -0.069793 0.11243 0.24468 0.37989 0.081572 0.058461 0.24268 0.30961 0 0 0 0 0.083784 -0.069377 0.15998 0.18112 -0.047737 -0.084537 0.44465 0.41354 0.02136 -0.049705 0.16349 0.12274 0 0 0 0 0.019304 -0.0038771 0.031992 0.038757 -0.0067899 -0.023785 0.10453 0.1209 -0.0018749 -0.0046052 0.012648 0.012865
96.962 158.83 6.0002 3.4583 3.3128e-05 1.7463e-06 3.7609e-05 2.0936e-05 0.023945 -0.0102 0.051066 0.038319 0.039837 -0.051989 0.13568 0.24887 -0.020756 -0.05499 0.2064 0.19474 0.0067399 0.013637 0.047167 0.018593 0.033149 0.045704 0.090633 0.089501 0.041929 0.14249 0.19685 0.31188 -0.053385 -0.0027639 0.11559 0.11815 0.027477 -0.011842 0.073547 0.040545 0.030709 -0.010124 0.20324 0.19328 0.10811 -0.033642 0.5603 0.34329 -0.092645 -0.016036 0.20231 0.069202 0.0030014 -0.0026633 0.0036044 0.0030819 0.0012587 -0.018229 0.028624 0.056901 0.01461 -0.055295 0.079705 0.11759 -0.013404 -0.016802 0.0253 0.019086
77.935 169.84 5.8259 5.5635 0 0 0 0 8.8101e-19 1.0051e-18 8.8101e-19 1.0051e-18 6.1624e-18 7.0303e-18 1.2473e-17 1.423e-17 -9.2735e-19 -1.058e-18 7.5678e-18 8.6337e-18 0.011524 0.011477 0.015136 0.01577 0.033137 0.013652 0.086384 0.20795 -0.031823 0.0031019 0.077798 0.23315 -0.011755 0.0027895 0.015676 0.020768 0.047199 0.091325 0.1539 0.15951 -0.0071473 0.20792 0.33466 0.42118 -0.091609 0.014444 0.15438 0.17808 -0.003246 -0.0025056 0.0062106 0.0080794 0.051924 -0.034789 0.077871 0.10477 -0.038014 -0.098826 0.40199 0.41518 -0.042326 0.010358 0.13312 0.10655 -0.012638 0.044134 0.1291 0.11181
63.248 151.62 10.182 5.5852 0 0 0 0 0 0 0 0 4.9468e-19 5.8976e-19 4.9468e-19 5.8976e-19 -1.8807e-19 -2.2422e-19 1.1152e-18 1.3295e-18 0 0 0 0 0.021385 0.017818 0.040514 0.041949 0.0023083 0.052009 0.086216 0.16835 -0.0082219 0.0035842 0.014123 0.020038 0 0 0 0 0.16371 0.0063371 0.33764 0.3517 -0.092501 0.037824 0.41643 0.46847 -0.016911 0.04419 0.088715 0.07243 0 0 0 0 0.03002 -0.038868 0.047842 0.063111 0.074157 -0.033681 0.33898 0.30847 -0.038805 -0.010601 0.16895 0.13549
92.421 129.95 11.336 5.6241 0 0 0 0 0.0060806 0.0043482 0.0060806 0.0062579 -0.003707 0.01983 0.017898 0.040257 -0.0022195 0.0023103 0.0024579 0.0027758 0 0 0 0 0.10678 0.069828 0.25227 0.2816 -0.084998 0.057625 0.26137 0.33444 -0.0093994 0.0074679 0.01345 0.019623 0 0 0 0 0.066296 -0.071567 0.15814 0.17478 0.010942 -0.01007 0.52554 0.47039 -0.031796 -0.0010685 0.1673 0.1452 0 0 0 0 0 0 0 0 0.02218 -0.057058 0.11741 0.11709 -0.012827 -0.01898 0.031622 0.035358
