48 64
107.31 115.85 2.3399 1.3157 0 0 0 0 0 0 0 0 0 0 0 0 0 0 0 0 0.025193 0.041477 0.025193 0.041764 0.077518 0.27021 0.11469 0.35995 -0.081474 0.14878 0.09654 0.23714 -0.01249 0.033792 0.02463 0.045091 0.052589 0.036543 0.14117 0.2029 -0.03978 -0.11996 0.21982 0.53309 -0.037437 -0.062926 0.21625 0.34275 -0.00089145 0.036822 0.17401 0.13064 -0.0020065 -0.020854 0.060256 0.074921 -0.022645 -0.016639 0.058381 0.08285 0.02051 -0.0068952 0.082152 0.05957 -0.015517 -0.023907 0.090671 0.052215
148.49 115.35 1.837 1.9645 -0 0 0 0 -0 0 0 0 -0 0 0 0 -0 0 0 0 7.6455e-05 3.176e-05 7.6455e-05 3.176e-05 0.0019446 0.017694 0.0051015 0.017694 -1.83e-05 0.011145 0.0038252 0.011145 5.4e-06 8.9073e-05 5.4e-06 8.9073e-05 0.01421 0.020875 0.018936 0.024308 0.15753 0.06131 0.21587 0.30834 -0.035102 0.16461 0.29546 0.68901 -0.078744 0.11024 0.10305 0.21474 0.027391 0.0054954 0.081823 0.064134 -0.0074357 -0.031818 0.14007 0.13251 0.042196 -0.092183 0.13446 0.23874 -0.0062985 -0.018128 0.091034 0.13402
96.528 125.49 1.8387 0.49183 0 0 0 0 0.0090313 0.002144 0.0094933 0.0084657 -0.0077463 0.087531 0.071456 0.1569 -0.010799 0.012255 0.011585 0.019935 0.039523 0.075206 0.054107 0.075206 0.016697 0.125 0.1776 0.19062 -0.031715 0.084917 0.23738 0.41126 -0.03179 0.023826 0.10407 0.10543 0.094471 0.091891 0.35873 0.25468 -0.087851 -0.03475 0.34913 0.25487 -0.033667 -0.016039 0.17141 0.23807 -0.029004 -8.8328e-06 0.10388 0.11096 -0.0077899 -0.040151 0.21379 0.12307 -0.031877 0.0036908 0.088929 0.073684 -0.020513 -0.012989 0.054081 0.063642 -0.0086951 -0.0043748 0.032744 0.031418
135.09 132.63 1.7245 4.7985 -0.0038342 0.0081004 0.0353 0.035414 -0.0077575 0.0095235 0.036038 0.038177 -0.0088267 0.010711 0.014957 0.014925 0.0062379 -0.0045001 0.036458 0.021065 -0.0089288 0.0373 0.080103 0.11705 -0.0020607 0.045357 0.1014 0.1217 -0.029868 0.013096 0.081617 0.063659 0.0034761 0.043412 0.13388 0.073047 0.0064623 0.064655 0.10767 0.15152 -0.029518 0.19099 0.16634 0.30581 -0.037307 0.22249 0.17836 0.295 -0.02483 0.014619 0.16392 0.14884 -0.039102 -0.052255 0.087879 0.18069 0.053152 -0.090747 0.1224 0.40686 -0.047189 -0.091447 0.15638 0.45434 -0.046305 -0.026978 0.058793 0.073956
128.01 138.1 2.1159 4.7094 0.00021894 0.0071045 0.031625 0.038685 -0.00716 0.016488 0.068048 0.071787 -0.0083 0.0088554 0.019063 0.026769 0.0075742 0.001667 0.0088971 0.0052843 -0.0010613 0.027447 0.065303 0.057645 -0.023872 0.032449 0.098409 0.14119 -0.0029686 0.041483 0.082512 0.080332 -0.0017704 0.016772 0.039677 0.03362 0.006756 0.018216 0.076619 0.07771 -0.023392 0.087878 0.15809 0.25385 -0.051534 0.016839 0.1715 0.14221 0.031871 0.0084094 0.11938 0.086178 0.0019843 0.12739 0.10729 0.28036 -0.016642 0.017759 0.1925 0.25708 0.048309 0.056139 0.19844 0.58323 -0.057533 0.040622 0.16753 0.33901
111.85 142.37 1.9445 5.4162 0.010219 0.014415 0.12437 0.15155 -0.016856 -0.0032476 0.088474 0.13698 -0.0095047 0.0051567 0.045678 0.066163 -0.0071028 0.0045425 0.018175 0.02194 -0.051427 0.068616 0.23545 0.19156 -0.061634 0.067836 0.19006 0.17122 -0.025417 0.035712 0.1116 0.14935 -0.011914 -0.003966 0.08645 0.090967 -0.05031 -0.017135 0.21321 0.23425 -0.032367 0.035114 0.16453 0.15253 -0.043531 0.0016796 0.15488 0.16833 -0.020842 0.0013052 0.060741 0.087234 -0.07021 0.12488 0.32193 0.4142 -0.01 0.098462 0.22227 0.22929 -0.088109 0.0295 0.1724 0.16743 -0.018615 0.014676 0.050158 0.047869
123.62 143.88 1.8594 4.6707 -0.0028832 0.0083824 0.034558 0.044174 -0.0024734 0.014568 0.062874 0.095507 -0.013643 0.0053553 0.034832 0.053773 -0.00086708 -0.00012595 0.001087 0.0012362 0.007536 0.030223 0.088598 0.086741 0.00076405 0.062718 0.19478 0.20529 -0.026234 0.047456 0.13162 0.13011 -0.017341 0.030291 0.032643 0.03257 -0.0054665 0.067229 0.1336 0.10863 -0.011788 0.082083 0.17661 0.33589 0.014228 0.097472 0.20643 0.26382 -0.053191 0.021064 0.10917 0.09375 -0.0050627 -0.036552 0.11546 0.095417 0.071199 0.015157 0.16903 0.22086 -0.0383 0.17148 0.23779 0.33811 0.003483 0.261 0.15387 0.32754
114.17 149.61 1.9099 5.1747 0.01909 0.020837 0.10858 0.087807 -0.017145 -0.0070059 0.091055 0.10974 -0.014386 0.0014394 0.046184 0.044952 0.0049787 -0.0084509 0.014576 0.025477 -0.034795 0.047814 0.21462 0.2064 -0.0124 0.02036 0.15043 0.18197 0.012112 -0.0081894 0.18219 0.23925 -0.016477 0.012383 0.056221 0.071377 -0.08071 0.097874 0.27819 0.22435 -0.042126 0.088677 0.20314 0.21812 -0.053589 0.046105 0.24855 0.29897 -0.026376 -0.0027007 0.068009 0.1087 0.010089 -0.0037998 0.1567 0.15549 -0.044359 0.092553 0.18131 0.25433 -0.060295 0.084788 0.19892 0.26633 -0.02392 0.034562 0.072358 0.071006
122.2 150.62 2.0154 4.6365 -0.011081 0.0090684 0.051766 0.033856 -0.0058444 -0.0047668 0.028565 0.021205 -0.0035262 0.0049755 0.013841 0.018844 -0.00061172 0.00088555 0.0021981 0.0016498 -0.0091364 0.0096449 0.10638 0.1039 -0.0066592 0.041328 0.20527 0.27164 -0.034031 0.020881 0.1629 0.21035 -0.0083048 0.002712 0.010448 0.015278 0.0064775 0.059245 0.15346 0.13036 0.0048933 0.064416 0.2436 0.31513 -0.037132 0.027953 0.21765 0.21319 -0.019412 0.061212 0.095122 0.090279 -0.027688 0.05091 0.17342 0.11478 0.0080965 0.0894 0.22056 0.27988 -0.023633 0.13632 0.29242 0.37847 -0.043438 0.014806 0.12474 0.10421
124.23 155.92 2.0538 4.3992 0.0065308 -0.0021003 0.036718 0.041991 -0.013362 -0.019081 0.04445 0.056081 -0.0046913 -0.0025687 0.014324 0.012061 0.0041437 -0.001776 0.0051439 0.0023955 -0.014884 0.027363 0.085581 0.056673 0.0046209 0.066461 0.12755 0.17491 -0.0383 0.01619 0.093435 0.15306 -0.0046225 -0.00089664 0.0053453 0.0084335 -0.0088814 0.030944 0.13422 0.13392 0.013912 0.070476 0.28809 0.39102 -0.040015 0.085901 0.2681 0.25501 -0.01518 0.081038 0.092813 0.10254 0.018815 0.052532 0.1458 0.11714 0.028424 0.08794 0.20176 0.22102 0.024632 0.13943 0.29125 0.37956 -0.0018889 0.05547 0.1706 0.1636
96.623 163.56 2.0401 5.1563 -0.028908 0.058622 0.074245 0.11019 -0.030174 0.030652 0.11175 0.1649 -0.026918 -0.047184 0.092359 0.095058 -0.010621 -0.0029331 0.021908 0.020387 -0.11802 -0.097143 0.13867 0.177 -0.028388 -0.025914 0.1939 0.2108 -0.035354 0.056226 0.1106 0.13746 0.00038378 -0.0044562 0.049715 0.053861 -0.05113 0.017779 0.19173 0.17522 0.017765 0.03132 0.34664 0.262 -0.030498 0.0057013 0.18084 0.18675 -0.014826 0.0028817 0.051904 0.048844 -0.034353 -0.022314 0.30726 0.30196 -0.049822 0.030491 0.25946 0.24309 -0.0096101 0.015114 0.11847 0.16225 -0.0055498 0.018934 0.087707 0.12824
177.76 164.76 1.9495 3.4224 0 -0 0 0 0 -0 0 0 0 -0 0 0 0 -0 0 0 0.045078 0.066078 0.053411 0.08789 0.031149 0.165 0.11525 0.3541 -0.084387 0.073422 0.11626 0.1529 -0.0024127 0.012572 0.021387 0.030569 -0.027447 0.062426 0.28118 0.33624 0.027961 0.011491 0.22252 0.43042 -0.098968 0.034514 0.17508 0.22513 0.047609 0.07673 0.075449 0.092567 -0.069229 -0.0063934 0.15957 0.23647 -0.021154 -0.051954 0.07413 0.16568 0.0085914 -0.061657 0.054678 0.22605 0.013342 -0.030478 0.043118 0.18643
85.904 166.64 1.8671 2.769 0.00044981 -0.0035628 0.022452 0.023106 0.033923 -0.0061014 0.10298 0.11682 0.0090509 -0.045084 0.16096 0.24219 0.021681 -0.039647 0.18586 0.32648 -0.006727 0.044752 0.042742 0.1235 0.031626 0.080846 0.10237 0.25901 -0.029148 0.10241 0.088788 0.24977 0.019289 0.030537 0.14976 0.31099 0.0041957 -0.0048209 0.076152 0.10861 0.1158 0.010698 0.17381 0.24076 0.12063 0.084406 0.17482 0.23114 -0.0030014 0.080963 0.084844 0.27658 0.017882 -0.018879 0.023025 0.031628 0.035462 -0.073843 0.073968 0.1447 0.026468 -0.16097 0.087217 0.1785 -0.024743 -0.097423 0.031138 0.098174
169.71 170 2.0989 3.7127 -6.6286e-05 0.0018081 0.0023932 0.0048908 0.0070001 0.041056 0.0080368 0.041283 -0.0019886 0.050992 0.0079393 0.050992 -0.0036235 0.0084219 0.0047788 0.0084219 0.025827 0.093854 0.12645 0.21456 -0.017458 0.047078 0.17551 0.44998 -0.015094 0.06207 0.16095 0.37451 -0.066768 0.013481 0.076084 0.078404 -0.040955 -0.009769 0.16387 0.39027 -0.070632 0.026653 0.1298 0.36468 -0.034004 0.037848 0.11828 0.20992 -0.038951 0.049891 0.04787 0.090943 -0.0041749 -0.076809 0.026872 0.096881 -0.00052979 -0.087944 0.043992 0.10646 0.03 -0.08833 0.051601 0.13974 0.009645 -0.028116 0.03366 0.12358
80.731 172.26 2.1333 4.7473 0.00069665 0.00072277 0.00087957 0.00088504 0.015777 0.039557 0.047808 0.042197 0.02301 0.025957 0.091237 0.079059 -0.023066 0.001423 0.084855 0.050953 0.054592 0.019288 0.058702 0.028589 -0.005032 0.089525 0.21512 0.21775 -0.021914 0.05899 0.25809 0.22111 -0.039803 -0.025048 0.10337 0.060856 0.1484 0.055018 0.15098 0.067828 0.0013657 0.1817 0.23741 0.29115 -0.1744 -0.035925 0.32083 0.22355 -0.00025071 0.037429 0.1333 0.12848 0.15693 0.025415 0.15709 0.034963 -0.15671 -0.048207 0.29525 0.13618 -0.02859 -0.015401 0.20449 0.085408 0.0085877 0.018501 0.16283 0.1219
175.93 173.66 2.2568 3.8295 -1.1196e-16 1.6553e-17 1.4332e-16 7.216e-17 0 -0 0 0 0 -0 0 0 0 -0 0 0 0.01217 0.055954 0.029318 0.07361 0.030261 0.14597 0.040985 0.18467 -0.027934 0.15462 0.041068 0.17897 -0.01345 0.024519 0.014787 0.027408 -0.025744 0.15909 0.17272 0.41842 -0.063283 0.032052 0.15431 0.50064 0.0032523 0.0054754 0.20091 0.39467 -0.067598 0.0053941 0.076485 0.072858 -0.031342 -0.10074 0.067728 0.24278 -0.008077 -0.048742 0.076385 0.18229 -0.035505 0.03031 0.079794 0.13082 -0.024494 0.046975 0.034603 0.064471
107.59 176.89 2.0984 4.835 0.018386 0.057906 0.12417 0.10612 -0.073978 0.018984 0.12992 0.083095 -0.0034227 -1.4867e-05 0.0036127 0.0021928 0 0 0 0 -0.058347 -0.055712 0.27913 0.19177 -0.014208 -0.014595 0.16554 0.12857 -0.0067618 0.072023 0.12254 0.11865 -0.0056328 0.096542 0.092251 0.098917 -0.041225 0.043974 0.25556 0.22406 -0.022022 0.06814 0.22204 0.22634 0.020288 -0.037784 0.19404 0.20176 -0.019884 -0.063555 0.11211 0.21276 0.051129 0.026139 0.26394 0.21157 -0.068329 0.021455 0.25874 0.28603 -0.016132 0.10135 0.14709 0.16554 -0.01698 0.058239 0.069955 0.073692
123.53 176.65 1.9948 5.1333 -0.027351 0.0011903 0.043688 0.045519 -0.0045618 0.006778 0.0062667 0.0089987 0 0 0 0 0.01048 0.0093895 0.01926 0.028327 -0.017271 0.0037712 0.13056 0.13502 0.048891 0.092587 0.20822 0.32295 -0.070518 0.080836 0.14528 0.1861 0.21757 0.079537 0.23331 0.22727 -0.056785 -0.010188 0.13424 0.11986 0.039983 -0.1062 0.12168 0.23105 -0.018407 -0.085001 0.16701 0.25134 0.1423 -0.10348 0.1953 0.19998 -0.030235 0.024113 0.23814 0.28487 -0.059761 0.046768 0.20556 0.23546 -0.013397 0.0015604 0.030081 0.019523 0.037847 0.0051653 0.041491 0.023514
86.501 185.52 1.9955 5.1048 0 0 0 0 1.2386e-17 -2.993e-17 1.2386e-17 2.993e-17 1.9621e-17 -4.7412e-17 1.9621e-17 4.7412e-17 0 0 0 0 0.014499 0.078724 0.038192 0.080331 0.0099468 0.12286 0.14548 0.14433 -0.00031809 0.1312 0.14066 0.15423 -0.034047 0.036756 0.057947 0.046793 -0.035339 0.10716 0.19277 0.27788 -0.029326 0.063929 0.28642 0.32097 -0.060772 -0.095714 0.33807 0.2873 -0.059238 -0.027313 0.07778 0.064707 -0.1029 0.044207 0.14839 0.20273 -0.142 -0.060865 0.27317 0.33436 -0.039283 -0.010579 0.10676 0.11435 -0.0017071 -0.0029091 0.054238 0.057639
90.438 118.77 2.9354 0.7359 0 0 0 0 0 0 0 0 0 0 0 0 0 0 0 0 0 0 0 0 0.013573 0.024614 0.015817 0.026028 -0.014546 0.065688 0.10779 0.12285 -0.0050816 0.010438 0.0096707 0.011747 0.10269 0.10565 0.22087 0.19716 -0.027149 0.064834 0.45854 0.47457 -0.094619 0.024751 0.33352 0.35018 0.0015223 0.011073 0.10186 0.070301 0.025594 0.007044 0.20258 0.16481 -0.042365 -0.044488 0.17002 0.15598 -0.033187 -0.037139 0.10897 0.1117 -0.0087021 -0.0024015 0.053737 0.048176
141.78 119.52 2.783 1.695 -0 0 0 0 -0 0 0 0 -0 0 0 0 -0 0 0 0 0.0034235 0.00090889 0.0034235 0.00090889 0.095 0.10371 0.12534 0.26391 -0.047622 0.18202 0.13067 0.46315 0.035462 0.10539 0.077799 0.26147 0.010772 0.029442 0.076669 0.049129 0.054988 -0.054519 0.25766 0.29814 0.025847 -0.093841 0.2077 0.43033 0.0044802 -0.057666 0.12612 0.28008 -0.031955 0.0055811 0.11432 0.037251 0.0010029 -0.017169 0.065909 0.040534 0.016857 -0.030293 0.055214 0.068407 0.0015585 -0.024839 0.036012 0.048795
136.49 137.92 3.1137 4.6204 -0.0023136 0.0040227 0.014077 0.021814 -0.0040246 0.0022852 0.0096294 0.018459 0.01435 -0.0042485 0.030467 0.015689 0.033583 -0.014736 0.11354 0.059554 0.00029375 0.033273 0.054791 0.069395 -0.011516 0.053863 0.080023 0.10262 0.0044208 0.050113 0.13993 0.07786 0.056143 -0.021559 0.18439 0.089787 0.011977 0.032921 0.10061 0.10696 -0.0080403 0.14077 0.17619 0.28824 -0.047859 0.1941 0.3373 0.45164 -0.03547 -0.0076469 0.11684 0.075016 -0.01221 -0.038648 0.11693 0.32313 -0.012345 -0.10097 0.10545 0.28948 -0.053938 -0.104 0.11332 0.29876 -0.01505 -0.0083326 0.017904 0.019608
145.52 141.75 2.8937 3.661 -0.028256 -0.085117 0.067739 0.19452 0.010967 -0.075504 0.084225 0.22185 -0.015478 -0.0045144 0.1174 0.26186 -0.044227 0.00079313 0.061761 0.041652 -0.00054465 -0.014367 0.0061556 0.015591 0.029335 -0.044307 0.051963 0.10363 0.015655 -0.012392 0.16008 0.25398 -0.021411 0.00086801 0.027209 0.034265 0.0065015 0.015983 0.043961 0.034534 0.031945 0.041786 0.083445 0.084806 0.13374 0.11523 0.38908 0.33072 -0.10151 0.054775 0.24887 0.13415 0.013945 0.0091415 0.04659 0.03765 0.045827 0.033831 0.12851 0.097607 0.031126 -0.0089339 0.38619 0.26561 -0.068485 -0.039164 0.13052 0.070479
72.164 148.85 2.9246 2.6779 0.010521 -0.0049381 0.051092 0.071504 0.05187 -0.075496 0.15591 0.28475 0.0045546 -0.13835 0.34496 0.55046 -0.048228 -0.017928 0.080133 0.10729 0.027797 0.061854 0.06333 0.1509 -0.0068463 0.14985 0.1396 0.37116 -0.072068 -0.011474 0.11898 0.16581 -0.0057468 -0.013419 0.0081786 0.013419 0.035928 -0.054567 0.072099 0.12692 -0.061035 -0.15568 0.11315 0.27788 -0.055018 -0.0424 0.05767 0.077465 -0 0 0 0 -0.00069181 -0.0088132 0.0035166 0.010006 -0.002612 -0.0082442 0.0029194 0.0082938 -9.7859e-05 -0.00026447 9.7859e-05 0.00026447 -0 0 0 0
129.05 148.64 2.8574 4.54 0.00024047 0.0023094 0.015588 0.016357 -0.0044253 -0.0044853 0.018365 0.025267 0.02507 -0.025635 0.030131 0.027932 0.062012 -0.077861 0.13066 0.11587 -0.0059078 0.01428 0.055036 0.051848 -0.013 0.035338 0.070548 0.11257 -0.0067102 0.023766 0.019829 0.038983 0.07232 -0.029827 0.14429 0.070402 0.011326 0.061424 0.12364 0.093952 -0.013678 0.091607 0.13721 0.20239 -0.042416 0.062192 0.13151 0.12787 -0.019847 0.019409 0.25294 0.12115 -0.011508 0.059481 0.16596 0.18767 0.016105 0.1613 0.19094 0.34471 0.032595 0.058777 0.23358 0.51228 -0.084503 -0.0066779 0.18504 0.26382
175 150.33 2.9426 3.6408 0.008037 0.0591 0.017009 0.059228 -0.016347 0.048367 0.01833 0.048367 -0.0013085 0.00096176 0.0013085 0.00096176 0 -0 0 0 -0.014561 0.078094 0.18176 0.40754 -0.11178 0.08012 0.19564 0.29981 -0.024858 0.077504 0.097553 0.097388 -0.0081552 0.0035694 0.0081783 0.0043267 -0.018261 -0.11802 0.077978 0.25297 0.027199 -0.090304 0.13569 0.46121 -0.11203 -0.062997 0.24566 0.34093 -0.027162 -0.0034117 0.02728 0.011342 0.0060072 -0.010563 0.0078897 0.022709 0.050252 -0.029419 0.096134 0.16389 -0.041294 0.010071 0.13727 0.17047 -0.0033648 0.0017824 0.0043357 0.0039563
81.979 154.08 2.8695 2.7795 0.011096 0.00092831 0.036267 0.041936 0.030908 -0.0084718 0.10028 0.15299 0.12128 -0.056876 0.22616 0.30196 -0.07817 -0.046966 0.30816 0.31545 0.014637 0.012839 0.050085 0.087444 0.0050065 0.037795 0.1129 0.2889 0.011259 -0.040838 0.21936 0.32323 -0.048051 -0.094977 0.16681 0.23256 0.039695 -0.014519 0.070959 0.10412 0.051027 -0.010205 0.11863 0.26848 -0.10968 -0.072513 0.14481 0.29662 -0.018901 -0.0052764 0.018901 0.017936 0.0064247 -0.015984 0.010988 0.022543 -0.0015768 -0.053278 0.019972 0.057023 -0.011302 -0.030882 0.011721 0.030882 -0.00084459 -0.0013085 0.00084459 0.0013085
120.6 156.81 2.9614 4.4781 -0.0089456 0.00076526 0.02653 0.016556 0.0014129 0.0012302 0.034012 0.047378 0.0084652 -0.019408 0.040137 0.050015 0.11578 -0.15745 0.17111 0.21296 -0.0082908 0.0097514 0.079109 0.05967 -0.006082 0.019921 0.073749 0.09825 -0.014395 0.015626 0.035118 0.077172 0.021298 -0.011146 0.063563 0.034759 0.0071128 0.034272 0.1651 0.12424 0.015774 0.062629 0.18032 0.19908 -0.010909 0.081407 0.16923 0.20984 0.033405 0.058673 0.13523 0.091992 0.046994 0.080646 0.20244 0.17087 -0.011827 0.071634 0.19708 0.18186 0.029034 0.12459 0.23136 0.27928 0.02229 0.2006 0.25929 0.44303
107.51 159.66 2.7539 4.3973 -0.003717 0.006018 0.05591 0.028978 -0.0030536 0.0040806 0.029558 0.023953 -0.00052219 -0.00071861 0.04519 0.056015 0.015427 -0.031443 0.031563 0.040483 -0.04173 0.032503 0.14895 0.075487 -0.010424 0.040186 0.14876 0.11286 8.6675e-05 0.020803 0.10179 0.12916 -0.00533 0.0047218 0.027648 0.046489 -0.097538 0.018143 0.22097 0.076736 0.025417 0.033372 0.27612 0.20179 0.035697 0.068699 0.22161 0.24437 0.017131 0.096022 0.15766 0.18681 -0.014426 -0.030871 0.15929 0.094471 0.12372 0.11302 0.38733 0.27502 -0.022146 0.059266 0.2556 0.23544 0.05763 0.098008 0.20279 0.22881
163.93 163.04 2.8366 0.35792 -0.013556 -0.024655 0.083023 0.10272 -0.013681 -0.0059963 0.029678 0.046983 -0.0026392 0.001061 0.0039964 0.0042419 0.0028311 0.0057356 0.013235 0.011932 0.027225 0.061212 0.09029 0.19633 -0.022034 0.11846 0.066695 0.27518 0.074484 0.16081 0.11491 0.297 -0.039348 0.092616 0.18245 0.28441 0.0088123 -0.06165 0.097568 0.10662 0.061113 -0.054969 0.17062 0.32063 0.039769 -0.09907 0.27661 0.48304 -0.069349 -0.11161 0.153 0.1802 0.00058845 -0.0044655 0.00447 0.0061325 0.018588 -0.034463 0.03178 0.064903 -0.01535 -0.044057 0.035999 0.082485 -0.0035894 -0.005885 0.005176 0.0069213
67.521 169.6 2.9652 5.8268 0 0 0 0 0 0 0 0 0 0 0 0 0 0 0 0 4.8766e-07 9.9322e-07 4.8766e-07 9.9322e-07 0.015777 0.077318 0.018483 0.077318 -0.0087799 0.091099 0.03266 0.091099 -0.0047767 0.0092781 0.0047767 0.0092781 0.12286 0.06073 0.14202 0.21561 0.012465 0.1458 0.20232 0.5416 -0.15357 0.053106 0.21808 0.35908 -0.034166 0.046933 0.072083 0.094895 0.042197 0.028871 0.11991 0.20851 -0.018679 -0.056719 0.17683 0.38599 -0.037496 -0.0295 0.10586 0.20731 -0.0092601 -0.021328 0.03656 0.072649
124.56 111.13 3.6739 1.6918 -0 0 0 0 -0 0 0 0 -0 0 0 0 -0 0 0 0 0.0085963 0.039052 0.013403 0.039052 -0.0076436 0.1305 0.029586 0.1305 -0.0082398 0.16393 0.034393 0.16393 -0.0063 0.019187 0.0063649 0.019187 0.063339 0.0045639 0.16475 0.19948 0.018588 -0.016702 0.22158 0.48966 -0.013704 0.017557 0.25232 0.5974 -0.071962 0.045069 0.16549 0.18296 -0.013967 -0.0094882 0.078191 0.038723 0.019822 -0.048727 0.062886 0.08368 0.018144 -0.056642 0.077349 0.10186 -0.021003 -0.024301 0.080805 0.085049
91.142 115.87 3.6098 1.0196 0 0 0 0 0 0 0 0 0 0 0 0 0 0 0 0 0.0010175 0.0054742 0.0010175 0.0054742 0.0031965 0.077985 0.011589 0.077998 -0.0097677 0.044262 0.029583 0.044286 -0.001591 0.0015229 0.001591 0.0015229 0.1123 0.10698 0.21641 0.26424 -0.075639 0.041732 0.44892 0.57725 -0.10722 0.021157 0.30704 0.23588 -0.015895 0.033326 0.069306 0.050523 -0.015582 -0.048801 0.15767 0.19627 -0.032063 -0.077204 0.11378 0.13422 -0.037825 -0.03301 0.094898 0.07963 0.0069213 -0.0063327 0.077125 0.036942
170.67 140.66 3.6268 0.37378 0.00016077 6.3056e-05 0.00016077 6.3056e-05 0.052291 -0.074654 0.38058 0.24679 -0.061704 -0.030121 0.12538 0.12315 -0.0075182 -0.0044481 0.01991 0.012809 3.2603e-05 1.2787e-05 3.2603e-05 1.2787e-05 0.079845 0.024989 0.15256 0.21865 -0.023866 0.12492 0.13977 0.43261 0.048416 0.12709 0.074834 0.21661 0 0 0 0 0.055543 -0.046917 0.12329 0.10414 0.068972 -0.10948 0.19987 0.33862 0.024435 -0.094543 0.20492 0.34547 0 0 0 0 0.00016922 -0.0019503 0.0013839 0.0020233 0.012553 -0.021502 0.019317 0.030245 -0.0058767 -0.025491 0.016256 0.036375
72.406 150.49 3.6487 2.7281 0.01681 0.00015572 0.047343 0.037814 0.082511 -0.052269 0.17142 0.17856 -0.039153 -0.14664 0.44738 0.53739 -0.046261 -0.017724 0.076764 0.05645 0.02947 0.026489 0.067897 0.10592 0.0028634 0.090601 0.1786 0.33851 -0.074867 -0.066136 0.18194 0.31245 -0.0095332 -0.0083091 0.014751 0.020593 0.02828 -0.034501 0.041899 0.072424 -0.024341 -0.11818 0.084495 0.21905 -0.041823 -0.034167 0.044099 0.067637 -0 0 0 0 -6.917e-06 -0.0016344 0.00046014 0.0016344 -0.00025023 -0.0010772 0.0003675 0.0010772 -0 0 0 0 -0 0 0 0
84.328 156.18 3.4843 2.7781 0.0092771 0.0032802 0.030479 0.030087 0.02198 0.0045881 0.088393 0.11319 0.088416 -0.058902 0.17442 0.23675 -0.037752 -0.024558 0.32299 0.32764 0.014782 0.029499 0.045034 0.069171 0.0014352 0.048457 0.11087 0.20059 -0.012037 0.0032219 0.23077 0.36668 -0.013727 -0.083239 0.20288 0.33667 0.029044 -0.0056958 0.061929 0.092164 0.06923 0.020554 0.12444 0.23882 -0.089979 -0.025956 0.1369 0.34235 -0.029261 -0.0055316 0.030918 0.038817 0.0063929 -0.013366 0.011264 0.021324 0.0045831 -0.06067 0.026552 0.068041 -0.01312 -0.044322 0.014856 0.044544 -0.0019109 -0.003176 0.0019109 0.003176
164.39 160.45 3.4363 0.30192 -0.023626 -0.025176 0.10302 0.11447 -0.023432 -0.00027707 0.042041 0.066995 -0.0036578 0.0010516 0.0066226 0.0072151 0.0040473 0.0069493 0.015714 0.012891 0.037555 0.05767 0.073666 0.18534 -0.0047045 0.11125 0.062044 0.33657 0.065425 0.16035 0.10159 0.27486 0.0018814 0.11447 0.18907 0.29051 0.021373 -0.055125 0.10624 0.11301 0.053061 -0.067053 0.14497 0.26627 0.024897 -0.062464 0.25759 0.47183 -0.062652 -0.11353 0.1954 0.21625 0.00033975 -0.007588 0.0070236 0.0089805 0.021688 -0.031082 0.035871 0.052216 -0.01327 -0.052616 0.044892 0.10724 -0.0060191 -0.0099794 0.0093335 0.013837
100.25 171.77 4.1867 3.0432 0.016127 -0.031961 0.03348 0.031961 -0.020153 -0.048869 0.092158 0.074111 0.044231 0.016388 0.11618 0.046814 0.1378 0.023011 0.17849 0.12503 0.0028896 0.0056742 0.0031485 0.0056933 0.017883 0.016589 0.084553 0.071198 0.059666 0.0014966 0.18024 0.18544 0.15195 -0.034735 0.25349 0.35128 0.014994 -0.0027627 0.015393 0.016024 0.058593 0.027782 0.13876 0.1791 0.01693 0.15995 0.18624 0.373 0.081948 -0.047119 0.23394 0.4425 0.00076862 -0.0002629 0.00076862 0.0002629 0.033167 -0.024813 0.043645 0.055559 0.030979 -0.0975 0.067666 0.21632 -0.040951 -0.033638 0.049946 0.10158
153.14 183.03 3.6717 0.5634 -0.025435 -0.02331 0.068245 0.076654 -0.0087149 -0.011296 0.02675 0.025029 -9.7427e-05 -0.0031266 0.028052 0.017998 -0.00094874 -0.0025937 0.0048804 0.0040549 -0.017265 0.073446 0.1102 0.27329 0.039076 0.24755 0.13083 0.41767 -0.11566 0.083918 0.16881 0.20499 -0.0041187 0.00018015 0.0041187 0.0019393 0.037303 -0.069874 0.13868 0.25231 -0.040131 -0.21163 0.27952 0.52442 -0.10628 -0.085069 0.1269 0.14892 -0.001639 -0.00023737 0.001639 0.0006067 0.0033656 -0.014688 0.0076354 0.020669 -0.0073322 -0.022928 0.0094906 0.028036 -0.0006182 -0.0014645 0.00067361 0.0014645 0 0 0 0
94.298 107.33 5.1663 1.0065 0 0 0 0 0 0 0 0 0 0 0 0 0 0 0 0 0 0 0 0 0 0 0 0 -0.0012613 0.00093405 0.0012613 0.00093405 -0.00010638 7.8939e-05 0.00010638 7.8939e-05 0.037404 0.065817 0.039122 0.070439 0.078026 0.16897 0.40005 0.58444 -0.090545 0.056477 0.3184 0.31548 -0.013555 0.031649 0.079239 0.052188 0.035451 -0.013044 0.1618 0.21686 -0.037106 -0.093851 0.18883 0.2678 -0.045267 -0.055106 0.10434 0.10354 0.00027841 -0.007158 0.09071 0.04343
153.22 107.3 5.2717 2.2397 -0 0 0 0 -0 0 0 0 -0 0 0 0 -0 0 0 0 0.0010749 0.0016691 0.0010749 0.0016691 7.4641e-05 0.00017042 7.4641e-05 0.00017042 -0 0 0 0 -0 0 0 0 -0.010891 0.056956 0.18902 0.1349 0.07946 0.078469 0.3505 0.3861 -0.10188 0.21723 0.3125 0.40446 -0.019932 0.046474 0.026493 0.047204 -0.062133 0.0050191 0.18041 0.088254 0.056852 -0.035065 0.13356 0.12236 0.081724 -0.051177 0.27313 0.34163 -0.060069 0.020328 0.16117 0.148
87.452 144 4.9702 5.5844 0 0 0 0 0.015221 0.024818 0.015758 0.024818 -0.0031784 0.044271 0.036519 0.048587 -0.0055238 0.0057132 0.0089738 0.01218 0 0 0 0 0.042401 -0.00086677 0.11258 0.16269 -0.04347 -0.022451 0.13381 0.18579 -0.011859 -0.0015422 0.029822 0.035471 0.0073014 0.0016714 0.0073014 0.0028712 0.072638 0.1002 0.36418 0.36623 -0.099853 0.075199 0.19556 0.18569 -0.014772 0.0028625 0.03813 0.031637 5.8299e-05 -4.8987e-05 5.8299e-05 4.8987e-05 0.1203 -0.090844 0.39444 0.33854 -0.07711 0.030094 0.34985 0.29908 -0.018431 0.027361 0.06759 0.061584
91.135 152 5.4668 2.809 -0.032033 -0.041539 0.083474 0.067213 0.05344 -0.002333 0.084835 0.05909 0.039528 0.0081065 0.48408 0.26777 -0.081207 0.025919 0.18594 0.086645 0.0057139 0.0036211 0.023413 0.019719 0.053492 -0.015489 0.11153 0.087358 0.09444 -0.11932 0.45753 0.40486 -0.072002 -0.033997 0.17653 0.11459 0.014327 -6.7398e-05 0.021807 0.028711 0.044024 -0.0043336 0.092281 0.21771 -0.041219 -0.040525 0.13384 0.24458 -0.0072916 -0.011971 0.017436 0.023927 0.0019042 -0.001652 0.0021286 0.0023325 0.0038821 -0.024956 0.010602 0.031315 -0.006568 -0.014904 0.0083965 0.020422 -0.00014734 -5.9146e-05 0.00014734 0.00010053
90.937 102.88 6.4197 1.0356 0 0 0 0 0 0 0 0 0 0 0 0 0 0 0 0 0 0 0 0 0 0 0 0 0 0 0 0 0 0 0 0 0.031595 0.067729 0.044098 0.079359 0.089167 0.19478 0.37067 0.58571 -0.11095 0.091021 0.29796 0.29469 -0.023268 0.02684 0.061886 0.039274 0.045898 -0.014064 0.13233 0.17649 -0.02099 -0.12048 0.21332 0.31393 -0.028617 -0.052005 0.13933 0.11844 -0.019245 -0.0053391 0.086802 0.045904
138.33 152.83 9.8479 4.2689 0 -0 0 0 0.015597 0.038102 0.017797 0.038151 -0.00022471 0.048612 0.013632 0.048618 -0.00020728 0.00046711 0.00020728 0.00046711 0.0052087 0.013409 0.023606 0.015759 0.10157 0.0016562 0.17133 0.25554 -0.072265 0.013172 0.3521 0.39072 -0.01907 0.0036613 0.022616 0.017679 0.031552 -0.012632 0.086328 0.045942 0.083945 0.034787 0.30967 0.48206 -0.10921 -0.029808 0.26634 0.39238 -0.0074919 -0.0030953 0.010061 0.0075019 0.0036784 -0.0030116 0.0054384 0.0038045 -0.0005218 -0.049434 0.05411 0.093332 -0.016752 -0.023739 0.026099 0.03917 -0.00017777 -3.0623e-05 0.00017777 3.0623e-05
163.5 92.736 12.517 2.2339 -0 0 0 0 -0 0 0 0 -0 0 0 0 -0 0 0 0 -0 0 0 0 -0 0 0 0 -0 0 0 0 -0 0 0 0 0.079013 0.023288 0.079013 0.047066 0.099645 0.070602 0.60657 0.41823 -0.079038 0.051949 0.36441 0.38623 -0.01158 0.00013489 0.01158 0.0039812 0.035287 -0.010004 0.035287 0.026801 0.024335 -0.075425 0.21362 0.13409 -0.028058 -0.069155 0.16646 0.17097 -0.006402 -0.0011673 0.006402 0.0032283
113.29 125.75 12.487 1.5244 0 0 0 0 0 0 0 0 0 0 0 0 0 0 0 0 0.00036861 0.012203 0.0064011 0.012203 0.074833 0.12602 0.17303 0.4769 -0.081865 0.068439 0.11724 0.23356 -0.00074298 0.00049309 0.000779 0.00079392 0.080427 0.0052339 0.13953 0.091025 -0.022009 -0.062958 0.45481 0.52192 -0.060939 -0.06273 0.22471 0.22428 -0.0083705 1.0123e-05 0.017325 0.0079171 0.017933 -0.011178 0.019465 0.018832 -0.014885 -0.035786 0.076339 0.073678 -0.0024418 -0.0080875 0.013581 0.0096832 -0.00080933 -0.00071242 0.00118 0.00071242
126.86 159.79 13.273 4.2588 1.1346e-18 -5.5313e-19 2.1736e-18 1.0596e-18 -1.7517e-05 8.5398e-06 1.7517e-05 8.5398e-06 -0.00075614 0.00036862 0.00075614 0.00036862 0 -0 0 0 0.0078086 0.0034938 0.0078086 0.0034938 0.07925 0.043263 0.12144 0.15427 -0.052444 0.062704 0.36966 0.45733 -0.021404 0.0041511 0.026886 0.018937 0.018671 -0.0053756 0.018671 0.010962 0.11274 -0.0065524 0.31379 0.36798 -0.12313 -0.073196 0.34717 0.45369 -0.014442 -0.0015996 0.018334 0.0095647 6.5963e-05 -0.00032309 6.5963e-05 0.00032309 0.0054769 -0.024663 0.02003 0.034007 -0.0118 -0.024703 0.01871 0.028763 -0.00032779 -0.00010782 0.00032779 0.00010782
