60 64
164.51 117.6 1.8616 1.6384 -0 0 0 0 -0 0 0 0 -0 0 0 0 -0 0 0 0 0.00034411 6.3127e-05 0.00034411 6.3127e-05 0.0024501 0.067275 0.010073 0.067275 -0.0056745 0.0797 0.010388 0.0797 -0.00023959 0.0015459 0.00023959 0.0015459 0.074384 0.047555 0.099288 0.069521 0.065939 0.10713 0.20305 0.36968 0.019321 0.18864 0.3324 0.50853 -0.098627 0.2181 0.15262 0.25648 0.044223 -0.014984 0.10262 0.093194 -0.0017126 -0.037967 0.11607 0.13087 0.059291 -0.11328 0.15888 0.1899 -0.0005468 -0.080844 0.13912 0.23104
173.95 127.33 2.0009 2.6482 -0 0 0 0 -0 0 0 0 -0 0 0 0 -0 0 0 0 0.036525 0.035344 0.049559 0.07859 0.028641 0.1533 0.06357 0.25329 -0.06191 0.15965 0.079715 0.18852 -0.007571 0.0078923 0.0079727 0.0078923 0.057729 0.078978 0.10263 0.17234 0.064556 -0.027986 0.12975 0.32485 -0.0084384 0.10657 0.38986 0.40154 -0.088888 0.061351 0.14069 0.079099 0.023203 -0.011852 0.066464 0.090429 0.0044996 -0.029357 0.11916 0.12755 0.122 0.04338 0.39885 0.17476 -0.09527 0.022019 0.14784 0.053694
148.83 129.1 1.6877 1.2375 0 0 0 0 0 0 0 0 0.042916 0.036968 0.042916 0.03848 0.018805 0.050421 0.082416 0.090793 0.060957 0.098513 0.10585 0.25001 -0.014837 0.26292 0.15908 0.39435 0.070947 0.17824 0.2308 0.27849 -0.058312 -0.037351 0.17138 0.12656 0.017451 -0.060324 0.10848 0.13939 -0.00025653 -0.18181 0.17879 0.36843 -0.057468 -0.17948 0.16442 0.28137 -0.021906 -0.038202 0.088871 0.082726 0.0046506 0.0098321 0.056341 0.051658 -0.045445 -0.0058188 0.077449 0.061878 -0.0021855 -0.015392 0.048016 0.045692 0.012392 -0.0021592 0.041707 0.041443
178.35 135.49 2.0614 2.8741 -0 0 0 0 -0 0 0 0 -0 0 0 0 -0 0 0 0 -0.0070587 0.018607 0.019533 0.059144 0.037511 0.076557 0.13205 0.1902 -0.032532 0.21753 0.094674 0.28014 -0.022634 0.051488 0.023374 0.053413 0.036315 0.056796 0.066885 0.1386 0.046645 0.12469 0.18883 0.29416 0.1075 -0.0077141 0.23015 0.40687 -0.12596 0.082527 0.26661 0.17798 0.044078 -0.021019 0.060604 0.072994 -0.012285 -0.040128 0.14724 0.15548 0.13041 0.029283 0.19781 0.12524 -0.087497 0.032153 0.32924 0.14141
117.88 138.3 1.9864 4.2853 0.011372 0.01397 0.084614 0.093533 -0.026063 0.018938 0.10621 0.1187 0.0017653 0.057119 0.12766 0.11971 -0.0075221 0.016384 0.057712 0.061976 0.038555 -0.037636 0.079758 0.10032 -0.044758 -0.0096071 0.14219 0.2017 0.015243 -0.039 0.26112 0.23472 0.075981 0.055152 0.15303 0.12341 0.061515 0.070636 0.10435 0.11425 0.03385 0.16341 0.15295 0.24067 -0.012689 0.1753 0.22851 0.2819 0.023787 -0.0051213 0.25393 0.2147 0.062483 0.082671 0.13329 0.13095 -0.099971 -0.062093 0.23175 0.23956 -0.014478 -0.12841 0.085657 0.19043 -0.025802 -0.064825 0.051005 0.084583
176.1 141.37 2.0334 3.0241 -0.0024597 0.01693 0.0061705 0.017617 -0.0010691 0.0068089 0.0027006 0.0069404 -7.1779e-06 0.0015902 0.00081666 0.0016638 -0 0 0 0 -0.015905 -0.00048554 0.040071 0.10282 0.020245 0.042955 0.109 0.196 0.067167 0.14202 0.21403 0.34396 -0.059337 0.13894 0.095443 0.19309 0.055546 0.024238 0.071558 0.091721 0.050133 0.14688 0.17369 0.29859 0.022539 0.011828 0.21572 0.25556 -0.016579 0.046449 0.29499 0.23355 0.026363 -0.020736 0.046409 0.057963 0.039804 -0.086054 0.10024 0.13772 0.070597 -0.025677 0.17336 0.12983 -0.0018673 0.056565 0.35329 0.18421
112.02 144.12 1.8922 0.55949 0.13298 0.011516 0.218 0.13141 -0.16856 -0.043258 0.29578 0.1875 0.0033447 -0.088856 0.079079 0.10411 -0.0059709 -0.063886 0.060787 0.084183 -0.0060245 -0.025846 0.16713 0.18813 -0.12781 -0.085755 0.25463 0.21874 -0.049252 0.1013 0.10345 0.18734 -0.021296 0.014952 0.059706 0.078352 -0.057506 -0.019116 0.1827 0.22854 0.0096927 0.018053 0.2497 0.22704 0.040234 -0.025846 0.1763 0.22822 -0.050444 0.034181 0.1806 0.13605 0.002869 -0.013143 0.10338 0.095285 -0.034998 -0.034652 0.16147 0.13618 0.0030699 -0.049269 0.12065 0.12056 -0.018948 -0.034516 0.078625 0.071799
154.02 153.7 2 5.7641 -0.023189 0.00082366 0.12253 0.12456 0.029148 -0.03098 0.19681 0.21078 -0.099898 -0.0023214 0.18119 0.11165 -0.0065844 0.0061644 0.024582 0.016736 -0.075598 0.007047 0.1749 0.13381 -0.011098 -0.054274 0.11625 0.15911 0.0010049 0.0086739 0.13438 0.1131 -0.013584 0.012115 0.065828 0.059245 -0.23462 0.10667 0.34903 0.21157 -2.7288e-05 0.14658 0.15285 0.21251 -0.049251 0.11054 0.19158 0.18566 -0.023403 0.016378 0.067646 0.05632 -0.1436 -0.0052534 0.21602 0.13231 0.028134 0.015205 0.19061 0.23823 -0.13695 -0.041503 0.17788 0.18955 -0.0027374 0.019287 0.062053 0.06201
159.51 156.04 2.0121 5.7854 0.011019 -0.023092 0.12586 0.12872 -0.06607 -0.10861 0.15153 0.16452 -0.021839 -0.011116 0.11787 0.095547 0.010175 -0.0033686 0.035453 0.019638 -0.039512 0.0022784 0.14087 0.13185 -0.021882 0.05473 0.14182 0.14733 -0.0083612 0.0026493 0.16994 0.11919 0.011524 0.0020659 0.079065 0.03982 -0.041456 0.104 0.21462 0.21801 -0.046787 0.26984 0.25061 0.34795 -0.13318 0.075891 0.20058 0.16807 0.055075 0.026557 0.13287 0.072753 -0.015441 -0.0010475 0.15427 0.15087 -0.074484 -0.10424 0.21686 0.28991 -0.051216 0.0022757 0.139 0.15895 0.011347 0.011026 0.086284 0.08518
66.397 157.54 2.0389 2.8531 -0.010249 0.023383 0.026556 0.040541 0.067702 -0.081081 0.086316 0.12517 0.061986 -0.20698 0.16189 0.30124 0.05109 -0.051677 0.20303 0.29348 -0.10208 0.091391 0.11585 0.24288 -0.040804 0.12301 0.1033 0.28602 0.038203 0.056711 0.12186 0.29353 0.0035955 -0.11378 0.24816 0.35404 -0.017666 -0.13638 0.059508 0.16365 -0.0083389 -0.13471 0.046355 0.18056 -0.022703 -0.12295 0.053211 0.1866 -0.017369 -0.042888 0.024332 0.046827 -9.7029e-05 -0.0014311 0.0018486 0.0015438 -4.5519e-06 -1.5336e-05 4.5519e-06 1.5336e-05 -0 0 0 0 -0 0 0 0
138.64 161.34 2.1882 4.123 -0.0023459 -0.0020306 0.012885 0.013814 0.001068 -0.003643 0.0073947 0.007122 -0.00068619 0.010778 0.08497 0.080336 0.0018818 0.0062896 0.04015 0.055857 -0.0064676 -0.00046656 0.020392 0.022179 0.11934 0.13018 0.15765 0.22851 -0.11847 0.12727 0.22513 0.22796 0.034545 0.0055945 0.088696 0.077677 -0.032224 0.055682 0.079928 0.071903 0.17019 -0.0097859 0.2975 0.2582 -0.088705 -0.028985 0.31832 0.24767 -0.005371 0.024139 0.10621 0.094842 -0.043226 0.033758 0.13453 0.12898 0.060201 0.095392 0.24919 0.21381 -0.01353 0.08169 0.21374 0.20922 0.074186 0.12814 0.14376 0.18534
156.91 164.38 1.992 3.8939 -0.018264 -0.054986 0.079662 0.1098 -0.019108 -0.10986 0.04953 0.14383 0.0010579 -0.085474 0.0478 0.17162 0.021033 -0.039295 0.065639 0.12443 -0.010302 -0.025587 0.04291 0.055424 0.0058999 0.04633 0.1321 0.14725 0.067269 0.023683 0.14466 0.20765 0.043506 0.1555 0.14024 0.20953 0.045922 0.081548 0.063251 0.11384 -0.021673 0.087899 0.18014 0.25131 0.097055 -0.0039414 0.18807 0.23206 0.20867 -0.018261 0.27133 0.22018 0.11172 -0.0012525 0.14951 0.18483 -0.11302 0.050807 0.24612 0.24496 -0.012567 0.012044 0.11593 0.13069 0.08945 -0.02508 0.15157 0.1207
186.82 166.86 2.2786 3.2744 8.1743e-18 5.8469e-16 9.8535e-16 7.1524e-16 -1.4339e-16 1.2253e-16 3.8461e-16 1.9308e-16 0 -0 0 0 0 -0 0 0 0.012717 0.036795 0.015205 0.036795 0.0042075 0.14302 0.049833 0.14302 -0.0016606 0.14568 0.051993 0.15575 -0.012363 0.031134 0.014562 0.034559 0.089467 0.1728 0.15103 0.22618 -0.077917 0.054823 0.20507 0.40073 -0.034209 -0.063541 0.16282 0.39813 -0.041745 0.0099013 0.10788 0.25841 -0.074092 -0.088672 0.13247 0.15655 -0.062373 -0.10342 0.13338 0.18669 0.073388 0.030728 0.11165 0.22044 0.054962 0.1643 0.13222 0.2669
65.405 173.69 1.9276 5.9602 0 0 0 0 0 0 0 0 0 0 0 0 0 0 0 0 0.0033094 0.024698 0.0060906 0.024698 0.002879 0.067859 0.010805 0.068768 -0.0059237 0.078155 0.064244 0.079722 -0.0051562 0.0054629 0.0051909 0.0054629 0.011423 0.03148 0.074705 0.21791 0.099607 0.085965 0.14237 0.39583 0.012953 0.2769 0.22476 0.44877 -0.12904 0.23527 0.15511 0.26358 -0.0088166 0.019477 0.034538 0.10945 0.028548 -0.080548 0.061815 0.12946 0.12261 -0.20394 0.14536 0.23868 0.010736 -0.069481 0.11735 0.18668
69.601 183.79 2.0154 5.5514 0 0 0 0 0 0 0 0 0 0 0 0 0 0 0 0 0.0050322 -0.0004053 0.0050951 0.0039753 -0.0013131 0.056129 0.033372 0.072449 -0.0064409 0.054246 0.01049 0.054246 0.0001113 0.0061143 0.00057079 0.0061143 0.079288 0.11193 0.084699 0.13996 0.12778 0.22794 0.18205 0.46433 -0.021851 0.2661 0.12555 0.4786 -0.087088 0.17414 0.10568 0.23383 -0.0025422 -0.050729 0.049424 0.09868 0.025969 -0.16361 0.046996 0.19657 0.015188 -0.19509 0.07178 0.22134 -0.0038113 -0.090907 0.059116 0.12072
157.76 184.07 1.8387 1.2691 -0.014531 -0.027077 0.066614 0.076167 0.0017726 -0.03238 0.10983 0.10832 -0.01135 -0.042966 0.077552 0.099967 -8.3097e-05 -0.020983 0.0098289 0.023223 -0.085014 0.17813 0.12696 0.23796 -0.048832 0.21993 0.11196 0.26859 -0.019429 0.18477 0.097243 0.20423 -0.0073104 0.065071 0.08516 0.08998 0.080793 -0.15587 0.15772 0.28113 -0.082202 -0.12625 0.22619 0.3856 -0.067931 -0.084422 0.20702 0.30768 -0.04333 -0.038375 0.11515 0.17464 0.019256 -0.05157 0.021284 0.052309 0.0032722 -0.096505 0.040623 0.10141 -0.0025359 -0.060378 0.036535 0.072131 -0.0043439 -0.016074 0.013083 0.026291
149.85 186.24 1.9958 1.2626 0.0074578 -0.011749 0.091306 0.086979 -0.029195 -0.038431 0.1353 0.14595 -0.016404 -0.046693 0.026759 0.052936 -0.0020724 0.0063785 0.026054 0.044511 -0.050907 0.18666 0.096729 0.22651 -0.0085721 0.23782 0.095699 0.2735 -0.010471 0.12849 0.1475 0.16659 -0.0051606 0.031889 0.11324 0.09793 -0.073153 -0.039536 0.17449 0.33835 -0.070809 -0.05841 0.23856 0.39597 -0.084327 -0.039638 0.22499 0.3348 -0.03364 -0.032123 0.09317 0.087866 0.0016838 -0.07885 0.032099 0.08411 -0.01783 -0.077807 0.052829 0.096984 -0.018656 -0.039628 0.037695 0.068509 -0.0045906 -0.0048753 0.0071904 0.0087853
177.78 185.78 2.109 3.856 0 -0 0 0 0 -0 0 0 5.4015e-16 -3.8398e-17 5.4015e-16 3.8398e-17 6.5681e-16 -4.6692e-17 6.5681e-16 4.6692e-17 0.0069343 0.021074 0.0074125 0.021074 0.015569 0.14058 0.02415 0.14058 -0.002192 0.17759 0.031906 0.17759 -0.01344 0.033733 0.015595 0.033733 0.11587 0.10781 0.11839 0.16445 0.080631 0.15057 0.17429 0.45748 -0.036286 0.076101 0.15529 0.46915 -0.088596 0.095851 0.14133 0.20883 0.0013531 -0.045648 0.099554 0.1276 -0.034089 -0.16847 0.093134 0.21009 -0.0058692 -0.14095 0.057062 0.24808 0.02767 -0.061126 0.068624 0.14287
129.66 188.42 1.8224 1.2083 -0.070989 -0.20732 0.15751 0.25901 -0.027911 0.0049783 0.090114 0.15283 -0.0097165 -0.014329 0.017328 0.048283 0.011214 0.016055 0.011779 0.021472 0.0099896 0.043125 0.033083 0.055137 -0.013215 0.091303 0.18952 0.22483 -0.039775 0.021534 0.14861 0.16133 0.10433 0.016149 0.168 0.10371 -0.051455 0.065013 0.24286 0.3428 -0.074407 -0.0084001 0.35786 0.34202 -0.058497 -0.047453 0.20382 0.18631 0.042929 -0.048003 0.10381 0.0762 -0.061284 -0.091897 0.11792 0.20719 -0.035594 -0.039899 0.080894 0.084231 -0.0056519 -0.0049942 0.013457 0.0097402 -0.00014913 -6.1744e-05 0.00014913 6.1744e-05
101.86 194.35 2.3204 4.6732 0 -0 0 0 0 -0 0 0 0 -0 0 0 0 -0 0 0 0.042795 0.11915 0.054764 0.12496 0.031998 0.23472 0.11869 0.32161 -0.061921 0.1437 0.16112 0.25715 -0.030168 0.014491 0.043187 0.046924 -0.045789 0.13377 0.24632 0.30842 -0.14654 -0.15591 0.29031 0.37494 -0.10028 -0.11934 0.1792 0.23687 -0.018129 -0.012125 0.031518 0.033012 -0.1434 -0.13566 0.16305 0.16432 -0.047292 -0.06202 0.059546 0.073502 -0.0052545 -0.016187 0.011951 0.020588 5.9099e-05 -0.0013671 0.0011764 0.0026752
111.34 194.73 2.0097 2.7431 0.0066798 -0.0035271 0.01179 0.012282 0.0047431 -0.044542 0.10044 0.11515 -0.015852 -0.01766 0.060336 0.042833 -0.0026206 -0.0016496 0.0089487 0.0043929 0.00019221 -8.0924e-05 0.00019221 8.0924e-05 0.084728 0.046468 0.11988 0.14606 -0.052767 0.11609 0.13045 0.16566 -0.013334 0.013045 0.016254 0.013045 -0 0 0 0 0.20145 -0.030675 0.23411 0.16156 -0.038403 0.16354 0.40009 0.35979 -0.1074 0.1014 0.15459 0.16553 -0 0 0 0 0.031928 -0.018095 0.032013 0.020772 0.21733 -0.12169 0.31172 0.25803 -0.011216 0.15964 0.17026 0.25519
86.38 198.51 1.9355 5.0556 0 0 0 0 0 0 0 0 0 0 0 0 0 0 0 0 0 0 0 0 8.8722e-05 0.00018739 8.8722e-05 0.00018739 2.418e-05 5.107e-05 2.418e-05 5.107e-05 0 0 0 0 0.092652 0.22462 0.10196 0.22985 0.0249 0.38035 0.14317 0.4426 -0.068437 0.20024 0.12978 0.3044 -0.048185 0.093669 0.061994 0.13294 0.011043 -0.028586 0.1216 0.24352 -0.11236 -0.17789 0.14492 0.30586 -0.052627 -0.13355 0.14489 0.19357 -0.018961 -0.049283 0.069126 0.093148
154.16 198.12 2.0606 4.5455 0 -0 0 0 0 -0 0 0 0 -0 0 0 0 -0 0 0 0.0051906 0.012822 0.017575 0.015614 0.0027071 0.087665 0.050616 0.088157 -0.013372 0.10515 0.043564 0.10515 -0.00599 0.046375 0.013753 0.046375 0.018465 0.042333 0.13769 0.11941 0.076118 0.11478 0.2526 0.38606 0.056343 0.19838 0.24162 0.37705 -0.011693 0.22855 0.19259 0.3284 -0.0020454 -0.030563 0.072603 0.07106 0.035348 -0.089179 0.1084 0.1437 0.034264 -0.15909 0.10438 0.24515 0.095948 -0.14342 0.1427 0.21093
132.8 124.58 2.6066 1.7315 8.0797e-05 0.00028133 8.0797e-05 0.00028133 -0 0 0 0 -0 0 0 0 -0 0 0 0 -0.044644 0.14593 0.17026 0.26128 -0.028409 0.2254 0.12953 0.27182 -0.041145 0.15757 0.11323 0.22648 0.0033001 0.078547 0.036407 0.086319 0.020106 -0.1114 0.16271 0.23341 -0.061551 -0.11365 0.22422 0.37666 0.0073103 -0.050135 0.28606 0.31534 0.030025 -0.019599 0.14182 0.26242 0.0085618 -0.0066333 0.051 0.030696 0.020173 -0.011939 0.0989 0.088843 0.018055 -0.014069 0.10382 0.11143 -0.024285 -0.025296 0.067499 0.058924
170.8 123.8 2.6019 1.9359 -0 0 0 0 -0 0 0 0 -0 0 0 0 -0 0 0 0 -0 0 0 0 0.066077 0.091198 0.080612 0.13081 -0.035952 0.15109 0.10089 0.21316 -0.010896 0.016353 0.014051 0.017598 0.020737 0.0069361 0.030634 0.037601 0.088619 0.011581 0.21429 0.30614 0.1013 -0.026592 0.4524 0.48226 -0.052935 0.13514 0.19233 0.31198 0.013269 0.0071411 0.057891 0.030748 0.02834 -0.042357 0.1316 0.11594 0.019056 -0.099145 0.14992 0.14189 0.022975 -0.06167 0.095704 0.15762
164.62 131.92 2.8922 4.2428 0.0049397 0.0082575 0.030912 0.028734 0.013133 0.049679 0.090523 0.076332 -0.03228 0.021911 0.090752 0.054391 -0.0032434 0.0018495 0.0038412 0.0023217 0.0031694 0.027124 0.083659 0.069797 0.047214 0.036327 0.18084 0.17681 -0.10854 0.077893 0.31398 0.12919 -0.026064 0.005302 0.033174 0.0076061 0.055047 0.051457 0.18049 0.24712 -0.052967 -0.032088 0.22412 0.60378 -0.15295 -0.10841 0.27086 0.2818 -0.017795 -0.0053325 0.019383 0.0068156 -0.037163 -0.072749 0.11246 0.11021 -0.022797 -0.072325 0.032555 0.080273 -0.013049 -0.028213 0.015782 0.032147 -0.00015037 -0.00021866 0.00015037 0.00021866
176.12 132.61 2.8131 2.927 -0 0 0 0 -0 0 0 0 -0 0 0 0 -0 0 0 0 -0.0070165 0.015413 0.027758 0.0743 0.038766 0.077203 0.090638 0.16527 -0.045835 0.12937 0.086463 0.18108 -0.0074795 0.0088003 0.0074795 0.0088003 0.049759 -0.00101 0.080067 0.11439 0.044835 0.031986 0.19866 0.25534 -0.060193 0.13507 0.4949 0.34128 -0.070554 0.022602 0.09915 0.039287 0.013749 -0.015112 0.037617 0.0423 0.058037 -0.053387 0.10541 0.12315 -0.017262 0.0025585 0.52262 0.19815 -0.069009 0.0055747 0.082379 0.029348
124.63 134.15 2.9184 4.1581 -0.0014829 0.027685 0.047693 0.046067 0.027053 0.023136 0.088654 0.090735 -0.012648 0.037377 0.074037 0.087989 0.038965 0.070457 0.072603 0.11462 0.021019 -0.023497 0.10815 0.11791 -0.0036651 0.022845 0.19838 0.2198 0.1212 0.077411 0.32674 0.22761 -0.0092476 -0.072582 0.14275 0.34785 0.053784 0.075741 0.15307 0.12967 -0.0049163 0.037087 0.21503 0.32592 -0.025851 -0.12768 0.27755 0.28399 -0.038186 -0.052934 0.051603 0.056435 0.0010846 0.010623 0.17128 0.1337 -0.099339 -0.084964 0.15576 0.13759 -0.012005 -0.027452 0.014005 0.028813 -0.00022752 -0.00078629 0.00025239 0.00078629
127.16 133.33 2.81 5.2398 -0.036904 0.025805 0.069671 0.063534 0.025117 0.01074 0.1103 0.086849 -0.036844 0.025844 0.076028 0.082522 -0.0045543 0.021176 0.052189 0.04689 -0.017347 -0.017179 0.15124 0.28445 -0.066372 0.062477 0.2489 0.22998 -0.022025 0.028776 0.19205 0.20221 -0.025727 -0.0060594 0.081747 0.061683 0.032147 -0.066971 0.050376 0.075537 0.087909 -0.11318 0.27349 0.29504 0.059403 0.010146 0.23446 0.44578 -0.071687 0.11748 0.19649 0.20022 0 0 0 0 0.014217 -0.025385 0.015243 0.0293 0.06275 -0.083032 0.072688 0.10063 0.013001 -0.052418 0.16109 0.15054
76.606 137.6 2.6597 0.13321 0 0 0 0 -0.00024806 0.0066519 0.00062242 0.0066519 0.0004034 0.027402 0.003195 0.027402 -0.0015653 0.0091124 0.0015946 0.0091124 0.068 0.096381 0.1281 0.12624 -0.035751 0.15995 0.15981 0.45853 -0.045832 0.049133 0.076454 0.27584 0.0092782 0.0087568 0.03918 0.086316 0.13895 0.017476 0.33078 0.11815 -0.079598 0.0057422 0.23961 0.26111 -0.12373 -0.011602 0.18764 0.26353 -0.013747 -0.013334 0.053342 0.051354 0.10496 -0.036795 0.1929 0.086609 -0.11575 -0.016956 0.26071 0.16894 -0.02414 0.0022981 0.074194 0.13449 -0.012893 0.0065634 0.024928 0.023312
137.32 142.42 2.9087 4.9149 -2.9398e-05 0.016457 0.070342 0.054737 -0.0041411 0.028147 0.066295 0.048739 -0.018231 0.024495 0.09007 0.067872 -0.0030511 0.0022323 0.025836 0.020679 0.0016868 0.023075 0.1201 0.12784 -0.006166 0.020697 0.18207 0.18655 -0.04281 -0.0089425 0.14015 0.086051 0.028587 0.044772 0.081213 0.056931 -0.032637 -0.015452 0.16881 0.22499 0.041604 0.089847 0.25829 0.34196 -0.030339 0.18662 0.27704 0.45258 -0.0096138 0.06983 0.13343 0.14783 0.012307 -0.041239 0.028587 0.05284 0.0046892 -0.09902 0.056704 0.14242 0.066175 -0.14734 0.153 0.23911 -0.010319 -0.062127 0.099837 0.18136
73.217 143.92 2.538 5.8788 0 0 0 0 0.0023838 0.0053018 0.0023838 0.0053018 0.0093341 0.0306 0.011357 0.033303 0.0086102 0.03914 0.017176 0.043851 0.018906 0.022862 0.018906 0.023278 0.0094318 0.081663 0.18583 0.2249 -0.0071664 0.017624 0.073942 0.18441 0.032444 -0.036068 0.047897 0.11279 0.077104 0.090189 0.23958 0.13508 -0.014489 0.14607 0.36395 0.38776 -0.11349 0.088789 0.20667 0.29656 -0.030555 -0.006538 0.043595 0.04665 0.11724 -0.050901 0.20126 0.12802 -0.084893 0.073641 0.26776 0.25423 -0.083527 0.010497 0.14458 0.16666 0.0031946 0.042806 0.071375 0.086804
167.57 144.72 2.8206 3.1773 0.00099598 0.022373 0.014038 0.043335 -0.011406 0.017077 0.019552 0.055743 -0.0041522 0.024117 0.023663 0.030975 -0.0014826 0.0024043 0.0014826 0.0024043 -0.01182 -0.020617 0.049225 0.078925 0.044686 0.0776 0.1077 0.21629 0.042368 0.1056 0.238 0.28491 -0.070817 0.067247 0.14789 0.11156 0.0052719 -0.0070235 0.039796 0.043323 0.078861 -0.074174 0.11172 0.17065 0.19338 0.039023 0.35954 0.26119 -0.14272 0.015596 0.36961 0.1719 0.020848 0.008893 0.047475 0.061192 -0.0012901 0.026708 0.075496 0.099409 0.13047 -0.014487 0.353 0.17308 -0.10158 -0.01188 0.17131 0.081747
126.53 157.89 2.5146 4.3355 -0.0094159 -0.0042706 0.013494 0.011902 -0.00039251 -0.006958 0.011314 0.011432 0.011054 0.0033111 0.016885 0.032654 0.0071387 -0.0059196 0.023957 0.036732 0.028336 0.050236 0.064368 0.063706 -0.021051 0.082898 0.097667 0.093137 0.04194 0.032895 0.23728 0.17492 -0.0052033 0.012944 0.094365 0.072876 0.07846 0.0017316 0.13942 0.12052 -0.012465 0.061164 0.24638 0.26122 -0.0014843 0.026711 0.27147 0.25353 0.052322 0.17531 0.18071 0.24279 0.0018246 0.047099 0.1145 0.094988 0.043814 0.10574 0.1708 0.25669 0.075143 0.087654 0.28898 0.25996 -0.010474 -0.073868 0.20832 0.26823
183.74 157.91 2.646 3.2886 3.7747e-17 -1.224e-16 3.4692e-16 3.9739e-16 -3.6728e-17 5.3704e-17 9.6153e-17 5.3704e-17 0 -0 0 0 0 -0 0 0 0.022961 0.070016 0.034331 0.079719 -0.0085245 0.10983 0.061544 0.20203 -0.037618 0.057924 0.04822 0.099538 -0.002339 0.0031661 0.0024157 0.0037252 -0.042444 -0.029745 0.12524 0.1712 0.0067402 -0.036097 0.1336 0.27033 0.033803 0.19317 0.23984 0.40415 -0.023558 0.16149 0.27171 0.28992 -0.021962 -0.021138 0.051565 0.045285 0.050682 -0.019397 0.093747 0.11177 0.084746 -0.072948 0.2298 0.23892 0.036156 0.070551 0.33304 0.24499
112.41 161.76 2.9276 5.1579 -0.014379 -0.058657 0.036443 0.089536 -0.013971 -0.054016 0.028895 0.061363 -0.010078 -0.027157 0.023635 0.039244 -2.9757e-05 0.0016088 0.01692 0.017216 -0.048969 0.065216 0.10953 0.099288 0.031036 0.10801 0.11593 0.16747 -0.073649 0.072689 0.10652 0.11346 0.0022526 -0.0051305 0.01193 0.011296 -0.094761 0.021874 0.22321 0.13952 0.10466 0.038578 0.33686 0.22437 -0.11596 0.077777 0.21203 0.21967 -0.018582 0.064346 0.14919 0.1335 -0.060858 0.051484 0.19229 0.33731 -0.077247 0.057006 0.26101 0.28115 -0.028586 0.018013 0.22926 0.2372 -0.032314 -0.012613 0.11192 0.091958
62.116 164.84 3.0652 2.614 -0.01817 0.059819 0.029143 0.071945 0.081916 -0.033822 0.11363 0.15187 0.05016 -0.16528 0.24224 0.35298 -0.035565 -0.10896 0.3133 0.26255 -0.013805 -0.013987 0.14569 0.37219 -0.10294 0.0051319 0.16419 0.41805 -0.029809 -0.085669 0.16665 0.30518 -0.025966 -0.045571 0.061245 0.06992 0.015199 -0.089323 0.037157 0.094471 -0.030314 -0.086833 0.043407 0.09488 -0.011386 -0.029225 0.012888 0.029658 -0.00043441 -0.00072074 0.00043441 0.00072074 -3.831e-19 -6.5745e-19 6.6752e-19 1.1456e-18 -0 0 0 0 -0 0 0 0 -0 0 0 0
180.03 172.96 2.848 3.4097 0 -0 0 0 1.0944e-15 3.0069e-16 1.0944e-15 3.0069e-16 0 -0 0 0 0 -0 0 0 0.025336 0.049489 0.025546 0.049489 0.040159 0.21635 0.10145 0.25557 -0.044218 0.10836 0.099268 0.26244 -0.03368 0.050509 0.039523 0.070813 0.10096 0.042524 0.15042 0.1473 -0.10461 -0.13648 0.22967 0.36308 0.033839 -0.038591 0.17072 0.35598 0.023763 0.16247 0.2039 0.30973 -0.0035578 -0.034984 0.087685 0.072625 -0.0094375 -0.024368 0.082395 0.08951 0.096527 -0.030675 0.1351 0.16088 0.064294 -0.027633 0.21073 0.20066
76.766 177.83 3.1546 2.3003 0.0091433 -0.013981 0.022471 0.035607 0.0040458 -0.037012 0.054815 0.071704 0.09457 -0.11342 0.16051 0.19611 0.013188 -0.084033 0.21297 0.17571 0.035205 0.072699 0.098075 0.16651 0.01844 0.30219 0.094643 0.3759 -0.062827 0.13215 0.15807 0.373 -0.049247 -0.040591 0.13091 0.15021 0.060382 -0.084103 0.065842 0.13236 0.012002 -0.19418 0.085622 0.35052 -0.09798 -0.14509 0.12804 0.23287 -0.019109 -0.022492 0.019278 0.026227 -1.6846e-05 -0.00030115 1.6846e-05 0.00030115 -0.00066891 -0.0021915 0.000925 0.0021915 0.00041805 -0.0016263 0.001416 0.0016908 -2.7335e-05 -4.7653e-05 2.7335e-05 5.9889e-05
79.455 196.55 2.8579 5.2372 0 0 0 0 1.3334e-17 7.7208e-18 1.3334e-17 7.7208e-18 -1.3279e-17 -7.6886e-18 4.688e-17 2.7145e-17 -7.5845e-19 -4.3916e-19 1.3215e-18 7.6521e-19 7.1571e-18 4.1441e-18 7.1571e-18 4.1441e-18 0.00048167 0.0018067 0.00048167 0.0018067 0.00043045 0.0016146 0.00043045 0.0016146 0 0 0 0 0.10431 0.12586 0.11825 0.15502 0.067563 0.29607 0.18169 0.57703 -0.12586 0.15217 0.16143 0.43998 -0.060541 0.056515 0.071759 0.11525 0.015182 -0.049829 0.11564 0.16527 -0.037196 -0.17163 0.089137 0.25494 -0.022605 -0.11531 0.061298 0.14628 -0.017689 -0.034312 0.037903 0.063664
109.24 118.99 3.6576 1.7752 -0 0 0 0 -0 0 0 0 -0 0 0 0 -0 0 0 0 -0.023686 0.13742 0.07953 0.18161 -0.031507 0.12439 0.069547 0.14084 0.022108 0.19665 0.029059 0.19665 -0.015871 0.065977 0.027748 0.065977 -0.010232 -0.042935 0.15523 0.27535 0.024671 -0.021805 0.2549 0.40771 0.042883 0.02801 0.21586 0.50334 -0.1026 0.027716 0.21094 0.14665 0.013565 -0.022142 0.070276 0.059349 -0.02644 -0.042018 0.13414 0.1029 0.02816 -0.067001 0.14802 0.10785 -0.033162 -0.031393 0.1201 0.046622
144.65 119.97 3.6514 1.4447 0 0 0 0 0 0 0 0 0 0 0 0 0 0 0 0 0.011564 0.036513 0.011564 0.036513 -0.0046614 0.12028 0.036634 0.12028 0.030516 0.13701 0.086576 0.16352 0.029563 0.10916 0.07133 0.14098 0.081124 0.027207 0.12921 0.13951 0.021021 -0.0091452 0.24037 0.56667 -0.04927 -0.025921 0.29783 0.45803 -0.0039188 -0.025037 0.15811 0.2353 0.030519 -0.019453 0.076491 0.047218 -0.021773 -0.064807 0.10213 0.087035 0.0025412 -0.043769 0.11424 0.11314 -0.0018148 -0.024092 0.072002 0.062992
139.33 132.02 3.3741 5.0174 0.0046853 1.9485e-05 0.066091 0.063928 -0.017145 0.021273 0.089762 0.10436 -0.015136 -0.0037582 0.10061 0.075883 -0.0024487 0.0092163 0.033573 0.026415 -0.038454 0.025114 0.14986 0.18558 0.012508 0.11494 0.21641 0.25953 -0.073783 0.17736 0.17109 0.22788 0.027501 0.052243 0.093563 0.10061 0.025734 -0.067916 0.077295 0.10945 0.031564 -0.14037 0.15193 0.33006 0.076851 -0.11983 0.34554 0.46403 -0.038833 0.013917 0.15791 0.22183 0.00066179 -0.0012473 0.00066179 0.0012473 0.00078427 -0.0113 0.0033686 0.0113 0.025727 -0.049269 0.041456 0.056625 -0.00037902 -0.0512 0.038773 0.087065
124.76 135.67 3.0398 4.0662 -0.0024449 0.034872 0.03367 0.038751 0.023576 0.017749 0.091988 0.098332 -0.0083597 0.036455 0.076481 0.086821 0.04042 0.070949 0.07741 0.11777 0.01201 0.011257 0.096814 0.12073 0.01046 0.0079454 0.18666 0.21209 0.12446 0.07636 0.3097 0.22001 -0.01755 -0.082279 0.17525 0.34663 0.051264 0.038285 0.12099 0.11222 0.02434 0.072341 0.19681 0.30928 -0.030917 -0.10515 0.3231 0.30594 -0.046146 -0.055535 0.069535 0.059355 0.036737 0.043525 0.11771 0.10003 -0.11401 -0.045984 0.20601 0.15695 -0.01964 -0.034408 0.023714 0.038418 -0.001176 -0.0016821 0.0014152 0.0017164
99.919 140.29 3.9381 4.7911 0.011295 -0.009067 0.055347 0.034803 -0.018459 -0.013423 0.044978 0.048941 -0.0026494 0.031066 0.047019 0.053304 -0.0025618 0.018254 0.026469 0.025222 0.048839 0.032353 0.15656 0.05418 -0.048043 0.098353 0.20028 0.14 0.017891 0.036702 0.19617 0.15598 -0.013611 0.022208 0.099782 0.1029 0.10653 -0.02298 0.21404 0.12915 -0.022163 -0.016055 0.28413 0.47089 -0.069094 -0.035562 0.24203 0.43675 0.026419 -0.0046263 0.18669 0.28362 0.019295 -0.030135 0.026702 0.041183 -0.009667 -0.088846 0.044602 0.12669 -0.0083601 -0.059488 0.030101 0.072662 0.0015539 -0.042851 0.028084 0.059118
84.733 143.28 3.4806 3.4197 0.010485 -0.0028254 0.022372 0.01183 0.025963 -0.051533 0.078671 0.10725 0.091982 -0.013079 0.16075 0.13018 -0.042972 0.0050112 0.17399 0.11377 -0.0076846 0.014342 0.04882 0.032385 0.080902 0.080496 0.14715 0.19539 0.11601 0.11494 0.22564 0.21921 -0.10814 0.008417 0.40317 0.11719 -0.018469 0.0052089 0.058846 0.07697 0.088119 -0.032961 0.13193 0.2465 0.093037 -0.071962 0.17791 0.42078 -0.13017 -0.079603 0.27598 0.17147 0.0046425 -0.012887 0.0091503 0.02019 0.015424 -0.025788 0.022938 0.081769 0.011742 -0.072827 0.031371 0.15188 -0.018352 -0.037883 0.02959 0.048776
125.43 160.38 3.2708 3.6893 0.0040956 -0.004944 0.024388 0.022933 0.0090762 0.00017795 0.027263 0.024436 0.0047935 0.057477 0.092123 0.12244 0.043718 -0.012803 0.067474 0.072526 -0.0076614 -0.0015511 0.012056 0.0095581 0.042469 0.032356 0.059196 0.052921 0.043836 0.03413 0.25187 0.26601 0.078594 0.082312 0.18397 0.17544 0.026005 0.0039248 0.040453 0.017273 0.064198 0.089692 0.21197 0.24008 0.028895 0.062238 0.30016 0.27795 0.16627 0.020758 0.33016 0.27183 0.0071051 0.0078922 0.02991 0.025283 0.033174 -0.032478 0.089515 0.15299 0.11531 0.019786 0.22524 0.2157 -0.027168 -0.010041 0.20521 0.21187
172.71 163.01 3.3257 0.42157 -0.075744 -0.063026 0.27969 0.24047 -0.11827 0.042448 0.17693 0.19391 -0.020146 -0.04817 0.11979 0.16433 -0.009714 -0.0013474 0.030471 0.034493 0.024506 -0.14195 0.31927 0.27894 -0.12221 -0.11412 0.24371 0.35038 -0.021111 0.030601 0.10382 0.15183 0.046842 0.077602 0.096766 0.10789 0.025768 -0.03614 0.057616 0.070228 0.030582 -0.048919 0.11114 0.26991 0.043319 -0.010108 0.12114 0.29162 -0.049784 -0.055183 0.10309 0.15836 0.0011008 -0.001361 0.0011008 0.001361 0.0071714 -0.023442 0.010687 0.02575 -0.0016796 -0.043992 0.015519 0.049113 -0.0053593 -0.015657 0.0061495 0.015807
59.397 171.42 3.2216 0.12743 0 0 0 0 0 0 0 0 0 0 0 0 0 0 0 0 -0.009339 0.096172 0.015563 0.098889 -0.01355 0.050341 0.01355 0.051013 -0.00011179 0.0005894 0.00011179 0.0005894 0 0 0 0 -0.065396 0.058694 0.12649 0.37211 0.075443 0.079398 0.21765 0.38437 -0.13283 0.23409 0.24182 0.28478 -0.015944 0.010729 0.015944 0.011468 -0.13255 -0.0082202 0.17841 0.24274 0.078613 -0.076756 0.16177 0.14637 -0.0084126 -0.017831 0.36895 0.26768 -0.078715 0.029548 0.088471 0.044115
75.241 177.2 3.7657 2.3082 0.030329 -0.012933 0.040215 0.036311 0.019136 -0.082887 0.13809 0.13353 0.086408 -0.12999 0.28171 0.28349 -0.067086 -0.10529 0.31592 0.17868 0.047976 0.035956 0.081734 0.1457 0.020804 0.18364 0.098689 0.39744 -0.03973 0.017351 0.2007 0.36156 -0.044222 -0.048911 0.1199 0.095436 0.035455 -0.039814 0.038992 0.06609 0.008766 -0.17362 0.068272 0.32846 -0.05794 -0.077227 0.073636 0.14152 -0.0042748 -0.0046659 0.0048429 0.0054431 -1.0472e-17 -9.5117e-18 2.6222e-17 2.3818e-17 5.1518e-06 -5.7696e-05 5.1518e-06 5.7696e-05 6.5708e-06 -0.0001258 9.8327e-06 0.0001258 -0 0 0 0
169.05 183.81 3.6017 0.95249 0.047854 -0.11767 0.25597 0.20856 -0.096696 -0.088381 0.25263 0.22665 -0.039182 -0.077226 0.18501 0.16241 -0.011278 -0.0065654 0.026912 0.031719 0.077088 -0.059236 0.16653 0.18233 -0.00014391 0.068796 0.2175 0.48189 -0.047822 0.10729 0.17697 0.31215 -0.041065 0.0037627 0.067804 0.07191 0.020193 -0.02044 0.022168 0.026464 0.047837 -0.14592 0.097962 0.26862 -0.05891 -0.10976 0.090364 0.17816 -0.01574 -0.01367 0.016101 0.017712 2.2234e-17 3.1256e-17 2.2234e-17 3.1256e-17 1.0602e-17 1.4904e-17 1.0602e-17 1.4904e-17 0 0 0 0 0 0 0 0
106.19 192.74 3.5584 4.4454 -1.1858e-17 3.2433e-18 2.4189e-17 6.6157e-18 0 -0 0 0 0 -0 0 0 0.0016611 0.0061769 0.0027635 0.0062534 0.015785 0.021073 0.015785 0.021073 0.020939 0.13951 0.093961 0.17994 -0.024853 0.02508 0.063068 0.067672 0.032868 -0.0074525 0.065227 0.081799 0.14077 0.11194 0.27582 0.20249 -0.17597 -0.021888 0.39234 0.37699 -0.02923 0.034138 0.070421 0.11719 0.03029 0.038163 0.092501 0.10062 0.031193 -0.054621 0.2462 0.098685 -0.086393 0.017859 0.17646 0.13589 0.073757 0.078842 0.29066 0.27205 0.015321 0.07776 0.20289 0.21804
112.04 156.94 4.9325 4.4313 0.0082756 0.022 0.027352 0.032713 -0.014153 0.0067502 0.026422 0.035731 0.0058972 -0.0048543 0.016219 0.023935 0.0099257 -0.0092511 0.027783 0.059233 -0.012514 -0.013795 0.13316 0.082748 0.005296 0.023995 0.096684 0.081006 0.011039 0.076926 0.12472 0.12208 0.024855 0.036125 0.10109 0.081242 0.049189 0.021371 0.15368 0.072464 0.03899 0.14225 0.2783 0.24561 0.041767 0.06974 0.26729 0.40361 0.022731 -0.017489 0.19492 0.39703 0.063005 -0.025243 0.099353 0.078304 -0.02497 -0.095123 0.23778 0.3198 -0.0478 -0.0949 0.11114 0.21003 -0.0064845 -0.046985 0.031629 0.06774
87.346 127.39 7.2982 1.8102 6.5404e-05 0.0035456 0.00086211 0.0035456 -0 0 0 0 -0 0 0 0 -0 0 0 0 -0.036066 0.075039 0.20535 0.40618 0.036544 0.15626 0.19432 0.50805 -0.080189 0.071068 0.11908 0.15428 -0 0 0 0 0.025621 -0.088837 0.14402 0.17403 0.033107 -0.14674 0.30914 0.35304 -0.10941 -0.048561 0.19715 0.14453 -0.0020399 0.00031516 0.0020399 0.00082534 0.0059784 -0.008127 0.016259 0.030592 0.015394 -0.016466 0.089913 0.14992 -0.02628 -0.012391 0.051292 0.049457 -0.0001939 -3.7689e-05 0.0001939 7.8872e-05
161.29 129.8 6.8806 1.5717 -0 0 0 0 -0 0 0 0 -0 0 0 0 -0 0 0 0 -0 0 0 0 0.093699 0.093571 0.14195 0.2195 -0.0226 0.17681 0.18898 0.47865 0.043913 0.11021 0.12003 0.3302 0.0056892 9.6286e-05 0.0056892 0.0007638 0.081919 -0.055202 0.2249 0.19899 0.008583 -0.14285 0.26689 0.39388 0.010934 -0.093704 0.19924 0.23715 0.0017763 -6.0245e-05 0.0017763 0.00022665 0.012622 -0.018618 0.082339 0.085842 -0.012835 -0.016286 0.044008 0.076464 0.017679 -0.010767 0.03965 0.058871
62.29 102.44 10.078 0.74445 0 0 0 0 0 0 0 0 0 0 0 0 0 0 0 0 0 0 0 0 0 0 0 0 0 0 0 0 0 0 0 0 0 0 0 0 0.15755 0.15029 0.35545 0.37672 -0.096481 0.088154 0.33011 0.32494 -0.0085648 0.00918 0.021685 0.014873 0.0651 0.019832 0.09348 0.082353 -0.0086145 -0.027592 0.41705 0.40474 -0.032593 -0.059226 0.24142 0.16803 -0.0099413 -0.0042974 0.040235 0.016714
55.856 154.39 10.088 5.7138 0 0 0 0 0 0 0 0 0 0 0 0 1.4778e-18 2.3088e-18 1.4778e-18 2.3088e-18 0 0 0 0 0.0059367 0.0078948 0.010109 0.014973 0.0076487 0.039396 0.073439 0.14188 -0.010037 0.0096958 0.013821 0.02033 0 0 0 0 0.14137 0.057281 0.34163 0.30354 -0.10823 0.087629 0.38461 0.43906 -0.022151 0.011417 0.054557 0.050058 0 0 0 0 0.07078 -0.063313 0.12905 0.10259 -0.026842 -0.012742 0.45016 0.33117 -0.038331 0.0095714 0.12304 0.085046
192.46 153.67 9.9477 3.4343 0 -0 0 0 0 -0 0 0 0 -0 0 0 0 -0 0 0 0.0053961 0.0062053 0.0053961 0.0062053 0.0017062 0.051549 0.037527 0.076273 -0.0041994 0.0089983 0.0063465 0.013413 0 -0 0 0 0.018635 -0.0032164 0.036186 0.023684 0.19123 0.065251 0.34322 0.30935 -0.14614 0.08614 0.43587 0.29641 -0.0043414 0.00093346 0.0043414 0.0026085 0.0044695 0.016322 0.085816 0.043966 0.10001 0.055422 0.4201 0.29944 -0.14306 -0.019831 0.30481 0.1545 -0.00051272 -1.3274e-05 0.00051272 0.00029138
102 160.94 10.247 4.7508 0 0 0 0 0.00083532 0.0064378 0.00301 0.0064378 -0.00066528 0.0038205 0.0019967 0.0038205 -6.2374e-05 0.00032927 0.00025314 0.00032927 0.0095975 0.0014314 0.0095975 0.0016057 0.012383 0.044294 0.17813 0.17984 -0.00034001 0.061159 0.089796 0.14555 -0.012407 0.018865 0.064977 0.071728 0.010327 -0.00076127 0.010327 0.0019814 0.088038 -0.027326 0.32612 0.40745 0.014534 -0.026701 0.22406 0.7014 -0.066099 -0.014122 0.13044 0.17169 2.2544e-06 -5.8678e-05 2.2544e-06 5.8678e-05 0.006523 -0.034517 0.024297 0.052103 0.0024352 -0.047864 0.01735 0.086665 -0.0063391 -0.012883 0.01001 0.021222
144.59 160.84 9.8506 4.7776 0.0013864 0.0082711 0.0032804 0.0082711 -0.0015105 0.010974 0.0044313 0.010974 -0.00012228 0.0019064 0.00096635 0.0019064 0 0 0 0 0.022527 0.030843 0.12624 0.12938 -0.017037 0.074569 0.13987 0.17229 -0.016665 0.045141 0.15167 0.15283 -0.0087571 0.0011495 0.011889 0.0058685 0.078374 -0.02675 0.20286 0.24522 0.0043032 -0.043872 0.32193 0.63865 -0.12039 -0.031264 0.26128 0.3779 -0.013301 -0.00199 0.014617 0.0041421 0.004954 -0.021078 0.013568 0.027493 0.0030366 -0.051436 0.023321 0.072141 -0.0097875 -0.027735 0.018009 0.043185 -0.00075318 -0.00024309 0.00075318 0.00024309
