51 64
112.04 120.5 1.8105 1.5467 0 0 0 0 0 0 0 0 0 0 0 0 0 0 0 0 0.0074923 0.06745 0.041216 0.069947 0.065534 0.23314 0.1131 0.33827 -0.08038 0.14612 0.099427 0.17394 -0.0065707 0.0064248 0.0071468 0.0073798 -0.0053966 -0.026011 0.13294 0.2203 0.04085 -0.13045 0.20693 0.51529 -0.058347 -0.0094965 0.31865 0.34609 -0.052586 0.033343 0.085257 0.059626 0.0015839 -0.013295 0.035624 0.075219 0.021975 -0.0061736 0.075557 0.11969 0.038653 -0.046918 0.18059 0.14472 -0.036259 -0.01708 0.093664 0.077807
115.5 126.36 2.0036 4.6329 0.0045649 0.030354 0.053146 0.046868 -0.0050975 0.01734 0.068877 0.071735 -0.0091137 0.014866 0.044818 0.082931 -0.0039231 -0.00021637 0.015208 0.024164 0.032447 0.0030625 0.24131 0.17362 -0.056807 0.11034 0.22263 0.27045 0.010126 0.10005 0.14095 0.26308 0.014041 0.096803 0.076361 0.1592 0.049089 -0.047049 0.083205 0.069737 0.063843 -0.10207 0.21357 0.50586 -0.11085 -0.082312 0.20765 0.39967 0.015308 -0.073289 0.083594 0.18251 0.0020989 -0.0030098 0.002551 0.0031461 0.0050443 -0.041965 0.015292 0.04238 -0.012152 -0.029984 0.013245 0.031692 -0.00057823 -0.0028833 0.00057823 0.0028844
124.01 126.29 1.7345 4.7479 -0.0029845 0.016273 0.058626 0.051364 -0.013611 0.019434 0.04709 0.079325 -0.0094966 0.0098586 0.034014 0.057351 0.0046336 -0.0012392 0.011627 0.011358 -0.037732 0.064365 0.16543 0.17468 0.001631 0.10988 0.14878 0.28968 -0.012391 0.13368 0.11209 0.25613 0.0028118 0.10317 0.16212 0.12344 0.06202 -0.06518 0.14529 0.30558 -0.10671 -0.096231 0.2014 0.47426 0.051588 -0.10607 0.14739 0.32603 -0.05396 -0.092668 0.15145 0.24593 0.0047418 -0.027667 0.0091357 0.027965 -0.0084012 -0.028256 0.010135 0.029701 0.00088227 -0.014281 0.0029732 0.014281 -0.0014887 -0.010498 0.0034286 0.010515
135.43 128.04 2.0434 5.0546 -0.018337 -0.0084855 0.061577 0.086893 -0.010458 0.0074008 0.048697 0.07332 -0.003576 -0.0008846 0.024172 0.030652 0.021116 0.0063834 0.033569 0.058613 -0.056754 0.10189 0.16191 0.34403 -0.053007 0.12797 0.15029 0.26301 -0.0091316 0.11744 0.13314 0.14521 -0.0071712 -0.02145 0.089536 0.097754 -0.012473 -0.10903 0.10411 0.20841 0.10107 -0.057624 0.21631 0.49676 -0.11522 -0.056158 0.26835 0.40062 -0.026453 -0.014235 0.055647 0.04078 0.00046485 -0.00083755 0.00079828 0.00090091 0.010205 -0.037415 0.011854 0.037647 -0.007407 -0.033911 0.016817 0.035743 -0.0010752 -0.0017784 0.0022797 0.0023862
105.73 137.04 1.9213 3.6916 0.0055427 -0.00071957 0.013833 0.011201 0.0062018 0.021112 0.048141 0.044276 0.0029266 0.019924 0.076206 0.074661 0.02141 0.027697 0.09636 0.071554 -0.0018616 0.0056894 0.027773 0.042508 0.041844 -0.011962 0.083677 0.096807 -0.0078528 0.023474 0.19332 0.19493 0.086464 0.11719 0.36812 0.20608 -0.0086826 0.0040971 0.024566 0.036529 0.12911 0.012849 0.17474 0.30452 0.026823 0.0070396 0.22418 0.53052 -0.027217 -0.095855 0.25668 0.29894 -0.0056823 0.029719 0.041712 0.045756 -0.023405 0.018965 0.077221 0.077735 0.0082442 -0.063117 0.035972 0.077833 -0.0097181 -0.03231 0.015906 0.03424
110.48 139.36 2.0373 3.5891 0.0058541 -0.0014153 0.029566 0.015449 -0.0030823 0.002158 0.046573 0.02605 0.011216 -0.0041761 0.083947 0.050138 0.044456 0.016915 0.093705 0.061121 0.0037527 0.0031848 0.027757 0.028025 0.040617 0.030376 0.11117 0.11227 -0.0030597 0.038056 0.21871 0.16159 0.084856 0.060494 0.32392 0.14038 -0.002848 -0.00079743 0.031757 0.043795 0.10478 0.03699 0.15018 0.24305 0.038998 0.11376 0.23409 0.46501 0.016217 -0.0081916 0.39632 0.3021 -0.011157 0.022089 0.022451 0.032986 0.049392 -0.036563 0.096175 0.13417 0.01574 -0.089049 0.087331 0.20068 -0.020251 -0.05865 0.046324 0.071612
163.94 141.42 2.0066 5.089 0.020089 0.023913 0.039702 0.061661 -0.023523 0.025119 0.068777 0.06902 0.031315 0.008225 0.052597 0.028274 0.018796 -0.052421 0.096621 0.064689 0.035704 0.0082718 0.11498 0.13153 -0.051747 0.074188 0.25067 0.21528 0.044087 0.12538 0.13456 0.19976 -0.040208 0.03151 0.094111 0.062572 0.0077676 -0.01578 0.082603 0.055504 0.15494 0.048136 0.41834 0.32273 -0.049356 0.16688 0.15654 0.4146 -0.092254 0.022747 0.1198 0.11539 0.0012048 -0.0026596 0.005841 0.0041436 0.080916 -0.11425 0.1171 0.13032 0.0028335 -0.16407 0.073165 0.22583 -0.036589 -0.039883 0.041088 0.06419
182.08 143.43 2.0542 3.5152 -0.0032433 0.0038002 0.0036595 0.0094991 0.0027061 0.011922 0.010395 0.023555 -0.0026361 0.011405 0.0090427 0.014858 0 -0 0 0 -0.043643 0.03286 0.066848 0.11065 0.032808 0.070078 0.07449 0.14981 -0.0070576 0.066962 0.13766 0.13901 -0.0082031 0.0070954 0.0091725 0.0070954 0.0087888 -0.020051 0.081476 0.1262 0.099603 0.0788 0.2537 0.23835 -0.079838 0.21802 0.44056 0.24755 -0.080941 0.033235 0.094673 0.037839 0.025153 0.0078918 0.045717 0.062339 0.19519 0.04846 0.29379 0.15972 -0.070549 -0.015826 0.43591 0.21888 -0.068981 -0.012476 0.079774 0.028665
106.05 148.34 2.1016 3.5834 -0.0046665 0.0020111 0.010872 0.0071984 0.01397 -0.0046057 0.080753 0.040906 -0.0021254 -0.00451 0.071313 0.039357 0.007359 -0.0010784 0.089415 0.051294 -0.015216 0.0067944 0.033918 0.0275 0.0031056 0.015847 0.063509 0.068758 0.071115 0.029678 0.17412 0.1657 -0.014269 0.046034 0.22947 0.16963 0.012464 0.0074967 0.069122 0.067055 -0.0024702 -0.0020032 0.082777 0.11856 0.19587 0.080773 0.27123 0.41427 0.039397 0.12509 0.23652 0.50107 0.00012711 0.02279 0.061558 0.070421 -0.023421 0.052946 0.049869 0.084255 0.084373 -0.050892 0.15835 0.21796 0.017562 -0.089037 0.09163 0.22264
149.47 147.56 1.8451 5.6125 0.00072401 0.0069313 0.038397 0.036502 -0.021829 0.0034809 0.046886 0.022361 0 0 0 0 0.0021402 -0.00054761 0.0021402 0.0005495 0.0051044 -0.0013472 0.035919 0.042472 0.038218 0.053247 0.09392 0.16428 -0.051153 0.062848 0.1022 0.15707 0.0005338 0.0032035 0.014133 0.0149 -0.096303 0.011831 0.16212 0.24404 0.076505 0.020084 0.26802 0.4017 -0.091048 0.014237 0.21454 0.31426 0.03372 0.032569 0.061161 0.06508 -0.013709 -0.029764 0.033529 0.048878 0.094008 0.13435 0.3763 0.26618 -0.098759 0.12465 0.20496 0.29294 -0.0057818 0.047838 0.059962 0.086549
155.94 149.64 2.1128 3.6 -0.090315 -0.15981 0.12044 0.19732 -0.055651 -0.093184 0.08344 0.17562 0.039718 -0.022948 0.092506 0.10983 0.046701 0.066476 0.12109 0.10423 -0.0070226 -0.022811 0.016783 0.027479 0.025961 0.010028 0.056389 0.073559 0.035293 0.11189 0.18591 0.23079 0.14571 0.059473 0.31462 0.18531 0.0024968 -0.001692 0.0025133 0.0028798 0.04443 0.010572 0.23183 0.15387 -0.0080936 -0.021561 0.35657 0.32914 0.022468 -0.16111 0.18266 0.33484 0.0016957 0.004301 0.01863 0.019641 0.01699 -0.023789 0.065377 0.047097 0.016793 -0.0059183 0.12408 0.098629 -0.015607 0.050698 0.065305 0.098291
78.23 152.33 1.8882 5.7117 0.013969 0.017833 0.018964 0.026376 0.024525 0.020345 0.070105 0.10887 0.011835 0.0036429 0.07585 0.16799 0.0015572 -0.00040653 0.037787 0.10682 -0.035828 0.034047 0.15656 0.105 -0.0071388 0.0033093 0.13843 0.16692 0.01033 0.019815 0.11078 0.31633 0.0086206 -0.054997 0.069507 0.18751 -0.053058 0.19429 0.29074 0.23002 -0.067089 0.10534 0.22873 0.28493 -0.074123 -0.011526 0.17611 0.27334 -0.010335 -0.0095686 0.063908 0.10786 -0.040608 -0.11564 0.19778 0.27643 -0.10908 -0.11074 0.14208 0.20341 0.001658 -0.021966 0.09018 0.092998 -0.013473 -0.0034685 0.047885 0.047843
88.363 151.61 2.124 3.164 -0.0155 0.0085671 0.056746 0.047522 0.013937 0.028568 0.059742 0.054246 0.0058882 -0.0091233 0.088103 0.10384 0.094181 -0.0025294 0.29848 0.39459 -0.0033704 -0.00015009 0.087243 0.092192 0.0074555 0.045556 0.13145 0.18392 -0.0072404 0.076034 0.082736 0.16435 0.013046 -0.035585 0.19217 0.23367 -0.011454 0.032517 0.1271 0.12223 0.038383 -0.0031211 0.13835 0.23158 0.068324 -0.0026557 0.15981 0.27069 0.11679 0.10688 0.2641 0.28021 -0.003419 0.0072595 0.063581 0.1137 -0.017715 0.011018 0.05881 0.16855 0.029605 -0.02386 0.065141 0.1338 0.074218 -0.05932 0.1753 0.12766
85.458 157.91 1.9531 2.9032 -0.0070596 0.0028116 0.071679 0.07444 0.0061587 0.018408 0.083324 0.080342 -0.017988 -0.0025438 0.10852 0.11649 0.04881 -0.076732 0.17344 0.18596 0.0011435 -0.00041084 0.10202 0.12574 0.033044 0.022674 0.14748 0.21041 0.080976 0.11542 0.18887 0.32399 0.079834 0.12328 0.13423 0.23068 0.018864 0.0050626 0.16239 0.18942 0.00055928 0.041729 0.15335 0.33337 0.031427 -0.050576 0.15777 0.31703 0.042553 -0.09227 0.1301 0.18688 -0.005389 -0.0097383 0.057053 0.099074 -0.0092173 0.033328 0.07988 0.2345 -0.013251 0.010068 0.068627 0.2167 0.016874 -0.0052772 0.053103 0.093418
175.45 158.04 1.8423 1.1807 0.047242 -0.039266 0.070852 0.065179 -0.054887 -0.082276 0.17502 0.12896 -0.04616 -0.057412 0.14318 0.091784 0.0059835 -0.026639 0.08512 0.048864 0.0037267 -0.024365 0.061106 0.03719 0.035603 -0.069762 0.11764 0.089072 -0.029871 0.024895 0.12765 0.072734 -0.0089941 0.005376 0.028949 0.018085 9.2139e-05 -0.00070316 0.0048339 0.0025576 0.10272 0.033475 0.15635 0.13315 0.11239 0.25437 0.29026 0.34633 -0.055886 0.20263 0.0987 0.209 0.0032928 0.00028521 0.0047901 0.0041602 0.059714 -0.02571 0.084985 0.061319 0.13156 -0.11709 0.22972 0.38004 0.010319 -0.068951 0.1056 0.36699
64.658 165.6 2.2465 2.8622 -0.0013903 0.031843 0.11763 0.1441 -0.012265 0.051901 0.16061 0.32164 -0.00444 -0.028735 0.12299 0.30085 0.014765 -0.078586 0.10279 0.15371 -0.013819 -0.060408 0.10598 0.19993 0.0050725 0.040725 0.15921 0.427 -0.048566 0.017313 0.14889 0.47038 -0.0032723 -0.026703 0.086261 0.21087 0.014241 -0.050735 0.020733 0.053007 0.035543 -0.13045 0.062601 0.18964 -0.051056 -0.10152 0.083916 0.18163 -0.0083173 -0.042327 0.017084 0.053162 -0 0 0 0 -4.4862e-05 -0.00015637 4.4862e-05 0.00015637 -0.00015217 -0.00053041 0.00015217 0.00053041 -7.3632e-06 -2.5665e-05 7.3632e-06 2.5665e-05
69.702 166.84 1.9592 2.7692 0.025093 0.0024766 0.086891 0.098679 0.0043908 0.036258 0.10984 0.19779 0.038212 -0.014193 0.095454 0.23506 0.011924 -0.081714 0.095487 0.15379 -0.01101 0.036339 0.09886 0.16854 0.013371 -0.01841 0.17804 0.46392 -0.023252 0.027109 0.13479 0.49447 -0.0045107 0.019598 0.089518 0.17674 0.016435 -0.099497 0.04355 0.12221 0.037642 -0.096625 0.090744 0.25433 -0.058965 -0.10417 0.12406 0.26943 -0.026895 -0.053844 0.048514 0.11145 0.00072829 -0.0025428 0.00072829 0.0025428 0.0049259 -0.019649 0.0049259 0.020133 -0.0059038 -0.020679 0.0093245 0.022444 -0.00081107 -0.0010051 0.00081107 0.001135
100.07 169.18 2.0054 2.6004 -8.4515e-05 0.011159 0.0063155 0.014207 0.00075097 0.0037781 0.015715 0.032396 0.014903 -0.00018226 0.074134 0.082004 0.0070815 -0.0041904 0.12554 0.13144 0.030022 -0.016789 0.04493 0.07264 0.017805 0.081762 0.20634 0.28328 -0.037213 0.053128 0.1758 0.21858 -0.014499 -0.016759 0.1734 0.18014 -0.0052295 0.0023578 0.035199 0.034142 0.062784 -0.03562 0.16268 0.26961 -0.063671 0.013448 0.18672 0.37985 0.05627 0.0066502 0.14547 0.27146 0.010311 0.056859 0.057512 0.083476 0.0078169 0.099804 0.077471 0.17531 0.020371 -0.0036914 0.16223 0.3593 0.0066836 -0.016812 0.069979 0.24266
88.416 171.66 2.1899 2.2418 0.017321 0.018652 0.047696 0.070445 -0.00647 0.033152 0.10939 0.11415 0.045162 0.0053443 0.14686 0.1628 0.047356 -0.016326 0.1287 0.14892 0.029307 -0.030177 0.043795 0.071395 -0.00036727 -0.01496 0.15805 0.2556 0.036071 0.065636 0.17101 0.3122 0.00203 0.021298 0.16047 0.25438 0.012706 0.036383 0.034811 0.062886 0.064637 0.046751 0.090986 0.27424 0.025788 0.044005 0.10207 0.49682 0.01036 0.031123 0.14121 0.29089 0.046818 -0.0051662 0.058363 0.069166 0.0119 -0.034368 0.060993 0.17937 -0.030494 -0.057349 0.056583 0.15513 -0.0059651 -0.043537 0.041304 0.085393
169.65 172.04 2.2212 1.0208 -0.0016696 -0.014166 0.029635 0.021637 -0.013127 0.018023 0.036933 0.02929 -0.0071032 0.0097391 0.010636 0.013647 -0.00023837 0.00019405 0.00036071 0.00056238 0.037446 0.0063341 0.054772 0.054167 0.067718 0.14343 0.15001 0.21246 -0.0096933 0.23191 0.10152 0.23764 0.00049366 0.14928 0.087917 0.26457 0.032693 -0.017873 0.041605 0.041136 0.1263 -0.14707 0.1741 0.31054 0.0066368 -0.16553 0.14637 0.48793 -0.012759 -0.077014 0.14588 0.41114 0.0008004 -0.00276 0.0036462 0.0057942 0.013308 -0.029883 0.017365 0.042811 0.0079909 -0.065141 0.018076 0.099016 -0.0049867 -0.036788 0.013453 0.051965
110.02 173.4 1.8516 2.3119 -0.0067309 0.0038165 0.0074307 0.012973 0.0088465 -0.0076921 0.075917 0.080025 -0.016121 0.0023013 0.16375 0.18021 0.03502 -0.016125 0.14184 0.1559 -0.0095329 -0.018613 0.038534 0.04506 0.050222 0.086768 0.085652 0.15077 0.010043 0.19768 0.12191 0.2454 0.082773 0.051649 0.1589 0.20067 0.00043872 -0.00063771 0.00043872 0.00063771 0.056868 -0.026698 0.094481 0.16314 0.10014 -0.04272 0.33919 0.46583 -0.068601 -0.022705 0.22669 0.30796 0.0010886 0.00022667 0.001829 0.0042495 -0.012947 0.026172 0.051475 0.054438 0.026285 -0.016669 0.079849 0.11589 0.051509 -0.0268 0.11947 0.26234
68.008 179.55 2.266 5.7093 0 0 0 0 0 0 0 0 0 0 0 0 0 0 0 0 0.012252 0.067323 0.022011 0.067323 -0.0055917 0.11137 0.019209 0.11137 -0.0070033 0.09626 0.028477 0.09626 -0.0039289 0.012606 0.0046464 0.012606 0.028343 0.015559 0.147 0.27088 -0.00041026 -0.0033483 0.16017 0.43534 0.020919 0.044596 0.11673 0.34834 -0.064385 0.090987 0.10597 0.20206 0.019251 -0.005287 0.10547 0.27932 0.0014008 -0.0050463 0.1227 0.45324 -0.064689 -0.012394 0.15748 0.26773 -0.0032413 -0.076134 0.053781 0.11261
83.909 179.75 2.0934 2.3505 0.0092799 -0.013013 0.021026 0.030813 0.019973 -0.037385 0.11487 0.1778 0.0073264 0.025482 0.12737 0.17465 0.010024 -0.015397 0.097078 0.1722 0.0065423 0.023078 0.035688 0.059378 0.057829 0.079091 0.086912 0.24467 0.042445 0.052587 0.15975 0.477 -0.00851 0.0012074 0.11999 0.37749 0.082678 -0.013873 0.096652 0.11336 0.053506 0.0093151 0.12863 0.33796 -0.038125 -0.02988 0.11284 0.32501 0.00031317 -0.074984 0.083654 0.21195 0.010634 -0.014553 0.01141 0.015727 0.013179 -0.082547 0.024847 0.085764 -0.011949 -0.065185 0.019476 0.068137 -0.0035669 -0.027922 0.007266 0.028626
153.16 179.97 1.9862 1.1586 -0.0069432 0.008576 0.010622 0.010321 -0.0010435 0.00017661 0.0017687 0.0016279 0 0 0 0 0.00020879 0.00081437 0.00070032 0.00090891 -0.021614 0.11713 0.067939 0.12925 0.00087934 0.23113 0.058861 0.24955 -0.048388 0.12846 0.072544 0.2011 -0.010467 0.050504 0.023002 0.058916 0.015874 -0.074867 0.074472 0.25992 -0.0033141 -0.090501 0.1414 0.60432 -0.058694 -0.034865 0.1531 0.46181 -0.046574 -0.015521 0.067143 0.11608 0.010409 -0.030297 0.012435 0.054983 0.0026059 -0.066537 0.017902 0.12398 -0.0074606 -0.06369 0.018621 0.098484 -0.010615 -0.018979 0.011638 0.023472
125.03 117.43 2.7705 1.7522 -0 0 0 0 -0 0 0 0 -0 0 0 0 -0 0 0 0 0.017749 0.045875 0.021352 0.046235 -0.012644 0.11341 0.04447 0.11375 -0.0027519 0.11347 0.032454 0.11347 -0.0075308 0.015272 0.0081019 0.015272 0.042426 -0.026883 0.1342 0.15828 0.013316 -0.083532 0.22076 0.44738 0.060377 -0.035419 0.32562 0.62972 -0.079244 0.035738 0.16868 0.12069 -0.012912 -0.0077373 0.040198 0.047458 0.0074324 -0.020315 0.039405 0.053977 0.052845 -0.048042 0.1523 0.13206 -0.020067 -0.026111 0.13051 0.084224
138.73 123.21 2.5086 1.6877 -0 0 0 0 -0 0 0 0 -0 0 0 0 -0 0 0 0 -0.016156 0.044999 0.020179 0.045262 0.074498 0.098829 0.10667 0.1665 -0.015712 0.18048 0.14232 0.31432 0.0010228 0.14694 0.10702 0.27236 -0.1031 0.022235 0.21125 0.20532 0.029872 -0.052625 0.21985 0.23809 -0.0011356 -0.11494 0.20334 0.41265 0.060151 -0.072728 0.22668 0.38981 -0.0065741 -0.037437 0.097321 0.078503 -0.026884 -0.01486 0.064724 0.075064 0.0015339 -0.0077679 0.024853 0.041456 0.015706 -0.017148 0.067451 0.052331
73.731 140.1 2.577 5.4473 0 0 0 0 0.013722 0.010588 0.018798 0.019024 0.017339 0.0011387 0.087442 0.11861 -0.00038033 -0.025496 0.03189 0.090016 0.0026057 -0.00029039 0.0026057 0.00029039 0.009595 0.080525 0.19155 0.1168 -0.0058009 0.074076 0.18707 0.21118 -0.022651 -0.011091 0.068071 0.11884 0.0017797 3.4765e-05 0.0017797 0.00042752 0.12199 -0.068801 0.36251 0.39887 -0.13948 -0.043701 0.2656 0.34765 -0.016849 0.0027572 0.084004 0.091242 8.4576e-05 7.644e-05 8.4576e-05 7.644e-05 0.012797 -0.053611 0.038228 0.064131 0.084757 0.029761 0.37774 0.19107 -0.029276 0.027612 0.2289 0.13154
83.312 144.69 2.5932 3.2458 -0.0010961 0.0029879 0.039901 0.031965 0.0070123 0.0059661 0.049418 0.060823 0.070295 0.0084485 0.22501 0.33707 -0.026343 -0.059851 0.28832 0.26198 -0.0041769 0.015874 0.093826 0.080673 0.022322 0.03972 0.10103 0.18082 0.022755 0.098787 0.23953 0.35324 -0.042832 -0.018882 0.080215 0.12216 -0.0072557 0.0017433 0.093931 0.13773 0.030109 -0.016885 0.092417 0.19945 0.022919 -0.068445 0.40516 0.31783 -0.076302 -0.015989 0.11321 0.076442 0.0015462 -0.017828 0.014618 0.032949 0.0038115 -0.023371 0.021791 0.060173 -0.0067934 -0.04893 0.054592 0.069766 -0.0073558 -0.0085111 0.0089654 0.0085215
141.22 178.01 2.7171 0.98771 -0.012204 -0.00095715 0.0583 0.035039 -0.004022 0.0020165 0.011734 0.011629 -0.0034066 -0.001468 0.0099411 0.011003 0.00094983 -0.0027637 0.015041 0.010691 -0.011587 0.010997 0.03597 0.038288 0.00026987 0.031222 0.0054448 0.032182 -0.0028981 0.019625 0.015285 0.023036 -0.0012737 -0.0005857 0.0030187 0.0027499 0.021394 0.12616 0.14289 0.36166 -0.045345 0.2178 0.29004 0.66763 -0.11908 0.05069 0.18344 0.23005 -0.012408 -0.00036449 0.012443 0.008287 0.011966 -0.097285 0.057283 0.16802 -0.029809 -0.11554 0.099009 0.24919 -0.039281 -0.048576 0.046099 0.064746 -0.0014497 -0.00085591 0.0014497 0.00085591
76.463 181.55 2.7026 5.6644 0 0 0 0 0 0 0 0 0 0 0 0 0 0 0 0 0.034129 0.059085 0.051298 0.11413 0.018011 0.10316 0.062553 0.18669 -0.047042 0.1466 0.075229 0.16316 -0.015332 0.015861 0.016228 0.016237 0.0087311 -0.017918 0.16868 0.32914 -0.012448 -0.032807 0.2075 0.5801 -0.066915 -0.10325 0.16433 0.3348 -0.027706 -0.011452 0.056839 0.058076 -0.0522 0.022484 0.14047 0.22482 -0.013618 -0.02217 0.15817 0.24446 -0.026814 0.0087414 0.10152 0.15088 -0.004058 -0.00049122 0.013797 0.013835
84.264 188 2.8844 2.3842 0.00056339 -0.0014601 0.005848 0.0050673 0.025706 -0.021888 0.072417 0.1102 -0.011366 0.021254 0.15296 0.20778 0.043147 0.0057535 0.16257 0.24593 0.010579 0.00080652 0.013584 0.012976 0.080805 0.09356 0.1356 0.23388 0.030623 0.12875 0.17665 0.52764 -0.016851 0.0025334 0.20366 0.46725 0.001507 -0.00058496 0.001507 0.001911 0.069738 -0.07844 0.078508 0.1481 -0.0061431 -0.13371 0.06259 0.25012 -0.021267 -0.070214 0.048271 0.13485 -0 0 0 0 -0 0 0 0 -0 0 0 0 -0 0 0 0
75.602 194.22 2.8026 5.4439 0 0 0 0 0 0 0 0 0 0 0 0 0 0 0 0 0 0 0 0 0.0039667 0.02467 0.0054245 0.02467 0.0021867 0.0095534 0.0024141 0.0095534 0 0 0 0 0.029453 0.061073 0.12904 0.29411 0.045123 0.013692 0.12577 0.5803 -0.13116 -0.023089 0.17346 0.33411 -0.016678 0.0037649 0.022621 0.018842 0.0023165 -0.042612 0.18034 0.33416 -0.043962 -0.11729 0.17371 0.39138 -0.047521 -0.023002 0.08546 0.14151 -0.0040065 -0.0020028 0.010445 0.010003
125.54 115.12 3.5483 1.7184 -0 0 0 0 -0 0 0 0 -0 0 0 0 -0 0 0 0 0.0043629 0.014062 0.0072449 0.014118 -0.0095408 0.10796 0.037864 0.10796 -0.0081625 0.10401 0.03587 0.10401 -0.0039135 0.007447 0.0040676 0.007447 -0.035307 0.02109 0.16315 0.15295 0.014503 -0.043403 0.24914 0.48751 0.0024348 0.012682 0.38986 0.58821 -0.035096 0.041658 0.14035 0.10841 -0.01852 -0.022362 0.063771 0.054394 0.0005617 -0.020135 0.031847 0.043647 0.020242 -0.056736 0.144 0.1105 0.019162 -0.015802 0.11274 0.066027
153.36 127.07 3.1012 0.6576 0 0 0 0 0.016362 0.0042015 0.016959 0.0064224 0.059443 0.055827 0.32726 0.21815 -0.027668 -0.051114 0.15218 0.12349 0 0 0 0 0.051147 -0.0045136 0.052069 0.017413 -0.057436 -0.070472 0.40957 0.24423 -0.026906 -0.009668 0.067437 0.050848 0.016229 0.0075367 0.016235 0.0081962 0.083853 0.19871 0.2338 0.29749 -0.070768 0.081116 0.28701 0.33492 -0.040501 0.0065992 0.090934 0.059548 0.040043 -0.00020346 0.040046 0.013565 0.037497 -0.063179 0.23456 0.17079 -0.079653 -0.024073 0.13858 0.12411 -0.007408 0.01781 0.025158 0.038931
78.672 131.23 2.9027 0.83412 0 0 0 0 0 0 0 0 0 0 0 0 0 0 0 0 -0.00019931 0.00018078 0.00019931 0.00018078 0.11811 0.12121 0.20042 0.1835 -0.067248 0.095261 0.17492 0.26647 -0.024823 0.014265 0.030036 0.038989 -0.056404 0.12451 0.19834 0.39793 0.070793 -0.017563 0.34812 0.31951 -0.090305 -0.060783 0.25986 0.22181 -0.012155 0.0084943 0.094683 0.084046 -0.027581 -0.065289 0.17936 0.26541 -0.044934 -0.023742 0.13763 0.17699 -0.007472 -0.026328 0.10593 0.078225 -0.0014514 -7.8635e-05 0.095366 0.040167
90.704 163.77 3.6834 3.5104 -0.00019635 0.00093337 0.0012637 0.0011078 -0.00037209 0.0023904 0.023001 0.017038 -0.0024939 0.0059109 0.020603 0.013703 0.01456 0.013613 0.045886 0.042337 0.012166 0.025978 0.080399 0.04085 -0.0066413 0.032233 0.16678 0.10521 0.0082493 0.015261 0.11258 0.11705 0.13784 0.068388 0.30403 0.43149 0.032328 -0.018475 0.079884 0.041222 -0.011821 0.020943 0.25785 0.19905 0.08382 0.085004 0.2464 0.31153 -0.0072996 0.002292 0.26361 0.40222 0.0062501 -0.0039531 0.0069171 0.0045983 0.0074022 -0.032633 0.053036 0.093154 0.081732 -0.059649 0.13753 0.15476 -0.038438 -0.041144 0.1273 0.10777
82.599 188.07 3.356 5.3839 0 0 0 0 0 0 0 0 0 0 0 0 0 0 0 0 0.031897 0.089756 0.039189 0.091031 0.037033 0.19584 0.070147 0.24281 -0.078695 0.093048 0.10282 0.14373 -0.0042975 0.0044714 0.0060414 0.0046467 0.0089744 -0.020065 0.19883 0.38698 -0.062352 -0.099339 0.16125 0.56197 -0.069503 -0.060948 0.11567 0.18477 -0.0072931 0.0020595 0.017736 0.015239 -0.017125 0.031417 0.17925 0.24219 -0.03371 -0.02082 0.16273 0.2743 -0.030115 -0.0072378 0.1072 0.14577 -0.0064039 -0.00060062 0.010469 0.010403
143.29 190.99 3.637 4.8285 0 0 0 0 0 0 0 0 0 0 0 0 0 0 0 0 -0.00040128 7.2289e-05 0.00047244 0.00072964 0.055375 0.057541 0.057369 0.10667 -0.035914 0.14631 0.091642 0.24391 -0.010856 0.018722 0.0113 0.020697 -0.0031688 0.00052686 0.0071294 0.011035 0.09177 -0.043002 0.092383 0.1326 0.13055 -0.040541 0.34987 0.75043 -0.11776 0.075661 0.16924 0.19116 -0.0038362 0.0042109 0.0089329 0.013942 0.0070519 0.0071274 0.017523 0.01661 0.080796 -0.067803 0.1123 0.11889 -0.03274 -0.048955 0.1051 0.091479
90.726 119.83 5.364 0.65569 0 0 0 0 0 0 0 0 0 0 0 0 0 0 0 0 0 0 0 0 -0.0017788 0.003227 0.0018248 0.003227 0.030698 0.07256 0.20596 0.21568 -0.033451 0.031688 0.06282 0.080534 0.033931 0.012788 0.033931 0.0158 0.038404 0.086571 0.41587 0.53002 -0.071153 -0.058741 0.29106 0.37925 -0.0090736 -0.015985 0.11255 0.10454 0.050321 -0.0029743 0.1215 0.080701 -0.028273 -0.080685 0.24877 0.24748 -0.013471 -0.026488 0.05533 0.070628 0.0083059 -0.011164 0.040148 0.027152
155.21 119.53 5.3654 0.96261 0 0 0 0 0 0 0 0 0.026152 0.014177 0.026152 0.0149 0.00040283 0.053711 0.081203 0.12894 0 0 0 0 0.001096 -0.0003676 0.0012084 0.00060768 0.077116 0.022617 0.33389 0.31996 -0.023614 -0.073453 0.25221 0.32785 0 0 0 0 0.0994 0.094354 0.25981 0.28674 -0.087878 0.0095506 0.26112 0.29861 -0.013972 -0.016019 0.03678 0.034605 0 0 0 0 0.055944 -0.064701 0.12309 0.11233 0.016121 0.10856 0.18223 0.312 -0.031762 0.1172 0.089265 0.19407
92.065 144.31 5.0829 3.5006 0.0033775 -0.0050612 0.01286 0.010207 -0.0029805 -0.0040903 0.022042 0.019489 0.084487 0.024346 0.13249 0.075869 -0.018076 0.0096817 0.18018 0.10631 -0.0034939 0.020736 0.088991 0.051481 0.0047428 0.047075 0.10039 0.13068 0.13872 -0.01623 0.45213 0.45145 -0.1108 -0.045636 0.27272 0.16662 0.010482 -0.017349 0.074836 0.075157 0.080927 -0.0029178 0.18845 0.26835 -0.087767 -0.062206 0.31462 0.30698 -0.016624 -0.0219 0.025048 0.027105 0.0014266 -0.0043728 0.0031569 0.0072013 0.011923 -0.025138 0.026615 0.040008 -0.013155 -0.025098 0.035176 0.032757 -0.00028931 3.8266e-05 0.00031263 0.00010461
67.566 164.36 4.8683 5.6491 0 0 0 0 0 0 0 0 0 0 0 0 0 0 0 0 0.00088731 0.0012065 0.00088731 0.0012065 0.032215 0.038289 0.06575 0.095486 0.0020648 0.069327 0.066454 0.20804 -0.022394 0.014669 0.029006 0.05411 0.08068 0.029923 0.11692 0.056911 -0.010149 0.10647 0.37852 0.44163 -0.047224 -0.020721 0.18851 0.31584 -0.020284 -0.0071427 0.036871 0.058478 0.040668 -0.019821 0.047836 0.038912 0.027281 0.025265 0.39865 0.41996 -0.063258 0.011999 0.18195 0.17097 0.0095789 -0.0032315 0.019596 0.017511
80.248 177.29 5.8103 3.0661 0.014977 -0.00217 0.014977 0.0032458 -0.0077407 -0.098915 0.15458 0.11051 0.018041 0.0039986 0.082445 0.069178 0.0074672 0.021635 0.52247 0.22604 -1.2686e-17 9.5909e-19 1.2686e-17 9.5909e-19 0.031533 0.035838 0.12966 0.10883 0.067521 0.041032 0.1786 0.27281 -0.047741 -0.039712 0.41452 0.41608 -8.2798e-18 6.2598e-19 8.2798e-18 6.2598e-19 0.03516 -0.034375 0.073569 0.08029 0.016687 -0.066961 0.095169 0.23157 -0.027402 -0.060623 0.13057 0.14654 -0 0 0 0 0.00034069 -0.00059377 0.00034069 0.00059377 -0.00031732 -0.006618 0.0014468 0.006618 -0.00012781 -0.00090953 0.00012781 0.00090953
90.316 176.93 5.1932 2.8189 0.032938 -0.078009 0.16671 0.088426 -0.055867 -0.053542 0.12856 0.062941 0.034651 0.0089949 0.066255 0.074492 0.049632 -0.02775 0.46682 0.30375 0.0017628 -0.00079012 0.0022465 0.0019136 0.01766 0.026127 0.06792 0.06332 0.041422 0.040416 0.14753 0.23054 0.021472 -0.013723 0.36285 0.41646 0.00042087 9.2101e-05 0.00042087 0.00025396 0.04393 -0.024722 0.10625 0.14331 0.0057792 -0.024024 0.15644 0.27743 -0.010558 -0.085293 0.15939 0.2043 -0 0 0 0 0.00269 -0.0083851 0.0032411 0.0087092 2.6826e-05 -0.016998 0.012999 0.02786 -0.0021792 -0.0048897 0.0035993 0.0081366
179.22 188.74 5.1265 4.0582 0 -0 0 0 8.8331e-17 8.2456e-17 9.9327e-17 8.2456e-17 3.7819e-17 3.4996e-16 1.7368e-16 4.1491e-16 -2.1129e-18 -2.7553e-18 2.1129e-18 2.7553e-18 1.8648e-05 2.4318e-05 1.8648e-05 2.4318e-05 -0.0031229 0.03624 0.0063933 0.03624 -0.0022923 0.016294 0.0032167 0.016294 -3.224e-06 2.4723e-06 3.224e-06 2.4723e-06 0.088515 0.024952 0.11243 0.13188 0.065333 0.060541 0.34306 0.71562 -0.15962 0.037203 0.22512 0.33705 -0.0098799 0.005298 0.011255 0.0080654 0.016192 -0.020239 0.02634 0.036429 0.0048786 -0.099084 0.07056 0.15705 0.042369 0.00978 0.1708 0.20958 -0.038966 0.021897 0.072653 0.068127
155.29 110.94 6.7971 2.0831 -0 0 0 0 -0 0 0 0 -0 0 0 0 -0 0 0 0 0.0093463 0.021743 0.0093463 0.021743 -0.012621 0.07672 0.037319 0.07672 -0.0017141 0.0007778 0.0017957 0.0007778 -0 0 0 0 0.069 0.070703 0.14876 0.13899 -0.038927 0.007113 0.3836 0.37318 -0.0011263 0.1167 0.37857 0.4394 -0.040817 0.030023 0.078948 0.061307 0.069528 -0.0073381 0.27547 0.18997 -0.11029 0.0034243 0.23843 0.18589 0.02514 -0.041164 0.13558 0.12271 -0.028176 0.006749 0.12478 0.10573
169.81 135.43 6.265 2.5765 -0 0 0 0 -0 0 0 0 -0 0 0 0 -0 0 0 0 0.0023328 0.01429 0.0038539 0.014375 0.064429 0.10955 0.17797 0.22021 -0.069161 0.056576 0.13138 0.11976 -9.2658e-06 -1.4613e-05 9.2658e-06 1.4613e-05 0.072243 0.080502 0.32935 0.1517 -0.076881 -0.012871 0.45123 0.29363 -0.0055103 -0.022918 0.33734 0.32451 -0.025291 0.046609 0.094684 0.098669 0.052814 -0.064036 0.20208 0.091815 -0.089409 -0.052325 0.17909 0.07705 0.069425 -0.023543 0.12694 0.10222 -0.035443 -0.0088209 0.17832 0.11593
54.337 186.54 6.3832 5.7105 0 0 0 0 0 0 0 0 0 0 0 0 0 0 0 0 0 0 0 0 0 0 0 0 0 0 0 0 0 0 0 0 0.01145 0.031666 0.032456 0.042161 0.074069 0.095524 0.20289 0.33007 -0.05424 0.048525 0.15282 0.31276 -0.010962 0.0030452 0.012932 0.013814 0.082703 0.018994 0.26588 0.25224 -0.12505 0.04534 0.43895 0.55342 -0.047788 -0.02225 0.11788 0.16 -0.0078173 0.036587 0.026738 0.042627
162.3 180.85 7.5315 0.96374 0.016807 0.014269 0.023474 0.022403 0.0042695 0.0035709 0.19798 0.24077 -0.038552 -0.050061 0.15781 0.17467 -0.0092945 -0.0055511 0.057232 0.037593 0.044827 -0.024826 0.061243 0.06231 0.053885 0.069985 0.35483 0.60255 -0.10462 0.082371 0.15723 0.36129 -0.0044212 -0.0072557 0.026219 0.019091 0.00071455 -0.0015726 0.00071455 0.0015726 0.05697 -0.10313 0.11638 0.25034 -0.069031 -0.083766 0.095346 0.21195 -0.0029289 -0.00078325 0.0029289 0.0025896 0 0 0 0 -2.4846e-17 -6.6844e-17 1.1259e-16 2.1048e-16 -1.9343e-17 -4.4239e-18 2.2586e-17 2.0677e-17 0 0 0 0
191.58 151.98 10.408 2.7609 -0 0 0 0 -0 0 0 0 -0 0 0 0 -0 0 0 0 2.1903e-17 2.7407e-17 6.541e-17 2.7407e-17 0.008788 0.021017 0.013125 0.021017 -0.0048638 0.07963 0.068358 0.07963 -0.0031221 0.0029361 0.0031221 0.0029361 4.4553e-17 -3.3744e-17 1.6758e-16 1.4166e-16 0.067487 0.08085 0.61027 0.30303 -0.069187 0.035346 0.52077 0.35085 -0.028852 0.034168 0.080356 0.048498 -0 0 0 0 0.011929 -0.050114 0.15579 0.072748 0.030457 -0.0025573 0.18282 0.12368 -0.029304 0.00015725 0.08563 0.069974
141.85 156.96 10.389 0.92975 0 0 0 0 0.026548 0.032377 0.043275 0.06621 -0.013071 0.04057 0.13077 0.13143 -0.0088576 0.0071238 0.019153 0.015328 0.037159 0.0049851 0.037159 0.024799 0.0080986 0.033704 0.31638 0.39607 -0.037171 -0.060194 0.20397 0.22473 -0.011886 -0.00561 0.052685 0.033208 0.026568 -0.0092727 0.026568 0.019063 0.090217 -0.010602 0.33984 0.55214 -0.10689 0.01267 0.17199 0.33908 -0.0025524 -0.0033791 0.0077187 0.0049687 0 0 0 0 0.0096858 -0.039235 0.022141 0.041997 -0.010339 -0.026015 0.01538 0.026704 -0.00010413 -2.6046e-05 0.00010413 2.6046e-05
