52 64
100.02 122.07 2.1262 1.9585 -0 0 0 0 -0 0 0 0 -0 0 0 0 -0 0 0 0 -0.013131 0.073027 0.13048 0.11062 -0.026477 0.065983 0.060561 0.070855 0.0071145 0.099112 0.012536 0.099629 -0.0090558 0.057064 0.0096493 0.057064 0.09844 0.00030118 0.28883 0.17718 0.091743 0.071526 0.29703 0.52829 -0.047046 0.13779 0.13141 0.42566 -0.031899 0.044212 0.082652 0.19445 0.060874 -0.015571 0.12009 0.096064 -0.025036 -0.071652 0.16129 0.20162 0.023383 -0.1219 0.064622 0.14797 0.0017565 -0.048889 0.056611 0.071527
146.59 125.84 1.9902 1.179 0 0 0 0 0 0 0 0 0.0018092 0.0056243 0.0026882 0.0056243 0.00031183 0.00197 0.0011696 0.00197 0.0020549 0.079544 0.011858 0.079544 0.0059237 0.043024 0.022284 0.051279 0.0070935 0.05755 0.19111 0.1257 -0.019327 0.00020207 0.031337 0.022801 0.016685 0.057773 0.089417 0.26468 -0.070227 0.093959 0.21166 0.45553 -0.072764 0.050622 0.49202 0.33207 -0.035777 0.0087786 0.051702 0.021308 -0.011194 -0.051341 0.04715 0.061821 -0.01331 -0.10385 0.094988 0.12608 0.012061 -0.012839 0.35699 0.19444 -0.022423 -0.00042391 0.033755 0.015074
78.332 130.55 2.1044 4.9098 0.0069013 0.010217 0.11125 0.036765 -0.029157 0.0013099 0.070349 0.03236 0.0077414 -0.018999 0.078391 0.064833 0.04673 -0.022392 0.10657 0.092148 0.052156 -0.0055014 0.20381 0.049565 -0.020917 0.11685 0.20742 0.15281 -0.060905 0.12074 0.14803 0.24877 0.037159 0.092808 0.073262 0.17713 0.075621 -0.031173 0.11645 0.055899 0.095153 0.043784 0.29221 0.30148 0.070486 0.15183 0.19903 0.27018 -0.0038976 0.016632 0.14065 0.37939 0.013237 -0.0088119 0.013427 0.010498 0.05173 -0.11632 0.089792 0.20373 0.0019395 -0.14325 0.046553 0.21349 -0.020082 -0.091825 0.033799 0.10048
181.93 130.09 1.9419 2.6789 -0 0 0 0 -0 0 0 0 -0 0 0 0 -0 0 0 0 0.015408 0.019268 0.029087 0.087769 0.032421 0.14262 0.06001 0.22957 -0.02329 0.1749 0.07823 0.21953 -0.015446 0.02947 0.02033 0.03176 0.016543 0.0014355 0.056019 0.10721 0.11096 0.049731 0.17723 0.28211 0.13074 0.10393 0.30753 0.33767 -0.14474 0.095729 0.3362 0.17194 -0.0092368 0.00028998 0.059968 0.058626 0.075415 -0.069514 0.12269 0.11316 0.15569 0.0041948 0.17813 0.12255 -0.13799 0.03009 0.3606 0.093786
171.98 136.09 1.8919 5.0472 -0.057265 -0.030291 0.10836 0.18223 -0.014166 -0.017961 0.031658 0.047846 0.011968 -0.0054022 0.095551 0.048745 -0.0063689 0.0032702 0.029917 0.017498 -0.081747 0.14592 0.17143 0.25186 -0.031376 0.1737 0.13407 0.19643 -0.05938 0.063367 0.16696 0.15536 -0.0089056 0.010775 0.070969 0.065352 0.067907 -0.080928 0.30078 0.28764 -0.11306 0.096442 0.20683 0.2574 -0.088268 0.0043855 0.18402 0.22289 -0.05049 -0.018006 0.081274 0.083185 0.053234 -0.062101 0.07144 0.097594 -0.019909 -0.17566 0.13226 0.35101 -0.06439 -0.098706 0.080843 0.1387 -0.0086505 -0.0096767 0.0092663 0.010593
151.74 137.78 1.9526 4.7786 0.0020914 -0.00015541 0.0021306 0.0044359 0.039336 0.009447 0.072274 0.081869 -0.031687 -0.014747 0.075617 0.085813 0.005737 -0.0046882 0.032352 0.020258 0.052474 0.014426 0.053909 0.032191 -0.0023183 0.0251 0.38356 0.42282 -0.059012 0.032265 0.10121 0.14434 0.014012 0.041271 0.037393 0.055589 0.066936 0.023171 0.10425 0.083886 0.080379 -0.025066 0.37977 0.42544 -0.024604 0.10824 0.15822 0.26967 -0.016068 0.049693 0.064334 0.078271 0.005551 -0.018926 0.028106 0.046915 0.021462 -0.063389 0.059665 0.079959 0.058639 -0.11035 0.10993 0.19653 -0.010215 -0.035474 0.063279 0.16545
181.36 139.65 2.0946 3.5245 0.0083315 0.0034416 0.020712 0.041692 0.0039857 0.023255 0.063174 0.066652 -0.0017769 0.019787 0.019299 0.026699 0 -0 0 0 0.0071134 0.058181 0.046894 0.095778 0.031776 0.056071 0.15464 0.17653 0.012989 0.10656 0.23326 0.20069 -0.025729 0.026374 0.028657 0.026826 -0.0032747 -0.037979 0.061852 0.12723 0.1261 0.093532 0.24836 0.24305 0.062192 0.093254 0.33398 0.25235 -0.094181 0.084541 0.2104 0.11921 -0.03123 0.015591 0.063817 0.036724 0.17778 0.035877 0.19384 0.1323 0.11006 0.12493 0.25774 0.22027 -0.13873 -0.00032975 0.31176 0.14583
99.426 144.62 1.8644 0.71235 0.10905 0.028706 0.16045 0.067257 -0.14641 -0.062756 0.20375 0.1151 -0.012067 -0.025779 0.073202 0.070986 -0.0052097 0.010138 0.025538 0.036528 -0.0001147 -0.054805 0.27395 0.31614 -0.12938 0.056942 0.25193 0.34432 -0.036213 0.085617 0.11657 0.2398 -0.024268 0.0058244 0.084006 0.091791 0.010136 -0.08742 0.091009 0.17698 0.021188 -0.13992 0.16376 0.32713 -0.023255 -0.073509 0.1688 0.33287 -0.025936 -0.010716 0.13736 0.10329 -7.9783e-05 -0.00084776 0.00068537 0.00099045 0.0096587 -0.0089455 0.015313 0.0238 0.0037616 -0.038785 0.030652 0.068586 0.0021947 -0.017972 0.04098 0.02813
171.91 143.77 1.8699 4.9672 -0.0029378 -0.034173 0.096652 0.13658 -0.014222 -0.02316 0.15696 0.078684 -0.021179 0.030294 0.10317 0.056975 0.0028576 0.0020561 0.02082 0.011485 -0.085948 -0.023803 0.14158 0.22582 0.022831 0.0059146 0.10251 0.087596 -0.026982 -0.0036238 0.18733 0.090436 -0.0045252 0.00041481 0.070376 0.047471 -0.10095 0.19969 0.16405 0.26073 -0.040856 0.19115 0.18776 0.27322 -0.097138 0.10187 0.22109 0.21197 -0.027682 0.015795 0.10823 0.090845 0.061844 -0.088804 0.24336 0.28802 -0.095356 0.029757 0.16884 0.26655 -0.093849 -0.045443 0.17382 0.19723 -0.029619 -0.014833 0.036366 0.030818
172.79 152.81 1.9486 3.3962 -0.019335 -0.013814 0.032333 0.042382 0.011579 -0.0095573 0.03347 0.057407 0.0020423 -0.011596 0.06615 0.086545 -0.0061813 0.025802 0.063196 0.083904 -0.0040824 0.033217 0.045859 0.11198 0.038248 0.089515 0.12398 0.20347 -0.018374 0.034108 0.13263 0.23966 0.089335 0.074553 0.18521 0.21847 0.013817 0.044311 0.10466 0.21891 -0.0066485 -0.032836 0.14345 0.24501 0.06535 -0.071163 0.17384 0.18139 0.1362 0.042375 0.25271 0.1846 -0.055613 0.073019 0.24073 0.23573 -0.079148 0.09576 0.24866 0.19736 0.042973 0.079375 0.17433 0.11369 0.15465 0.10281 0.1828 0.1519
93.929 156.17 1.9173 4.4017 -0.017859 -0.0054178 0.035042 0.011382 0.010877 0.034209 0.073752 0.052394 -0.023146 0.01465 0.041243 0.033143 0.00021975 0.0012306 0.0011525 0.0021072 0.012192 0.010891 0.086954 0.03825 0.031959 0.031831 0.30555 0.13315 -0.05338 0.064427 0.19653 0.22492 -0.033202 0.011854 0.043396 0.085299 0.034552 0.014024 0.072084 0.0476 0.06053 -0.046471 0.18711 0.24048 0.054892 -0.011089 0.24189 0.52894 -0.086971 0.099298 0.14103 0.24005 0.016093 -0.016486 0.032349 0.035843 -0.014708 -0.027775 0.04754 0.087117 0.099416 -0.015559 0.12481 0.20896 0.023909 0.059411 0.17723 0.30624
99.916 164.3 1.9164 3.9918 -0.010299 -0.0033513 0.016748 0.011468 8.8975e-06 0.00022211 0.00013866 0.00022211 0.00056333 0.00066239 0.0021495 0.0024543 -3.8707e-05 -4.4082e-05 3.8707e-05 4.4082e-05 0.011933 0.0049141 0.028494 0.01264 -0.016933 0.080531 0.13803 0.094712 -0.016275 0.06204 0.042986 0.08031 -0.00023454 0.015444 0.0039925 0.0175 0.04396 0.0099139 0.091675 0.036062 0.082162 0.035953 0.36463 0.24655 0.036293 0.14679 0.24585 0.4077 -0.049844 0.13974 0.10378 0.2376 0.010931 0.0088765 0.058671 0.034924 0.034516 -0.010229 0.15227 0.16232 0.05036 -0.10167 0.16565 0.42874 0.0038294 -0.043758 0.15117 0.30607
176.26 176.51 2.008 1.0046 0.012441 -0.030261 0.058144 0.057128 -0.010004 -0.029307 0.14915 0.1334 0.044345 -0.046529 0.23426 0.218 0.022755 -0.10768 0.18223 0.27998 0.0062657 0.020284 0.062722 0.061114 0.014511 0.06121 0.076987 0.1023 0.033908 0.093517 0.20938 0.30096 0.041498 -0.017875 0.16336 0.47248 0.024979 -0.027842 0.043983 0.052218 0.072112 -0.06874 0.10636 0.15967 0.076401 -0.037433 0.13607 0.35644 -0.054484 -0.010111 0.10585 0.23065 0.00094904 -0.0025507 0.0013162 0.0030936 0.011573 -0.02483 0.013112 0.02625 0.015976 -0.085243 0.023981 0.08964 -0.0053927 -0.048094 0.019042 0.052581
157.71 179.9 1.8169 1.2367 0.0018331 -0.0068241 0.081349 0.053768 0.15654 -0.035504 0.21585 0.21682 -0.08507 -0.037998 0.21216 0.34859 -0.035916 0.0025034 0.038476 0.064503 0.010742 -0.0064945 0.090629 0.059104 0.067299 -0.028089 0.15691 0.2444 -0.02969 -0.084624 0.18774 0.43316 -0.01225 0.013774 0.11165 0.26662 0.0050033 0.057595 0.050128 0.089949 0.00060186 0.027901 0.11477 0.29757 -0.032657 -0.072329 0.11445 0.30522 -0.015634 -0.034014 0.044557 0.12063 0.022378 -0.038955 0.027292 0.056501 -0.023975 -0.041765 0.050017 0.093378 -0.027706 -0.015615 0.037402 0.060036 -0.0044135 -0.0010064 0.0064067 0.0087351
152.25 182.07 2.1253 4.6164 0 -0 0 0 0.0081779 -5.6737e-05 0.011733 0.017715 0.024133 0.016719 0.037729 0.061005 -0.0042482 0.043257 0.02596 0.048907 0.022843 0.025128 0.040583 0.14651 0.016626 0.054334 0.10221 0.42664 0.004034 0.039982 0.16139 0.36168 0.02216 -0.036101 0.073006 0.1172 0.020414 -0.007559 0.035038 0.098759 0.043296 0.12974 0.10815 0.37643 -0.051317 0.036076 0.15682 0.3014 -0.0063767 -0.017793 0.10333 0.07303 0.022582 -0.0081838 0.022614 0.026443 0.13471 -0.032895 0.1673 0.2666 -0.13067 0.017991 0.24086 0.25044 -0.014364 0.005886 0.096804 0.045839
181.89 183.89 2.3443 3.6155 1.4251e-16 5.52e-17 1.1522e-15 1.5421e-15 -3.3438e-16 2.4316e-16 1.2871e-15 1.415e-15 -0.00010686 0.00038643 0.00079892 0.0010896 -0.00027379 2.6214e-05 0.00050152 0.00043444 0.005425 0.011538 0.005425 0.011538 0.027128 0.13282 0.04548 0.13282 0.016076 0.10697 0.056779 0.11935 -0.018625 0.047875 0.040825 0.072769 0.16329 0.13642 0.19135 0.18621 -0.07858 0.11952 0.27253 0.42399 -0.11075 -0.074607 0.16292 0.25575 -0.03737 -0.040025 0.06854 0.11302 0.045633 -0.038452 0.17752 0.18965 -0.1116 -0.034785 0.29786 0.36464 -0.043984 0.0022467 0.12245 0.22646 0.022903 0.069279 0.070415 0.12886
160.01 198.61 1.8523 4.9076 0 0 0 0 -0.00037157 0.00024887 0.00037157 0.00024887 0 0 0 0 0 0 0 0 0.0047296 6.8228e-05 0.0049898 0.0013116 0.0016747 0.028688 0.037258 0.058466 -0.0083755 0.026521 0.010128 0.029342 -0.00037964 0.00022591 0.00037964 0.00022591 -0.010761 0.1057 0.08688 0.23658 0.08187 0.043584 0.16387 0.25917 -0.029148 0.20473 0.17681 0.26318 -0.054934 0.061933 0.055893 0.061933 0.018141 -0.022957 0.12803 0.37029 -0.060663 0.042399 0.37353 0.47725 0.065784 -0.074075 0.22006 0.22978 -0.070245 0.014369 0.094688 0.075934
85.665 199.96 1.8803 4.9107 0 0 0 0 0 0 0 0 0 0 0 0 0 0 0 0 0.00047177 0.001008 0.00047177 0.001008 0.0029894 0.017085 0.0063498 0.01713 -0.0025756 0.061355 0.023808 0.061383 -0.0019268 0.011433 0.0030224 0.011433 0.11449 0.18698 0.12404 0.1954 0.019371 0.32437 0.22174 0.4783 -0.11403 0.062113 0.20296 0.39863 -0.063651 0.0047631 0.07212 0.087791 0.028479 -0.025353 0.15074 0.18974 -0.13836 -0.20678 0.17745 0.29097 -0.037548 -0.099821 0.049875 0.13827 -0.0072467 -0.013515 0.0091727 0.018495
94.483 127.94 2.7342 1.9084 0.00047121 0.0071744 0.0014323 0.0071744 -0.00033072 0.0030682 0.00072907 0.0030682 -0 0 0 0 -0 0 0 0 0.051674 0.039103 0.12831 0.10917 0.043755 0.18116 0.17517 0.43191 -0.055507 0.207 0.10486 0.36108 -0.053228 0.055891 0.06907 0.096138 0.089982 -0.008433 0.14385 0.082064 -0.031039 -0.087447 0.29632 0.39758 0.011171 -0.15156 0.15264 0.27102 -0.053493 -0.025658 0.1661 0.083475 0.033709 -0.0060272 0.047117 0.037776 -0.013861 -0.014588 0.15241 0.11461 -0.025523 -0.0063942 0.079042 0.060238 -0.00079515 -0.013746 0.083633 0.026624
155.9 130.96 2.7689 1.2283 0 0 0 0 0 0 0 0 0.0021671 0.0087936 0.0083263 0.010344 0.0014704 0.0017134 0.0047679 0.0055403 0.067596 0.052941 0.083121 0.13567 0.013452 0.18118 0.10646 0.41754 -0.090766 0.12507 0.25953 0.3279 -0.028196 0.0073398 0.05202 0.029057 0.067802 -0.026002 0.13613 0.098451 -0.043684 -0.15245 0.1346 0.26647 -0.027379 -0.0711 0.44974 0.37151 -0.03679 -0.0028989 0.07133 0.03965 0.005305 -0.015053 0.042063 0.028028 -0.0012595 -0.0062609 0.071731 0.060888 0.040898 0.0069889 0.12467 0.093667 -0.031978 0.028585 0.044826 0.041038
72.089 136.19 2.8402 4.9761 0 0 0 0 0.016173 -0.0097427 0.093739 0.044603 -0.010703 -0.0036688 0.076944 0.048513 0.0083908 0.028612 0.077556 0.069728 0.0097056 0.0026204 0.0097056 0.0026204 -0.007032 0.040782 0.2984 0.074336 -0.011114 0.025661 0.13223 0.11607 0.042912 0.0069563 0.21839 0.16931 0.0016631 0.00044902 0.0016631 0.00044902 0.10942 0.032902 0.33903 0.17984 0.026619 0.24504 0.22968 0.34808 0.026304 0.11496 0.20956 0.43368 0 0 0 0 0.043996 -0.051911 0.057112 0.077546 0.028854 -0.14431 0.061311 0.22157 -0.0061602 -0.088103 0.045853 0.15163
156.33 140.21 2.9066 4.6884 0.018683 -0.0042329 0.018684 0.015217 0.01222 -0.023374 0.14028 0.14119 -0.026467 0.0061718 0.10938 0.055928 -0.0027815 0.0041429 0.029637 0.017481 0.035792 0.0055023 0.035792 0.014575 -0.00030132 0.030323 0.32729 0.31403 -0.0044476 0.049296 0.12347 0.14621 -0.013413 0.036139 0.088621 0.066119 0.062641 0.0027787 0.092645 0.058842 0.091248 -0.052563 0.35678 0.49844 -0.022074 0.10274 0.20326 0.35409 -0.070824 0.014952 0.13327 0.11767 0.0038366 -0.0085661 0.012743 0.015923 0.018036 -0.053673 0.039374 0.061269 0.019284 -0.10823 0.07849 0.17106 -0.023025 -0.033104 0.032647 0.053509
80.014 147.95 2.7052 0.90043 0.071062 0.086232 0.13067 0.13463 -0.066443 0.045627 0.16376 0.23499 -0.039715 0.019636 0.10945 0.15056 -0.0071141 0.0045298 0.0089317 0.0078887 -0.070777 -0.058517 0.34461 0.27957 -0.10472 -0.092415 0.19063 0.20304 0.013076 -0.039596 0.14154 0.13462 -0.019872 0.029033 0.07135 0.049749 -0.032797 -0.06362 0.23403 0.37075 -0.056367 0.065751 0.18224 0.351 -0.043302 0.0004111 0.1389 0.10681 0.014364 -0.0052861 0.12678 0.046198 0.019067 -0.03962 0.031651 0.066474 -0.00014537 -0.070882 0.11734 0.14457 -0.026259 -0.010756 0.078784 0.042047 0.0073535 0.0050729 0.08368 0.025595
157.42 152.83 2.6 3.0098 -0.0084028 0.0039346 0.019759 0.017497 0.010471 0.011971 0.037795 0.062607 0.058278 0.012838 0.095564 0.11563 -0.019356 0.059112 0.13423 0.10112 -0.0058108 0.013704 0.067773 0.085199 0.0048717 0.061366 0.094428 0.16976 0.11167 0.018586 0.19906 0.14067 -0.031086 -0.017973 0.34144 0.14492 0.052975 0.0019806 0.22767 0.10241 -0.05366 -0.049611 0.2342 0.23601 0.058278 -0.044276 0.35865 0.40854 -0.058166 -0.078854 0.28455 0.29492 0.003686 -0.016326 0.054432 0.023197 -0.01041 -0.032407 0.030381 0.033214 0.0038569 -0.025477 0.019862 0.033317 -0.00085132 -0.018951 0.020968 0.036771
161.67 156.38 2.6494 3.0979 -0.0039038 0.010681 0.021688 0.022845 0.0029714 0.0076329 0.023691 0.038811 0.027778 0.023847 0.056295 0.088017 0.0055413 0.052583 0.071187 0.091571 -0.030238 -0.0013575 0.079232 0.082518 0.020225 0.020977 0.077269 0.15321 0.055739 -0.012358 0.13612 0.13292 0.11493 0.039866 0.22429 0.13582 0.052116 0.011674 0.20594 0.09379 -0.016427 0.035505 0.25702 0.28534 0.01837 0.036312 0.3318 0.36325 -0.0048609 -0.038027 0.42019 0.31228 0.014403 -0.018954 0.093538 0.028948 -0.013022 -0.063257 0.078624 0.073163 0.015044 -0.056052 0.086159 0.1097 -0.0054289 -0.056385 0.095882 0.13242
64.425 166.57 3.0896 2.6846 0.012094 0.0038238 0.035511 0.056109 0.03246 -0.10126 0.16809 0.24121 -0.043853 -0.054658 0.17313 0.1812 0.098782 -0.044268 0.21218 0.20776 -0.020168 0.039157 0.12691 0.25577 -0.01222 0.16446 0.12016 0.38171 -0.039701 0.073938 0.14013 0.31389 -0.042098 -0.088793 0.22934 0.2761 0.02379 -0.084464 0.040229 0.09828 0.014898 -0.16156 0.05833 0.30247 -0.064301 -0.108 0.071849 0.18319 -0.010416 -0.01675 0.011267 0.018524 -0 0 0 0 -1.0029e-17 4.9318e-18 1.0029e-17 4.9318e-18 -1.167e-18 5.7384e-19 1.167e-18 5.7384e-19 -0 0 0 0
181.82 174.03 2.9922 0.99201 0.018268 -0.051532 0.13805 0.078231 -0.0088169 -0.055188 0.20201 0.2013 0.12149 -0.057424 0.27446 0.25888 -0.050604 -0.035561 0.26315 0.34288 0.015013 -0.017762 0.050594 0.0411 0.031575 -0.0045191 0.11111 0.13618 0.026682 0.065051 0.18382 0.27827 -0.013759 0.017856 0.19731 0.42614 0.0013472 -0.00096913 0.001966 0.0011931 0.04583 -0.037935 0.058674 0.080523 0.093707 -0.079326 0.11783 0.25877 -0.050828 -0.06919 0.093664 0.19032 1.6748e-18 -1.9027e-18 1.6748e-18 2.4151e-18 0.0002823 -0.00038832 0.00035892 0.00043839 0.0035746 -0.012207 0.0038468 0.012213 -0.0011107 -0.012889 0.0041641 0.012956
164.26 177.62 3.002 1.2505 0.00098566 -0.02183 0.085914 0.078359 0.076323 -0.014223 0.1698 0.12836 -0.029963 0.056761 0.25574 0.24062 -0.038231 0.020806 0.04097 0.052275 0.0066254 0.0043629 0.047673 0.048689 0.044087 -0.015502 0.20036 0.14328 0.045475 -0.1421 0.31001 0.55617 -0.054547 -0.0054965 0.1021 0.20197 0.026989 -0.013579 0.036889 0.041872 0.032224 -0.0017783 0.13077 0.23238 -0.065998 -0.037103 0.13566 0.36377 -0.026196 -0.026659 0.045679 0.092552 0.0028467 -0.0035465 0.002891 0.0036056 0.012115 -0.039635 0.020964 0.046257 -0.016372 -0.021281 0.020854 0.035351 -0.0028028 -0.0012168 0.003069 0.0043333
77.691 185.5 2.7805 2.3012 -0 0 0 0 0.063532 -0.031942 0.071419 0.13142 0.0035719 -0.11224 0.20253 0.27476 -0.014089 -0.012801 0.094496 0.10491 0.061597 -1.8363e-05 0.077766 0.10595 0.058778 0.18677 0.11214 0.41778 4.6492e-06 0.16761 0.15217 0.41552 -0.022694 0.0015441 0.15955 0.28158 0.029052 -0.033447 0.031982 0.043016 0.053858 -0.17258 0.069692 0.2763 -0.022563 -0.17686 0.063029 0.2679 -0.034482 -0.082305 0.050001 0.10371 -0 0 0 0 -3.7052e-06 -6.7255e-05 3.7052e-06 6.7255e-05 -7.1227e-07 -1.2929e-05 7.1227e-07 1.2929e-05 -2.6575e-18 2.9674e-18 2.6575e-18 2.9674e-18
171.74 186.16 2.8056 1.0088 -0.0080217 -0.023193 0.072347 0.075154 0.031668 -0.050317 0.18803 0.18994 -0.0087181 -0.092211 0.32364 0.45771 -0.058852 -0.023661 0.14769 0.19804 0.018953 0.0039504 0.043415 0.061958 0.047738 0.088836 0.13659 0.2441 -0.010863 0.01752 0.21447 0.50378 -0.049289 -0.044702 0.094969 0.14266 0.010074 -0.010999 0.011694 0.016079 0.046753 -0.09329 0.06012 0.1578 -0.05575 -0.09977 0.085352 0.18793 -0.017803 -0.010668 0.020164 0.025007 3.3728e-06 -1.4846e-05 3.3728e-06 1.4846e-05 0.00013975 -0.00015725 0.00013975 0.00015725 0.00039855 -0.0010783 0.00039855 0.0010783 1.5233e-05 -7.2758e-05 1.5233e-05 7.2758e-05
73.195 195.82 2.8356 5.3225 0 0 0 0 0 0 0 0 0 0 0 0 0 0 0 0 6.1498e-18 -8.7972e-18 6.1498e-18 8.7972e-18 0.001321 0.004916 0.001321 0.004916 0.00068251 0.0099594 0.0014617 0.010504 -4.9233e-05 7.492e-05 9.3437e-05 0.00017466 0.063985 0.15806 0.11946 0.23349 0.057808 0.13066 0.16881 0.58512 -0.12135 0.07996 0.18265 0.5188 -0.059536 0.011637 0.07532 0.096588 -0.027552 -0.060436 0.12925 0.16762 -0.035367 -0.11176 0.12648 0.24516 -0.012133 -0.069131 0.043932 0.14125 -0.013654 -0.022956 0.023087 0.034205
96.454 195.87 2.6498 4.5975 0 -0 0 0 0 -0 0 0 0 -0 0 0 7.098e-18 -2.2675e-17 2.6641e-16 5.2038e-17 0.016631 0.030781 0.017108 0.030781 0.021456 0.18667 0.092234 0.2054 -0.042327 0.041744 0.050115 0.070821 1.9197e-18 -5.1527e-17 1.2249e-16 6.4097e-17 0.15839 0.12956 0.28664 0.26136 -0.21034 -0.065834 0.40952 0.4628 -0.059167 -0.036799 0.062675 0.082651 0 -0 0 0 -0.033955 -0.02913 0.28872 0.16026 -0.03859 -0.0033035 0.25008 0.16479 -0.055291 0.072647 0.16078 0.15998 -0.0028472 0.0022398 0.0028472 0.003055
88.951 110.79 3.1691 1.8214 -0 0 0 0 -0 0 0 0 -0 0 0 0 -0 0 0 0 -0 0 0 0 -0 0 0 0 -0 0 0 0 -0 0 0 0 0.046154 0.13788 0.17786 0.29741 0.00038061 0.30712 0.14992 0.51551 -0.1013 0.17827 0.18104 0.34223 -0.038764 0.021754 0.043669 0.036455 0.020896 -0.020655 0.19627 0.19696 -0.031607 -0.13997 0.14061 0.28991 0.0044049 -0.098892 0.1716 0.1709 -0.034744 -0.00066428 0.079689 0.02178
104.08 119.65 3.446 1.87 -0 0 0 0 -0 0 0 0 -0 0 0 0 -0 0 0 0 0.0034261 0.013317 0.017401 0.027691 -0.0070795 0.057404 0.040782 0.067181 -0.0016076 0.047783 0.0059236 0.047847 -0.0039383 0.039262 0.0050328 0.039262 0.053042 -0.003763 0.055928 0.034944 0.11207 0.072226 0.28856 0.51902 0.0087173 0.050166 0.16346 0.56892 -0.056839 0.046178 0.14203 0.22182 0.015722 -0.00053195 0.016639 0.0097315 0.06318 -0.037657 0.23611 0.22398 -0.022815 -0.075386 0.12128 0.17034 0.022012 -0.045526 0.083609 0.068845
149.36 120.25 3.2691 1.1453 0 0 0 0 0 0 0 0 0 0 0 0 0.0011549 0.0016194 0.0011549 0.0016194 0 0 0 0 0 0 0 0 0.0021757 0.030333 0.055036 0.039815 0.013163 0.0042575 0.028125 0.028386 0.068416 0.073674 0.11176 0.18654 -0.0017902 0.18871 0.13326 0.53637 -0.10667 0.10349 0.44422 0.41378 -0.036347 0.0070621 0.060594 0.024915 0.038496 -0.032975 0.096659 0.071487 -0.039744 -0.11126 0.098522 0.16903 -0.014075 -0.043387 0.28906 0.2002 -0.025849 0.0021409 0.042512 0.02126
72.028 139.53 3.555 4.8472 0 0 0 0 0.0268 0.0033482 0.098828 0.054238 -0.013075 -0.0083544 0.088517 0.082849 -0.012456 0.011907 0.032432 0.034543 0 0 0 0 -0.00038673 0.0077368 0.22581 0.057398 0.056562 -0.004822 0.19558 0.14568 -0.04428 0.02877 0.17778 0.15845 0 0 0 0 0.10954 0.0038332 0.27581 0.15812 0.059896 0.093007 0.24902 0.5569 -0.083431 -0.017701 0.2647 0.40531 0 0 0 0 0.028734 -0.029023 0.033169 0.041225 0.0060781 -0.1081 0.044447 0.15938 -0.016656 -0.048869 0.035761 0.077081
159.57 140.81 3.6671 4.5966 0.025909 0.0011161 0.028849 0.042477 -0.016174 0.023106 0.14605 0.16862 -0.018117 -0.0021251 0.071738 0.051374 -0.0050535 0.00045274 0.013212 0.0084179 0.04378 -0.00099252 0.04378 0.02662 -0.021912 0.011188 0.3197 0.27339 -0.017345 0.081414 0.16655 0.1488 -0.01869 0.014367 0.041592 0.028229 0.04315 -6.1063e-07 0.08074 0.056495 0.093648 -0.05379 0.33972 0.52666 -0.072788 -0.0081972 0.25201 0.42712 -0.052669 -0.0085526 0.067462 0.050766 -0.00058297 -0.0054812 0.010075 0.012253 0.010882 -0.041737 0.024441 0.047665 -0.0089238 -0.061385 0.036636 0.08993 -0.0057488 -0.0052211 0.0060718 0.0075984
63.445 166.1 3.4242 2.6814 0.022412 0.0019849 0.040902 0.066323 0.02713 -0.098506 0.18371 0.25513 -0.050304 -0.034189 0.18249 0.16719 0.093704 -0.03518 0.23256 0.20663 -0.021832 0.046471 0.127 0.27146 -0.015395 0.15824 0.112 0.40422 -0.039175 0.040629 0.15474 0.33089 -0.02444 -0.077431 0.19465 0.2483 0.023524 -0.082616 0.038315 0.098017 -0.0011435 -0.15767 0.062617 0.29259 -0.062135 -0.10001 0.066068 0.156 -0.007671 -0.014117 0.0077906 0.015711 -2.3141e-06 1.147e-06 2.3141e-06 1.147e-06 -2.1173e-06 1.0495e-06 2.1173e-06 1.0495e-06 -0 0 0 0 -0 0 0 0
171.86 187.35 3.7502 3.7988 0 -0 0 0 7.9342e-17 9.1922e-17 1.7274e-16 1.1953e-16 9.0202e-06 6.9996e-05 9.0202e-06 6.9996e-05 3.8575e-06 2.9934e-05 3.8575e-06 2.9934e-05 0.0030016 0.0023025 0.0030461 0.0023469 0.04969 0.069049 0.08134 0.1355 -0.038921 0.024309 0.061265 0.14243 -0.011012 0.0089116 0.016701 0.027952 0.011831 0.0079363 0.012617 0.01291 0.047475 0.033078 0.29051 0.40373 -0.025478 0.044634 0.15497 0.35898 0.014296 0.022468 0.09332 0.13969 0.011418 0.00086335 0.016494 0.011713 0.10881 -0.027794 0.24704 0.26825 -0.038341 0.037962 0.34207 0.37331 0.080939 0.12329 0.20462 0.18863
96.94 111.52 5.0674 1.8093 -0 0 0 0 -0 0 0 0 -0 0 0 0 -0 0 0 0 -0.019463 0.029906 0.027837 0.033488 0.0017653 0.0091271 0.0030011 0.0094276 0.0028275 0.00071636 0.0028952 0.00071636 2.3725e-05 1.7024e-05 5.0148e-05 1.7024e-05 -0.013522 6.0137e-05 0.1386 0.10548 0.10284 0.077175 0.31106 0.58858 -0.10441 0.044477 0.2455 0.53591 -0.039453 0.0079615 0.051233 0.035605 -0.0018672 -0.0040647 0.031649 0.017762 0.029695 -0.061879 0.21099 0.18035 -0.026937 -0.055926 0.17814 0.13741 -0.019136 -0.0043893 0.048831 0.014167
78.236 124.65 5.2506 1.6467 -0 0 0 0 -0 0 0 0 -0 0 0 0 -0 0 0 0 0.046265 0.059007 0.075465 0.1498 0.020176 0.18686 0.17234 0.47936 -0.085011 0.068627 0.1056 0.11971 -0.0009884 0.00019885 0.0009884 0.00019885 0.094016 -0.033995 0.1751 0.20922 -0.067577 -0.11695 0.31304 0.54202 -0.075756 -0.037877 0.25793 0.13582 -0.010187 0.0007791 0.010187 0.0020179 0.023292 -0.015585 0.031926 0.032345 0.0011495 -0.016953 0.11055 0.097846 -0.021577 0.0079248 0.13521 0.057991 -0.0062386 -0.00055501 0.0062389 0.0014089
167.38 128.23 5.6306 1.4749 0 0 0 0 0 0 0 0 0 0 0 0 0 0 0 0 0 0 0 0 0.11012 0.12605 0.16534 0.23613 -0.083552 0.16413 0.20229 0.3681 0.053792 0.033809 0.10751 0.10896 0.001544 -0.00014847 0.001544 0.00014847 0.098085 -0.088336 0.21247 0.21577 -0.069292 -0.043392 0.46792 0.44786 0.029211 -0.018987 0.12576 0.091581 0.00056762 -5.4583e-05 0.00056762 5.4583e-05 0.017234 0.0036035 0.068243 0.058116 -0.014498 -0.024984 0.15963 0.23229 -0.0086365 -0.0055685 0.020518 0.034492
105.07 130.33 5.871 1.8521 -0.010595 0.025004 0.02123 0.027069 -0 0 0 0 -0 0 0 0 -0 0 0 0 -0.084023 -0.0069472 0.3058 0.32549 0.030857 0.071859 0.14982 0.17654 -0.032199 0.17179 0.12345 0.39803 -0.03263 0.024977 0.0346 0.04158 -0.061988 -0.044586 0.20308 0.1687 0.10905 -0.029611 0.24617 0.16249 -0.02944 -0.10465 0.29092 0.43692 -0.041888 -0.015688 0.091846 0.054071 -0.0090088 -0.015929 0.023743 0.043116 0.026289 -0.0072458 0.040982 0.055776 -0.00070568 0.0031555 0.12882 0.14098 -0.015598 -0.0028213 0.038912 0.019939
147.86 131.66 5.5347 1.2128 0 0 0 0 0 0 0 0 8.6673e-06 0.0025659 0.0013917 0.0025659 0.027419 0.064047 0.060091 0.088762 0.037596 0.023918 0.037596 0.037264 -0.01492 0.17749 0.19186 0.34815 -0.0010141 0.034439 0.17479 0.1449 0.020912 -0.032249 0.26494 0.33526 0.058954 -0.021442 0.067442 0.048897 0.046604 -0.13623 0.37904 0.40602 -0.089078 0.010416 0.27985 0.22766 0.010798 -0.03965 0.062581 0.072653 0.0049601 -0.0023987 0.0076043 0.0052425 0.038797 -0.0074956 0.096287 0.10682 -0.030791 -0.0043905 0.11343 0.16384 -0.0010834 -0.00049522 0.0045776 0.0067834
80.144 170.69 4.8801 2.4439 -0.0048756 -0.023649 0.05328 0.043106 0.09394 0.029086 0.10618 0.060338 0.063529 -0.018837 0.49888 0.40838 -0.079822 0.036318 0.17208 0.20444 0.0054607 0.01414 0.011191 0.018273 0.078688 0.0020153 0.11365 0.16865 0.027133 -0.045609 0.27692 0.29198 -0.038377 -0.071254 0.20309 0.17012 0.027818 -0.0072176 0.031833 0.041031 0.022306 -0.030413 0.085581 0.27547 -0.039474 -0.049514 0.12016 0.26378 -0.021319 -0.021276 0.039536 0.043338 0.0002968 -0.00068481 0.0002968 0.00068481 0.0013532 -0.014923 0.0028097 0.014923 -0.0029222 -0.011368 0.0034491 0.011368 -0.0002522 -0.00041823 0.0002522 0.00041823
162.48 174.97 4.9878 4.0162 -4.0708e-06 -4.871e-06 4.0708e-06 4.871e-06 0.0033936 0.019864 0.0072487 0.019885 -0.0031356 0.015846 0.0051172 0.01586 -8.4157e-05 6.9382e-05 8.6689e-05 7.2616e-05 0.0064991 0.0048521 0.0065196 0.0078724 0.040706 -0.0078165 0.1117 0.2579 -0.033628 -0.004116 0.068682 0.17361 -0.0090495 0.0051533 0.017158 0.019707 0.00084374 0.0018697 0.010934 0.012809 0.099003 -0.020154 0.26342 0.40622 -0.0017343 0.08685 0.31597 0.34163 -0.022482 0.10531 0.19044 0.13716 -0.0073805 0.022814 0.023556 0.027215 0.037952 -0.028105 0.053059 0.042573 0.097246 -0.06682 0.33399 0.37151 -0.071612 -0.050828 0.15618 0.20232
63.742 195.34 5.1044 5.5398 0 0 0 0 2.9521e-18 3.2111e-18 2.9521e-18 3.2111e-18 2.3483e-17 2.5544e-17 2.3483e-17 2.5544e-17 -1.3137e-18 -1.429e-18 3.7358e-17 4.0635e-17 0 0 0 0 2.0189e-17 5.3481e-18 8.0149e-17 8.5787e-17 -4.2897e-06 0.00010208 4.2897e-06 0.00010208 4.3393e-18 4.72e-18 6.2993e-18 6.852e-18 0.066789 0.043256 0.099291 0.13335 0.035065 0.023833 0.17035 0.58571 -0.1073 0.051843 0.18188 0.42906 -0.018487 0.0044787 0.023148 0.024012 -0.021249 0.062496 0.24346 0.21976 -0.027142 0.077652 0.29739 0.35125 -0.05429 -0.016066 0.089202 0.13251 -0.0031641 -0.0022979 0.0051623 0.0055299
186.22 109.7 6.3125 2.5045 -0 0 0 0 -0 0 0 0 -0 0 0 0 -0 0 0 0 -0 0 0 0 -0 0 0 0 -0 0 0 0 -0 0 0 0 0.015878 0.013329 0.033296 0.027441 0.09578 0.16023 0.426 0.37376 -0.14596 0.098001 0.24063 0.13496 -0 0 0 0 0.033711 0.023268 0.13475 0.084699 0.067861 -0.076866 0.42953 0.43157 -0.10158 -0.050603 0.23437 0.24189 -0.0018146 0.0045302 0.0022221 0.0065508
103.11 128.49 7.0744 1.8834 -0.0018067 0.0258 0.011901 0.0258 -0 0 0 0 -0 0 0 0 -0 0 0 0 -0.031589 0.018595 0.29522 0.34189 0.026276 0.069354 0.15999 0.20102 -0.027836 0.14378 0.11141 0.31934 -0.015843 0.012712 0.017222 0.017324 -0.022688 -0.042901 0.23232 0.18454 0.079902 -0.042207 0.28646 0.20412 -0.050282 -0.090814 0.3556 0.42028 -0.030378 -0.0078689 0.053507 0.027121 -0.0030776 -0.012686 0.017771 0.03012 0.027472 -0.0099219 0.049194 0.080758 -0.022585 -0.017914 0.12279 0.12885 -0.0086875 -0.002738 0.015086 0.007458
153.27 130.46 7.2256 1.2239 0 0 0 0 0 0 0 0 0 0 0 0 0.013741 0.053622 0.043078 0.061693 0.013238 0.0030345 0.013238 0.0034404 0.045226 0.16058 0.13401 0.28806 -0.010965 0.057607 0.18227 0.21562 0.0032764 -0.017548 0.30825 0.39428 0.022773 -0.0018302 0.022773 0.0076708 0.11337 -0.14711 0.30434 0.34577 -0.10189 -0.035189 0.35016 0.31294 0.003741 -0.043381 0.089066 0.087207 0.00034756 -0.00026121 0.00034756 0.00026121 0.029378 -0.010007 0.060877 0.070068 -0.012252 -0.016371 0.082908 0.11761 0.0017425 -0.0010181 0.0065834 0.0078397
95.588 160.02 6.6788 5.0621 0.00087404 0.0010893 0.00087404 0.0010911 0.0082406 0.026898 0.026095 0.055328 -0.0096104 0.0081543 0.015456 0.029377 -2.4723e-05 -9.0165e-06 2.6039e-05 9.4965e-06 0.02291 0.0050687 0.053221 0.023988 0.001033 0.015159 0.19819 0.21333 -0.03472 0.012495 0.054322 0.070352 0.012979 0.037312 0.033821 0.076335 0.054629 0.00076172 0.098396 0.057798 0.024191 0.018458 0.40675 0.58579 -0.041239 0.065034 0.26151 0.19281 -0.010031 0.067748 0.23887 0.20073 0.010731 -0.0082988 0.011516 0.012517 0.0093595 -0.06623 0.060414 0.14261 0.057837 -0.027693 0.11957 0.11699 -0.0081765 -0.031111 0.17908 0.23288
55.304 101.7 10.069 1.0281 0 0 0 0 0 0 0 0 0 0 0 0 0 0 0 0 0 0 0 0 0 0 0 0 0 0 0 0 0 0 0 0 0.0022242 -0.0013416 0.012388 0.0074718 0.0088684 0.099048 0.49083 0.52554 -0.11042 0.046419 0.21457 0.18314 -0.0026293 0.0018531 0.0026293 0.0020529 -0.0076324 0.025547 0.23683 0.29161 -0.020217 -0.056274 0.30583 0.27764 -0.035389 -0.016433 0.22051 0.11199 -0.0075734 0.00027617 0.0075734 0.002812
