52 64
91.849 116.12 2.3604 1.8811 -0 0 0 0 -0 0 0 0 -0 0 0 0 -0 0 0 0 -0.021859 0.051239 0.032726 0.052579 0.01235 0.10254 0.013491 0.10254 -0.0096727 0.17766 0.018598 0.17766 -0.012579 0.03688 0.012627 0.03688 0.021874 0.069031 0.24743 0.34871 -0.0040483 0.062668 0.14369 0.50717 0.032818 0.05491 0.15105 0.44972 -0.12652 0.074552 0.1897 0.18062 -0.011275 -0.073032 0.10621 0.11995 0.025128 -0.087072 0.084589 0.11391 -0.013924 -0.037946 0.15073 0.11596 -0.039836 -0.021774 0.1182 0.050815
121.53 121.82 2.1283 1.4507 0 0 0 0 0 0 0 0 0 0 0 0 0 0 0 0 0.04015 0.092974 0.046019 0.095178 0.020623 0.1716 0.13969 0.24242 -0.017216 0.238 0.08935 0.3094 0.038096 0.15054 0.11867 0.17581 -0.0021065 0.029928 0.17728 0.20234 -0.015299 -0.11079 0.31575 0.2588 0.085993 -0.080021 0.22322 0.31829 0.0062036 -0.029944 0.24551 0.304 -0.049931 -0.043414 0.075341 0.072953 -0.010666 0.011022 0.10696 0.075702 0.038046 -0.019503 0.089928 0.11091 -0.011744 -0.020989 0.071427 0.094683
131.97 122.17 2.0303 1.7358 -0 0 0 0 -0 0 0 0 -0 0 0 0 -0 0 0 0 0.013763 0.11569 0.080926 0.13122 0.042196 0.22389 0.094726 0.26463 -0.03085 0.17341 0.1436 0.24124 -0.026734 0.084403 0.035624 0.090739 -0.0079991 0.041765 0.26438 0.29381 -0.10127 -0.097847 0.25031 0.30702 0.053767 -0.10832 0.31233 0.25797 0.020674 0.040189 0.19781 0.24517 -0.0069284 -0.054388 0.077212 0.093893 -0.037143 -0.019763 0.12241 0.10435 0.020799 0.0072935 0.10307 0.10642 0.052727 -0.03264 0.086026 0.10336
175.61 126.38 1.9557 2.4349 -0 0 0 0 -0 0 0 0 -0 0 0 0 -0 0 0 0 0.024549 0.024764 0.024549 0.02679 0.04426 0.20064 0.054702 0.25893 -0.091028 0.22843 0.098798 0.27669 -0.015354 0.017202 0.015354 0.017668 0.063705 0.030122 0.089357 0.10289 0.097555 -0.028659 0.13864 0.41169 0.0098048 0.046818 0.28361 0.40666 -0.1108 0.065326 0.18301 0.10218 0.049469 0.03009 0.078782 0.094082 0.015056 -0.0059468 0.082341 0.10542 0.11633 -0.0053044 0.14643 0.1019 -0.12735 0.049441 0.2843 0.15732
164.12 128.15 1.9569 4.3165 0.021494 0.0096501 0.048846 0.025005 0.034488 0.013359 0.098221 0.070121 -0.01968 0.041571 0.11211 0.069472 -0.02992 0.031163 0.067188 0.036169 0.012712 0.12458 0.11509 0.17318 -0.0064521 0.079025 0.1019 0.12839 0.055264 0.082959 0.258 0.15315 -0.10234 -0.0012524 0.19228 0.061519 0.012179 -0.10039 0.30436 0.30216 -0.0078449 -0.15145 0.17805 0.48855 -0.095789 -0.15734 0.20104 0.34369 -0.051299 -0.039286 0.06003 0.045151 -0.034146 -0.047781 0.063254 0.060357 0.00050555 -0.056246 0.014644 0.063289 -0.0082689 -0.026639 0.01064 0.029013 -0.00064302 -0.0011816 0.00064302 0.0011816
167.61 128.24 1.8231 4.986 -0.036043 0.082275 0.099296 0.11477 0.012842 0.071218 0.08105 0.092653 -0.024304 0.0045999 0.11067 0.069712 -0.022795 -0.0077423 0.057668 0.027767 0.050485 -0.071574 0.3739 0.26839 -0.092639 0.064366 0.16118 0.1532 -0.0083393 0.095687 0.15681 0.22446 -0.078162 0.022491 0.11472 0.11791 0.084902 -0.11471 0.12713 0.14236 0.052272 -0.18925 0.18772 0.41226 -0.079791 -0.13955 0.20924 0.37004 -0.055308 -0.04329 0.063939 0.069531 0.0016676 -0.0025943 0.0016676 0.0025943 0.010551 -0.043683 0.013523 0.045268 -0.0060423 -0.024149 0.0099626 0.024835 -0.00045495 -0.00068964 0.00045495 0.00068964
115.1 130.05 1.9476 4.0831 -0.024237 0.024456 0.05186 0.049211 0.0042017 0.016986 0.09803 0.09718 -0.0034093 -0.024658 0.088331 0.081693 0.072988 0.0050055 0.084648 0.053888 0.024423 -0.0057153 0.087224 0.11528 -0.01883 0.11021 0.15769 0.19158 0.0055553 0.12353 0.16366 0.1926 0.032177 0.009488 0.20819 0.18499 0.098716 0.082035 0.15384 0.17253 0.0075707 0.048344 0.27977 0.45528 -0.073403 -0.1208 0.16563 0.36079 -0.056274 -0.077012 0.098152 0.12551 0.035571 0.0084748 0.14893 0.084115 -0.12029 -0.072499 0.21339 0.14464 -0.011371 -0.040433 0.01556 0.040433 -0.0018037 -0.0037037 0.0018037 0.0037037
172.32 133.86 1.8513 5.3467 -0.079081 0.06509 0.16043 0.12668 0.018638 0.085689 0.095009 0.10652 -0.011852 0.055289 0.12388 0.11697 -0.02267 0.0097501 0.056003 0.038065 -0.041388 -0.011793 0.33873 0.18552 -0.048068 0.0030665 0.11533 0.12238 -0.092652 -0.036658 0.1446 0.16889 -0.0020468 -0.013205 0.071631 0.069798 0.11026 -0.14369 0.26013 0.24437 -0.04018 -0.059468 0.19265 0.46612 -0.13596 -0.016162 0.17133 0.35135 -0.024924 -0.0089388 0.030624 0.031929 0.019695 -0.034855 0.024437 0.036625 -0.0026237 -0.10574 0.040173 0.12652 -0.019117 -0.039715 0.020398 0.049384 -0.0014319 -0.0016459 0.0014319 0.0017621
80.151 146.22 1.9744 5.7769 0.028426 0.048424 0.063914 0.067044 -0.018792 -0.0021432 0.088861 0.10677 0.0013859 -0.047508 0.031143 0.068614 0.0054165 -0.042118 0.014799 0.049511 -0.050926 0.021906 0.25734 0.22036 0.00088095 0.11478 0.18749 0.23849 -0.055014 0.11348 0.14245 0.16449 -0.011367 0.0074519 0.014604 0.012915 -0.038995 0.12704 0.28084 0.26785 -0.077535 0.047944 0.24457 0.27679 -0.1191 -0.049825 0.20926 0.20304 -0.005578 0.07544 0.14877 0.1192 -0.058947 0.027545 0.1424 0.14421 -0.13761 0.021535 0.18303 0.15351 -0.0018701 0.0364 0.18653 0.11939 0.024309 0.048203 0.1781 0.076022
178.07 145.46 2.1002 3.2452 0.002252 0.03351 0.020294 0.053543 -0.018983 0.042776 0.033375 0.053357 -0.0031368 0.0027886 0.0031368 0.0028941 0 -0 0 0 0.0047352 -0.026354 0.042713 0.10665 -0.027862 0.023684 0.10866 0.21733 0.079639 0.13075 0.15669 0.21032 -0.050084 0.14464 0.11475 0.16565 0.058779 0.0091699 0.073262 0.09941 0.073044 0.096313 0.17368 0.35793 0.04442 0.12726 0.22159 0.30638 0.010472 0.086052 0.35121 0.33732 0.015316 -0.024163 0.024277 0.047396 0.075589 -0.095511 0.12968 0.20185 0.054876 -0.022686 0.12512 0.1333 0.060832 0.029956 0.17981 0.10705
171.74 147.52 2.0807 3.3595 -0.0035939 -0.0044407 0.032934 0.061686 0.0019293 -0.0040788 0.066679 0.11697 -0.03043 0.022301 0.057989 0.072263 -0.0020433 0.019189 0.0083892 0.019552 0.016768 -0.0049006 0.039521 0.061671 0.069599 0.11286 0.1136 0.25248 -0.011138 0.17999 0.15895 0.27417 0.031692 0.12327 0.28768 0.2654 0.025392 -0.020432 0.044307 0.071384 0.15741 -0.078249 0.21843 0.32897 0.029232 -0.0021336 0.18724 0.2616 0.1079 0.0042039 0.2364 0.18219 -0.014661 0.057625 0.040001 0.071436 0.037631 -0.03026 0.077213 0.098321 0.13252 0.0086923 0.16842 0.1443 0.06177 0.095021 0.17971 0.15373
185.27 150.8 1.8059 3.0315 -0 0 0 0 -0 0 0 0 -0 0 0 0 -0 0 0 0 0.023108 0.066905 0.042641 0.083758 0.0099438 0.12056 0.1219 0.23914 -0.04834 0.057851 0.099422 0.11987 0.012665 0.12074 0.049333 0.1211 -0.032745 -0.027985 0.086124 0.12238 0.034307 0.0031208 0.12941 0.26702 0.048756 0.24621 0.18127 0.39375 0.14915 0.087614 0.26604 0.372 -0.0070906 -0.013191 0.036312 0.036985 0.096531 -0.00043277 0.11868 0.17842 0.085046 -0.0039779 0.17941 0.32734 0.015634 0.016307 0.091299 0.14372
133.21 151.45 2.0791 5.414 -0.06361 -0.018256 0.096637 0.088974 -0.03784 -0.020491 0.098291 0.087555 0.0039288 0.010264 0.040742 0.038254 -0.0041277 0.049881 0.058885 0.057096 -0.048101 0.0098283 0.17006 0.2053 -0.073751 0.090384 0.18569 0.18925 0.1233 0.082284 0.20094 0.17862 -0.035418 0.039069 0.1858 0.1734 -0.01593 -0.0016005 0.13641 0.16288 -0.013508 0.015837 0.23477 0.31468 0.054807 0.013563 0.24098 0.27526 -0.074924 -0.071268 0.12391 0.13101 -0.0039147 0.11198 0.13635 0.15444 0.01953 0.20152 0.16008 0.23576 -0.087367 0.053318 0.16523 0.16276 -0.0047574 0.023159 0.044396 0.059165
176.52 154.56 2.0182 3.5638 -0.020017 0.036708 0.040168 0.075266 -0.0082765 0.062101 0.057371 0.11177 -0.038564 0.073181 0.060092 0.092183 -0.0058157 0.0073134 0.0062691 0.0073134 -0.031266 -0.06414 0.047122 0.091156 0.012486 -0.042797 0.078382 0.18864 -0.046494 -0.018889 0.195 0.26682 -0.039315 0.028335 0.062894 0.067269 0.023361 0.0051142 0.043358 0.052609 0.14276 0.07059 0.19171 0.2541 -0.017153 0.19296 0.22912 0.42968 0.049667 0.16075 0.25657 0.24058 -0.0018458 0.012566 0.022974 0.042035 0.12634 -0.055599 0.14733 0.1746 0.10311 -0.056143 0.20193 0.22638 0.027778 0.029001 0.13634 0.10938
119.48 161.43 1.7314 3.4295 0.0038563 0.0042623 0.034194 0.023843 0.041788 -0.031271 0.066686 0.082618 0.027378 -0.11402 0.1313 0.18187 0.021947 -0.044139 0.13872 0.15688 0.0035995 -0.0058194 0.046467 0.029677 0.037434 0.035897 0.13917 0.086227 0.028549 0.017615 0.16086 0.13299 0.06388 -0.0019604 0.19282 0.2194 0.044822 0.020123 0.065184 0.029313 0.07801 0.11979 0.22266 0.20317 -0.011495 0.17737 0.28472 0.28851 0.021161 0.046674 0.27008 0.23206 0.042751 -0.0066978 0.065154 0.027212 0.098171 0.0079521 0.20477 0.13293 -0.00056978 0.020926 0.27037 0.2266 0.020368 -0.0085405 0.1978 0.14975
185.51 161.82 2.0468 3.2415 -8.934e-17 8.0191e-16 2.6562e-15 4.1694e-15 -2.4196e-16 1.5534e-16 7.1901e-16 1.0983e-15 0 -0 0 0 0 -0 0 0 0.014094 0.10449 0.051443 0.11234 0.020582 0.16396 0.10174 0.1984 -0.017584 0.17269 0.1021 0.25662 -0.031563 0.044932 0.043212 0.0592 -0.065444 0.022334 0.15187 0.18209 -0.0465 -0.10446 0.15407 0.27757 0.033882 -0.03949 0.14949 0.39632 -0.02362 0.083993 0.13675 0.2363 -0.075506 -0.064695 0.082011 0.077861 0.03512 0.0028381 0.082223 0.098868 0.17327 0.037541 0.19391 0.3516 0.027125 0.10903 0.14283 0.27664
139.71 166.53 2.2248 4.4294 0.0011798 0.0036087 0.012896 0.034066 0.001728 -0.0028169 0.0073976 0.019589 0.0024221 -0.012736 0.0061823 0.013703 0.0052231 -0.021436 0.0084138 0.023849 -0.0013536 -0.0066339 0.040197 0.069262 0.11124 0.11597 0.15409 0.21767 -0.054373 0.20138 0.17054 0.30255 -0.026044 0.030421 0.044702 0.045646 -0.0036046 0.024692 0.048966 0.070846 0.19899 -0.048732 0.29972 0.25014 -0.062481 0.030029 0.35496 0.36127 -0.092063 0.025456 0.11529 0.062604 -0.028836 0.019282 0.062165 0.090388 0.074839 0.033449 0.18611 0.16739 0.030136 -0.024234 0.27862 0.22348 -0.064132 0.02534 0.11277 0.06518
64.132 175.59 1.9621 5.8615 0 0 0 0 0 0 0 0 0 0 0 0 0 0 0 0 0.0041844 0.030178 0.0069058 0.030178 0.0058189 0.095785 0.027172 0.095785 -0.013791 0.083323 0.027045 0.083323 -0.0012888 0.0080759 0.002178 0.0080759 0.061347 0.038908 0.084922 0.22807 0.033743 0.061885 0.13562 0.44183 0.038592 0.23614 0.21002 0.42349 -0.091931 0.2578 0.13849 0.30336 -0.00076755 -0.039849 0.032384 0.077491 0.0081294 -0.11227 0.036026 0.11861 0.09764 -0.18474 0.11064 0.21069 0.048294 -0.13135 0.10797 0.2143
181.75 182.13 1.9069 3.7196 3.0601e-16 -4.5983e-16 5.3406e-16 7.8624e-16 5.0266e-15 -3.3988e-15 1.0762e-14 1.0168e-14 4.942e-16 -1.1803e-15 4.9612e-15 4.8854e-15 5.4335e-16 7.3045e-16 5.4335e-16 1.6337e-15 0.0090198 0.047127 0.012242 0.047127 0.022649 0.17158 0.032533 0.17158 -0.019546 0.16778 0.057576 0.16778 -0.015361 0.024933 0.015694 0.024933 0.14909 0.131 0.18521 0.23922 -0.065965 0.11797 0.19732 0.46293 -0.12476 -0.034273 0.20527 0.39452 -0.012858 0.060547 0.13557 0.23265 0.010667 -0.10454 0.11392 0.15175 -0.073609 -0.18781 0.089702 0.2051 -0.012922 -0.065745 0.059895 0.11289 0.023971 -0.0058797 0.065959 0.12741
155.38 186.11 2.0631 0.92641 0.0040659 -0.013352 0.044974 0.050274 0.020769 -0.1538 0.10357 0.18303 -0.030545 -0.063379 0.059037 0.087079 -0.011604 -0.017295 0.037567 0.047595 0.0065657 0.086259 0.026766 0.10379 0.033442 0.15983 0.047171 0.15983 0.03414 0.091237 0.075223 0.13176 0.00036288 0.046341 0.064487 0.11093 0.015112 0.18509 0.10064 0.32862 -0.14987 0.14291 0.23207 0.42036 -0.090661 -0.029284 0.21921 0.31977 -0.033415 -0.051481 0.080004 0.1204 0.016209 -0.1637 0.051694 0.19019 -0.098195 -0.18 0.1064 0.20535 -0.040892 -0.05278 0.04455 0.065016 -0.0029269 -0.0051164 0.003838 0.0056353
100.01 188.55 1.7759 1.9785 0.0032166 -0.0053863 0.02144 0.029078 0.019159 -0.02678 0.032982 0.059021 0.002349 -0.071959 0.04198 0.088393 -0.007803 -0.025226 0.018488 0.037277 0.012564 0.025733 0.035337 0.039111 0.010449 0.15188 0.074237 0.17017 0.011786 0.18877 0.071088 0.19091 0.072741 0.20689 0.076185 0.20689 0.059589 -0.017406 0.077693 0.096998 0.061561 -0.081039 0.16965 0.32706 0.15293 -0.031796 0.21325 0.45363 0.065529 -0.08077 0.17274 0.44826 0.0053237 -0.010562 0.0061094 0.011611 0.0096467 -0.057367 0.019361 0.059357 0.016717 -0.10484 0.025006 0.11166 -0.0079174 -0.11226 0.023525 0.11299
142.91 193.32 1.8034 1.1204 0.001393 -0.086084 0.055297 0.094561 -0.040246 -0.077264 0.061831 0.11105 0.014962 0.0047099 0.11366 0.13216 -0.0029452 -0.0020084 0.027749 0.02382 -0.014411 0.17819 0.080985 0.18819 -0.0095568 0.18632 0.12404 0.27686 -0.050065 0.040547 0.11076 0.18422 -0.0048079 -0.0045981 0.02261 0.016109 -0.20009 -0.07032 0.24918 0.42816 -0.092944 -0.14533 0.25147 0.45872 -0.089263 -0.076377 0.11953 0.18826 -0.0013141 -0.0015348 0.0019416 0.0028328 -0.03765 -0.061287 0.045006 0.073675 -0.013157 -0.030053 0.018392 0.037591 -0.0022167 -0.0060754 0.0042487 0.0060754 0 0 0 0
89.445 200.41 1.8494 4.9041 0 0 0 0 0 0 0 0 0 0 0 0 0 0 0 0 0 0 0 0 0.0008295 0.00139 0.0008295 0.00139 -0.00062436 0.042033 0.0074211 0.042033 -0.0028588 0.036961 0.0084744 0.036961 0.12584 0.2219 0.13908 0.23007 -0.026263 0.35385 0.18631 0.45926 -0.042416 0.11135 0.14157 0.31932 -0.072364 0.02351 0.12748 0.14618 0.028319 -0.010346 0.16884 0.22266 -0.15298 -0.20267 0.18053 0.29034 -0.037551 -0.11512 0.07518 0.13759 -0.018079 -0.042367 0.032144 0.04828
105.76 119.87 2.8775 1.7165 -0 0 0 0 -0 0 0 0 -0 0 0 0 -0 0 0 0 -0.01219 0.084338 0.075456 0.18128 -0.044554 0.14403 0.085848 0.16883 0.031983 0.17983 0.05812 0.19895 -0.013018 0.10876 0.071835 0.17704 0.012699 -0.04439 0.15731 0.16199 0.069565 -0.0091191 0.28632 0.39809 0.00019981 -0.041688 0.24054 0.48814 -0.024019 -0.013081 0.18416 0.23243 0.010901 -0.011618 0.071161 0.057229 0.0039305 -0.0044736 0.12379 0.14045 0.0001987 -0.038923 0.11328 0.117 -0.0026962 -0.039223 0.094786 0.05874
147.62 121.98 2.8839 1.6093 -0 0 0 0 -0 0 0 0 -0 0 0 0 -0 0 0 0 0.024311 0.1137 0.056506 0.18957 -0.051635 0.17157 0.08267 0.20903 0.036773 0.17896 0.092319 0.21012 -0.0058652 0.10957 0.047949 0.15423 0.043971 -0.020932 0.14715 0.18847 0.019351 -0.0061334 0.31926 0.42604 -0.097073 -0.029058 0.28714 0.38338 0.020308 -0.047874 0.15582 0.21114 -0.00069862 -0.033287 0.090179 0.052746 0.018325 -0.074063 0.11435 0.11211 -0.022216 -0.034234 0.13247 0.1138 0.011379 -0.013713 0.076017 0.064338
127.18 130.9 2.8703 5.3898 -0.036751 0.071797 0.093059 0.12485 -0.012086 0.01585 0.14729 0.11597 -0.049838 0.0053409 0.082823 0.074527 0.021402 0.023455 0.044692 0.039433 0.048157 -0.10086 0.23681 0.25299 -0.1372 0.0092501 0.31209 0.20767 -0.0019923 0.032647 0.1752 0.16913 0.0099454 -0.001602 0.095829 0.10208 0.040934 -0.031827 0.049539 0.033727 0.060683 -0.072597 0.27922 0.2977 0.070996 0.022205 0.2127 0.39008 -0.076778 0.078847 0.17438 0.17186 0 0 0 0 0.016373 -0.027497 0.019614 0.033336 0.10091 -0.091109 0.11114 0.12025 0.021414 -0.017698 0.15305 0.11536
153.98 129.65 2.8395 1.3018 0 0 0 0 0 0 0 0 0.027492 0.040883 0.027492 0.042453 0.017073 0.061219 0.046464 0.10234 0.076207 0.079386 0.10993 0.13611 0.026479 0.16455 0.15544 0.42133 0.033331 0.15843 0.33962 0.37297 -0.037408 -0.030184 0.18324 0.18354 0.091551 -0.028544 0.19748 0.11794 -0.013889 -0.096483 0.17217 0.21532 -0.040479 -0.14479 0.22128 0.25177 -0.034302 -0.015272 0.12402 0.094465 0.029674 -0.014191 0.064788 0.038823 -0.039699 -0.046802 0.11088 0.066237 0.038226 -0.020725 0.089822 0.044291 -0.029397 0.003375 0.073595 0.046971
177.59 129.58 2.7095 2.7813 -0 0 0 0 -0 0 0 0 -0 0 0 0 -0 0 0 0 -0.0026312 0.02615 0.028504 0.052751 0.058179 0.10647 0.094956 0.19962 -0.068629 0.15036 0.097998 0.21092 -0.0061091 0.0059116 0.0061091 0.0059116 0.041621 0.014094 0.10016 0.1435 0.11478 0.077847 0.18948 0.31458 -0.10256 0.10084 0.47231 0.30413 -0.080299 0.017682 0.10542 0.026141 0.029199 -0.021304 0.038582 0.05806 0.10099 -0.068676 0.13805 0.1383 -0.021761 0.00057014 0.39519 0.26937 -0.082782 0.028625 0.09442 0.063569
74.107 139.38 2.9265 5.741 0 0 0 0 0.0067981 0.010567 0.010497 0.01265 0.016863 0.018945 0.033434 0.062019 0.012045 0.0059265 0.020686 0.065715 0.016628 0.013164 0.016628 0.013164 0.0062639 0.060688 0.22046 0.19699 -0.034601 0.051355 0.12418 0.16121 -0.007326 -0.013972 0.02297 0.042469 0.10173 0.043268 0.17762 0.077082 -0.020142 0.12129 0.40351 0.32742 -0.11899 0.010989 0.19717 0.22087 0.0088541 0.054202 0.13564 0.10296 0.065164 -0.047722 0.1072 0.070073 0.07311 -0.09049 0.28601 0.32356 -0.096864 0.096375 0.23139 0.25347 0.0081676 0.010207 0.12163 0.077442
127.57 143.91 2.6439 5.0755 0.018712 0.031167 0.073746 0.069291 -0.050862 0.028168 0.074586 0.073938 0.021821 0.019011 0.05169 0.040439 -0.0099815 0.027562 0.044662 0.038594 0.017975 0.045657 0.1653 0.16617 -0.078624 0.039342 0.17338 0.15279 0.077072 0.062169 0.1722 0.13756 -0.04716 -0.020083 0.11499 0.077318 -0.048614 7.344e-05 0.26715 0.28254 -0.066337 0.10866 0.27917 0.2407 0.044145 0.16022 0.20481 0.27464 -0.036796 0.079881 0.11965 0.134 0.026373 -0.052995 0.053544 0.074036 0.041602 -0.08363 0.1402 0.24539 0.062106 -0.11713 0.18851 0.28475 -0.0069129 0.011057 0.14841 0.13554
103.59 150.83 2.9418 0.75699 0.093045 0.070283 0.23618 0.14214 -0.10624 -0.089734 0.31196 0.18077 -0.055764 -0.051424 0.15032 0.16119 0.0011318 -0.010719 0.053412 0.051984 0.007781 -0.097055 0.22091 0.30412 -0.073984 0.021558 0.27383 0.32852 -0.072082 0.025953 0.18815 0.26491 -0.0014957 -0.010107 0.049346 0.02702 -0.014118 -0.024682 0.15313 0.14208 0.038539 -0.11366 0.17943 0.21691 -0.09954 -0.05625 0.176 0.18044 -0.0017085 -0.0020769 0.039947 0.01545 -0.031423 0.023957 0.087657 0.082928 -0.018353 -0.0050572 0.068721 0.073061 -0.0090018 -0.02361 0.030375 0.034156 0.01674 0.0057059 0.021644 0.012564
120.58 153.12 2.8635 3.3395 0.01724 -0.00091788 0.022161 0.010617 0.047749 -0.019315 0.10034 0.13279 0.013421 0.0058678 0.13314 0.15038 0.061829 0.00048067 0.20034 0.17902 0.0066034 -0.0018994 0.014808 0.010821 0.03371 -0.021436 0.098194 0.10762 0.031634 -0.037621 0.20444 0.19707 0.086272 -0.048304 0.25372 0.21768 0.032794 0.0089985 0.045775 0.035581 0.061143 0.1095 0.16838 0.17997 0.017414 0.10585 0.24656 0.22406 0.010941 0.072747 0.30758 0.25835 0.011845 -0.0083306 0.029206 0.020419 0.028054 -0.060491 0.13605 0.15177 0.083781 -0.047641 0.2203 0.17006 -0.047146 -0.001506 0.29939 0.16756
73.609 166.62 2.8032 2.5277 0.034204 -0.036184 0.054141 0.058007 0.011564 -0.12512 0.22371 0.15659 0.075802 -0.048547 0.25671 0.23362 0.071477 -0.095495 0.26066 0.25199 -0.022635 0.13457 0.054014 0.14889 -0.010448 0.1278 0.048879 0.16283 0.04467 0.0087934 0.13356 0.23918 0.026789 -0.052682 0.2524 0.23075 0.043913 -0.092607 0.097277 0.26437 -0.061262 -0.090209 0.1034 0.37254 -0.061211 -0.072165 0.10165 0.24308 -0.024124 -0.032487 0.044231 0.057769 0.0031511 -0.016112 0.0032778 0.016112 -0.0026779 -0.035507 0.0065211 0.035507 -0.0043498 -0.012674 0.0043667 0.012674 -0.00018411 -0.00046463 0.00018411 0.00046463
105.58 165.41 2.5852 4.9647 -0.0065673 -0.035592 0.082826 0.1387 -0.042273 -0.063188 0.062207 0.12045 -0.020182 -0.025499 0.034303 0.047302 -0.0021208 -0.00074953 0.0034552 0.0023208 -0.020106 -0.029215 0.043885 0.056399 0.032873 0.0968 0.082129 0.15224 -0.038547 0.06057 0.063043 0.080343 -0.0013886 0.0053484 0.013312 0.02574 0.0031852 0.047277 0.18866 0.13276 0.089635 0.09324 0.35501 0.36575 -0.17005 0.057899 0.23288 0.21996 0.073512 0.040251 0.13369 0.10492 -0.045963 0.097005 0.1574 0.1582 0.013167 0.1227 0.26482 0.32104 -0.075867 0.0090375 0.21642 0.1828 0.036142 0.032939 0.15926 0.11985
105.96 117.38 3.808 1.7199 -0 0 0 0 -0 0 0 0 -0 0 0 0 -0 0 0 0 -0.0057334 0.094125 0.058958 0.14583 -0.03356 0.1192 0.062732 0.14227 0.023933 0.15654 0.033374 0.15901 -0.015418 0.059951 0.030211 0.060943 -0.038998 -0.026598 0.19499 0.2508 0.046622 0.010548 0.30158 0.43478 0.027488 0.0087007 0.23599 0.49559 -0.099918 0.015899 0.2074 0.15917 -0.0069615 -0.016885 0.06712 0.055461 0.017953 -0.031977 0.13658 0.13623 -0.013751 -0.061789 0.14113 0.12378 -0.023643 -0.02983 0.10773 0.044756
147.77 119.94 3.6346 1.5553 0 0 0 0 0 0 0 0 0 0 0 0 0 0 0 0 0.0249 0.05559 0.026037 0.073718 -0.018413 0.1619 0.053796 0.19001 0.026005 0.14857 0.074959 0.19763 -0.0072634 0.10661 0.045996 0.13322 0.08976 0.0041675 0.15477 0.14983 0.020753 -0.013017 0.2826 0.45741 -0.073575 -0.012343 0.32668 0.42541 0.037399 -0.010637 0.19058 0.26002 0.023907 -0.026075 0.085779 0.04452 0.019509 -0.064589 0.12939 0.09169 -0.02838 -0.025269 0.13669 0.10487 0.030742 -0.025032 0.078583 0.062387
95.378 140.22 4.24 5.3645 0.010547 0.0092002 0.030817 0.016644 -0.0021655 0.0049253 0.063697 0.074838 -0.0044027 -0.011364 0.025165 0.066766 -0.0048246 -0.010792 0.012778 0.031331 0.064063 0.059948 0.17206 0.090342 -0.065304 0.086311 0.22099 0.18565 0.022047 0.066246 0.21558 0.15886 -0.042077 0.014702 0.059555 0.05103 0.070722 -0.053014 0.14292 0.14323 0.044207 -0.049912 0.28589 0.52477 -0.082742 0.036303 0.30404 0.2632 -0.018073 0.022944 0.099046 0.092541 0.0048451 -0.012741 0.0058418 0.013579 0.048561 -0.071847 0.061658 0.098193 0.0121 -0.056724 0.21925 0.21402 -0.0018228 0.041793 0.10774 0.16057
72.501 144.83 3.3917 5.7861 0 0 0 0 0.0089709 0.015315 0.010427 0.01807 0.021637 0.034093 0.026257 0.06416 0.0075126 0.036221 0.01888 0.062114 0.033676 0.032963 0.039168 0.036808 0.003342 0.051241 0.19799 0.21298 -0.005963 -0.0092512 0.064687 0.15126 0.015272 -0.042353 0.025645 0.076184 0.10387 0.10978 0.23689 0.13668 -0.051573 0.15471 0.35346 0.38382 -0.068127 0.028584 0.18086 0.20052 -0.0082842 0.050762 0.076722 0.069136 0.10091 -0.047976 0.21936 0.14255 -0.079721 0.056221 0.28704 0.30742 -0.019452 0.089516 0.20774 0.17922 -0.012009 0.01601 0.11624 0.078559
153.05 144.48 3.8951 4.5832 0.0095839 0.010901 0.012734 0.014403 -0.0043591 0.027927 0.040538 0.055915 0.016963 -0.021021 0.048291 0.06189 -0.013697 0.00028185 0.037957 0.025382 0.0078037 0.032701 0.094163 0.071802 -0.03744 0.033015 0.19683 0.12032 0.014405 0.097059 0.20785 0.12068 -0.041092 0.018363 0.094497 0.04791 -0.014002 0.091873 0.17551 0.18345 0.051819 0.048677 0.36567 0.43225 -0.030004 0.0050787 0.2822 0.44742 -0.096801 -0.010674 0.15448 0.11225 -0.011598 -0.06261 0.06186 0.16259 -0.022842 -0.10042 0.094585 0.15309 -0.011035 -0.094987 0.047582 0.13386 -0.012578 -0.016221 0.016207 0.021297
168.01 146.2 3.4726 5.552 -0.0022312 0.034783 0.1059 0.11058 -0.038347 -0.050995 0.11967 0.11838 -0.02829 -0.0042168 0.040605 0.031605 0.047898 -0.003201 0.062009 0.017747 -0.057605 0.070845 0.32941 0.29759 -0.060773 0.14149 0.18317 0.22577 -0.06747 0.07116 0.15075 0.14872 0.023271 -0.00706 0.096039 0.04891 0.10808 -0.082603 0.38588 0.22745 -0.13021 0.074944 0.21385 0.29883 -0.097562 -0.051347 0.19508 0.21627 -0.019281 -0.025084 0.063806 0.059722 0.033064 -0.051773 0.054276 0.07289 -0.03647 -0.093183 0.073803 0.19692 -0.025721 -0.0217 0.032319 0.042951 -0.0013619 -0.0037398 0.002643 0.0042257
176.3 160.47 3.2737 3.5518 0.0078661 0.029963 0.0078661 0.030237 -0.0062114 0.04607 0.020272 0.048058 -0.0054539 0.016973 0.0079306 0.016973 -0.00010152 0.00023347 0.00010152 0.00023347 -0.013294 0.010538 0.10235 0.17259 -0.046302 -0.028786 0.10614 0.20415 -0.038595 0.032011 0.13691 0.22484 -0.020736 0.026791 0.027987 0.044574 -0.030415 -0.060043 0.047315 0.064166 0.073539 -0.021277 0.095789 0.11956 0.080994 0.11678 0.24552 0.37477 -0.02063 0.16536 0.34142 0.27615 0.036047 0.0433 0.066115 0.077549 -0.037633 0.094922 0.10936 0.14738 0.1575 0.072489 0.21957 0.23529 -0.026631 0.043313 0.30244 0.23068
140.91 163.01 3.8074 3.331 0.027375 0.00061659 0.043338 0.031302 -0.029134 -0.031266 0.079524 0.088018 0.055643 0.0081598 0.091396 0.15797 0.030351 0.071936 0.11287 0.13983 0.0030064 -0.014635 0.036082 0.02717 0.060659 0.029969 0.11289 0.11464 0.066648 0.063656 0.18789 0.25741 0.059089 0.010358 0.35744 0.27744 -0.0010696 0.0016926 0.0044786 0.0044836 0.047377 -0.01556 0.079671 0.090914 0.060122 -0.045289 0.19693 0.24905 -0.0073374 -0.060354 0.40134 0.23018 -0.012622 0.010055 0.029752 0.013224 0.078697 0.02865 0.10429 0.080832 0.044994 0.033143 0.19598 0.1918 -0.032661 0.020666 0.26758 0.18969
178.47 176.21 3.5621 0.95454 0.090207 -0.091064 0.20806 0.12024 -0.096158 -0.20374 0.36475 0.29138 0.013549 -0.10434 0.23724 0.20016 -0.049176 -0.024974 0.093521 0.098586 0.034039 -0.013129 0.056278 0.04967 0.019619 -0.019528 0.25478 0.34941 -0.035339 0.17899 0.11461 0.29957 -0.036369 0.022944 0.05978 0.10257 0.0031916 -0.001966 0.0032544 0.0025995 0.067007 -0.060061 0.083691 0.13514 -0.0069027 -0.14674 0.13156 0.31447 -0.043654 -0.034328 0.04914 0.068186 0 0 0 0 1.0047e-15 -1.1234e-15 1.4911e-15 1.6788e-15 0.00091736 -0.0036267 0.001008 0.0036267 3.7225e-05 -0.00051267 5.3135e-05 0.00051267
168.76 184.8 4.1369 0.91498 0.0069894 -0.13328 0.30361 0.21547 -0.049163 -0.11248 0.28814 0.2141 -0.084149 -0.10431 0.21447 0.23711 -0.020633 -0.009009 0.022258 0.020385 0.051283 -0.050085 0.19278 0.20507 0.020569 0.10284 0.16317 0.39131 -0.070401 0.097723 0.14181 0.28598 -0.022156 0.0047057 0.040583 0.048821 0.025635 -0.02762 0.029581 0.040791 0.05702 -0.16572 0.094419 0.28309 -0.07273 -0.10209 0.10166 0.17849 -0.008581 -0.0076047 0.010351 0.011121 -3.5127e-17 6.4863e-17 5.0619e-17 1.8375e-16 3.544e-05 -0.00027195 3.544e-05 0.00027195 3.4954e-05 -0.00026823 3.4954e-05 0.00026823 0 0 0 0
103.86 194.57 3.4243 4.6955 0 -0 0 0 0 -0 0 0 0 -0 0 0 0 -0 0 0 0.044888 0.13506 0.05763 0.13694 0.01693 0.22511 0.12045 0.27289 -0.072398 0.052872 0.09881 0.111 -0.0015513 0.0013028 0.0016998 0.0046306 -0.032446 0.035817 0.39753 0.44592 -0.1739 -0.15901 0.25206 0.36659 -0.05574 -0.043756 0.071486 0.086336 -0.00087401 0.00026172 0.01593 0.0099564 -0.08734 -0.098894 0.12455 0.11681 0.053028 0.064426 0.092211 0.14645 -0.042849 0.12616 0.11205 0.18392 0.035257 0.031931 0.065068 0.053569
88.293 205.34 3.349 4.9264 0 0 0 0 0 0 0 0 0 0 0 0 0 0 0 0 0 0 0 0 0 0 0 0 0 0 0 0 0 0 0 0 0.09045 0.1193 0.094108 0.12313 0.022617 0.35473 0.2276 0.50466 -0.075209 0.12694 0.15595 0.34225 -0.050629 0.014699 0.061116 0.068106 0.069342 -6.6217e-05 0.18701 0.22434 -0.12272 -0.18291 0.22112 0.35347 -0.042856 -0.093843 0.067453 0.13241 -0.015034 -0.012202 0.017813 0.021991
105.5 156.65 5.6051 5.1102 0.0088426 0.0066442 0.011238 0.012106 -0.00047279 0.019636 0.052112 0.11232 -0.017656 0.0051321 0.023084 0.044107 -0.0010648 0.0012244 0.0017536 0.0018703 0.023519 0.019968 0.082824 0.063304 -0.0022124 0.043238 0.16676 0.19556 -0.031317 0.037614 0.076959 0.085997 0.014195 0.014717 0.03859 0.040612 0.083947 -0.00039662 0.18475 0.18989 -0.038053 0.064648 0.3712 0.51854 -0.042264 0.13288 0.28797 0.26871 -0.029023 0.062881 0.13093 0.11821 0.017215 -0.027232 0.022206 0.042038 0.02053 -0.0772 0.086127 0.15792 0.039419 -0.063569 0.17514 0.24866 -0.040854 -0.024276 0.12665 0.15353
54.539 178.06 4.9947 5.748 0 0 0 0 0 0 0 0 0 0 0 0 5.922e-19 9.9879e-19 5.922e-19 9.9879e-19 0 0 0 0 0 0 0 0 3.0361e-18 5.1207e-18 3.0361e-18 5.1207e-18 1.9114e-18 3.2237e-18 2.1585e-17 3.6405e-17 0.011544 0.025623 0.041744 0.052273 0.052636 0.039883 0.12519 0.32774 0.023151 0.055251 0.18237 0.52164 -0.060799 0.04761 0.087467 0.11597 0.052686 0.13266 0.28886 0.26092 -0.1124 0.11355 0.3381 0.37683 -0.033585 0.022397 0.16595 0.20029 -0.018911 -0.024005 0.0547 0.0658
67.861 196.43 5.0937 5.4038 0 0 0 0 0 0 0 0 -2.4625e-20 -2.038e-20 1.3795e-17 1.1417e-17 5.5326e-18 4.579e-18 2.2775e-17 1.8849e-17 0 0 0 0 6.4526e-05 0.00068418 6.4526e-05 0.00068418 9.7471e-05 0.0010335 9.7471e-05 0.0010335 -4.6509e-18 -3.8492e-18 6.227e-18 5.1537e-18 0.038042 0.024502 0.051754 0.062184 0.10007 0.04068 0.17824 0.51433 -0.098974 0.045166 0.19359 0.52328 -0.034994 0.012769 0.046053 0.057413 0.04209 0.10144 0.23095 0.1894 -0.032467 0.079591 0.26178 0.32792 -0.061666 0.044044 0.14309 0.20377 -0.0069358 -0.0044944 0.021508 0.022252
165.97 130.55 7.1472 1.7472 -0 0 0 0 -0 0 0 0 -0 0 0 0 -0 0 0 0 -0 0 0 0 0.11024 0.087274 0.14666 0.16792 -0.013544 0.18005 0.20298 0.39838 -0.0040047 0.1324 0.077695 0.20913 0.013041 0.0024424 0.013041 0.0033123 0.08538 -0.053386 0.25486 0.17932 0.003621 -0.13306 0.36346 0.41545 0.021516 -0.055253 0.24723 0.31721 0.0051161 0.00039916 0.0051161 0.0012603 0.0022699 -0.016281 0.091084 0.081495 -0.0075485 -0.027985 0.064764 0.059963 0.013848 -0.018434 0.062208 0.084411
61.568 101.66 9.4523 0.78154 0 0 0 0 0 0 0 0 0 0 0 0 0 0 0 0 0 0 0 0 0 0 0 0 0 0 0 0 0 0 0 0 0.0021743 0.0025793 0.0021743 0.0025793 0.16686 0.21802 0.37097 0.35109 -0.10086 0.11013 0.28524 0.27608 -0.0063255 0.0062734 0.015156 0.01227 0.0634 0.049411 0.12022 0.12131 0.004554 -0.038205 0.40911 0.42018 -0.063465 -0.054779 0.243 0.1833 -0.018954 -0.0015316 0.044279 0.01863
126.73 110.75 10.328 1.6115 -0 0 0 0 -0 0 0 0 -0 0 0 0 -0 0 0 0 0.0089034 0.016129 0.0089034 0.016129 0.0039838 0.14851 0.021765 0.14855 -0.0067437 0.16785 0.050503 0.16785 -0.0091133 0.019022 0.016416 0.019022 0.055546 0.00031025 0.080923 0.057367 0.056441 -0.04815 0.30378 0.51595 -0.059471 -0.051797 0.35047 0.57646 -0.050947 -0.0043445 0.079094 0.065102 0.0096761 -0.0058986 0.028922 0.02432 -0.001704 -0.03678 0.076379 0.075274 0.0018365 -0.039741 0.10003 0.12627 -0.011735 -0.0054797 0.026185 0.022587
