49 64
124.68 117.77 2.1191 1.7245 -0 0 0 0 -0 0 0 0 -0 0 0 0 -0 0 0 0 0.007453 0.11846 0.03785 0.12362 -0.035088 0.1292 0.045973 0.1325 0.021948 0.12023 0.030274 0.12023 -0.018961 0.061538 0.024995 0.06195 0.017898 -0.056427 0.14381 0.30636 0.00085482 -0.062866 0.20648 0.42615 0.057065 -0.032365 0.1897 0.55314 -0.055702 0.054965 0.17838 0.2556 -0.0023923 -0.012907 0.032256 0.046561 0.010219 -0.037402 0.071431 0.1314 0.029558 -0.038097 0.0887 0.15474 0.038474 -0.031214 0.15473 0.095599
97.507 119.56 1.7922 0.77104 0 0 0 0 0 0 0 0 0 0 0 0 0.0094819 0.017241 0.012933 0.017389 0.00016465 0.00095257 0.00016465 0.00095257 -0.0014113 0.009304 0.0099129 0.0093767 0.00012796 0.0095594 0.004879 0.0095878 0.10963 -0.011729 0.14429 0.087015 0.06906 0.097721 0.11002 0.11836 0.020024 0.15963 0.22306 0.42515 -0.10362 0.21609 0.22781 0.38386 -0.0068016 0.0075862 0.10646 0.10606 0.03998 -0.011686 0.23992 0.1488 -0.026654 -0.1027 0.26752 0.27405 -0.0098675 -0.079874 0.15925 0.31585 -0.035161 -0.0097595 0.062516 0.075631
138.57 122.77 2.2079 1.7434 -0 0 0 0 -1.8847e-06 0.00012736 0.00012081 0.00012736 -2.1428e-05 4.9988e-05 5.4495e-05 4.9988e-05 -0 0 0 0 0.0098627 0.0048023 0.012257 0.0079922 0.10283 0.15115 0.14033 0.21456 -0.063953 0.21511 0.14614 0.42703 0.014161 0.11686 0.063112 0.14042 0.0027888 0.023035 0.079635 0.045063 0.058224 -0.099727 0.24396 0.26361 -0.0045863 -0.15398 0.22366 0.46779 0.014835 -0.055966 0.15226 0.31968 -0.013041 -0.0033387 0.061529 0.059186 0.00034924 -0.014112 0.049187 0.053844 0.0051323 -0.012122 0.05882 0.095827 0.020298 -0.015314 0.056564 0.081611
133.31 126.62 2.0188 4.8846 -0.017978 0.017859 0.047115 0.057277 -0.0043774 0.015618 0.039321 0.065145 -0.0075328 0.00031217 0.023169 0.034188 0.0075097 0.0065588 0.020549 0.025237 -0.029891 0.083225 0.11664 0.20482 -0.041735 0.1277 0.17557 0.26192 0.01702 0.12191 0.12828 0.20316 -0.017914 0.010852 0.088133 0.077133 -0.045447 -0.08789 0.10413 0.31554 0.06004 -0.11227 0.19335 0.44062 -0.053568 -0.094719 0.22973 0.5193 -0.052671 -0.01763 0.063456 0.04846 -0.002691 -0.012118 0.0034891 0.012118 0.0073042 -0.028433 0.0084318 0.028433 -0.0019707 -0.038149 0.013518 0.039346 -0.0027279 -0.0044935 0.0032137 0.0045584
148.24 128.15 2.062 3.4796 0.029213 -0.00322 0.060556 0.070947 0.058374 -0.10811 0.15891 0.24603 -0.098779 -0.11353 0.15151 0.15922 -0.0079647 -0.0027854 0.0084335 0.0042439 0.02872 -0.02166 0.084721 0.059728 0.0038203 -0.0013316 0.13758 0.15751 -0.012275 0.0071734 0.023866 0.047171 -0.0003957 0.00023532 0.00052378 0.00049949 0.014656 0.0081786 0.063773 0.040723 0.17907 0.072403 0.34127 0.21634 -0.14215 0.10336 0.30022 0.1678 -0.0078073 0.00042295 0.008139 0.003811 0.0027274 0.0042369 0.078318 0.055513 0.12991 0.012962 0.404 0.23163 -0.16319 -0.061025 0.33525 0.13358 -0.0015461 -0.00080731 0.0019259 0.001288
175.58 132.69 2.2234 2.0547 -0 0 0 0 0.00012275 0.0004313 0.00012275 0.0004313 -2.3978e-05 0.00089693 0.00033499 0.00089693 -0 0 0 0 0.018092 0.022386 0.02573 0.036465 0.07536 0.16988 0.098088 0.23039 -0.079271 0.30759 0.12676 0.33124 -0.031544 0.046502 0.035211 0.048636 0.029171 -0.0099223 0.089816 0.074106 0.16485 -0.034788 0.21099 0.30247 0.036647 -0.082072 0.26534 0.47206 -0.15087 0.010908 0.21477 0.11444 0.025724 0.0023549 0.036806 0.024259 0.00022687 -0.053888 0.099484 0.11016 0.06007 -0.084217 0.13447 0.16657 -0.037735 -0.027912 0.10786 0.079052
118.12 136.5 1.9472 3.6233 -0.0010182 -0.0014921 0.025077 0.019031 0.0070508 0.0037897 0.027985 0.018028 0.021939 0.013684 0.078199 0.053934 0.077644 0.031253 0.17703 0.082915 0.0047301 0.0048455 0.024524 0.017912 0.0058709 0.02611 0.090182 0.078912 0.054145 0.038361 0.19694 0.16221 0.050402 0.016847 0.29065 0.20425 0.015688 0.0085312 0.038794 0.044406 0.039597 0.019233 0.14676 0.14134 0.18605 0.10382 0.42611 0.23322 -0.049733 0.028115 0.32726 0.13681 0.0434 -0.014152 0.054589 0.074263 0.042199 0.0027216 0.12476 0.30099 0.017455 -0.017134 0.21938 0.29054 -0.047383 -0.043123 0.099168 0.071161
129.94 137.39 2.0176 4.8135 -0.0030912 0.0098145 0.013324 0.019884 0.0013745 -0.0048572 0.016408 0.03121 -0.0020864 -6.1712e-05 0.0086176 0.014853 0.0084417 0.0050936 0.0093378 0.008516 -0.02642 0.030578 0.082803 0.097564 -0.0093417 0.028248 0.069574 0.133 -0.010549 0.0098351 0.047629 0.071026 0.011726 0.014466 0.037367 0.052021 -0.024408 0.078258 0.13738 0.25082 -0.041888 0.14918 0.18521 0.316 0.017561 0.15031 0.15108 0.25118 -0.023187 0.033475 0.11118 0.099467 -0.03201 -0.036879 0.10447 0.31614 0.0099068 -0.07481 0.16161 0.35036 -0.016264 -0.06129 0.20074 0.48917 -0.056825 -0.021051 0.070559 0.068099
164.44 142.02 1.9968 5.0776 0.010623 0.0098471 0.018448 0.021958 -0.010424 0.016326 0.041828 0.041836 0.045068 0.0045757 0.061704 0.034852 0.019325 -0.072609 0.12372 0.081638 0.025091 0.032437 0.08921 0.099952 -0.015798 0.084709 0.23254 0.17631 0.047277 0.1041 0.14317 0.1774 -0.045982 0.022157 0.092598 0.05731 -0.0053119 -0.011176 0.082857 0.055146 0.18234 0.062917 0.44885 0.33918 -0.045658 0.16008 0.17529 0.40409 -0.085818 0.027846 0.11904 0.11014 -0.0013002 -0.0032661 0.0076291 0.0044842 0.083568 -0.11208 0.12951 0.14406 -0.011892 -0.15037 0.08156 0.23258 -0.035034 -0.032157 0.041 0.064352
175.58 144.63 1.6964 3.4385 -0.026494 0.039292 0.027982 0.046754 0.00481 0.001225 0.013623 0.024377 -0.0081182 0.02233 0.052135 0.066389 -0.0052273 0.004326 0.0070469 0.0060435 -0.1174 0.017309 0.13864 0.19429 0.034992 0.11631 0.090673 0.16599 0.030162 0.17788 0.20647 0.23109 -0.058477 0.059507 0.087607 0.062674 -0.014394 -0.057367 0.052558 0.10401 0.12867 -0.059784 0.20638 0.16804 0.1598 0.089358 0.41366 0.20183 -0.16453 0.028065 0.23661 0.076648 0.015075 0.0040513 0.028976 0.036166 0.072882 0.0062384 0.14931 0.18392 0.056028 -0.1172 0.27102 0.30425 -0.086946 -0.050435 0.10655 0.078038
181.96 143.24 2.0036 3.4362 -0.00086479 0.00021631 0.0013764 0.0035529 -4.7173e-05 0.015658 0.014211 0.029237 -0.0053713 0.010265 0.0074947 0.011475 0 -0 0 0 -0.056135 0.046232 0.069897 0.1181 0.036702 0.057077 0.081279 0.17205 -0.040325 0.098002 0.14903 0.16178 -0.014452 0.012377 0.015302 0.012377 -0.016114 -0.001863 0.089529 0.1465 0.096732 0.081114 0.23202 0.26635 -0.016216 0.22792 0.41752 0.26572 -0.087 0.037 0.098006 0.042307 0.020397 -0.013545 0.045957 0.055514 0.14767 0.033958 0.26243 0.16464 -0.061623 -0.010664 0.43119 0.23224 -0.083806 -0.015164 0.09167 0.031212
83.697 145.84 1.8984 3.1131 -7.0585e-05 -0.0012115 0.04256 0.035526 -0.0016526 -0.0092868 0.065748 0.064918 0.12935 -0.050217 0.22331 0.3105 -0.025207 -0.11045 0.19441 0.29363 0.014339 0.010103 0.051233 0.10816 0.012979 0.089335 0.083009 0.23554 0.043725 0.12507 0.11813 0.28328 -0.051649 0.088331 0.10791 0.1533 -0.0069559 -0.010885 0.05842 0.11944 0.035792 -0.083028 0.092512 0.20458 0.16746 -0.087988 0.21742 0.25075 -0.10918 -0.013954 0.31931 0.21445 -0.00756 0.0056152 0.027149 0.070361 -0.0045206 0.012953 0.030314 0.07624 0.057774 -0.026658 0.10221 0.13448 -0.039749 -0.052421 0.08573 0.063282
107.55 146.77 1.7705 4.0986 -0.012509 0.00045255 0.033353 0.021754 -0.0030817 0.0013099 0.014319 0.011908 0.0013946 -0.00019967 0.048463 0.062916 0.001254 -0.00038842 0.015812 0.01955 -0.008063 0.0062954 0.060649 0.056576 -0.013984 0.02578 0.055945 0.054955 -0.01007 0.046721 0.079836 0.074834 0.0024005 0.031398 0.083488 0.098983 -0.019721 0.00084855 0.057286 0.057992 0.027946 0.09319 0.1605 0.16823 0.036793 0.030167 0.2224 0.25089 -0.036384 0.037637 0.18743 0.19567 -0.043276 0.038278 0.084758 0.059107 0.13319 -0.035617 0.224 0.29468 0.012815 0.075294 0.32971 0.47384 0.025576 0.070524 0.2521 0.32446
85.461 156.51 1.6727 3.1866 0.015888 -0.0038139 0.059942 0.06679 -0.016822 0.0017234 0.1035 0.095816 0.0028736 0.00034948 0.109 0.10606 0.12005 -0.01049 0.16437 0.22896 0.0083661 0.017927 0.12473 0.10309 0.020489 0.028931 0.13651 0.23085 0.0073354 0.14911 0.1156 0.31919 0.041434 0.085004 0.093319 0.24838 0.00072835 -0.0040367 0.14446 0.12563 -0.012498 -0.014205 0.17434 0.28302 0.073407 -0.11236 0.15804 0.33961 0.12603 -0.046122 0.1688 0.2835 0.0096665 -0.0038742 0.052348 0.086745 -0.017383 0.014732 0.07182 0.18026 -0.0064647 0.031227 0.048223 0.12128 0.076958 -0.017822 0.11616 0.13678
81.614 160.28 1.8552 5.8768 0.012609 0.016862 0.03551 0.0896 0.01349 -0.0039941 0.08226 0.17906 -0.0044455 -0.001374 0.068795 0.17013 0.0021485 0.016062 0.038312 0.080131 -0.0055748 0.012476 0.083706 0.11336 0.036909 0.011094 0.09117 0.28997 0.014425 0.02015 0.13404 0.32841 -0.03113 -7.2993e-05 0.09407 0.13156 -0.068473 0.05497 0.16545 0.36228 -0.10358 -0.036513 0.16793 0.44925 -0.025703 -0.034507 0.12326 0.29253 -0.025785 0.020608 0.095377 0.14556 -0.043426 -0.0091565 0.073008 0.17565 -0.0060125 -0.0019739 0.10088 0.1245 -0.013244 -0.010004 0.10794 0.11127 0.0023131 -0.021853 0.06239 0.083294
65.335 166.5 2.2605 5.7926 0 0 0 0 0 0 0 0 0 0 0 0 0 0 0 0 0.0085452 0.021875 0.0085452 0.021939 0.090748 0.17761 0.11278 0.19678 -0.023593 0.15604 0.074005 0.21768 -0.010894 0.10035 0.035362 0.11674 0.021703 0.023027 0.096261 0.16632 0.013468 -0.051684 0.1983 0.40395 -0.029079 -0.023319 0.16578 0.43165 0.019243 -0.026689 0.10199 0.22455 -0.043787 0.036949 0.11628 0.11701 0.029305 0.076727 0.10616 0.26252 0.014705 0.022179 0.10279 0.34141 -0.032839 0.0011414 0.10199 0.16647
72.039 168.54 2.0011 2.5925 0.028908 -0.02091 0.067412 0.12388 0.0079101 0.076659 0.11055 0.27608 0.024829 -0.01278 0.1169 0.32734 -0.013117 -0.088811 0.094403 0.15861 0.0030638 0.06825 0.083001 0.16757 -0.0073888 0.015197 0.14342 0.39225 -0.017019 0.080342 0.14621 0.3921 0.002925 0.042651 0.10992 0.17845 0.0026056 -0.081153 0.055434 0.14381 0.0030196 -0.10814 0.10666 0.26668 -0.035506 -0.079623 0.13813 0.3194 -0.047125 -0.046917 0.070788 0.11292 0.0010765 -0.012245 0.0035332 0.012245 0.001069 -0.023126 0.005514 0.023798 -0.0041415 -0.028944 0.006965 0.030818 -0.0018394 -0.0034369 0.0018864 0.003928
100.11 169.84 1.9509 2.6 0.0039516 0.011234 0.011082 0.017246 0.0065867 0.0071899 0.036773 0.047126 0.006889 0.00079921 0.060106 0.081608 0.035683 -0.0021605 0.11842 0.12521 0.02256 -0.01168 0.029121 0.047987 0.050433 0.05275 0.19443 0.25954 -0.037097 0.059058 0.22963 0.29873 -0.024719 -0.010321 0.16387 0.17303 0.0039386 0.013366 0.031918 0.038566 0.065412 -0.062593 0.14755 0.24175 -0.049685 -0.014632 0.22718 0.3946 0.066943 0.010564 0.14036 0.28779 0.011862 0.028414 0.075288 0.086286 -0.012013 0.098922 0.070127 0.16208 0.027956 0.022908 0.14295 0.27306 -0.0064171 -0.035908 0.077801 0.2622
169.65 171.6 2.2073 1.1065 0.0044354 -0.014235 0.029324 0.020634 -0.013654 0.018347 0.041327 0.030682 -0.0062121 0.0082539 0.010482 0.01154 -0.00021682 4.4285e-05 0.0004682 0.00044218 0.042739 0.0040154 0.054762 0.045819 0.069627 0.13516 0.15683 0.22149 -0.024923 0.23479 0.092192 0.24232 -0.017259 0.14978 0.056926 0.21719 0.03288 -0.018159 0.040134 0.032957 0.091226 -0.14299 0.15601 0.32744 0.034277 -0.11905 0.11714 0.50594 -0.0058925 -0.021012 0.12759 0.45432 0.0005405 -0.0016948 0.0019234 0.0025285 0.010128 -0.019891 0.015376 0.037442 0.013722 -0.050452 0.02081 0.093409 -0.00034979 -0.036974 0.017371 0.082484
77.716 173.53 1.7619 2.3091 0.013697 -0.02336 0.074615 0.11716 -0.011859 0.051172 0.10498 0.1959 0.0058548 -0.010927 0.15293 0.28593 -0.027555 -0.048464 0.10008 0.14834 0.012412 0.02734 0.039751 0.11294 0.057503 0.055147 0.12468 0.36881 -0.0023478 0.029673 0.13642 0.46633 0.010577 0.05191 0.17826 0.21951 0.031617 -0.0055935 0.084183 0.18019 -0.0344 0.0061415 0.095619 0.27399 0.008626 -0.0486 0.13216 0.30096 -0.042403 -0.082435 0.10941 0.15704 0.0096649 -0.040627 0.01676 0.042707 -0.0083255 -0.049124 0.014558 0.05258 -0.0068513 -0.037434 0.012354 0.040038 -0.0034223 -0.010996 0.0045972 0.011121
110.67 173.08 1.9783 2.8813 -0.038518 -0.047912 0.1076 0.080334 -0.01602 0.0022632 0.030285 0.027861 0.063837 -0.026594 0.21235 0.13982 -0.052266 -0.010278 0.20826 0.13856 8.3366e-05 -0.0026943 0.0031453 0.0033337 0.034208 0.044768 0.080831 0.11792 -0.010989 0.0002341 0.093759 0.10916 0.0077939 -0.023223 0.097536 0.15915 0.00083955 0.0040823 0.0013982 0.0041012 0.1165 -0.040049 0.16292 0.13495 0.0035637 0.10931 0.34922 0.4141 0.032034 0.071655 0.24873 0.23112 0.0064578 0.024352 0.076499 0.096232 0.023487 -0.0018983 0.096556 0.098878 0.029303 -0.016384 0.21848 0.34236 0.024018 0.033689 0.13151 0.23282
155.34 178.53 2.1657 1.1467 -0.0087335 0.010366 0.01333 0.012122 -0.0014815 0.0015376 0.0028953 0.0027103 0 0 0 0 0.00019185 0.00043997 0.00036779 0.0004855 -0.010488 0.12018 0.064974 0.13611 -0.010779 0.2347 0.063102 0.25027 -0.054349 0.13284 0.071175 0.21362 -0.0083337 0.050364 0.020509 0.061638 0.024648 -0.075386 0.070924 0.25332 0.0092277 -0.078993 0.13601 0.581 -0.057304 -0.034337 0.15501 0.49083 -0.043302 -0.00225 0.066694 0.1222 0.0091452 -0.024695 0.013229 0.043149 0.0046491 -0.051178 0.020867 0.10963 -0.0062325 -0.061571 0.019602 0.099777 -0.012087 -0.023117 0.014519 0.028195
136.02 194.63 1.7162 5.1729 0 0 0 0 0 0 0 0 0 0 0 0 0 0 0 0 0 0 0 0 0.0067098 0.028825 0.024051 0.029569 -0.00026846 0.036564 0.0078414 0.036564 -0.00029708 0.0014839 0.00029708 0.0014839 0.00073719 0.0028964 0.0063202 0.010608 0.13227 0.054377 0.16362 0.17795 0.025302 0.2065 0.27935 0.349 -0.093561 0.10898 0.12333 0.11901 0.00057643 -0.0012135 0.0031642 0.0061476 0.059089 -0.038914 0.064325 0.052698 0.15612 0.017601 0.38461 0.33991 -0.11084 0.14691 0.34405 0.4128
94.063 127.7 2.6849 0.37232 0 0 0 0 0.0036631 -0.00016737 0.0036631 0.0015 0.019601 0.063265 0.093936 0.079668 -0.014355 0.011446 0.031476 0.043804 0.00043293 0.00099293 0.00047101 0.00099293 0.013381 0.023085 0.022833 0.028553 0.057332 -0.061187 0.22141 0.19356 -0.037462 -0.0060537 0.090584 0.11687 0.07732 0.061056 0.14576 0.090329 0.0017254 0.096608 0.35509 0.52686 -0.099515 0.027185 0.19826 0.36607 -0.0073666 -0.014523 0.054377 0.080798 0.056852 0.01081 0.19278 0.089913 -0.062426 -0.069854 0.31605 0.19549 -0.02968 -0.041031 0.07291 0.092657 0.0012487 -0.0058949 0.014839 0.016359
151.5 142.35 2.6253 5.8372 -0.061714 -0.0039656 0.18547 0.1341 -0.019084 0.0026927 0.052546 0.041688 -0.0031257 -0.0011812 0.0081543 0.0056284 0.05095 0.0091221 0.051272 0.013382 -0.062204 0.012648 0.41323 0.31678 -0.067481 0.033678 0.14846 0.17787 -0.0072232 0.03218 0.044455 0.067989 0.14419 0.033209 0.14829 0.04071 0.0016652 -0.066563 0.085586 0.10613 0.087636 0.090362 0.30728 0.22537 -0.070772 0.14274 0.23469 0.24203 0.13296 0.013359 0.16267 0.11529 9.2025e-05 2.1667e-05 9.6357e-05 4.3279e-05 0.13338 -0.065585 0.1951 0.12342 -0.067555 -0.050704 0.18659 0.20152 -0.015922 -0.024624 0.048204 0.061181
90.136 165.23 2.8113 3.1352 0.0020621 0.0005783 0.0021283 0.0028566 -0.00049153 0.022981 0.043348 0.035791 0.0052376 0.013467 0.057813 0.039263 0.086126 0.057213 0.15822 0.18058 -0.0070391 0.023705 0.053194 0.047914 0.01318 0.012063 0.14806 0.16714 -0.0049869 0.063028 0.1109 0.22427 0.10424 -0.03116 0.25973 0.40121 0.015729 -0.00056696 0.10125 0.090535 -0.014811 0.020631 0.21723 0.23068 0.042597 -0.028766 0.1601 0.38152 0.12658 0.0066539 0.19442 0.34586 0.013261 -0.018507 0.017 0.021503 0.012339 -0.034582 0.081463 0.14022 -0.010372 -0.021153 0.06021 0.18105 0.032354 -0.056224 0.090221 0.12174
141.13 177.75 2.604 0.9426 -0.0056378 -0.00058154 0.02795 0.018668 0.0011608 -0.0011601 0.0095203 0.0095913 -0.0011989 -0.0029102 0.012476 0.01093 0.00097284 -0.0044906 0.013563 0.0096076 -0.0080918 0.010217 0.022218 0.025062 0.0025468 0.017774 0.0051449 0.01804 -0.0036585 0.016128 0.016726 0.021016 -0.0012052 6.8349e-05 0.0029783 0.0025328 0.015209 0.10719 0.13975 0.37486 -0.068895 0.15295 0.32561 0.66275 -0.12041 0.03012 0.18719 0.22719 -0.013683 -0.00034763 0.013738 0.012354 0.0079404 -0.099889 0.060905 0.1602 -0.036948 -0.12822 0.1184 0.25865 -0.036243 -0.0461 0.044686 0.061241 -0.0012109 -0.00082194 0.0012109 0.00082194
86.228 181.45 2.9406 2.3578 0.0035239 -0.0055625 0.0085341 0.013833 0.023318 0.008613 0.088627 0.14271 0.015403 0.018272 0.16348 0.21276 0.061379 -0.017556 0.21071 0.28002 0.015285 0.0093103 0.024336 0.026974 0.038414 0.052025 0.12235 0.19902 0.039829 0.034205 0.20903 0.48566 -0.017147 0.0045561 0.19991 0.34056 0.020324 -0.0069503 0.028682 0.022542 0.074493 -0.046495 0.12851 0.25553 -0.022814 -0.089023 0.10011 0.31808 -0.033398 -0.068774 0.10762 0.20556 0.00010473 -0.0001044 0.00010473 0.0001044 0.004088 -0.016715 0.0051686 0.016715 -0.0024625 -0.022869 0.0053493 0.022869 -0.0017825 -0.0068961 0.0019932 0.0068961
84.135 187.59 2.8224 2.3452 0.00015562 -0.0028239 0.0053184 0.0048688 0.043152 -0.0333 0.10071 0.13421 0.022026 0.023624 0.20307 0.26276 0.036448 -0.0022541 0.20047 0.29403 0.018323 -0.0006203 0.026606 0.026935 0.077432 0.051848 0.17984 0.27539 0.034629 0.050368 0.18332 0.49479 -0.010412 0.005955 0.18547 0.40689 0.0033359 -0.0035993 0.0055389 0.0055123 0.060696 -0.08569 0.076242 0.14364 -0.015487 -0.1332 0.055866 0.22654 -0.014636 -0.06307 0.039721 0.11342 -0 0 0 0 -0 0 0 0 -0 0 0 0 -0 0 0 0
98.026 190.4 2.8852 2.4216 -0.043803 -0.12364 0.14983 0.1475 0.0080693 -0.0021883 0.03033 0.035097 0.023534 0.027734 0.1126 0.18973 0.01943 0.011451 0.14439 0.17409 -0.00026331 -0.00049345 0.00045492 0.00049345 0.020902 0.023011 0.041459 0.048403 0.059015 -0.035937 0.19446 0.27684 0.052741 -0.028784 0.21791 0.4173 -0 0 0 0 0.060861 -0.022946 0.080292 0.084811 0.1019 -0.039575 0.20523 0.45052 0.00071125 -0.043215 0.12439 0.42492 -0 0 0 0 0.0025626 -0.0018224 0.0025626 0.0018466 0.017465 -0.055398 0.020136 0.058515 -0.0020103 -0.048943 0.011308 0.05152
92.026 196.56 2.5219 4.6757 0 -0 0 0 0 -0 0 0 0 -0 0 0 0 -0 0 0 0 -0 0 0 0.012895 0.062178 0.026665 0.06433 -0.0065443 0.036924 0.031005 0.040133 -0.00049151 0.00016492 0.00049151 0.00016492 0.10786 0.082511 0.11266 0.093206 -0.070553 0.071263 0.40422 0.43002 -0.081382 -0.015017 0.17383 0.13503 -0.0020876 0.0045149 0.0024175 0.0050775 0.057092 0.029367 0.25509 0.15792 -0.090159 -0.01563 0.37711 0.39173 -0.021172 0.050326 0.26432 0.23603 -0.027146 0.001787 0.056431 0.054353
82.199 187.8 3.0952 5.4188 0 0 0 0 0 0 0 0 0 0 0 0 0 0 0 0 0.023219 0.078221 0.036836 0.081933 0.017331 0.18418 0.068013 0.21569 -0.068429 0.11204 0.087128 0.14539 -0.0050103 0.0068576 0.0082921 0.0074687 0.024794 0.036062 0.18691 0.35352 -0.042576 0.0041934 0.16906 0.50135 -0.060258 -0.059513 0.13394 0.26516 -0.012791 -0.0028954 0.02386 0.026582 -0.0069183 0.049044 0.19452 0.27987 -0.026944 -0.010288 0.20321 0.33279 -0.038333 0.007636 0.10724 0.16893 -0.0050863 0.0020209 0.0074013 0.011213
144.19 190.47 3.5109 4.7703 0 0 0 0 0 0 0 0 8.8047e-18 4.7953e-17 8.0277e-17 5.2099e-17 -7.2838e-18 9.4532e-18 2.5827e-17 1.1374e-17 -0.00064776 7.141e-05 0.0013837 0.00061753 0.06483 0.066164 0.06983 0.12717 -0.031307 0.1537 0.089682 0.2562 -0.016785 0.027169 0.017226 0.032276 -0.0037207 0.00084046 0.011081 0.011107 0.094188 -0.056847 0.096464 0.13046 0.13958 -0.060191 0.35486 0.72217 -0.13346 0.071896 0.19371 0.2186 -0.0043947 0.0062513 0.0096098 0.018567 0.0056964 0.001333 0.0063878 0.014434 0.074733 -0.060679 0.097622 0.10318 -0.033468 -0.042251 0.10474 0.089949
98.764 107.48 5.2135 0.85976 0 0 0 0 0 0 0 0 0 0 0 0 0 0 0 0 0 0 0 0 -2.2045e-05 0.00029591 2.2045e-05 0.00029591 0.024762 0.021867 0.025083 0.023123 -0.0061463 0.052824 0.043645 0.072707 0.0026288 0.0045429 0.0028026 0.0045429 0.1587 0.14561 0.30284 0.35991 -0.011921 0.097759 0.33292 0.5144 -0.029851 -0.0068391 0.21944 0.18083 0.043759 0.005441 0.048534 0.048585 -7.3058e-05 -0.067414 0.29112 0.31723 -0.035935 -0.075852 0.11055 0.17211 -0.0050578 -0.013543 0.068758 0.05173
63.628 120.96 5.0997 0.76212 0 0 0 0 0 0 0 0 0 0 0 0 0 0 0 0 0 0 0 0 0 0 0 0 0 0 0 0 0 0 0 0 0.0089562 0.10224 0.035863 0.10224 0.076519 0.18195 0.31114 0.35438 -0.07578 0.072079 0.2324 0.2491 -0.0091293 0.011588 0.019645 0.021383 0.031916 0.0021077 0.33601 0.32 -0.076211 -0.071272 0.32719 0.41129 -0.0027636 -0.031371 0.21938 0.17379 -0.014656 0.0066824 0.066445 0.029805
156.29 119.96 5.3323 1.6334 -0 0 0 0 -0 0 0 0 -0 0 0 0 -0 0 0 0 0.0032026 0.0026964 0.0032026 0.0026964 0.0015744 0.034255 0.014978 0.035425 0.025415 0.1151 0.093385 0.19942 -0.0084173 0.1214 0.086535 0.23038 0.078802 0.0072108 0.086523 0.074292 -0.061519 0.016427 0.2938 0.41386 0.0091296 -0.063064 0.256 0.37423 0.038679 -0.061085 0.25415 0.35153 0.07488 0.013609 0.079373 0.056585 -0.069723 0.1184 0.24682 0.27122 -0.02775 0.015726 0.038817 0.043952 0.013301 -0.017761 0.0342 0.028754
88.787 122.07 5.0886 0.59266 0 0 0 0 0 0 0 0 0 0 0 0 0 0 0 0 0 0 0 0 0.00042841 0.0019017 0.0015538 0.0047301 0.017305 0.073681 0.18787 0.20918 -0.022808 0.021783 0.047624 0.062995 0.056879 0.020868 0.056879 0.023753 0.055555 0.10592 0.41392 0.49458 -0.08393 -0.039657 0.30345 0.38856 -0.0064234 -0.0064157 0.11529 0.099189 0.051073 -0.0057916 0.16051 0.0935 -0.040369 -0.091104 0.28928 0.23203 -0.014075 -0.033446 0.052166 0.066985 0.0051255 -0.010162 0.037447 0.026508
143.84 141.24 5.0496 5.0927 -0.010636 0.00061973 0.044504 0.036969 -0.0030111 0.0016241 0.010555 0.013917 0.1395 -0.017509 0.2044 0.23298 -0.067873 0.05677 0.16576 0.15383 -0.036759 0.090394 0.25712 0.1623 -0.038941 0.042818 0.060795 0.066236 0.12804 -0.012871 0.17701 0.13496 -0.048372 -0.090261 0.24276 0.19557 0.025423 -0.071308 0.16018 0.24388 -0.043446 -0.026894 0.21338 0.43395 0.067461 -0.019758 0.2861 0.29785 -0.069984 -0.020914 0.1066 0.10383 0.00078284 -0.0047417 0.002141 0.0047417 -0.0010335 -0.022101 0.011679 0.022104 0.0048227 -0.028614 0.020872 0.032813 -0.0062332 -0.010904 0.0083762 0.013765
91.358 145.03 5.0622 5.712 0.00074351 0.0015004 0.00074351 0.0015004 0.012638 0.010047 0.026641 0.04657 0.0033786 0.011032 0.030763 0.093938 -0.0080269 0.004526 0.014946 0.027024 0.045741 0.0054735 0.045741 0.028782 -0.023642 0.029847 0.23131 0.32468 -0.019431 -0.023114 0.11397 0.19188 -0.010229 -0.0088505 0.029322 0.035229 0.015338 -0.005333 0.015338 0.010705 0.091062 0.068067 0.45546 0.38327 -0.097236 0.014721 0.18551 0.16779 0.0014411 -0.0029728 0.011318 0.011753 0.00094021 0.0002047 0.00094021 0.0002047 0.10258 -0.080902 0.34544 0.24324 -0.077749 0.025933 0.26117 0.23448 0.0029987 0.019986 0.017532 0.030172
63.016 187.94 5.2178 5.6767 0 0 0 0 0 0 0 0 0 0 0 0 0 0 0 0 0 0 0 0 3.1119e-18 -2.1589e-18 3.1119e-18 2.1589e-18 4.5542e-18 -3.1595e-18 4.5542e-18 3.1595e-18 0 0 0 0 0.034573 0.048922 0.092066 0.11137 0.020903 0.090488 0.19849 0.42677 -0.078361 0.044698 0.16165 0.30084 -0.014036 0.0035816 0.01867 0.013826 0.032138 0.038949 0.34708 0.38801 -0.085055 0.046699 0.29106 0.46517 -0.035421 -0.020908 0.1065 0.14888 -0.0058274 0.0099806 0.012908 0.016541
178.57 188.62 5.071 3.9631 0 -0 0 0 0 -0 0 0 0 -0 0 0 0 -0 0 0 1.49e-17 -1.3862e-17 1.49e-17 1.3862e-17 0.00044485 0.02552 0.0026499 0.02552 -0.0013621 0.017417 0.0018944 0.017417 -7.507e-05 7.7658e-05 8.2869e-05 7.7658e-05 0.068966 0.031577 0.086859 0.10238 0.096569 0.070757 0.34404 0.66229 -0.17408 0.051702 0.27093 0.4079 -0.018213 0.016799 0.023987 0.022212 0.017684 -0.017745 0.026694 0.036515 0.0015346 -0.11231 0.071299 0.16408 0.058071 -0.045721 0.14967 0.17782 -0.050093 0.0053042 0.10739 0.087643
156.12 112.47 6.8682 1.9018 -0 0 0 0 -0 0 0 0 -0 0 0 0 -0 0 0 0 0.0025157 0.0041092 0.0025157 0.0041092 0.0034252 0.029437 0.010772 0.029668 -0.00055697 0.0066605 0.0047714 0.0067362 -0 0 0 0 0.057202 0.031373 0.070591 0.060052 -0.030797 0.022478 0.30152 0.3765 0.066127 0.037335 0.3072 0.50137 -0.063003 0.068004 0.19217 0.15713 0.10275 -0.00091656 0.14564 0.11118 -0.1181 0.047744 0.36022 0.29673 0.022494 -0.033562 0.079574 0.073164 -0.0049319 -0.026399 0.15585 0.11308
110.09 126.82 7.1641 4.3334 0.0029309 0.0094223 0.029183 0.021681 0.011704 -0.00396 0.040506 0.041787 0.078759 -0.10849 0.12775 0.33097 -0.055776 0.0097623 0.14906 0.16786 0.023579 0.012284 0.12356 0.062304 0.028252 0.090823 0.29973 0.30578 -0.010779 0.057752 0.30834 0.4497 -0.031708 -0.058423 0.16707 0.17715 0.022959 -0.02306 0.0668 0.049749 0.033584 -0.10375 0.19009 0.25372 -0.05758 -0.09807 0.13977 0.26004 -0.0066734 -0.0072722 0.010525 0.014378 0 -0 0 0 0 -0 0 0 0 -0 0 0 0 -0 0 0
170.02 135.82 5.2148 1.6198 -0 0 0 0 -0 0 0 0 0.00014967 0.00053128 0.00078799 0.00054446 0.0011815 0.0013446 0.0018304 0.001358 0.0014831 7.2682e-05 0.0014831 7.2682e-05 0.10093 0.10123 0.13274 0.24157 -0.0107 0.087372 0.22659 0.29085 0.051557 0.0061856 0.16608 0.39333 0.0020688 0.00010138 0.0020688 0.00010138 0.095367 0.0096643 0.22831 0.24028 -0.081779 -0.044861 0.20396 0.1998 0.016492 -0.046437 0.046787 0.062152 -5.5337e-17 -2.7118e-18 5.5337e-17 2.7118e-18 0.15262 -0.020873 0.24427 0.25067 -0.11228 0.10374 0.26151 0.34174 -0.024647 0.019746 0.027299 0.024997
162.34 180.69 7.3385 0.86308 0.025762 0.025874 0.05317 0.043044 -0.020077 -0.041111 0.20073 0.23373 -0.025921 -0.049226 0.084397 0.10077 0.00028341 -0.0077289 0.043876 0.032212 0.048467 -0.037999 0.11242 0.10213 0.057953 0.08322 0.34384 0.55749 -0.10624 0.11061 0.17548 0.39887 -0.011368 -0.0024135 0.017516 0.016393 0.006432 -0.003757 0.0068939 0.003757 0.067363 -0.13804 0.1294 0.2952 -0.06825 -0.093822 0.091273 0.20935 -0.0049029 -0.0014738 0.0049249 0.0038932 0 0 0 0 0 0 0 0 0 0 0 0 0 0 0 0
148.45 152.27 9.8843 0.93325 0 0 0 0 0.033093 0.033682 0.037582 0.047667 -0.0049369 0.063711 0.14021 0.16034 -0.013146 0.0069197 0.029072 0.020668 0.015208 -0.00054771 0.015208 0.0023637 0.048781 0.035006 0.29831 0.33866 -0.053704 -0.07336 0.24436 0.31784 -0.025814 -0.0099133 0.064864 0.042043 0.011574 -0.0016223 0.011574 0.0027211 0.11649 -0.048839 0.324 0.42943 -0.13325 0.0050121 0.23258 0.41971 -0.0068558 -0.0032487 0.012298 0.010355 0 0 0 0 0.013757 -0.030928 0.020009 0.032854 -0.012101 -0.034282 0.02225 0.035307 -0.0003823 -0.00020291 0.00039223 0.00020291
191.69 151.54 10.299 2.7691 -0 0 0 0 -0 0 0 0 -0 0 0 0 -0 0 0 0 2.1778e-17 -8.5085e-18 2.1778e-17 8.5085e-18 0.0088194 0.02277 0.012493 0.02277 -0.0018615 0.074453 0.055866 0.074561 -0.0023471 0.0025517 0.0023471 0.0025729 1.4275e-17 -5.5771e-18 1.4275e-17 5.5771e-18 0.068692 0.060263 0.60145 0.31338 -0.061572 0.024497 0.5145 0.35021 -0.030069 0.030877 0.085081 0.044705 -0 0 0 0 0.013458 -0.052802 0.15094 0.072672 0.045369 -0.013055 0.21691 0.13447 -0.027503 -0.0059344 0.096694 0.069253
74.668 178.24 9.3102 5.7079 0 0 0 0 0 0 0 0 2.7298e-19 4.2099e-19 7.4083e-19 1.1425e-18 -9.7306e-19 -1.5006e-18 1.394e-18 2.1498e-18 0.00094329 0.0028809 0.00094329 0.0028809 0.0077747 0.033867 0.032581 0.053514 -0.014834 0.01174 0.024948 0.034416 -0.00026614 1.1416e-06 0.00026614 1.4044e-05 0.05211 0.0085499 0.057304 0.045103 -0.015279 0.10079 0.31591 0.34416 -0.016374 0.067316 0.14361 0.1299 -0.012275 0.040838 0.042367 0.040877 0.028998 -0.0022465 0.029238 0.0095013 0.0044172 -0.038283 0.40204 0.26335 0.10149 0.075222 0.53598 0.29208 -0.08307 -0.0066686 0.26018 0.10448
129.28 155.69 12.608 0.53706 0 0 0 0 0.0074389 0.016559 0.018888 0.023141 -0.0081126 0.019571 0.025678 0.025265 -0.00034889 0.00041648 0.00047178 0.00041648 0.0013845 0.0013073 0.0013845 0.0016364 0.024777 0.021511 0.37864 0.34863 -0.066445 -0.025214 0.14606 0.16376 -0.0033201 -0.001149 0.0046642 0.0056379 0.017776 -0.0045378 0.017776 0.008921 0.11052 -0.051023 0.43797 0.54158 -0.097097 -0.010311 0.2775 0.29202 -0.00014517 -0.00069796 0.00045829 0.00081824 0.00021087 -0.0002343 0.00021087 0.0002343 0.011945 -0.029095 0.028714 0.044493 -0.0082033 -0.018794 0.01977 0.025777 0 0 0 0
