44 64
107.08 112.91 1.9827 1.2674 0 0 0 0 0 0 0 0 0 0 0 0 0 0 0 0 0.065008 0.10049 0.084769 0.11207 0.035898 0.27337 0.11486 0.35878 -0.050244 0.20638 0.1032 0.25706 -0.035833 0.043257 0.042733 0.047602 0.02888 0.025547 0.29804 0.39197 -0.048813 -0.13246 0.23048 0.35184 -0.044382 -0.061339 0.18596 0.22679 -0.060755 -0.0019298 0.1175 0.074893 -0.015543 -0.038178 0.088699 0.092376 -0.028762 -0.022743 0.098031 0.070992 0.015264 -0.0056318 0.096862 0.088466 -0.0089199 0.0093221 0.086543 0.063429
143.51 125.51 2.0005 4.7563 -0.027938 -0.07196 0.15716 0.20495 -0.059114 0.0082072 0.12484 0.15254 -0.0049032 -0.00026574 0.13177 0.1291 -0.0061775 0.0071513 0.12359 0.077125 -0.024102 -0.0090015 0.11871 0.076349 -0.017848 -0.0061689 0.12721 0.12186 -0.077281 0.05401 0.22189 0.14257 -0.0016336 -0.044762 0.083349 0.075992 -0.012121 0.082788 0.15234 0.37701 -0.063465 0.080549 0.18626 0.46216 -0.15296 -0.076076 0.23758 0.24173 -0.025518 -0.0066848 0.025981 0.011897 -0.0097508 -0.10593 0.037924 0.18046 -0.045513 -0.1309 0.061714 0.19098 -0.020811 -0.029274 0.021627 0.03346 -0.00049698 -0.00054389 0.00049698 0.00054389
95.687 132.22 2.1781 5.7875 -0.0023377 0.0001908 0.0028181 0.0025476 0.034993 0.023893 0.064401 0.084547 0.0352 0.091398 0.1105 0.19831 -0.020505 0.041119 0.079339 0.098444 0.004531 -0.0018911 0.011174 0.0266 0.044925 -0.057798 0.12713 0.24649 0.034574 -0.10262 0.20571 0.38838 -0.055047 -0.028009 0.12616 0.13231 0.045848 0.086643 0.13454 0.13145 -0.013041 0.14827 0.1693 0.29255 0.025541 0.049456 0.21192 0.21388 0.013545 0.072922 0.28189 0.22573 0.079077 0.015452 0.17176 0.077898 -0.10429 0.044278 0.17041 0.13023 -0.0051236 -0.0092164 0.10842 0.11687 0.0152 0.0011689 0.1693 0.12663
116.12 131.75 1.8802 2.0029 0.015896 -0.027343 0.036195 0.049467 0.029509 -0.053339 0.11886 0.13981 0.014418 -0.041942 0.09614 0.18639 -0.037301 0.014599 0.079708 0.092258 0.011744 0.029937 0.058602 0.055813 -0.045933 -0.019071 0.1086 0.085547 0.0063895 -0.039798 0.080432 0.079143 0.012809 -0.032204 0.0674 0.076398 -0.034191 0.085202 0.35016 0.36455 -0.086032 0.069055 0.26851 0.28685 -0.0091935 0.0050451 0.10119 0.12181 -0.018519 -0.021076 0.074059 0.074888 0.03247 -0.085732 0.21362 0.26257 -0.070615 -0.04626 0.28634 0.37209 -0.01106 -0.020067 0.076533 0.095578 -0.003151 0.012206 0.059369 0.05498
170.32 132.16 2.1479 1.1397 0 0 0 0 0 0 0 0 0.056593 -0.0077448 0.056593 0.015083 0.07888 -0.073204 0.2004 0.13992 0 0 0 0 0.081547 0.11808 0.10766 0.18482 0.025621 0.22994 0.15811 0.29282 -0.0078174 0.049426 0.21348 0.24199 0 0 0 0 0.10942 -0.095102 0.12485 0.22754 -0.024653 -0.10782 0.23222 0.46172 -0.042081 -0.015954 0.3393 0.29672 0 0 0 0 0.00044503 -0.0028936 0.0006527 0.0028936 -0.0041073 -0.018111 0.026398 0.025188 0.033263 -0.03066 0.075079 0.049375
149.37 137.35 2.0707 3.8284 0.026367 0.0061653 0.049454 0.047922 0.0095081 0.018668 0.13239 0.1881 0.018851 0.068556 0.098696 0.16982 -0.019682 0.0061659 0.05774 0.1381 0.044333 0.012054 0.13182 0.085036 -0.0030084 -0.032108 0.2495 0.29774 -0.047997 -0.080595 0.18296 0.29635 -0.028489 -0.033712 0.033935 0.050317 -0.016404 0.18229 0.21204 0.23441 -0.048265 0.051377 0.21381 0.23385 0.017461 0.070808 0.18103 0.24152 -0.055088 0.039751 0.086541 0.075323 -0.047115 -0.016111 0.18271 0.16479 -0.027653 0.017652 0.092922 0.098319 0.093979 0.082128 0.24609 0.14537 -0.085498 0.0076371 0.13396 0.048686
76.472 141.27 1.9494 0.83296 -0.00082631 -0.0015153 0.0036867 0.0046617 -0.0045069 0.0038486 0.013017 0.015002 -0.00059044 0.00034901 0.001741 0.001621 -0.00032173 3.9673e-05 0.00060327 0.00044597 -0.016674 0.064598 0.080725 0.1072 0.0085328 0.062257 0.075131 0.093285 -0.0024891 0.062167 0.094181 0.11213 -0.01256 0.012577 0.022552 0.018843 0.021507 0.13561 0.44538 0.31215 -0.062008 0.077641 0.40532 0.30603 0.021298 -0.039974 0.20212 0.16522 -0.022144 0.0072701 0.073759 0.056288 0.050849 -0.0051965 0.1869 0.16332 -0.12335 -0.01805 0.28937 0.24594 0.039026 0.020408 0.12709 0.13848 -0.039828 0.018275 0.074526 0.041525
105.9 144.71 1.9225 5.0361 0.0049667 0.010077 0.030927 0.031031 -0.0087745 0.0070705 0.03908 0.054978 -0.0023893 -0.014449 0.027424 0.03498 0.0067851 -0.0062634 0.027047 0.017607 0.018465 0.0065196 0.098515 0.084352 -0.04524 0.012489 0.086479 0.091348 -0.0014917 0.064785 0.16216 0.26021 -0.02477 0.19966 0.16863 0.25281 0.0089625 -0.019791 0.080533 0.089869 0.025039 0.019016 0.080184 0.10724 0.0097866 -0.024206 0.17373 0.28142 0.048224 -0.042624 0.3775 0.63798 0.019722 0.019129 0.041036 0.039122 0.00038849 -0.0018072 0.056609 0.060148 0.011171 -0.011404 0.058572 0.063455 0.013909 -0.020983 0.055953 0.061184
160.39 144.44 2.075 3.6054 -0.0018694 -0.0062789 0.014873 0.0267 -0.0018664 0.00082929 0.010469 0.0098029 -0.00037425 0.0031157 0.0029555 0.0039458 -0.0013578 0.018362 0.010198 0.018362 0.037421 0.036874 0.056326 0.06941 -0.023084 0.12052 0.15323 0.19005 0.08807 0.14836 0.20138 0.31255 -0.077484 -0.0079691 0.13563 0.20128 0.047812 -0.0012785 0.13639 0.10333 -0.0081584 -0.050419 0.28744 0.40446 -0.031667 -0.12924 0.2295 0.38817 -0.033076 -0.034165 0.039195 0.054614 0.040545 0.037174 0.10934 0.083339 -0.027349 0.05751 0.19224 0.17933 0.017118 0.053103 0.13702 0.17456 -0.041777 0.053929 0.099749 0.096553
75.546 148.4 1.9639 3.2638 -0.025536 -0.0029431 0.056982 0.1726 0.072348 -0.035212 0.20643 0.21601 0.014377 -0.068121 0.29703 0.43949 -0.067687 0.00061318 0.20219 0.23919 0.0059593 -0.03596 0.10718 0.1391 -0.05025 -0.020012 0.17249 0.16626 0.036268 -0.094446 0.26483 0.37384 -0.03451 -0.067105 0.11455 0.18493 0.019594 -0.038668 0.048229 0.044097 0.0022513 -0.02052 0.12467 0.21183 -0.030522 -0.042569 0.14412 0.15488 -0.0037072 -0.0041161 0.014189 0.010187 0.00046082 -0.0010282 0.00046082 0.0010282 0.0028152 -0.017877 0.0093373 0.023622 -0.0036734 -0.0062045 0.0077467 0.01043 0.00038146 -0.00011483 0.00069728 0.00059741
127.37 150.23 2.0336 4.3743 0.0015802 -0.0055586 0.019796 0.01597 -0.010231 -0.0058818 0.027806 0.02316 -0.0011916 -0.0016094 0.0075428 0.0094788 0.0025005 0.0019615 0.006916 0.012424 0.0026556 -0.0095554 0.018961 0.015361 0.0027631 0.13462 0.042925 0.15727 -0.0044801 0.087562 0.030364 0.094965 0.0055891 0.017784 0.034932 0.0509 0.040006 0.020718 0.096427 0.15449 0.058451 0.085252 0.35757 0.8095 -0.081619 0.019389 0.13994 0.20789 -0.014454 0.0037632 0.047101 0.053509 0.010655 -0.0011898 0.035657 0.051905 0.0015975 -0.031336 0.06921 0.094557 -0.0099691 -0.016247 0.059364 0.050483 -0.0046544 0.00070581 0.021671 0.020871
76.145 152.25 1.949 3.1012 -0.024035 -0.0061973 0.049139 0.16972 0.061381 -0.027744 0.20773 0.19638 0.022657 -0.10887 0.26314 0.43217 -0.06722 -0.028973 0.17757 0.29541 0.034179 -0.037594 0.097767 0.1715 -0.089057 0.00089357 0.19851 0.22591 0.035358 -0.068522 0.24722 0.31765 -0.036673 -0.049555 0.11105 0.16532 0.028174 -0.05397 0.048062 0.059082 0.011885 -0.062211 0.11431 0.16884 -0.023104 -0.037388 0.1585 0.22946 -0.018052 -0.012119 0.030662 0.025663 0.00023416 -0.00080836 0.00023416 0.00080836 0.0031788 -0.010688 0.0037297 0.012089 -0.0028392 -0.015989 0.0095058 0.022723 -0.00098456 -0.00068769 0.0016644 0.0018035
154.73 151.18 2.2902 3.305 -0.004729 0.00023007 0.016068 0.037293 -0.0026505 0.0016609 0.0099158 0.028042 0.002639 0.015587 0.02181 0.034381 0.04202 0.046384 0.10655 0.12398 -0.0097642 0.00049712 0.017684 0.050361 0.065349 0.05097 0.11015 0.15586 0.074981 0.1161 0.18913 0.39599 -0.040811 -0.027462 0.23531 0.26365 -0.0061599 -0.003118 0.045997 0.061944 0.091382 -0.044026 0.25518 0.15679 -0.0012115 -0.0085392 0.29979 0.38904 -0.0035047 0.037324 0.15771 0.21696 -0.0047134 0.0037832 0.033144 0.019554 0.063934 0.015626 0.12555 0.078207 0.040502 0.087413 0.23804 0.19518 -0.0014414 0.025178 0.11835 0.11234
99.295 165.1 1.7587 2.9915 -0.00639 -0.014898 0.11208 0.059114 -0.023568 -0.0063802 0.089363 0.10275 0.012585 -0.0092786 0.087367 0.083662 0.053479 -0.12404 0.51429 0.28226 0.020159 -0.018632 0.09527 0.080134 0.010075 0.032362 0.10845 0.17225 0.0097699 0.028944 0.18645 0.17094 0.07061 0.033007 0.19463 0.19088 0.059918 -0.0055763 0.076468 0.099899 0.0010238 0.0081244 0.080461 0.28382 -0.058113 -0.017565 0.1705 0.27991 0.08417 -0.05667 0.18614 0.23547 0.018268 -0.021151 0.019798 0.026187 0.029758 -0.046839 0.066181 0.13288 -0.030373 0.0066689 0.086724 0.14695 -0.0067758 -0.015778 0.062765 0.061569
165.73 172.54 1.8447 3.0108 -0 0 0 0 -0 0 0 0 0.0006988 0.0053129 0.0009877 0.0075094 5.1246e-05 0.00038962 0.00015496 0.0011781 -1.2774e-15 1.6801e-16 1.2774e-15 1.6801e-16 0.063167 0.061696 0.17141 0.1635 -0.031994 0.056488 0.15266 0.36858 -0.0082011 0.011669 0.031699 0.11221 0.0061807 0.00020276 0.0061807 0.004161 0.071827 0.018369 0.19235 0.29049 -0.064471 0.033762 0.15508 0.35272 0.1575 0.04563 0.23368 0.26043 0.026993 -0.00034891 0.027727 0.023335 0.039439 -0.032678 0.17475 0.28058 -0.010998 -0.013099 0.17889 0.3028 0.035398 -0.041223 0.26255 0.13778
89.946 174.83 2.1322 5.5082 0 0 0 0 0 0 0 0 0 0 0 0 0 0 0 0 0.012296 0.08358 0.056122 0.12671 0.012871 0.16141 0.12464 0.20681 -0.069309 0.12536 0.11325 0.19133 -0.019751 0.0088849 0.021299 0.018931 0.02556 -0.036593 0.18475 0.17956 0.07249 0.049325 0.39527 0.41865 -0.098397 0.029334 0.21562 0.28368 -0.035626 0.074152 0.080223 0.13065 -0.013561 0.07784 0.16612 0.20701 0.04257 -0.075675 0.18329 0.23482 0.0017209 -0.026742 0.11584 0.16633 0.013355 -0.00080726 0.089084 0.14025
89.597 184.36 1.8478 5.2904 0 0 0 0 0 0 0 0 0 0 0 0 0 0 0 0 0 0 0 0 0.00046398 0.014462 0.0026194 0.014462 -0.0018007 0.0088577 0.0025453 0.0088673 -0.00026142 0.00029443 0.00038615 0.00029833 0.018815 0.11587 0.15196 0.18463 0.00083405 0.19957 0.29476 0.41503 -0.14514 0.14296 0.20861 0.30093 -0.0089151 0.089496 0.050743 0.11541 0.051828 -0.014092 0.24836 0.17715 0.0045217 -0.0092983 0.34037 0.27547 -0.033384 0.034757 0.15959 0.25107 0.039861 0.021095 0.10659 0.19469
119.2 189.87 1.9022 4.9055 0 0 0 0 0 0 0 0 0 0 0 0 0 0 0 0 0.0037336 0.03473 0.0088886 0.03558 -0.0062054 0.10496 0.019059 0.10496 -0.0042628 0.10172 0.020143 0.10232 -0.0031074 0.0076175 0.0034735 0.0081451 0.030829 0.073024 0.098401 0.18768 0.069962 0.093591 0.19764 0.45272 -0.14419 0.051011 0.29913 0.4624 -0.025911 -6.818e-05 0.02769 0.030237 -0.0050205 -0.015867 0.10154 0.15029 0.062833 -0.017165 0.16683 0.33584 -0.11373 -0.014889 0.23267 0.25535 -0.01832 0.00689 0.055126 0.041937
126.11 108.12 2.8861 1.7129 -0 0 0 0 -0 0 0 0 -0 0 0 0 -0 0 0 0 0.0072472 0.026526 0.0077625 0.026526 0.0022093 0.12116 0.022482 0.12116 -0.0073635 0.15864 0.038678 0.15864 -0.004977 0.019515 0.004977 0.019515 0.087285 0.051726 0.13435 0.20539 0.050963 0.042871 0.15808 0.55599 -0.012305 -0.0025728 0.18742 0.54986 -0.09316 0.042642 0.1403 0.21251 0.030783 -0.011348 0.079334 0.068131 0.0059803 0.014828 0.12255 0.1211 -0.010798 -0.027991 0.11797 0.13499 -0.03124 -0.023843 0.10066 0.0848
139.81 116.54 2.6363 1.9278 -0 0 0 0 -0 0 0 0 -0 0 0 0 -0 0 0 0 0.010637 0.015265 0.018079 0.015265 0.068069 0.13459 0.081957 0.20708 -0.02067 0.20837 0.10207 0.3333 -0.03059 0.15593 0.056434 0.1643 0.016613 0.026229 0.13211 0.09405 0.074379 -0.024544 0.17008 0.20022 0.043893 -0.10053 0.21009 0.40856 -0.0089463 -0.01003 0.16372 0.32879 0.0094537 -0.019438 0.098622 0.069931 0.10478 0.0031182 0.14656 0.17096 -0.068136 0.1124 0.23983 0.28394 -0.0077359 -0.013651 0.07017 0.089458
137.39 149.49 2.8852 4.284 -0.011145 0.0065347 0.027292 0.034804 -0.002336 0.0011065 0.022692 0.022291 0.00035857 0.0078658 0.022842 0.025551 -0.0028328 0.0036789 0.0062344 0.0062917 -0.0069163 -0.020716 0.055434 0.049117 -0.0028898 0.062868 0.038114 0.090729 0.01785 0.031662 0.12634 0.11977 -0.0016819 0.02053 0.096658 0.097363 0.05015 0.021888 0.18759 0.35816 -0.11015 0.014598 0.36497 0.67859 -0.064842 0.033409 0.13127 0.16325 -0.023574 0.0082345 0.087836 0.098398 0.0010773 -0.0059894 0.069053 0.077095 0.0080717 -0.027486 0.11911 0.11064 0.0030234 0.053526 0.10771 0.14735 -0.044409 -0.0046672 0.073294 0.061355
87.212 155.66 2.8936 5.6701 0.0026668 0.0055644 0.0026668 0.0055644 0.0054556 0.025637 0.010805 0.029921 -0.0052501 0.034033 0.010729 0.034997 -0.0019606 0.0069582 0.0028441 0.0069582 0.013852 0.0052585 0.048095 0.047517 0.027209 -0.0039606 0.11634 0.14239 0.032698 0.038822 0.13018 0.19382 -0.030904 0.03805 0.056572 0.082952 0.046573 0.0088867 0.081411 0.1167 0.0080949 0.046617 0.2441 0.37558 -0.039264 -0.032556 0.1888 0.18754 0.0047903 -0.017212 0.068104 0.087466 0.027887 0.058494 0.079224 0.11955 0.0061659 0.040237 0.16047 0.19449 -0.11227 0.20498 0.49511 0.39633 -0.017658 0.032263 0.12284 0.10948
103.96 159.09 2.648 1.8667 0.051428 -0.020441 0.2107 0.27951 -0.084316 0.0075903 0.36174 0.47162 -0.035449 -0.010997 0.13258 0.13453 -0.025891 0.0098005 0.074695 0.051695 0.044742 -0.066889 0.15403 0.1954 -0.036112 -0.095623 0.2924 0.37333 0.02662 -0.050524 0.18623 0.17757 -0.031994 -0.016701 0.11717 0.091329 0.0027029 0.018976 0.067804 0.070108 -0.0018824 0.021794 0.075892 0.087549 0.008079 0.020086 0.13691 0.093512 -0.015382 -0.0045086 0.071116 0.05913 0.0024054 -0.018295 0.018669 0.035117 -0.0019836 -0.026363 0.023469 0.045969 -0.0067976 -0.0314 0.045646 0.043126 -0.0078222 -0.011212 0.012664 0.013419
79.401 161.79 2.9543 5.7243 0 0 0 0 0 0 0 0 0 0 0 0 0 0 0 0 0.018095 0.013046 0.029055 0.039391 0.034645 0.074867 0.098483 0.15213 -0.021062 0.11575 0.075906 0.16824 -0.021528 0.045924 0.02971 0.04803 0.028652 0.006819 0.10882 0.09931 0.041642 0.11383 0.31625 0.35137 0.051316 0.0041527 0.27924 0.36803 -0.062015 0.033356 0.10914 0.14128 0.07024 0.021996 0.11634 0.16027 -0.005614 0.039134 0.29865 0.40357 -0.02965 0.0062607 0.18342 0.20845 0.030046 0.0017699 0.077027 0.083902
92.357 164.13 2.8231 2.0053 0.016109 -0.090936 0.32847 0.41188 -0.0591 -0.078925 0.31668 0.38438 -0.024449 -0.0035554 0.26083 0.22376 -0.024855 0.0049692 0.069514 0.057574 -0.019758 0.029921 0.1012 0.10558 0.038003 0.036824 0.16289 0.18676 -0.043438 -0.027217 0.24705 0.23673 -0.023752 0.0020426 0.094389 0.087692 -0.0071707 -0.035549 0.049061 0.096617 0.012634 -0.049163 0.14944 0.14317 -0.035675 -0.048772 0.13937 0.13757 -0.019273 -0.01534 0.031392 0.034549 0.00056949 -0.0069882 0.0038862 0.007127 0.0001525 -0.020635 0.013188 0.024017 -0.0035437 -0.01243 0.0066484 0.012928 -0.00034858 -0.00067912 0.00034858 0.00067912
153.78 174.28 2.6683 3.2034 2.0839e-17 3.6469e-16 3.5934e-16 3.6469e-16 0.003577 0.0073004 0.0093005 0.0081328 -0.0033289 0.017227 0.010152 0.018275 -0.0003632 0.0021262 0.0003632 0.0021262 0.00050815 3.1436e-05 0.00050815 3.1436e-05 0.023054 0.019761 0.060613 0.090113 0.0029149 0.00077122 0.07286 0.12708 0.077163 0.067311 0.12964 0.26135 0.00088509 8.5778e-05 0.00093637 8.8951e-05 0.016696 -0.01248 0.064018 0.097736 0.015739 -0.0087312 0.11742 0.10562 0.10209 -0.00062358 0.2638 0.28154 0.019397 0.015593 0.038184 0.028482 0.026495 0.099951 0.15617 0.13721 -0.045457 0.071314 0.10414 0.10351 0.19823 0.25855 0.58763 0.36559
81.635 178.39 2.722 5.5578 0 0 0 0 0 0 0 0 0 0 0 0 0 0 0 0 0.0041124 0.028202 0.0050443 0.028202 -0.0063953 0.075771 0.015133 0.075771 -0.0029079 0.021528 0.004277 0.021528 -6.778e-06 0.00033526 1.4198e-05 0.00033526 0.032866 0.018117 0.15171 0.18302 0.048416 0.089647 0.30454 0.39882 -0.10579 0.1435 0.2189 0.30043 -0.032819 0.065186 0.05163 0.073018 0.03147 0.10151 0.23412 0.29748 -0.035387 -0.002139 0.30321 0.34192 0.00028496 -0.053434 0.16662 0.21515 -0.00094335 0.043608 0.13263 0.14548
110.73 182.15 2.7933 5.1583 1.9686e-18 -4.1178e-18 1.9686e-18 4.1178e-18 4.4325e-05 0.00012552 4.4325e-05 0.00012552 1.6536e-17 7.9054e-18 2.058e-17 9.8385e-18 0 0 0 0 0.0037603 0.091101 0.10593 0.12603 -0.020488 0.11455 0.070008 0.1341 -0.02818 0.10872 0.064617 0.15945 -0.015978 0.0081211 0.018659 0.028079 -0.016192 -0.032856 0.20842 0.18799 0.011403 -0.03136 0.20987 0.2738 -0.076013 0.0084929 0.25022 0.33521 -0.043041 -9.457e-06 0.059819 0.048079 -0.050151 0.028449 0.21518 0.21187 -0.0085747 0.22021 0.28736 0.46097 -0.03525 -0.030618 0.15596 0.16181 0.0033723 -0.007119 0.057793 0.037873
100.49 183.96 2.9774 5.0842 0 0 0 0 1.9793e-17 7.7189e-18 1.9793e-17 7.7189e-18 -1.0938e-17 -4.2655e-18 1.9246e-16 7.5056e-17 -6.2754e-18 -2.4472e-18 9.5904e-18 3.74e-18 0.010498 0.034954 0.013962 0.034954 -0.021513 0.10913 0.062752 0.11884 -0.0087034 0.087934 0.033711 0.095811 -0.0053586 0.04516 0.01096 0.045521 0.080385 0.062237 0.2773 0.19233 -0.048802 0.070194 0.35031 0.26668 0.067392 0.095682 0.22717 0.36497 -0.093048 0.023779 0.17765 0.18017 0.037584 0.046376 0.23029 0.21604 -0.065903 -0.020993 0.22165 0.23296 0.041001 -0.086939 0.22135 0.2132 -0.04135 -0.042453 0.12092 0.11853
127.02 106.95 3.6546 1.7019 -0 0 0 0 -0 0 0 0 -0 0 0 0 -0 0 0 0 0.0037532 0.0083403 0.0037532 0.0083403 0.012129 0.11686 0.015048 0.11686 -0.0091704 0.13152 0.028183 0.13152 -0.0029128 0.010099 0.0029128 0.010099 0.067412 0.03155 0.10359 0.11988 0.065715 0.046293 0.13279 0.4248 -0.027766 0.040284 0.17955 0.50645 -0.077774 0.021694 0.10518 0.12087 0.020853 -0.018272 0.11047 0.077773 0.054163 -0.012346 0.2461 0.35105 -0.069766 -0.017743 0.23243 0.31215 -0.03407 0.0060135 0.098034 0.06775
115.35 112.85 3.5921 1.515 0 0 0 0 0 0 0 0 0 0 0 0 0 0 0 0 0.021886 0.055477 0.021977 0.065232 0.042768 0.18762 0.084296 0.33308 -0.06295 0.13928 0.092193 0.24633 -0.011675 0.010425 0.012018 0.013066 0.071131 0.0084455 0.12061 0.17482 -0.0026056 -0.025578 0.1594 0.33912 -0.08461 -0.018168 0.19149 0.24024 -0.037839 0.019187 0.072324 0.04229 0.025209 -0.024766 0.0922 0.083536 0.010478 -0.051011 0.24597 0.51868 -0.033592 -0.040735 0.15954 0.23292 -0.018515 -0.00085525 0.084184 0.051274
91.787 143.92 3.7319 5.6149 0.00054798 -7.3882e-05 0.00055264 7.3882e-05 0.010568 0.009977 0.021996 0.029311 0.0064378 0.022086 0.028277 0.050956 -0.0076805 0.013368 0.013159 0.019834 0.0012121 -0.00061611 0.0012168 0.00061611 0.044704 0.030217 0.12936 0.15078 0.0088892 0.0091279 0.15142 0.18833 0.0020979 0.00033877 0.053937 0.065539 0.02248 0.018482 0.026332 0.020123 0.07219 0.058219 0.18094 0.21963 0.029464 0.10346 0.49144 0.35893 -0.036988 0.036282 0.22126 0.1494 0.050889 -0.0093469 0.053799 0.024077 0.020114 0.044235 0.26748 0.209 0.034936 -0.0052018 0.30658 0.25285 -0.075879 0.0035795 0.18221 0.12758
84.576 154.92 3.6459 5.6138 0 0 0 0 0.0010119 0.0021229 0.0010119 0.0021229 0.00099957 0.0038399 0.00099957 0.0038399 3.3316e-05 0.00022049 3.3316e-05 0.00022049 0.0093173 0.00056429 0.009332 0.0081113 0.024262 0.0030914 0.084156 0.10453 0.019663 0.030079 0.098471 0.1563 -0.022443 0.030373 0.03683 0.049406 0.014407 -0.00075272 0.017063 0.013301 0.066942 0.039235 0.21106 0.25111 -0.027127 0.0036076 0.19263 0.19117 0.0064144 -0.0041353 0.073044 0.081205 0.057556 0.026805 0.084116 0.048277 0.019232 0.05314 0.18089 0.17363 -0.016367 0.1247 0.59578 0.4884 -0.077539 0.02145 0.17478 0.11813
83.02 184.52 3.5323 5.465 0 0 0 0 0 0 0 0 0 0 0 0 -1.2783e-17 -1.1971e-17 1.8264e-17 1.7104e-17 0 0 0 0 1.7703e-05 0.00053939 1.7703e-05 0.00053939 1.1632e-05 0.00035441 1.1632e-05 0.00035441 -1.3085e-16 -1.2254e-16 1.3702e-16 1.2831e-16 0.038237 0.033858 0.12823 0.16529 0.039163 0.15763 0.28765 0.37484 -0.077389 0.15333 0.15185 0.23551 -0.028692 0.060809 0.034799 0.063055 0.082545 0.053425 0.23908 0.25038 -0.052608 0.041718 0.35996 0.41461 0.034549 -0.034831 0.20895 0.27227 -0.070781 -0.0024587 0.11487 0.11117
100.97 185.06 3.5777 5.1242 0 0 0 0 8.7626e-18 3.8269e-18 2.2154e-17 9.6754e-18 -4.7298e-18 -2.0657e-18 7.1361e-17 3.1166e-17 -3.8621e-18 -1.6867e-18 3.8621e-18 1.6867e-18 0.0071553 0.017048 0.0081545 0.017048 -0.0057329 0.06403 0.038515 0.06403 -0.0050042 0.053388 0.015738 0.053388 -0.0015216 0.0091393 0.0016027 0.0091393 0.042034 0.0081654 0.1274 0.11765 -0.014393 0.00048511 0.19294 0.21652 -0.020364 0.035547 0.16638 0.22757 -0.039997 0.0036086 0.053171 0.042638 0.056232 0.012841 0.17983 0.14338 0.023662 0.08814 0.34936 0.44952 -0.075398 0.11863 0.36089 0.48829 -0.0097155 -0.0041954 0.038549 0.033249
105.14 116.31 5.2514 1.4183 0 0 0 0 0 0 0 0 0 0 0 0 0 0 0 0 0.035197 0.073892 0.038619 0.10565 0.0060032 0.17483 0.091805 0.40419 -0.059523 0.052275 0.063161 0.11254 -0.00012617 1.9396e-05 0.00012617 1.9396e-05 0.092375 0.016935 0.14602 0.20618 -0.035893 0.10003 0.2228 0.50456 -0.10783 0.032895 0.25586 0.1837 -0.013487 0.0091965 0.033939 0.025183 0.030146 -0.039237 0.077242 0.087583 -0.039523 -0.078275 0.18704 0.39651 -0.018375 -0.015131 0.12658 0.13406 -0.017492 -0.00017764 0.038938 0.028432
110.28 156.73 5.463 4.9447 0.0025004 0.0032686 0.0025004 0.0032686 0.0037403 0.024404 0.017543 0.025596 -0.0034635 0.026467 0.017204 0.030237 -0.0027162 0.0023343 0.0033187 0.0026887 0.025958 0.011895 0.058525 0.051436 -0.010953 0.018204 0.11124 0.14179 -0.019394 -0.014792 0.095164 0.092257 -0.0075307 -0.00095094 0.023033 0.018128 0.040449 -0.0067169 0.076201 0.056255 0.082298 0.031725 0.27043 0.27108 -0.070642 0.071198 0.42159 0.5608 -0.04439 0.037297 0.12221 0.10434 0.024649 -0.0077869 0.026628 0.021222 0.076996 -0.03737 0.14463 0.27703 -0.039768 -0.042987 0.13184 0.30835 -0.040648 -0.018743 0.090533 0.090044
137.3 154.94 5.293 4.4312 0.0057401 0.0098272 0.0083912 0.010222 -0.004756 0.014195 0.014529 0.014905 -0.00091853 0.0013244 0.010674 0.0068256 -0.00076771 0.00015747 0.0016912 0.00077832 0.012246 0.0061399 0.055982 0.055293 -0.029646 0.0085263 0.084286 0.06912 -0.00092796 0.043525 0.077468 0.067795 -0.0061487 0.014951 0.014372 0.016739 0.022377 0.026889 0.13 0.12927 0.03493 0.049493 0.35361 0.66489 -0.096427 0.074079 0.2127 0.24291 -0.030386 -0.00014277 0.053727 0.077579 0.043608 -0.019354 0.079762 0.061894 0.017076 -0.051009 0.1653 0.33112 -0.085321 -0.057397 0.13624 0.22362 -0.011692 -0.0062163 0.012767 0.011191
72.583 176.74 5.0317 5.6228 0 0 0 0 0 0 0 0 0 0 0 0 0 0 0 0 0 0 0 0 0.00068506 0.00088199 0.00068506 0.00088199 0.00045921 0.00059122 0.00045921 0.00059122 2.5327e-17 3.2608e-17 7.3936e-17 9.5191e-17 0.016168 0.0066686 0.035124 0.031423 0.0581 0.11749 0.22048 0.36314 -0.062033 0.11221 0.15973 0.24103 -0.026211 0.041359 0.032093 0.044683 0.066637 0.05853 0.086638 0.099257 0.050031 0.16081 0.4045 0.47481 -0.059893 0.078641 0.37198 0.30291 -0.041245 -0.0077897 0.0738 0.067658
120 176.4 6.5032 4.792 1.7249e-18 1.3758e-19 1.7249e-18 1.3758e-19 -1.0801e-18 -8.6151e-20 9.3976e-18 7.4955e-19 0 0 0 0 0 0 0 0 0.013167 0.016332 0.014159 0.018361 0.0074001 0.063798 0.061686 0.082937 -0.022138 0.020966 0.048831 0.033786 -0.00055135 0.0006289 0.0034197 0.0023508 0.045038 0.0026589 0.088716 0.081404 0.051335 0.10839 0.28754 0.48787 -0.091765 0.12612 0.23933 0.35245 -0.015137 0.016536 0.031003 0.028614 0.028478 -0.0072884 0.035462 0.018863 0.095263 -0.060232 0.21054 0.4147 -0.10898 -0.063092 0.19251 0.36503 -0.018658 -0.0072823 0.028259 0.034361
71.903 185.08 6.413 5.5323 0 0 0 0 0 0 0 0 0 0 0 0 5.2029e-18 5.5752e-18 5.2029e-18 5.5752e-18 0 0 0 0 0 0 0 0 -4.2697e-18 -4.5752e-18 1.0172e-17 1.0899e-17 4.0616e-18 4.3522e-18 8.6806e-17 9.3018e-17 0.0085299 0.007789 0.026058 0.020856 0.059222 0.10949 0.1475 0.26526 -0.042505 0.10401 0.10852 0.16931 -0.012099 0.016435 0.016568 0.017774 0.040666 0.034429 0.053789 0.052529 0.07393 0.20898 0.36628 0.49683 -0.13176 0.15937 0.40818 0.43044 -0.023327 -0.0087362 0.041488 0.037966
154.14 101.72 9.7735 2.3479 -0 0 0 0 -0 0 0 0 -0 0 0 0 -0 0 0 0 0.00035781 -3.6938e-05 0.00035781 3.6938e-05 -0.0042118 0.012946 0.013248 0.013118 0.0023314 0.0032976 0.0023314 0.0032976 -0 0 0 0 0.0067401 -0.00062604 0.0090565 0.0049212 0.13599 0.10383 0.40989 0.48841 -0.20011 0.093266 0.39013 0.4293 -0.010588 0.00023361 0.010588 0.0069822 0.0085408 -0.001387 0.0093608 0.0039317 0.05585 -0.074002 0.1932 0.23058 -0.083087 -0.077689 0.17384 0.18834 -0.0044936 -0.0010095 0.0045376 0.0029962
161.95 91.133 12.401 2.4897 -0 0 0 0 -0 0 0 0 -0 0 0 0 -0 0 0 0 -0 0 0 0 -0 0 0 0 -0 0 0 0 -0 0 0 0 0.0021147 0.0035816 0.0050454 0.0056854 0.019588 0.19842 0.52062 0.51764 -0.1844 0.093475 0.30491 0.26653 -0 0 0 0 0.012188 6.4661e-05 0.013188 0.01265 0.024422 -0.098944 0.27833 0.28862 -0.085435 -0.053146 0.13795 0.11675 -0 0 0 0
122.3 128.13 14.139 0.51469 0 0 0 0 0 0 0 0 0 0 0 0 0 0 0 0 0 0 0 0 0.15655 0.15204 0.34925 0.29219 -0.12209 0.17497 0.38445 0.35458 -0.011377 0.0057063 0.017713 0.010927 0 0 0 0 0.13566 -0.1298 0.30475 0.25847 -0.088694 -0.1093 0.34579 0.301 -0.0082179 -0.004228 0.01573 0.010923 0 0 0 0 -0.00037758 -0.0018258 0.00053808 0.0018258 -0.00027142 -0.0021148 0.00078275 0.0021148 3.4461e-05 -0.0001153 5.3508e-05 0.0001153
