51 64
117.83 109.86 2.0456 1.7011 -0 0 0 0 -0 0 0 0 -0 0 0 0 -0 0 0 0 -0.0078262 0.12708 0.031126 0.12708 0.035441 0.22757 0.093811 0.2465 -0.033747 0.16882 0.077204 0.22091 -0.013307 0.031232 0.013419 0.031954 0.022576 -0.038574 0.11924 0.31764 -0.019305 -0.0379 0.3226 0.54094 -0.0057434 -0.035005 0.216 0.34187 -0.052886 0.038823 0.09524 0.13577 -0.0023491 -0.028024 0.04818 0.039784 -0.0063578 -0.053846 0.10468 0.08078 0.017951 -0.04246 0.07297 0.06962 -0.0092422 -0.024012 0.065691 0.052016
96.246 116.44 1.9036 0.87195 0 0 0 0 0 0 0 0 0 0 0 0 0.0076159 -0.00098375 0.0076159 0.0038292 0.021049 0.056469 0.021049 0.056469 0.032589 0.17586 0.10193 0.18822 -0.052165 0.097773 0.081931 0.11833 0.005741 0.00047804 0.016161 0.011884 0.057886 0.10294 0.31462 0.39017 -0.073322 0.031593 0.30908 0.37684 -0.13621 0.035872 0.24391 0.23756 -0.019195 0.023967 0.099242 0.085608 -0.063611 -0.066667 0.22935 0.17687 -0.024164 -0.077109 0.12025 0.12838 -0.026873 -0.0051422 0.1941 0.13084 0.0035438 0.022384 0.1492 0.10121
95.455 125.92 1.8484 5.6915 0.0098467 -0.00681 0.018123 0.041734 0.02786 -0.0066611 0.036707 0.034062 0.024043 -0.0026896 0.11209 0.19888 0.023357 0.020727 0.10177 0.13844 0.0024408 0.003632 0.0024408 0.003632 0.044049 0.09443 0.11789 0.1475 0.061418 0.061447 0.2038 0.31798 -0.00052289 0.014078 0.16312 0.17549 0.065059 0.0093065 0.065059 0.029265 0.029042 0.12715 0.34825 0.24141 -0.042078 0.019798 0.22907 0.34537 0.032506 -0.0034152 0.19195 0.16196 0.030005 -0.0077629 0.030005 0.012015 0.046037 0.04352 0.30019 0.17795 -0.11936 0.04288 0.16923 0.15385 0.0042562 0.0085588 0.093165 0.088879
143.79 125.41 2.0131 4.7631 -0.049047 -0.12044 0.10539 0.27988 0.007786 -0.017071 0.073986 0.13975 -0.011437 -0.0083935 0.098339 0.11935 -0.0013581 -0.0087399 0.10029 0.081066 0.0050065 0.044443 0.09229 0.081355 0.020955 0.031179 0.12941 0.14001 -0.066407 0.05502 0.19967 0.16145 -0.010306 -0.015877 0.047283 0.047047 -0.014788 0.054586 0.15465 0.49462 -0.060566 0.021473 0.19896 0.44378 -0.11931 -0.08287 0.20288 0.22322 -0.020704 -0.0068081 0.020704 0.013043 -0.0074306 -0.090139 0.02831 0.1641 -0.032614 -0.095315 0.044737 0.14052 -0.011737 -0.018285 0.012557 0.019504 -0.00021367 -0.0002645 0.00021367 0.0002645
76.557 138.36 1.9024 0.93743 -4.4183e-06 3.2443e-06 4.4183e-06 3.2443e-06 -0.0075139 0.04419 0.11903 0.067363 -0.0086909 0.0026547 0.0086909 0.0051637 0 0 0 0 -0.037614 0.025393 0.073899 0.078503 0.05156 0.072487 0.11892 0.11413 -0.041905 0.1107 0.10207 0.15156 -0.0068344 0.014531 0.012945 0.014531 0.015823 0.04267 0.31114 0.20421 0.033683 -0.025731 0.48366 0.27612 -0.017942 -0.021822 0.33625 0.25341 -0.037215 0.029001 0.093125 0.057936 0.036816 0.0010069 0.21122 0.16168 -0.10259 0.03885 0.28535 0.20208 0.020832 0.0090614 0.11167 0.1051 -0.029687 0.0086943 0.065286 0.042066
111.12 137.86 1.8995 0.95935 -0.013854 -0.01467 0.056827 0.041264 -0.0073027 -0.015814 0.036644 0.0342 -0.014667 0.0033257 0.042564 0.028164 -0.0038332 0.0067229 0.026949 0.017632 -0.017432 -0.016133 0.039152 0.036559 0.011081 0.004914 0.044542 0.05359 -0.010997 0.0028583 0.0565 0.052671 0.0016719 0.0030775 0.053063 0.035196 0.019171 0.0093259 0.04339 0.041315 0.021269 0.15114 0.21587 0.28045 -0.042851 0.029494 0.20505 0.33798 -0.00046055 -0.0085613 0.037267 0.035506 0.038894 0.012946 0.08279 0.084734 -0.09538 -0.091905 0.50838 0.58127 -0.044019 -0.021283 0.092796 0.11783 0.00065646 0.002644 0.014962 0.017872
88.095 139.84 1.9336 0.44868 0.0021623 0.0019421 0.0066544 0.0095859 0.022765 0.0079018 0.034705 0.036735 0.013455 0.063148 0.086263 0.10687 -0.0074212 0.027539 0.038061 0.047996 -0.036743 0.014252 0.097376 0.11202 0.019757 0.021253 0.17385 0.20394 -0.0034259 -0.030249 0.22062 0.20248 0.017123 -0.020172 0.093196 0.070254 -0.054498 0.048184 0.19111 0.20586 0.066859 0.037681 0.43811 0.25783 -0.060283 0.072872 0.32566 0.22708 0.015499 -0.0014723 0.075903 0.079484 0.02041 -0.0063768 0.13016 0.099645 -0.030229 0.072952 0.32829 0.20239 -0.022942 -0.028981 0.1807 0.11178 0.0052787 0.01628 0.075438 0.076018
102.61 143.54 2.0877 4.972 0.0018369 -0.0020237 0.01509 0.016594 0.002166 0.00093854 0.040734 0.049105 0.005276 -0.0073938 0.042089 0.03991 0.0068721 -0.00059107 0.035561 0.031544 0.016211 0.0051839 0.056638 0.054363 -0.017913 -0.0045335 0.073706 0.10075 0.011067 0.060331 0.17744 0.38516 0.050265 0.17876 0.15919 0.38595 0.0073647 -0.0085483 0.063096 0.044704 0.005855 0.0091591 0.078327 0.11542 0.029887 -0.030657 0.13447 0.30408 0.08005 -0.15239 0.30262 0.54321 0.016519 0.017695 0.035708 0.025563 -0.00095907 0.011338 0.067012 0.062079 -0.0026426 -0.0029972 0.043535 0.053313 -0.0043973 -0.019973 0.043447 0.049978
158.36 145.64 2.0101 3.2841 -0.018217 0.013362 0.021889 0.041045 -0.0022298 5.3843e-05 0.018783 0.021602 0.014698 0.018413 0.019667 0.0202 -0.0073714 0.017601 0.030486 0.029656 -0.0069703 0.0057262 0.041637 0.079757 0.013347 0.12549 0.095433 0.18051 0.04572 0.090973 0.29458 0.3478 -0.051171 -0.016348 0.10894 0.094342 0.053344 -0.0021097 0.10592 0.080851 0.034876 -0.023942 0.27726 0.3603 -0.085182 -0.021161 0.2861 0.38187 0.015279 0.10488 0.10662 0.17827 0.017035 0.0043103 0.044796 0.027299 0.06554 -0.010064 0.19494 0.12124 0.0070255 0.017977 0.2147 0.15086 0.045678 -0.00041466 0.12697 0.13775
93.245 148.17 2.2535 5.6709 0.0041239 0.012355 0.046327 0.05496 -0.0057324 -0.0089245 0.046441 0.053822 0.012497 -0.017191 0.051209 0.060198 0.0081816 0.011195 0.046691 0.063813 -0.01644 -0.021932 0.085631 0.11561 0.025198 0.063361 0.14269 0.1612 0.002934 0.058654 0.14504 0.14351 0.015301 -0.029038 0.070176 0.10617 0.026067 -0.0012958 0.076567 0.11055 0.024129 0.01769 0.20586 0.23344 -0.048879 0.015165 0.17369 0.19234 0.0088802 -0.00081325 0.090834 0.091229 -0.0022938 0.045863 0.070395 0.10543 0.0029858 0.022322 0.12773 0.15393 0.029863 0.092546 0.48931 0.40387 -0.055034 0.1547 0.2567 0.27394
135.51 152.45 1.8351 4.0648 -0.0012057 -0.00061636 0.0041363 0.0084383 -6.6254e-05 -0.0012927 0.0059029 0.0095026 0.0075604 0.0010535 0.014345 0.014104 -0.0016285 0.0077789 0.013558 0.011418 5.4563e-06 0.016994 0.038631 0.034502 -0.01938 0.019426 0.04373 0.038704 0.013542 0.0068663 0.039255 0.035255 -0.00089957 -0.0052607 0.032861 0.04087 0.036258 0.019262 0.074304 0.086801 0.066747 0.19759 0.53982 0.60449 -0.036466 -0.0050583 0.11346 0.11131 -0.0097907 0.0035834 0.030167 0.036434 0.053201 -0.018513 0.12849 0.14766 -0.041289 -0.03352 0.28741 0.33303 -0.016136 -0.0084484 0.043017 0.037791 0.0027395 0.00054536 0.017137 0.016045
112.02 158.35 1.9582 0.94329 0.010267 0.025625 0.040356 0.05063 -0.014427 0.018718 0.10807 0.14447 0.002592 -0.010468 0.04765 0.038318 -0.0039349 0.002221 0.017775 0.017799 -0.099007 -0.038426 0.58076 0.52031 -0.13141 -0.063153 0.24508 0.29766 -0.0010713 0.0074436 0.05306 0.05091 0.0050101 0.0079729 0.031253 0.023394 -0.028858 -0.059177 0.26806 0.2409 -0.02511 0.0056317 0.079456 0.087305 0.0067165 -0.0014155 0.04711 0.046913 0.00029015 0.0021264 0.030458 0.013751 0.0048943 -0.011145 0.02206 0.021703 -0.0030778 -0.015767 0.034491 0.031634 0.0070779 0.0046595 0.038555 0.033061 -0.0019517 -0.0031169 0.019767 0.011662
122.39 158.53 1.736 5.0955 0.00078625 -0.0043429 0.013348 0.012517 -0.0028829 -0.0045696 0.025028 0.020173 -0.0032737 -0.0066165 0.029684 0.027251 -0.0023999 -0.0042812 0.010277 0.011068 0.0044594 -0.0030994 0.023571 0.024573 0.013851 0.0035713 0.057277 0.052121 -0.016447 0.014901 0.062942 0.052967 -0.0055884 0.0010573 0.01414 0.011052 0.026717 0.027584 0.10231 0.18494 0.022339 0.15674 0.22609 0.61176 -0.06396 0.11098 0.14935 0.26273 -0.010755 -0.00056217 0.015144 0.015595 0.029672 -0.013676 0.053487 0.072691 0.0054641 -0.10983 0.21541 0.49405 -0.038012 -0.028614 0.08978 0.23209 -0.0026105 0.0055902 0.013396 0.022948
163.85 164.15 1.7835 2.5199 -0 0 0 0 0.005477 0.0076017 0.0060174 0.010791 -0.0084238 0.0038285 0.04094 0.044676 0.070955 0.019675 0.17796 0.11996 0.031786 0.021255 0.044143 0.026204 -0.0072598 0.11837 0.1773 0.18553 -0.0062359 0.029198 0.08655 0.1241 0.15519 0.14071 0.35558 0.32879 0.082359 -0.017003 0.11416 0.057034 -0.042421 -0.060989 0.29143 0.28913 0.008714 0.018608 0.16703 0.16874 0.081572 -0.093551 0.33279 0.29689 0.025095 -0.0056639 0.029797 0.016365 0.025628 0.012506 0.15212 0.15269 -0.0329 -0.016639 0.12499 0.1247 0.027578 -0.026476 0.061239 0.054412
126.54 167.33 2.0228 3.5535 -0.001484 0.0021979 0.012285 0.0094207 -0.001586 -0.0023896 0.01182 0.018754 -0.0015669 -0.0029506 0.0071914 0.013986 0.0057822 -0.00098376 0.013546 0.0092818 -0.0035878 0.0080782 0.040335 0.030287 -0.0064131 0.016781 0.025226 0.035827 0.012377 0.028479 0.051781 0.052392 0.0042546 0.037199 0.049479 0.050971 -0.0063408 0.0018707 0.03755 0.030961 0.010593 0.003538 0.041126 0.070575 -0.0015734 -0.019398 0.090384 0.10466 0.055187 0.11523 0.74913 0.29085 -0.0049933 0.0025851 0.020479 0.015747 0.0010337 0.0031093 0.028859 0.038647 0.0039712 0.0057032 0.054588 0.049275 0.064259 -0.037618 0.48501 0.20222
121.21 170.9 1.6844 3.4236 0.0067694 0.010077 0.028364 0.018228 -0.0083829 0.0075645 0.043011 0.040126 0.00051258 0.0058045 0.025647 0.030619 0.00016192 0.0060645 0.019899 0.013514 0.037043 0.0086987 0.053206 0.040023 -0.026599 0.021217 0.11408 0.11428 0.065242 0.057598 0.10554 0.14416 0.16223 0.061361 0.28528 0.2174 0.033675 0.0084832 0.049763 0.043128 -0.030797 0.013353 0.10546 0.11455 0.034292 -0.0070065 0.10489 0.15739 0.47134 -0.008247 0.5857 0.19285 0.022966 -0.0088758 0.030855 0.024648 -0.017442 0.005084 0.054856 0.054466 -0.01053 -0.0051614 0.066368 0.070019 0.094431 -0.0064269 0.23234 0.10157
115.51 173.42 2.1232 3.3157 0.027338 0.01249 0.061682 0.038124 -0.038675 0.04557 0.14199 0.12245 0.030394 0.03123 0.07677 0.086778 0.011979 0.058728 0.1184 0.1388 0.083421 0.01404 0.098755 0.0681 -0.032144 0.022075 0.30365 0.25 0.076949 0.0020938 0.17467 0.35829 -0.047725 -0.065365 0.27763 0.30975 0.091853 -0.0060281 0.1003 0.068346 -0.018957 0.030975 0.2264 0.2074 0.01038 0.006223 0.16295 0.26088 -0.043721 -0.029994 0.22261 0.16346 0.045871 -0.0087109 0.049242 0.034334 0.027642 -0.0049205 0.10902 0.12051 -0.060236 0.0082744 0.10795 0.14525 0.0009966 0.020431 0.10837 0.08086
163.62 173.46 2.0556 0.29344 -0.090091 -0.095021 0.16728 0.23008 0.013286 -0.010571 0.11247 0.19599 0.025377 0.052707 0.097763 0.30246 -0.040372 0.017041 0.087453 0.10567 0.019188 -0.027883 0.079632 0.13093 0.070877 0.11634 0.17105 0.46883 -0.029449 -0.066549 0.18885 0.36455 -0.038743 -0.046095 0.057528 0.066654 0.020172 -0.015043 0.047068 0.064806 0.042497 -0.11565 0.15579 0.36847 -0.084672 -0.088371 0.11818 0.19057 -0.0018088 -0.00070617 0.0018088 0.00070617 0.0012241 -0.0022298 0.0012241 0.0022298 6.6836e-06 -0.012902 0.0041856 0.012902 -0.00044028 -0.0013931 0.00044028 0.0013931 0 0 0 0
85.285 176.48 1.8258 5.4875 0 0 0 0 0 0 0 0 0 0 0 0 0 0 0 0 0.011565 0.057605 0.015028 0.058641 -0.01319 0.10643 0.030863 0.10643 -0.012347 0.061639 0.025341 0.061639 -0.0048846 0.0097811 0.0048846 0.0097811 0.062937 0.031457 0.13823 0.15092 -0.02062 0.084691 0.31942 0.34855 -0.0021268 0.17451 0.30839 0.41517 -0.032064 0.12804 0.093094 0.17091 0.0063403 -0.012736 0.10577 0.1048 0.09738 -0.037433 0.27521 0.27794 0.025796 -0.029824 0.18374 0.25499 0.016916 -0.018292 0.10081 0.17866
91.992 175.5 2.147 5.4246 0 0 0 0 0 0 0 0 0 0 0 0 0 0 0 0 0.0083789 0.10293 0.050883 0.12478 0.0033779 0.1601 0.10762 0.19979 -0.070528 0.11702 0.11105 0.16547 -0.017929 0.051724 0.025448 0.05382 0.0081657 -0.031464 0.1736 0.15258 0.057903 0.034609 0.35306 0.33555 -0.020213 0.10137 0.22809 0.32711 -0.052403 0.1283 0.15454 0.18679 0.018214 0.077718 0.12522 0.15461 0.01409 -0.050184 0.21441 0.25613 0.018455 -0.045106 0.1571 0.21912 0.0068542 -0.046799 0.14284 0.16487
150.32 180.37 2.2172 0.28135 -0.011476 -0.044426 0.11412 0.087641 0.01297 -0.0030392 0.12658 0.15089 0.048039 -0.076844 0.20778 0.20783 -0.046357 -0.034874 0.10561 0.065833 0.017371 0.012846 0.14128 0.19537 0.034343 0.10644 0.14318 0.46744 -0.056202 0.037118 0.14407 0.19853 -0.0069879 -0.0085524 0.016161 0.016816 0.040559 0.088401 0.11922 0.31084 -0.029841 -0.046945 0.21524 0.38684 -0.072032 -0.062381 0.11354 0.13424 -0.00094986 -0.00038472 0.0015456 0.00075507 0.017846 -0.061655 0.091457 0.20955 -0.07815 -0.051266 0.10137 0.12055 -0.0020717 -0.0017156 0.0021736 0.0017156 0 0 0 0
121.76 181.09 2.154 2.5434 0.00041446 7.9235e-05 0.031089 0.023539 -0.020137 0.0098879 0.11056 0.052904 0.089492 0.015002 0.13322 0.12124 0.031209 -0.031964 0.27807 0.27361 0.032851 -0.0087623 0.067866 0.048051 -0.027821 0.079623 0.29582 0.26327 -0.019506 0.075341 0.33652 0.32928 0.022738 -0.042799 0.19356 0.19549 0.0070481 -0.010614 0.0097303 0.011032 0.10221 -0.098341 0.15024 0.15786 0.0029399 0.04876 0.25308 0.28302 -0.010782 0.042544 0.11766 0.18211 -0 0 0 0 0.024158 -0.012699 0.024177 0.013316 0.051536 -0.096159 0.081486 0.11105 0.019759 -0.033211 0.058565 0.09778
115.85 186.71 2.1737 4.6868 0 -0 0 0 0 -0 0 0 0 -0 0 0 0 -0 0 0 0.012672 0.022563 0.012705 0.022569 0.00092027 0.11082 0.04119 0.11083 0.021458 0.12067 0.07628 0.13335 -0.013328 0.055289 0.052702 0.097634 0.077828 0.10737 0.1516 0.1334 -0.032945 0.088953 0.25657 0.32246 -0.070615 0.019278 0.39025 0.44805 -0.05413 -0.018874 0.1543 0.21831 0.0013233 -0.0019075 0.12745 0.075082 -0.074894 -0.040802 0.23714 0.17126 -0.044646 0.00086403 0.30624 0.16875 -0.024006 0.013369 0.060679 0.066976
124.42 188.2 2.0197 4.8493 0 0 0 0 0 0 0 0 0 0 0 0 0 0 0 0 -0.0058567 0.098819 0.047941 0.09882 -0.0051495 0.13384 0.058521 0.13384 -0.009653 0.10749 0.05074 0.10749 -0.0073264 0.013108 0.011338 0.016383 -0.033679 0.02992 0.17463 0.22432 -0.05937 0.047929 0.34692 0.46877 -0.092132 -0.014557 0.30308 0.37822 -0.0078832 0.014882 0.070137 0.0716 -0.039003 -0.030656 0.16339 0.11909 -0.050009 -0.010111 0.32644 0.20068 -0.019944 -0.031972 0.11812 0.11274 0.012071 -0.006105 0.083685 0.041299
124.53 108.01 2.9737 1.6949 -0 0 0 0 -0 0 0 0 -0 0 0 0 -0 0 0 0 0.0074716 0.0251 0.0074716 0.0251 0.0065807 0.12482 0.019937 0.12482 -0.014985 0.18198 0.05341 0.18198 -0.0093336 0.02493 0.0093336 0.02493 0.05891 0.027931 0.11256 0.18872 0.054611 -0.010022 0.16902 0.54088 -0.027214 -0.0050973 0.28051 0.543 -0.075186 0.042787 0.12856 0.17386 0.012178 -0.01507 0.066319 0.066105 0.0057739 -0.003793 0.10552 0.14304 0.011393 0.0016307 0.11352 0.14672 -0.023682 -0.023586 0.090437 0.079951
128.78 124.16 2.8484 4.7629 0.01558 0.0041818 0.061427 0.068195 0.0096712 -0.025522 0.35275 0.66588 -0.061495 -0.011452 0.13057 0.2698 -0.0011642 0.0014704 0.047478 0.038853 0.0014407 0.010129 0.058915 0.071436 -0.0059128 -0.050524 0.12304 0.16419 0.0097819 0.029464 0.072725 0.097245 -0.020081 0.0068203 0.064261 0.051474 0.027099 -0.021142 0.084275 0.14553 -0.0032448 -0.020037 0.11805 0.34861 -0.039314 -0.049601 0.088725 0.24382 -0.029625 -0.019665 0.041933 0.049006 0.0055527 -0.020176 0.009875 0.02591 -0.0043301 -0.039575 0.013919 0.054133 -0.0044771 -0.020024 0.0050303 0.021432 -0.00085716 -0.0017346 0.00086765 0.0017346
124.23 131.93 2.6718 1.8471 0.017657 0.012819 0.026359 0.040614 0.0099659 0.044534 0.045703 0.17905 -0.0086736 0.051718 0.059906 0.19156 -0.017429 0.028398 0.026893 0.050606 0.020805 -0.0055208 0.057793 0.05612 0.012541 -0.05031 0.075957 0.13624 0.01066 -0.074772 0.1095 0.17227 -0.015491 -0.018645 0.077982 0.090841 0.023461 -0.0041835 0.063862 0.083158 0.059533 0.16949 0.36309 0.56041 -0.077147 0.077673 0.23574 0.30422 -0.015857 -0.0096505 0.062323 0.061671 0.019885 -0.0069656 0.028853 0.025846 -0.01049 -0.048991 0.17477 0.26787 -0.040437 -0.041204 0.1142 0.18281 -0.0066502 -0.0058585 0.034903 0.039283
161.86 139.19 2.7005 4.0424 -0.0029591 -0.0055363 0.06479 0.061581 -0.02263 -0.0018442 0.046971 0.032237 -0.0012361 0.00028379 0.0027481 0.0018907 0 -0 0 0 0.037518 0.020487 0.11503 0.1013 -0.017882 0.060725 0.23222 0.23646 -0.025406 0.0312 0.075612 0.14878 -0.0024933 0.00035296 0.0024933 0.0049182 -0.10367 0.088236 0.37694 0.39755 -0.059425 0.057644 0.27538 0.35472 -0.05677 0.0069585 0.089606 0.12718 -0.0017064 -0.0010301 0.0017064 0.0027194 -0.079975 -0.034958 0.22678 0.19458 0.0017697 0.080252 0.28984 0.21049 -0.093658 0.0085975 0.13958 0.069771 0 -0 0 0
152.15 150.53 2.8723 3.6118 0.0064429 0.0075638 0.013229 0.019054 -0.0070552 0.0037939 0.021187 0.032054 -0.0012469 -0.00015522 0.004144 0.0027513 -6.2315e-05 -3.1673e-05 6.2315e-05 3.1673e-05 -0.0027221 -0.0064708 0.02435 0.044111 0.016413 0.010823 0.056293 0.073035 -0.0019196 0.034918 0.085637 0.13317 -0.0091245 0.0037001 0.033182 0.045799 0.0013684 0.030573 0.047191 0.057502 0.030774 0.075769 0.15526 0.14252 -0.0078171 0.016038 0.12135 0.1438 -0.018623 0.034754 0.057284 0.071238 0.11608 0.0064898 0.17436 0.093325 0.012185 0.065857 0.77589 0.40274 0.001751 0.0060614 0.094802 0.063943 -0.01014 0.020558 0.1233 0.05792
71.741 152.19 2.7493 5.8007 0 0 0 0 0 0 0 0 0 0 0 0 0 0 0 0 1.2471e-05 -6.5325e-06 1.2471e-05 6.5325e-06 0.041736 0.055891 0.071426 0.11381 0.00015775 0.099706 0.07848 0.14618 -0.023126 0.066131 0.035987 0.06967 0.013926 0.0071752 0.049739 0.028016 0.024216 0.032706 0.29339 0.36438 0.04172 0.0028834 0.25763 0.3185 0.010795 0.045264 0.14535 0.26376 0.0090285 0.025727 0.033013 0.043397 0.081545 0.060191 0.26546 0.27052 -0.013643 0.030881 0.35328 0.33895 0.026442 -0.021448 0.1464 0.14508
115.7 151.73 2.8339 5.1201 0.002028 -0.0039401 0.017938 0.013803 0.0038047 -0.002819 0.025541 0.02241 -0.0049612 -0.0031181 0.035689 0.030647 -0.005409 -0.0023938 0.016264 0.015962 0.00065493 0.0034556 0.037498 0.040421 -0.0039923 0.040221 0.074629 0.11204 0.0014876 0.023591 0.092111 0.093852 -0.011604 -0.00032528 0.023707 0.019013 0.011693 0.0096443 0.05012 0.049524 0.10133 -0.013323 0.22962 0.30544 -0.053228 -0.0045911 0.33455 0.80694 -0.017913 0.01434 0.045571 0.07414 -0.0024148 0.015005 0.035228 0.034109 -0.0032709 0.0017079 0.047666 0.058679 0.0072732 -0.033141 0.03941 0.075025 -0.0035429 -0.0022528 0.028629 0.023205
121.73 154.87 2.5423 4.8275 0.0031287 0.0034876 0.015581 0.012145 -0.0046129 -0.0017834 0.036292 0.027859 -0.0074844 -0.0025888 0.026382 0.02225 0.0015416 0.00059086 0.010726 0.007529 0.00071227 -0.0042519 0.031676 0.030197 0.0088825 -0.014873 0.068861 0.056371 -0.017924 0.0077869 0.090079 0.057602 -0.0007332 0.0022535 0.015575 0.012239 0.01268 0.0013582 0.047777 0.065796 0.074086 -0.0088699 0.30324 0.65941 -0.10148 -0.020718 0.22908 0.59014 -0.0037465 0.0066075 0.042916 0.043246 0.0033944 0.0073981 0.028794 0.031633 0.0035455 -0.022816 0.061419 0.078049 0.00048905 -0.014287 0.033168 0.066067 -0.0072459 0.0033663 0.026541 0.024384
89.113 155.92 2.9817 2.1394 -0.03608 -0.036932 0.43019 0.63784 -0.080448 0.012865 0.23119 0.27306 -0.028715 -0.020412 0.12418 0.12809 -0.0082464 -0.0038221 0.01893 0.018377 -0.0014413 -0.0026595 0.11289 0.12028 0.010851 -0.021465 0.17535 0.22119 -0.0067103 -0.015146 0.15662 0.18057 -0.015072 0.0055436 0.055362 0.064512 0.0061704 -0.016387 0.062385 0.080882 -0.0095368 -0.0039426 0.13429 0.11983 -0.011895 -0.0070235 0.081616 0.095338 -0.013897 -0.011551 0.02661 0.032709 0.0031801 -0.016586 0.010837 0.019205 -0.0022536 -0.025294 0.020096 0.032056 -0.0058325 -0.011916 0.0087007 0.013115 -0.00080942 -0.0014439 0.00093871 0.0014439
134.29 158.37 2.8393 4.0916 0.00068638 0.0087878 0.013869 0.015213 0.0015525 -0.00011682 0.01538 0.021573 0.00023612 -0.0046784 0.020314 0.023468 -0.0024406 -0.0027632 0.0095841 0.0077045 -0.0075164 0.0039122 0.049757 0.043432 -0.01291 0.029594 0.051508 0.054754 0.016801 0.010134 0.036847 0.033489 -0.0040823 0.011724 0.040726 0.047495 -0.002741 -0.0084731 0.046385 0.040298 0.10999 0.14406 0.52467 0.54026 -0.045738 0.058343 0.27556 0.28563 -0.0042818 0.011206 0.046725 0.054865 0.0082479 0.0024793 0.040109 0.045133 0.036687 -0.060231 0.28063 0.29443 -0.021918 -0.021768 0.11763 0.12099 0.0062325 0.016063 0.043632 0.039878
81.24 164.03 2.8488 5.7048 0 0 0 0 0 0 0 0 0 0 0 0 0 0 0 0 0.022383 0.021551 0.037729 0.05139 0.02078 0.086761 0.080915 0.15125 -0.023676 0.11347 0.064811 0.14582 -0.014802 0.032039 0.020742 0.032941 0.017738 -0.014023 0.16223 0.20764 0.029085 0.053883 0.23057 0.30955 0.056267 0.0053816 0.24197 0.31992 -0.039748 0.081695 0.10132 0.16787 0.037719 0.030408 0.12343 0.14225 -0.0062211 0.078864 0.34594 0.36651 0.02118 0.034657 0.27888 0.25225 0.0044843 -0.020409 0.11668 0.16512
165.42 167.79 3.0195 0.49231 0.060633 -0.045112 0.21408 0.33555 -0.12596 -0.071594 0.34929 0.362 -0.030239 -0.043902 0.15218 0.16413 0.033873 -0.039865 0.10457 0.12186 0.0027536 -0.068113 0.11813 0.15507 0.047084 -0.044871 0.20207 0.27634 0.0094765 0.035725 0.23842 0.38574 -0.043132 -0.029352 0.089779 0.12795 0.0007768 -0.00064731 0.0033075 0.0020884 0.051581 -0.0536 0.070511 0.13005 -0.037963 -0.078281 0.10653 0.18755 -0.0086724 -0.012539 0.012418 0.014988 0 0 0 0 6.5765e-16 2.5769e-16 6.5765e-16 5.7847e-16 -8.9119e-17 -4.4025e-16 2.3342e-15 2.3002e-15 0 0 0 0
109.23 180.28 2.9186 5.2538 0 0 0 0 0 0 0 0 0 0 0 0 0 0 0 0 0.0042752 0.043864 0.075344 0.084323 -0.0074586 0.10973 0.089358 0.13448 -0.045988 0.09139 0.069041 0.098214 -0.0068524 0.016526 0.0073819 0.016526 0.0079206 -0.0093709 0.10332 0.11581 -0.005345 -0.033699 0.16752 0.16573 -0.042302 -0.025604 0.21533 0.22003 -0.026657 9.399e-05 0.057316 0.070797 -0.012358 0.055229 0.14987 0.18311 -0.028879 0.39856 0.33504 0.55515 -0.05591 0.050582 0.20075 0.21495 0.0053132 -0.0018667 0.045481 0.02832
128.44 135.15 3.3499 2.0892 0.0085819 0.0080545 0.022058 0.014219 0.017499 0.0159 0.04398 0.085392 -0.0074299 0.042363 0.066337 0.14485 -0.01494 0.027577 0.028981 0.057783 0.0080725 0.0067937 0.054152 0.040224 0.0043444 -0.019635 0.055193 0.068091 0.023276 -0.057196 0.092362 0.13385 0.0014514 -0.01722 0.087908 0.097651 0.023217 -0.012238 0.044166 0.038005 0.051819 0.048175 0.33853 0.68595 -0.093027 0.066864 0.23231 0.35211 -0.0012356 -0.0079186 0.059026 0.055684 0.0151 -0.0022419 0.022777 0.01872 0.0084357 -0.057131 0.12166 0.20702 -0.018958 -0.034088 0.10868 0.1625 -0.0078613 -0.0034287 0.034123 0.037657
151.79 148.88 3.3485 3.481 0.0034392 0.0056003 0.011364 0.020973 -0.008951 0.0059076 0.013664 0.021088 0.0004342 0.004176 0.0019945 0.004797 -0.00060871 0.0025211 0.0020019 0.0029837 -0.0056448 -0.0026232 0.021004 0.0374 0.016728 0.016905 0.055719 0.062812 -0.00026615 0.021531 0.077055 0.13192 -0.010842 -0.0029864 0.020623 0.021159 -0.00056878 0.014174 0.031682 0.032892 0.047561 0.056085 0.13504 0.11061 -0.0055542 0.021199 0.10804 0.11663 -0.022712 0.048586 0.076246 0.077849 0.017939 -0.012629 0.067897 0.069622 -0.14949 0.068975 0.79445 0.41613 -0.053093 -0.010489 0.13694 0.067898 -0.0044167 0.017757 0.12306 0.049844
84.348 153.26 3.6452 5.6333 0 0 0 0 0.00064073 0.001234 0.00064803 0.001234 0.00075598 0.0039082 0.00076794 0.0039082 3.911e-05 0.0002885 3.911e-05 0.0002885 0.010151 0.0018008 0.010151 0.0062433 0.011076 0.010016 0.069784 0.089343 0.017419 0.029479 0.066225 0.10669 -0.018481 0.043116 0.033422 0.054112 0.0086966 -0.0013248 0.012792 0.011202 0.023302 0.0087817 0.14303 0.14876 0.022863 0.03131 0.19699 0.19605 -0.0025504 0.0027939 0.089125 0.10789 0.04136 0.019898 0.058346 0.033749 -0.0011805 0.048466 0.14293 0.12916 0.17195 -0.012038 0.56123 0.55724 -0.051518 -0.016396 0.24966 0.23445
123.96 164.69 3.527 4.1878 0.00048425 0.00047875 0.00055237 0.00047875 0.0043145 0.012533 0.011496 0.017976 0.0013681 0.0041838 0.020788 0.022007 -0.0036619 0.00093695 0.019651 0.015291 0.018787 0.019025 0.031938 0.025312 -0.0032903 0.028656 0.10744 0.098371 -0.015224 0.034195 0.07087 0.067656 -0.0047336 0.0092459 0.051969 0.043301 0.0092465 -0.0053236 0.053128 0.040241 0.078996 0.019731 0.19663 0.2077 -0.05998 0.097892 0.56777 0.61935 -0.032564 0.015698 0.09571 0.10159 0.0017886 -0.0019169 0.041066 0.033521 0.034419 -0.0093685 0.12117 0.12632 -0.0026859 -0.020454 0.1764 0.1945 -0.014642 0.012328 0.093051 0.10788
128.62 172.59 3.6382 4.0264 0 -0 0 0 0.00040389 0.0021489 0.000433 0.0022832 0.0031239 0.007788 0.014807 0.015148 -0.0027334 0.0059365 0.014369 0.017396 0.0094496 0.01064 0.010715 0.010898 -0.0072664 0.029526 0.082083 0.069672 -0.005372 0.0010023 0.047963 0.055106 0.00034932 0.012782 0.049679 0.0451 0.030304 0.015026 0.052084 0.030345 -7.2229e-05 0.0019811 0.14634 0.12878 0.013369 0.1833 0.47968 0.4556 -0.020228 0.024005 0.12388 0.12479 0.010082 -0.0072275 0.041859 0.027944 0.020279 0.0046949 0.11977 0.11377 -0.01514 -0.052615 0.45236 0.41108 0.0011528 0.024322 0.1062 0.10442
107.88 179.62 3.7058 5.0649 0 0 0 0 0 0 0 0 0 0 0 0 0 0 0 0 0.01186 0.023241 0.022004 0.026489 0.01037 0.066457 0.046424 0.078241 -0.019611 0.054026 0.043182 0.074315 -0.0070202 0.0076181 0.0078935 0.012238 0.015176 0.011606 0.078932 0.083856 0.010813 -0.012421 0.13014 0.13363 -0.037426 0.012774 0.17007 0.14387 -0.011084 0.0059189 0.052598 0.042816 0.014348 0.00091729 0.072514 0.072621 0.093224 0.10099 0.45743 0.44926 -0.10613 0.12671 0.42013 0.47025 -0.014174 0.015204 0.046074 0.038108
105.7 116.74 5.9933 1.384 0 0 0 0 0 0 0 0 0 0 0 0 0 0 0 0 0.021808 0.035443 0.02263 0.052138 0.022354 0.13497 0.10208 0.32634 -0.043262 0.040156 0.051222 0.095854 -0.00018857 3.5637e-05 0.00018857 3.5637e-05 0.049746 0.0032454 0.089601 0.12644 -0.010241 0.021808 0.39437 0.62157 -0.093024 0.012043 0.20439 0.22033 -0.0089499 0.0042493 0.026384 0.017209 0.0097842 -0.0080852 0.04227 0.044575 0.012934 -0.061727 0.22607 0.29083 -0.035093 -0.0157 0.1172 0.1242 -0.011714 -0.0035607 0.020274 0.011929
102.07 137.01 5.2831 0.9977 0.0022041 0.0077498 0.0022041 0.0077498 0.00024377 0.03622 0.013305 0.03622 -0.0013577 0.0034679 0.0032328 0.0043466 5.3889e-05 -1.9287e-05 6.1646e-05 5.5274e-05 0.049926 0.045841 0.15771 0.17629 -0.064814 0.016616 0.1792 0.24476 -0.015709 0.024433 0.09661 0.079055 -0.006179 0.0044827 0.022755 0.016811 0.026183 -0.019224 0.12662 0.12205 -0.054888 0.039044 0.54006 0.60819 -0.0382 0.019501 0.16653 0.16665 -0.016487 0.0035999 0.039591 0.024154 0.0088781 -0.0088991 0.038438 0.041309 -0.0031334 -0.044261 0.14061 0.1667 -0.013026 -0.015432 0.081725 0.067361 -0.0095677 -0.0047054 0.012739 0.0078349
111.03 156.93 5.2964 5.4118 0.0032646 0.0051332 0.0041659 0.0082266 0.0015082 0.022004 0.016844 0.031461 -0.0083549 0.023498 0.013216 0.024209 -0.001079 0.0012839 0.001079 0.0012839 0.016014 -0.0014759 0.042428 0.041863 0.021595 0.019208 0.099216 0.13415 -0.022141 0.015073 0.11617 0.12625 -0.013857 0.0049661 0.02896 0.02921 0.02896 0.032577 0.081612 0.071227 0.082892 0.0010225 0.41663 0.41184 -0.10915 -0.0065572 0.42144 0.47404 -0.009159 0.0034392 0.045953 0.041004 0.038857 -0.017115 0.070428 0.069234 -0.0042419 -0.020228 0.18784 0.24969 -0.046054 -0.033634 0.12624 0.14215 -0.0095212 -0.005132 0.026632 0.021873
75.845 180.68 4.9682 5.4816 0 0 0 0 0 0 0 0 0 0 0 0 0 0 0 0 0 0 0 0 4.8269e-06 0.00029788 4.8269e-06 0.00029788 2.7134e-06 0.00016745 2.7134e-06 0.00016745 -1.2629e-18 -1.2227e-18 1.2629e-18 1.2227e-18 0.02178 0.022803 0.046931 0.041927 0.055706 0.057973 0.1462 0.23265 -0.030094 0.11747 0.13335 0.24552 -0.036021 0.047586 0.047488 0.062773 0.019449 0.014665 0.046306 0.049853 0.11094 0.081019 0.33479 0.31392 -0.048079 0.23725 0.49481 0.49733 -0.04506 0.004628 0.11289 0.10131
137.28 119.63 6.8204 1.9506 -0 0 0 0 -0 0 0 0 -0 0 0 0 -0 0 0 0 0.00085793 0.00097932 0.0033781 0.0037805 0.057156 0.062955 0.080485 0.15391 -0.024823 0.12025 0.10403 0.25726 -0.011807 0.013734 0.013226 0.020178 0.011286 0.0043784 0.028299 0.019679 0.11708 -0.0066117 0.29506 0.40691 -0.13713 -0.01287 0.39064 0.57525 -0.037903 0.00045108 0.054667 0.043567 0.0025039 -0.0025484 0.011254 0.01083 0.047069 -0.040616 0.11988 0.1432 -0.0343 -0.036115 0.13018 0.18263 -0.012432 -0.0040307 0.024389 0.022879
105.72 175.85 6.4393 5.2159 0 0 0 0 0 0 0 0 5.5422e-18 3.053e-18 3.5934e-17 1.9795e-17 -1.0321e-18 -5.6854e-19 4.6704e-18 2.5728e-18 0.0073016 0.0097735 0.015352 0.024329 0.011252 0.048263 0.045418 0.097284 -0.02461 0.037399 0.050593 0.085099 -0.0031561 0.0019907 0.0037689 0.0046175 0.02483 0.00074374 0.06214 0.055357 0.11052 0.11274 0.31168 0.48665 -0.054522 0.064813 0.25838 0.36016 -0.0063908 0.0037157 0.035775 0.029594 0.039127 0.0047096 0.062092 0.060714 0.073635 0.011561 0.26856 0.4554 -0.045286 -0.0025249 0.1955 0.25471 -0.008804 -0.0046241 0.030725 0.022698
88.368 193.99 6.344 5.2095 0 0 0 0 0 0 0 0 -3.7591e-20 -2.0397e-20 6.8818e-18 3.7341e-18 -1.0782e-17 -5.8503e-18 3.7087e-17 2.0123e-17 0 0 0 0 3.8789e-18 -4.9441e-19 3.8789e-18 3.5215e-18 4.6984e-17 2.3689e-17 8.4207e-17 4.6676e-17 -4.8878e-18 -2.6522e-18 1.9802e-17 1.0745e-17 0.01333 0.011361 0.022221 0.026586 0.046043 0.039914 0.10397 0.1663 -0.045086 0.066168 0.12307 0.18959 -0.014268 0.0088449 0.021146 0.026072 0.023026 0.0038798 0.043688 0.036675 0.12649 0.092685 0.31259 0.40601 -0.10365 0.13264 0.42945 0.62107 -0.019098 0.0085766 0.069964 0.051296
87.481 128.29 9.3166 0.50769 0 0 0 0 0 0 0 0 0 0 0 0 0 0 0 0 0 0 0 0 0.0014098 0.072588 0.06589 0.072588 -0.014737 0.032734 0.048319 0.043785 -0.0020309 0.0021346 0.0031018 0.0025251 0.064833 0.011196 0.064833 0.023503 0.065151 0.0022923 0.65057 0.49085 -0.10609 0.033307 0.35301 0.27594 -0.016813 0.0035062 0.026094 0.010361 0.014504 -0.0014233 0.014504 0.0072382 0.025782 -0.088927 0.16497 0.15925 -0.027702 -0.048946 0.1022 0.11191 -0.0043812 -0.0025031 0.0067973 0.0036745
