48 64
93.962 118.35 2.3477 1.9433 -0.00084694 0.0013252 0.00084694 0.0013252 -0 0 0 0 -0 0 0 0 -0 0 0 0 -0.054862 0.07925 0.081915 0.086259 0.0058624 0.12817 0.017668 0.12817 0.0047138 0.1925 0.02471 0.1925 -0.012369 0.049748 0.014373 0.049748 -0.032276 0.040239 0.28884 0.31503 -0.028329 0.062878 0.13123 0.49383 -0.0059642 0.076842 0.10512 0.42053 -0.061268 0.038407 0.16506 0.21729 -0.024111 -0.052572 0.16128 0.14784 0.0039084 -0.11736 0.092048 0.12707 0.039776 -0.060167 0.10924 0.12042 -0.026307 -0.030388 0.11062 0.059031
133.5 121.95 2.0195 1.7686 -0 0 0 0 -0 0 0 0 -0 0 0 0 -0 0 0 0 -0.020448 0.11437 0.091708 0.13001 0.0057122 0.13938 0.13451 0.30483 -0.043254 0.045573 0.12994 0.21178 -0.010092 0.065094 0.039689 0.076422 -0.015102 0.028391 0.36534 0.39458 -0.17309 -0.1095 0.26463 0.3041 0.043193 -0.04883 0.13004 0.11367 0.066606 0.056608 0.24929 0.24303 -0.016215 -0.062889 0.12865 0.15412 -0.060772 -0.021378 0.070973 0.060872 0.026586 -0.00020312 0.034233 0.023898 0.094728 -0.026323 0.12768 0.099309
170.08 127.96 1.9658 4.5065 0.0010368 0.0063532 0.044705 0.033853 0.033234 0.047002 0.087975 0.08336 -0.012723 0.054264 0.11101 0.071072 -0.020769 0.01202 0.040569 0.022221 -0.014662 0.12665 0.13667 0.15884 0.0062074 0.06858 0.11922 0.13506 -0.03799 0.051233 0.28585 0.1687 -0.08685 -0.012126 0.12103 0.048704 0.015286 -0.125 0.13869 0.29926 0.0045417 -0.13547 0.10948 0.55393 -0.14972 -0.12778 0.2723 0.35636 -0.036088 -0.020512 0.041233 0.023868 0.0035127 -0.02077 0.0051722 0.021134 0.0050359 -0.062589 0.011908 0.07743 -0.013149 -0.029394 0.015273 0.036334 -0.00047995 -0.00045823 0.00047995 0.00045823
178.86 127.76 2.1304 2.6039 -0 0 0 0 -0 0 0 0 -0 0 0 0 -0 0 0 0 0.025898 0.023556 0.035163 0.061939 0.045064 0.2029 0.067974 0.29474 -0.070879 0.21949 0.12351 0.29831 -0.025984 0.031193 0.031011 0.034611 0.066029 -0.0040586 0.094908 0.11843 0.11367 -0.012379 0.18859 0.33314 0.067503 0.039345 0.34004 0.35158 -0.1414 0.075582 0.25871 0.12527 0.015544 -0.010542 0.062885 0.064195 0.039145 -0.060845 0.10675 0.12121 0.13781 -0.020105 0.15884 0.082704 -0.11043 0.020072 0.22536 0.049622
79.805 131.52 2.1912 4.9053 -0.0017753 0.0097029 0.076513 0.023268 -0.0095144 0.0092196 0.06418 0.027069 -0.0089139 0.011463 0.066926 0.044289 0.065875 -0.028656 0.08021 0.064911 0.051737 0.0096822 0.20827 0.053816 0.013747 0.12324 0.23491 0.18063 -0.098708 0.10299 0.1738 0.17291 0.048244 0.044368 0.10633 0.10009 0.090188 -0.020144 0.14469 0.059123 0.057842 0.1029 0.25983 0.20572 -0.0061046 0.16517 0.18328 0.22125 0.034949 0.13207 0.17047 0.30555 0.039257 -0.018503 0.042182 0.025051 0.059657 -0.12538 0.1292 0.29112 -0.032731 -0.15713 0.099751 0.30755 -0.026907 -0.1123 0.059814 0.16677
99.676 135.59 2.0117 5.0427 -0.0038845 0.0044891 0.029585 0.020977 0.052339 -0.021891 0.071765 0.048924 0.030962 -0.038087 0.11367 0.11856 -0.041592 -0.00071203 0.054338 0.047172 -0.049028 0.043603 0.080977 0.076632 0.04429 0.062646 0.11533 0.10979 0.019662 0.01236 0.36518 0.33029 -0.050249 0.008188 0.083973 0.11177 -0.0010659 0.067124 0.073621 0.11868 0.0074165 0.11439 0.18717 0.33986 -0.073565 0.049504 0.37812 0.35043 -0.0816 0.0045642 0.098558 0.077108 -0.0055365 -0.081209 0.023781 0.11738 -0.0092236 -0.10962 0.051471 0.16269 0.063689 -0.10688 0.19196 0.16141 -0.045887 -0.010249 0.087923 0.065646
170.18 135.84 1.7603 5.2122 -0.049876 0.011015 0.089923 0.1352 -0.010888 0.0028472 0.056806 0.089242 0.023837 0.032966 0.091499 0.069479 -0.016901 0.0087375 0.045015 0.025425 -0.07341 0.1145 0.24433 0.24648 -0.013686 0.14266 0.11737 0.20124 -0.060477 0.052441 0.18657 0.17458 -0.037753 -0.0035013 0.071539 0.043328 0.093282 -0.084393 0.30763 0.26941 -0.074254 0.085366 0.21331 0.24857 -0.069439 0.060525 0.20469 0.29048 -0.058319 -0.011702 0.097816 0.084048 0.054118 -0.058864 0.072318 0.084132 -0.0069087 -0.13851 0.13669 0.28233 -0.062052 -0.11347 0.082218 0.1713 -0.012286 -0.01261 0.012908 0.015208
183.19 135.82 1.9672 3.045 -0 0 0 0 -0 0 0 0 -0 0 0 0 -0 0 0 0 -0.010645 0.0042551 0.026743 0.049427 0.07352 0.062661 0.11176 0.15882 -0.046608 0.22964 0.11535 0.2588 -0.017425 0.034514 0.018209 0.034514 0.026411 0.058833 0.05534 0.10473 0.11153 0.09201 0.16044 0.28585 0.07824 0.064201 0.27869 0.39533 -0.14989 0.14477 0.31251 0.23458 0.013229 -0.027862 0.051763 0.079776 0.084629 -0.059725 0.13732 0.14049 0.083695 0.0074631 0.14258 0.12278 -0.088094 0.0030739 0.32189 0.10689
179.99 142.04 2.0231 3.4573 -0.0005601 0.012403 0.020434 0.04689 -0.0048011 0.0082624 0.021979 0.034081 -0.0020594 0.0034119 0.0082452 0.01237 0 -0 0 0 0.0077487 0.031214 0.031681 0.084304 0.021751 0.061859 0.074163 0.12543 0.017854 0.15139 0.23086 0.23128 -0.042003 0.052921 0.053766 0.055008 0.04985 -0.0089002 0.083889 0.12596 0.084742 0.051024 0.17002 0.24012 0.12749 0.082623 0.36673 0.2807 -0.1572 0.12756 0.34149 0.21099 -0.0091412 0.0094192 0.037753 0.050476 0.13395 -0.032955 0.15493 0.10765 0.071242 0.049036 0.17116 0.12612 -0.081923 0.014871 0.33749 0.16581
108.43 143.94 2.0244 4.0988 -0.0026631 0.037738 0.037001 0.050319 -0.021254 0.051212 0.036684 0.060658 -0.00052032 0.021861 0.034268 0.04809 -0.0013918 -0.0044359 0.025384 0.030848 0.037256 -0.006166 0.10577 0.12207 -0.12116 0.02451 0.17341 0.23482 -0.036376 0.062613 0.12571 0.16273 -0.016976 0.014045 0.030373 0.030766 0.017684 -0.077688 0.042829 0.095374 0.079351 -0.093452 0.21246 0.43909 -0.0013715 0.16805 0.22685 0.38011 -0.060728 0.12482 0.088111 0.14464 -0.0052212 0.028697 0.02815 0.037929 0.12898 0.066316 0.13965 0.13572 -0.081652 -0.04105 0.29301 0.26211 -0.039056 -0.060828 0.061781 0.16349
80.641 145.92 2.2131 3.3858 0.054792 -0.029397 0.093587 0.10034 -0.0083696 -0.16426 0.2051 0.25103 -0.035856 -0.15135 0.20187 0.2539 0.16337 -0.06615 0.24005 0.18316 0.008948 -0.011069 0.012221 0.019959 0.029657 -0.02299 0.12717 0.15065 0.035405 0.076583 0.12367 0.15264 0.18934 0.036871 0.21432 0.16455 -0.015899 0.031315 0.020751 0.03459 0.033428 -0.027319 0.063411 0.086023 0.15303 -0.042954 0.22113 0.20694 0.075286 -0.02093 0.18383 0.2257 -0.0095302 -0.0069326 0.031798 0.06968 0.016215 0.021808 0.066392 0.13395 0.046447 -0.010759 0.088984 0.29207 0.014144 -0.065007 0.071015 0.19631
139.87 158.53 2.3359 5.7918 -0.020528 -0.0081059 0.056133 0.035045 -0.0015551 -0.00073607 0.0034751 0.0036679 0.0049715 0.015577 0.01718 0.022406 -0.0021343 0.0080571 0.049906 0.044335 0.0056193 0.0088218 0.097798 0.071046 -0.018982 0.052344 0.1014 0.098421 0.13984 0.13811 0.24252 0.17147 -0.078564 0.063773 0.15737 0.11759 0.044576 0.060854 0.1431 0.15861 0.082276 0.13717 0.28551 0.27642 0.085604 0.066625 0.32799 0.27557 -0.13513 -0.018082 0.2436 0.082282 -0.090099 0.041717 0.17354 0.26709 0.0058538 -0.091751 0.16096 0.2251 -0.0057096 -0.10994 0.11456 0.17523 -0.033656 -0.018396 0.076351 0.040548
182.52 166.94 1.7095 0.71836 0.0035599 -0.096718 0.14307 0.17307 -0.048265 -0.14114 0.24391 0.30581 -0.041462 -0.0204 0.1689 0.16413 -0.0070193 -0.079771 0.10494 0.11144 0.04494 -0.010117 0.15115 0.14026 -0.0092049 0.04163 0.21088 0.27528 0.0098165 0.1712 0.10401 0.20721 0.022888 0.1674 0.041737 0.17583 0.01659 -0.013888 0.031422 0.027798 0.059562 -0.059775 0.11191 0.1644 0.12674 -0.076721 0.17436 0.32835 0.082027 -0.10354 0.13267 0.33279 7.3632e-16 -4.9439e-17 7.3632e-16 4.9439e-17 0.0029231 -0.004084 0.0029231 0.0041125 0.015485 -0.045567 0.01934 0.049706 0.0063145 -0.05467 0.014775 0.055711
99.988 168.25 1.8067 4.9929 -0.037145 -0.074585 0.045519 0.079764 -0.018833 -0.052451 0.024783 0.061053 -0.0036215 -0.02007 0.0090593 0.022668 -0.00098658 -0.0023755 0.0017683 0.0025548 0.00079614 0.00096707 0.017171 0.019241 0.037829 0.055466 0.092779 0.11427 -0.030596 0.052074 0.058744 0.090582 -0.0039683 0.0015207 0.004073 0.0024832 0.09769 0.068108 0.18628 0.14132 0.048989 0.29966 0.33955 0.42582 -0.17218 0.078234 0.22654 0.18106 -0.0096689 0.0064218 0.036178 0.041093 0.076382 -0.034007 0.12104 0.092098 0.076385 -0.060611 0.29099 0.29055 -0.18432 0.00025833 0.25796 0.20431 -0.012879 0.0085477 0.032338 0.032048
63.984 178.18 2.0985 5.7544 0 0 0 0 0 0 0 0 0 0 0 0 0 0 0 0 0.010545 0.037896 0.010545 0.037896 0.0085726 0.119 0.030719 0.119 0.00050635 0.11122 0.031884 0.11122 -0.0062788 0.023342 0.0067817 0.023342 0.048383 0.052525 0.098661 0.25766 0.023712 0.044609 0.15507 0.48021 0.086463 0.19588 0.17452 0.41372 -0.092971 0.24149 0.13795 0.33549 -0.012838 -0.066724 0.029176 0.073644 0.017446 -0.098233 0.035427 0.098515 0.059379 -0.16859 0.064147 0.17838 0.037074 -0.14072 0.073703 0.17293
181.86 183.85 1.9973 3.6287 1.9201e-16 2.4525e-16 1.5755e-15 1.0108e-15 -1.3312e-15 -8.0549e-16 1.0986e-14 7.6591e-15 -3.2568e-15 -1.1884e-15 9.8975e-15 1.1284e-14 -1.4555e-15 8.7984e-16 2.8431e-15 2.8977e-15 0.0026976 0.011097 0.0053218 0.011097 0.024847 0.126 0.036359 0.126 0.007005 0.15639 0.037422 0.1575 -0.016889 0.054525 0.02028 0.056046 0.16476 0.16479 0.18496 0.20155 -0.014363 0.19382 0.28466 0.47439 -0.13188 0.021804 0.18952 0.36453 -0.04945 -0.041241 0.10023 0.15547 0.042149 -0.074287 0.15346 0.16974 -0.085488 -0.20113 0.1284 0.22569 -0.044337 -0.091839 0.052594 0.1058 0.015087 0.006243 0.055727 0.088985
98.116 192.17 1.6224 2.0924 0.00040933 -0.0007122 0.001053 0.0018321 0.00072887 -0.00042665 0.0012374 0.0016256 0.026363 -0.067374 0.042039 0.080276 -0.0098224 -0.045328 0.043387 0.075721 0.016682 0.024344 0.023201 0.027426 0.046676 0.18424 0.14567 0.21277 -0.0082123 0.22492 0.094074 0.29535 0.047516 0.23042 0.058225 0.24419 0.031461 -0.0093465 0.044768 0.050256 0.099833 -0.088573 0.20528 0.2842 0.12606 -0.13702 0.21139 0.44839 0.041424 -0.10195 0.11757 0.37061 0.00038963 -0.0013981 0.00038963 0.0013981 0.0061841 -0.016762 0.0082078 0.019281 0.010895 -0.055998 0.015421 0.060025 -0.0035718 -0.066075 0.015748 0.06629
81.491 198.17 1.9166 5.1102 0 0 0 0 0 0 0 0 0 0 0 0 0 0 0 0 0 0 0 0 0.0013105 0.0031579 0.0013105 0.0031579 0.001085 0.0047673 0.0018582 0.0047673 0.00018689 0.00068425 0.00037273 0.0007388 0.10835 0.16771 0.10952 0.17793 0.038477 0.35809 0.16084 0.44187 -0.10922 0.25006 0.15003 0.35356 -0.050605 0.089141 0.10285 0.16535 0.036133 -0.042251 0.10533 0.16905 -0.085718 -0.22398 0.12758 0.29782 -0.035667 -0.15246 0.084646 0.20777 -0.020404 -0.059717 0.052384 0.091383
86.021 200.65 1.8222 4.9796 0 0 0 0 0 0 0 0 0 0 0 0 0 0 0 0 0 0 0 0 0 0 0 0 0.00073888 0.00042058 0.00073888 0.0015315 0.00025282 0.00018251 0.00025282 0.00047648 0.095276 0.20257 0.10364 0.2047 0.010693 0.36133 0.15434 0.39022 -0.058007 0.23887 0.15823 0.32528 -0.066687 0.039277 0.11793 0.15752 0.025745 -0.025868 0.13512 0.19921 -0.12881 -0.19737 0.16588 0.32845 -0.059188 -0.16515 0.10532 0.23588 -0.025786 -0.042106 0.04123 0.05133
69.878 111.29 2.7471 0.99031 0 0 0 0 0 0 0 0 0 0 0 0 0 0 0 0 0 0 0 0 0 0 0 0 0 0 0 0 0 0 0 0 0.040744 0.024346 0.040744 0.024737 0.09728 0.25831 0.35136 0.47595 -0.12747 0.13861 0.19703 0.30752 -0.023108 0.021797 0.032412 0.035339 0.12885 0.1173 0.19377 0.15115 -0.020581 -0.051511 0.34174 0.26967 -0.093188 -0.072394 0.21123 0.21024 -0.016767 -0.0029481 0.07476 0.072026
105.52 121.11 2.6592 1.6753 -0 0 0 0 -0 0 0 0 -0 0 0 0 -0 0 0 0 -0.0072764 0.031934 0.06825 0.09345 -0.012948 0.12136 0.091862 0.15678 0.039267 0.17603 0.063748 0.19037 -0.0049489 0.12224 0.064357 0.20991 0.015786 -0.019792 0.088258 0.068094 0.11898 0.017681 0.35259 0.37537 -0.044842 -0.05223 0.25705 0.49401 -0.017151 -0.052402 0.14372 0.21222 0.006237 -0.0027857 0.025697 0.032595 0.076004 -0.03039 0.16161 0.18021 -0.063018 -0.00064914 0.14992 0.15616 -0.001312 -0.032613 0.059061 0.053124
148.56 122.28 2.8807 1.3778 0 0 0 0 0 0 0 0 0 0 0 0 0 0 0 0 0.012151 0.10607 0.030091 0.10607 -0.019772 0.15834 0.034436 0.15834 0.011243 0.09481 0.164 0.1907 0.020543 0.014621 0.095643 0.11989 0.057042 0.046181 0.15512 0.24281 0.013369 0.013896 0.25874 0.49771 -0.13325 -0.008031 0.44756 0.33219 -0.0095716 -0.019267 0.074271 0.050001 0.0087692 -0.040172 0.082809 0.062849 0.00030267 -0.071167 0.11194 0.11591 -0.021477 -0.023176 0.15521 0.12806 -0.021961 -0.0011619 0.033826 0.033762
97.391 127.56 2.7798 5.1559 0.0019438 0.025648 0.091243 0.035465 -0.017975 0.02853 0.06809 0.054608 0.071883 0.015443 0.12847 0.12114 -0.045627 0.0017286 0.06743 0.049745 0.071609 0.042165 0.17657 0.1228 -0.053883 0.1942 0.15153 0.24405 0.019905 0.1595 0.31059 0.35001 -0.068339 0.0038022 0.10967 0.10014 0.050951 -0.087293 0.07655 0.15211 0.034147 -0.17434 0.070552 0.34741 0.033092 -0.16783 0.30087 0.36836 -0.073578 -0.0088251 0.12388 0.073953 0 0 0 0 0 0 0 0 0.01379 -0.02467 0.026645 0.02857 0.010916 -0.01421 0.042373 0.069195
72.648 138.45 2.8966 5.2654 0 0 0 0 0.025308 0.014132 0.054461 0.037509 -0.011295 -0.025147 0.05499 0.0641 -0.002899 -0.021582 0.012788 0.029555 0.0051091 0.0030583 0.0051091 0.0030583 0.0023771 0.046937 0.2628 0.11126 -0.026092 0.023699 0.11351 0.079332 0.084265 0.06337 0.1227 0.11921 0.039073 0.0043567 0.039073 0.0077798 0.10995 0.13382 0.35824 0.19074 -0.11477 0.16179 0.24064 0.25353 0.090636 0.041803 0.24867 0.18682 0.010805 -0.00064525 0.010805 0.0014396 0.079359 -0.092875 0.15264 0.20446 0.0099426 -0.12057 0.12146 0.38622 -0.0042826 -0.0076876 0.22752 0.25324
148.75 154.41 2.7763 2.5522 0.010933 0.0035079 0.035724 0.031289 0.044454 -0.048648 0.098962 0.12284 0.13705 -0.094124 0.19545 0.16847 -0.10032 0.047817 0.19889 0.11751 0.0053577 0.0037358 0.056005 0.029264 0.06076 0.10988 0.14987 0.19944 0.15063 -0.035659 0.28143 0.32597 -0.028502 -0.11876 0.21704 0.36118 0.062926 -0.0084865 0.10987 0.046984 -0.0040827 -0.061387 0.3475 0.27203 -0.0565 -0.10782 0.15826 0.18845 -0.0022465 -0.03107 0.041814 0.063753 0.0087753 -0.0098327 0.040007 0.025454 -0.010083 -0.042703 0.064853 0.054109 -0.002496 -0.0085382 0.018086 0.017158 0.04179 0.034636 0.079573 0.06352
66.114 168.41 2.8477 2.5842 0.020731 -0.017584 0.052628 0.050723 0.0055684 -0.17827 0.16797 0.19407 0.023985 -0.046669 0.16227 0.14657 0.051171 -0.10364 0.29496 0.28115 -0.014465 0.09697 0.11972 0.30216 -0.060071 0.17415 0.090899 0.29012 0.0055387 0.085441 0.14163 0.29552 -0.054349 -0.081554 0.19599 0.20839 0.024598 -0.11852 0.049838 0.15172 -0.018609 -0.16511 0.062456 0.29964 -0.056482 -0.10125 0.078614 0.19168 -0.0098655 -0.011892 0.011559 0.017083 -1.4357e-18 8.9498e-19 1.4357e-18 8.9498e-19 -7.5035e-19 4.6774e-19 7.5035e-19 4.6774e-19 -0 0 0 0 -0 0 0 0
144.38 167.82 2.8035 4.3885 0.0001422 0.00042356 0.0001422 0.00042356 0.0088295 -0.0025413 0.028727 0.048929 0.032977 -0.034466 0.049079 0.09119 0.00077765 -0.03022 0.046273 0.082789 0.0012793 -0.0028372 0.0085676 0.017308 0.088125 0.051367 0.1728 0.23433 -0.08158 0.16087 0.184 0.33947 -0.00072719 -0.0026853 0.052882 0.066615 -0.0096152 0.0039288 0.015375 0.011513 0.14969 -0.044119 0.1706 0.16509 -0.10094 -0.027324 0.41804 0.33985 0.0075892 0.014764 0.15781 0.10114 -0.053444 0.032097 0.068208 0.085913 0.042137 -0.018281 0.079565 0.070389 0.02114 0.075158 0.31629 0.23314 0.025694 0.14101 0.16975 0.18003
181.37 174.33 2.9864 1.019 0.047364 -0.070619 0.11071 0.090048 -0.011218 -0.11674 0.26027 0.21789 0.098755 -0.087465 0.26789 0.16817 -0.011251 -0.11087 0.24433 0.35828 0.017543 -0.0026527 0.038513 0.026141 0.030758 0.030704 0.1585 0.16574 -0.015901 0.19001 0.10348 0.26342 -0.018061 0.03011 0.080442 0.19459 0.0013731 -0.00090026 0.0016654 0.00097012 0.065976 -0.055413 0.071208 0.08979 0.10922 -0.11219 0.18204 0.38085 -0.084315 -0.066757 0.12301 0.23361 -1.9356e-17 -3.1444e-17 7.9367e-17 1.2893e-16 0.00045665 -0.00079814 0.00045665 0.00079814 0.0064914 -0.024455 0.0080018 0.024455 -0.0035318 -0.017784 0.0057017 0.017784
183.74 180.65 2.6598 3.5092 -3.5253e-16 -1.8296e-16 1.8335e-15 7.8987e-16 -1.7477e-16 -8.2994e-17 4.982e-15 2.0775e-15 1.1417e-16 9.6211e-16 1.2783e-15 1.0349e-15 2.3459e-17 5.2841e-17 2.3459e-17 5.2841e-17 0.00080463 0.0044519 0.0012033 0.0044519 0.027266 0.12701 0.044563 0.12708 -0.015442 0.11181 0.044057 0.11793 -0.010787 0.029766 0.012913 0.031823 0.14928 0.077532 0.17191 0.1308 -0.060598 0.026652 0.35574 0.53034 -0.11463 -0.057469 0.1714 0.30188 -0.009079 0.071269 0.087328 0.17051 0.043846 -0.04129 0.11915 0.098197 -0.017581 -0.067496 0.13738 0.15978 0.016468 0.091328 0.17098 0.23548 0.11362 0.0028213 0.18161 0.22867
160.94 188.24 2.8344 0.83365 0.044555 -0.04378 0.16477 0.1226 0.0059267 -0.15527 0.34764 0.47739 -0.089994 -0.042031 0.20456 0.24717 -0.0049723 -0.0023721 0.015327 0.013878 0.0026533 0.061535 0.06444 0.12043 0.0029604 0.14186 0.088796 0.25386 -0.057287 0.037571 0.14916 0.21213 -0.012006 -0.0024588 0.020174 0.017328 0.064652 -0.061221 0.071211 0.16508 -0.033877 -0.11877 0.14845 0.39831 -0.092051 -0.047428 0.10943 0.13681 -0.0053237 -0.0033212 0.0067346 0.0076274 0.002521 -0.010959 0.002521 0.010959 -0.0015448 -0.031114 0.0057658 0.031114 -0.0024082 -0.0053213 0.0024324 0.0053213 0 0 0 0
71.533 193.56 2.863 5.3858 0 0 0 0 0 0 0 0 0 0 0 0 0 0 0 0 0 0 0 0 0.001334 0.0037488 0.001334 0.0037488 0.0012205 0.0091738 0.0012205 0.0091738 4.3113e-06 3.8337e-05 4.3113e-06 3.8337e-05 0.070097 0.1072 0.095726 0.20711 0.099869 0.12141 0.15718 0.5796 -0.12313 0.12328 0.17976 0.54577 -0.078657 0.070586 0.098752 0.14011 -0.017631 -0.059651 0.077074 0.12763 -2.119e-06 -0.14247 0.047454 0.18069 -0.0092368 -0.13955 0.047405 0.17943 -0.018904 -0.03952 0.046193 0.074429
155.88 198.68 2.635 4.8961 0 0 0 0 0 0 0 0 0 0 0 0 0 0 0 0 0.0011972 -0.00024864 0.0011972 0.0015457 0.0065649 0.034945 0.029372 0.055405 -0.0054831 0.030854 0.012758 0.032567 -0.00065988 0.00086039 0.00065988 0.00086039 0.013313 0.006375 0.032319 0.10489 0.11203 -0.010843 0.1967 0.29033 0.022871 0.18921 0.33684 0.41583 -0.091403 0.076195 0.10653 0.091625 0.075342 0.10288 0.17035 0.30106 -0.12354 0.1413 0.22651 0.35994 0.11346 -0.11522 0.20101 0.18092 -0.084226 -0.0023832 0.14684 0.09009
148.8 119.98 3.5769 1.3946 0 0 0 0 0 0 0 0 0 0 0 0 0 0 0 0 0.012936 0.044445 0.016131 0.044445 -0.00083448 0.14583 0.035447 0.14603 0.0021168 0.085147 0.1043 0.1465 0.043564 0.067287 0.099023 0.17482 0.10044 0.021073 0.17312 0.17408 0.016064 0.02705 0.2424 0.57585 -0.13293 -0.012981 0.35831 0.33046 0.089192 -0.051302 0.1511 0.15824 0.028414 -0.030671 0.067697 0.043781 0.027632 -0.060118 0.14225 0.10391 -0.039258 0.016397 0.15985 0.12865 0.0013173 -0.0061944 0.028793 0.030071
144.3 131.19 3.181 5.7591 0.031637 -0.059525 0.15964 0.079086 -0.056562 -0.047283 0.083876 0.065375 0.0022768 0.019692 0.043427 0.044304 0.029752 0.039047 0.048948 0.050681 0.049577 -0.024766 0.096732 0.079413 0.058291 0.10867 0.19913 0.31573 -0.01847 0.085256 0.18569 0.27197 0.01249 -0.033843 0.095647 0.12985 0.012954 -0.0075669 0.015432 0.013534 0.20487 -0.078743 0.28224 0.2329 -0.11457 0.055379 0.39843 0.32648 -0.029392 0.040754 0.067776 0.096692 0 0 0 0 0.10605 -0.023358 0.12235 0.040035 0.01173 -0.033092 0.24004 0.18428 -0.049829 -0.0034923 0.066349 0.099562
72.282 140.86 3.3821 3.5376 -0.016092 0.00095272 0.028262 0.015632 0.042914 -0.071443 0.12532 0.13738 0.060186 -0.089779 0.2151 0.24481 -0.02529 -0.03521 0.32152 0.18003 -0.038211 0.022238 0.075518 0.065437 0.012557 0.015339 0.074074 0.099385 0.16403 0.055506 0.24795 0.21843 -0.079639 0.0057236 0.42926 0.13387 0.004234 -0.025846 0.034757 0.057641 0.028059 -0.026813 0.067232 0.20541 0.072695 -0.12975 0.12339 0.36888 -0.05779 -0.13473 0.19416 0.19735 0.00029764 -0.0009584 0.00029764 0.0009584 0.003053 -0.010928 0.0034514 0.010928 0.0010435 -0.019902 0.0037498 0.019902 -0.0012921 -0.0082055 0.0016441 0.0082055
100.07 153.68 3.9848 3.5892 -0.002586 0.004239 0.0080172 0.0054231 0.0084793 -0.0030476 0.0090047 0.0078196 0.025723 -0.042526 0.048831 0.059253 0.063615 -0.031255 0.12272 0.11209 -0.023554 0.018057 0.075077 0.025406 0.086423 0.086991 0.12378 0.15471 0.018672 0.15339 0.21874 0.31005 -0.014991 0.074656 0.15537 0.20314 -0.033343 0.0018154 0.10358 0.047663 0.05144 -0.073116 0.14928 0.15664 0.21782 -0.0020973 0.36847 0.34019 -0.12478 -0.023134 0.31974 0.15586 0.0036725 -0.013052 0.033625 0.034481 0.013989 0.0050262 0.055548 0.11662 0.1252 -0.036181 0.16699 0.23119 -0.065974 -0.038061 0.14225 0.062069
78.655 184.36 3.8248 2.2842 -0.00078086 -0.0015788 0.003541 0.0054989 0.15457 -0.081283 0.19483 0.17478 -0.068695 -0.14463 0.2973 0.27605 0.047208 -0.092735 0.22561 0.18136 0.044494 0.015469 0.054769 0.078987 0.042852 0.12047 0.11691 0.36641 -0.028392 0.086013 0.12567 0.3688 -0.045743 -0.029248 0.17313 0.17369 0.021248 -0.016501 0.023393 0.030969 0.046179 -0.15401 0.085435 0.29251 -0.056036 -0.13688 0.081765 0.25308 -0.02267 -0.027533 0.028365 0.040558 -0 0 0 0 -0 0 0 0 -0 0 0 0 -0 0 0 0
170.83 184.68 4.1633 0.95272 -0.0090024 -0.13213 0.23458 0.17277 0.069129 -0.10688 0.32722 0.22486 -0.075236 -0.054528 0.32957 0.41633 -0.020022 -0.00095748 0.03585 0.045236 0.030446 -0.023076 0.075916 0.080864 0.054705 0.075945 0.154 0.33027 -0.052153 0.013461 0.19359 0.31401 -0.018969 -0.0073025 0.0362 0.035897 0.011096 -0.0089506 0.011875 0.013742 0.063335 -0.10932 0.094187 0.22436 -0.059752 -0.097623 0.097116 0.18307 -0.010108 -0.006259 0.011013 0.010959 1.8846e-16 -1.4588e-16 3.1044e-16 3.163e-16 5.516e-16 -1.656e-16 1.5576e-15 1.9475e-15 7.8218e-06 -4.6309e-05 7.8218e-06 4.6309e-05 0 0 0 0
98.494 195.57 3.6632 4.7514 0 0 0 0 0 0 0 0 0 0 0 0 0 0 0 0 0.020049 0.036046 0.020049 0.036046 0.011413 0.17516 0.068241 0.19871 -0.040244 0.034196 0.050571 0.078322 -4.0359e-05 1.7928e-05 4.5057e-05 0.00013845 0.10876 0.052245 0.24394 0.23022 -0.13948 -0.083311 0.29108 0.46328 -0.04487 -0.0087116 0.054667 0.096544 0.002979 0.011229 0.0050286 0.057938 -0.024014 -0.036571 0.16245 0.085385 0.13918 0.13345 0.26685 0.29072 -0.15156 0.18365 0.26408 0.21849 0.097947 0.02161 0.10697 0.12346
101.8 113.55 5.2799 1.7536 -0 0 0 0 -0 0 0 0 -0 0 0 0 -0 0 0 0 -0.024446 0.062772 0.056989 0.10039 -0.011791 0.053245 0.036885 0.062804 -0.0057679 0.10683 0.021802 0.10683 -0.0053522 0.015838 0.0056548 0.015838 -0.052904 -0.030031 0.20788 0.18591 0.080119 0.0097952 0.38153 0.47083 -0.059096 -0.0049434 0.26066 0.52967 -0.062335 0.0074721 0.089035 0.058403 -0.022129 -0.011871 0.055063 0.043345 0.032571 -0.06064 0.22145 0.16651 -0.022091 -0.052809 0.13514 0.12092 -0.018081 -0.0056886 0.06073 0.013579
80.143 123.69 5.5853 1.7001 -0 0 0 0 -0 0 0 0 -0 0 0 0 -0 0 0 0 0.0080029 0.070332 0.15013 0.18965 0.014958 0.19729 0.18572 0.45547 -0.084088 0.069546 0.11737 0.11978 -0 0 0 0 0.064723 -0.035472 0.23487 0.16627 -0.059448 -0.12554 0.42005 0.48135 -0.081542 -0.042407 0.18794 0.10925 -0.0044182 -0.00037393 0.0044182 0.00045316 0.014137 -0.014862 0.036215 0.029004 0.0046815 -0.0016985 0.12229 0.13115 -0.026408 0.00051551 0.080004 0.045535 -0.0016246 -0.00016339 0.0016246 0.00019518
108.37 128.98 5.694 1.8048 -0.0042777 0.015316 0.0063032 0.015316 -0 0 0 0 -0 0 0 0 -0 0 0 0 -0.049362 0.031442 0.2066 0.28853 0.030088 0.083477 0.2257 0.25235 -0.0072904 0.15957 0.14204 0.37341 -0.037129 0.02883 0.049421 0.056667 -0.01547 -0.051664 0.19808 0.15702 0.090777 -0.04376 0.31555 0.23312 -0.025286 -0.11009 0.34226 0.37165 -0.048111 -0.020747 0.1236 0.052047 -0.0060308 -0.01477 0.030361 0.026873 0.023518 -0.017434 0.055576 0.056279 -0.00066298 0.0055513 0.1039 0.11614 -0.012602 -0.0019556 0.034739 0.017597
91.204 140.11 5.0309 4.9813 0.011188 0.0035126 0.016826 0.0074951 0.0098872 -0.010742 0.078089 0.085881 -0.017386 -0.00019674 0.045226 0.082319 -0.0039178 -0.00010156 0.0053621 0.0069678 0.015988 0.011455 0.051633 0.020244 0.0033082 0.073259 0.17881 0.14508 -0.025911 0.071244 0.31799 0.23013 0.0080209 0.015177 0.075481 0.046604 0.05387 -0.0089876 0.060826 0.033726 0.05187 -0.040729 0.22631 0.45953 -0.10257 -0.036496 0.37816 0.47561 0.041342 0.030793 0.19591 0.1687 0.0050153 -0.0034648 0.0050153 0.0043177 0.0032085 -0.046485 0.019159 0.059377 -0.0060601 -0.043243 0.035617 0.057664 0.017711 -0.031934 0.051082 0.071213
61.612 101.86 7.2946 0.71836 0 0 0 0 0 0 0 0 0 0 0 0 0 0 0 0 0 0 0 0 0 0 0 0 0 0 0 0 0 0 0 0 0 0 0 0 0.18326 0.15491 0.33284 0.2277 -0.089519 0.10412 0.32926 0.33098 -0.010377 0.012921 0.030202 0.0337 0.0092189 0.025457 0.03509 0.02888 0.11466 -0.0080543 0.4062 0.36986 -0.10026 -0.034904 0.30685 0.32105 -0.021406 0.0098538 0.10732 0.047639
186.22 109.4 6.3837 2.504 -0 0 0 0 -0 0 0 0 -0 0 0 0 -0 0 0 0 -0 0 0 0 -0 0 0 0 -0 0 0 0 -0 0 0 0 0.028234 0.020078 0.037482 0.033505 0.08954 0.199 0.40385 0.38604 -0.14251 0.09467 0.22361 0.13888 -0 0 0 0 0.023855 0.018238 0.11382 0.062445 0.098405 -0.049399 0.36238 0.37605 -0.13673 0.022497 0.32474 0.33052 -0.014201 0.015158 0.02436 0.020767
106.17 129 7.3881 1.7727 0.0010829 0.00022164 0.0010829 0.00022164 -0 0 0 0 -0 0 0 0 -0 0 0 0 -0.023047 0.038459 0.18291 0.31109 0.00879 0.091989 0.23256 0.27142 -0.035827 0.13557 0.15012 0.36206 -0.024384 0.013559 0.029549 0.030215 -0.0027174 -0.053711 0.1974 0.1872 0.062665 -0.064156 0.34743 0.25768 -0.055756 -0.10088 0.33983 0.33958 -0.029628 -0.0094028 0.070165 0.029196 -0.0050729 -0.013439 0.025221 0.031343 0.019744 -0.016571 0.047238 0.061861 -0.011674 -0.0084713 0.10136 0.11521 -0.0082139 -0.0016618 0.016859 0.0086561
168.14 129.08 7.0369 1.4718 0 0 0 0 0 0 0 0 0 0 0 0 0 0 0 0 0 0 0 0 0.10134 0.095821 0.14083 0.19857 -0.069482 0.14445 0.26294 0.36831 0.054678 0.06269 0.22513 0.30281 0 0 0 0 0.084161 -0.067826 0.18019 0.17073 -0.053259 -0.099736 0.43136 0.34367 0.020176 -0.075295 0.25847 0.22572 4.5191e-17 -3.1494e-18 4.5191e-17 4.4928e-17 0.024204 -0.0042091 0.058495 0.0526 -0.010809 -0.027809 0.091221 0.10092 0.0026611 -0.013122 0.021194 0.024398
125.55 99.643 13.639 2.1168 -0 0 0 0 -0 0 0 0 -0 0 0 0 -0 0 0 0 0.039785 0.0153 0.039785 0.03489 -0.021371 0.095733 0.17753 0.1931 -0.0083381 0.0043467 0.011263 0.0043467 -0 0 0 0 0.055194 0.00106 0.074528 0.069088 0.062058 -0.025357 0.61258 0.51837 -0.089976 0.031887 0.3176 0.34659 -0.0053614 -0.00019826 0.0053614 0.0016116 0.0017439 -0.0030119 0.0045393 0.0058304 0.024541 -0.033966 0.084744 0.077888 -0.020888 -0.033446 0.064336 0.062895 -0.00058234 -0.00011248 0.00058234 0.00023532
