57 64
140.08 114.84 2.2508 1.9393 -0 0 0 0 -0 0 0 0 -0 0 0 0 -0 0 0 0 0.012658 0.030158 0.013016 0.030158 0.045494 0.18745 0.069181 0.22332 -0.026243 0.21374 0.072543 0.24276 -0.015621 0.078674 0.030095 0.079329 0.06288 0.023065 0.11538 0.095588 0.053695 -0.036366 0.13829 0.29482 0.070785 -0.036701 0.25841 0.51934 -0.011158 0.03364 0.19795 0.4613 0.018993 -0.00054921 0.067504 0.053756 0.0018662 -0.0095762 0.082325 0.058852 -0.0025004 -0.034606 0.10132 0.069362 0.0042262 -0.053363 0.073679 0.076181
96.684 116.57 1.939 0.81339 0 0 0 0 0 0 0 0 0 0 0 0 0.0076752 0.0025483 0.009309 0.0075646 0.021584 0.050718 0.022258 0.050718 0.014887 0.19603 0.11274 0.22608 -0.067428 0.095266 0.10437 0.13812 -0.0067558 0.0071455 0.024551 0.016123 0.091066 0.15925 0.31367 0.38527 -0.11043 -0.03017 0.26924 0.32981 -0.14163 0.038404 0.27571 0.22501 0.0022986 0.014822 0.12939 0.11699 -0.045772 -0.054243 0.24453 0.1626 -0.016942 -0.074211 0.10257 0.11293 -0.0076779 0.012511 0.15573 0.13578 0.0104 0.0031375 0.13478 0.10704
140.71 117.3 2.1363 2.0054 -0 0 0 0 -0 0 0 0 -0 0 0 0 -0 0 0 0 0.024931 0.040788 0.031737 0.044177 0.0523 0.17441 0.085382 0.24107 -0.044174 0.27158 0.11927 0.35207 -0.033028 0.1065 0.046351 0.10992 0.048636 -0.0019975 0.12257 0.079346 0.033931 -0.058087 0.14645 0.22858 0.067823 -0.084391 0.22629 0.42134 0.010612 -0.031609 0.23137 0.45397 0.023101 -0.0002876 0.07725 0.068154 0.0041909 0.013021 0.082584 0.071536 -0.015093 -0.016599 0.10571 0.065527 0.0070742 -0.050512 0.076448 0.069596
123.64 122.17 1.9736 4.9165 -0.0013737 -0.00070784 0.045825 0.055192 0.0010937 -0.047567 0.080197 0.12712 0.049911 -0.099935 0.10805 0.21391 -0.01113 -0.013702 0.042408 0.066911 -0.017227 0.047529 0.068937 0.069387 -0.0089634 0.048176 0.10294 0.08095 0.015485 0.027097 0.11789 0.068007 0.00011639 0.0028772 0.050437 0.041707 0.023994 -0.032214 0.13265 0.20883 0.0062993 0.0064078 0.25817 0.53402 -0.022489 0.0086483 0.19685 0.51893 -0.031455 -0.0026239 0.076374 0.19186 0.011208 -0.0354 0.021995 0.047321 -0.0040917 -0.090639 0.051793 0.13872 0.0048332 -0.091208 0.040218 0.14362 -0.010823 -0.043875 0.019484 0.061436
95.133 125.5 1.833 5.7941 0.0017111 -0.0057616 0.012332 0.009464 0.011064 0.0053429 0.020535 0.01392 0.035593 0.0076184 0.09322 0.18345 0.01207 0.027517 0.094579 0.15333 0.0013104 0.0012095 0.0013104 0.0012095 0.021548 0.058958 0.08988 0.1537 0.04454 0.024525 0.18769 0.3658 -0.020122 -0.035992 0.16322 0.19907 0.080138 0.0091777 0.080138 0.027811 0.041229 0.15599 0.33979 0.27995 -0.04622 0.070991 0.21241 0.30377 0.0086379 0.0050399 0.17105 0.12898 0.060571 -0.010363 0.060571 0.013696 0.088981 0.023192 0.35082 0.17305 -0.10598 0.022254 0.12805 0.11256 -0.00039495 -0.013473 0.077013 0.080967
106.74 125.68 1.9718 4.6698 0.00046332 -0.01838 0.093123 0.073453 0.019726 -0.0075193 0.076741 0.15224 0.036023 -0.098853 0.18344 0.50114 0.0012336 -0.094158 0.14319 0.32556 0.020627 -0.016962 0.11568 0.068916 0.013514 0.016968 0.17249 0.13323 -0.023838 0.004677 0.10482 0.1152 0.025266 0.01681 0.099774 0.068533 0.061247 0.010764 0.088284 0.066411 0.040957 0.086288 0.16225 0.16753 -0.0020587 0.13549 0.14155 0.16023 0.03803 0.10253 0.18026 0.23621 0.016874 -0.011402 0.018249 0.018284 0.050381 -0.083461 0.068086 0.13193 0.029339 -0.098115 0.11642 0.26016 -0.021509 -0.0807 0.094082 0.18313
143.74 125.47 1.9864 4.781 0.006668 -0.074446 0.10923 0.21749 -0.032994 -0.0081272 0.094813 0.15227 -0.010462 -0.0051811 0.1179 0.1471 0.0035257 -0.0015127 0.11579 0.085826 0.015699 0.012422 0.10834 0.069623 -0.0021463 0.013737 0.11342 0.12041 -0.074029 0.057125 0.22094 0.14306 -0.003433 -0.03117 0.061298 0.054508 -0.016333 0.050194 0.16498 0.4672 -0.07132 0.0083701 0.19425 0.47254 -0.13276 -0.09422 0.21259 0.22984 -0.021441 -0.0067012 0.021441 0.010884 -0.0073201 -0.093845 0.030704 0.16404 -0.032995 -0.10568 0.046594 0.15061 -0.012719 -0.020192 0.013683 0.021535 -0.00020775 -0.00018918 0.00020775 0.00018918
149.77 137.24 2.1165 3.8133 0.027219 0.009978 0.04272 0.047486 -0.026933 0.074621 0.10975 0.14587 0.024911 0.074827 0.099838 0.15236 -0.025137 0.010308 0.042593 0.10542 0.056725 0.00027956 0.111 0.093192 -0.026423 -0.016974 0.24572 0.33442 -0.058468 -0.039172 0.15813 0.27032 -0.022483 -0.03239 0.027702 0.050339 -0.016913 0.091906 0.2527 0.21176 -0.038069 0.050381 0.22109 0.22125 -0.0075424 0.13284 0.21846 0.26343 -0.06648 0.060939 0.099192 0.076494 -0.068767 -0.071179 0.25556 0.15198 -0.011361 -0.0044874 0.077485 0.0949 0.06125 0.044218 0.2283 0.11888 -0.093656 0.0096607 0.15102 0.046775
76.761 139.62 1.8771 0.87568 0.0089709 0.001207 0.0089709 0.0071976 -0.011278 -0.016446 0.057195 0.063266 -0.0016374 -0.00010501 0.0021667 0.0011547 2.3995e-05 0.00012216 9.8388e-05 0.0003027 -0.010261 0.027371 0.10262 0.091063 0.031406 0.073104 0.11712 0.12043 -0.023534 0.076697 0.13063 0.12683 -0.0099348 0.016386 0.021607 0.020341 0.018591 0.10367 0.38512 0.28185 -0.058692 0.041472 0.47479 0.30776 0.0085099 -0.04306 0.25789 0.18876 -0.030009 0.0060152 0.084877 0.053564 0.053926 -0.020582 0.18573 0.16076 -0.11417 0.0032286 0.25936 0.19565 0.036551 0.033092 0.10841 0.11624 -0.034807 0.016599 0.066534 0.043997
158.6 145.68 1.979 3.5248 -0.017754 0.0012728 0.030026 0.048839 -0.0083006 0.0031153 0.017598 0.020975 -0.00070233 -0.00017411 0.0029681 0.0039768 0.00074091 0.016612 0.0085265 0.016612 0.0098482 0.015182 0.032545 0.044922 -0.023007 0.12881 0.091886 0.17066 0.084093 0.12696 0.19765 0.29091 -0.04998 0.017424 0.13917 0.20532 0.06075 -0.00031617 0.10052 0.053741 0.02589 -0.0024738 0.2951 0.37631 -0.061112 -0.020979 0.27827 0.42864 -0.048612 -0.012034 0.068609 0.088563 0.016785 0.025397 0.046889 0.037329 0.034618 0.05661 0.22939 0.15619 -0.010695 0.057347 0.18405 0.17559 -0.017479 0.062447 0.13148 0.15368
92.008 148.28 2.0692 5.815 0.010125 0.0087691 0.039897 0.048305 -0.010873 -0.0063524 0.052536 0.062567 0.01937 -0.012163 0.059589 0.061418 0.0037315 0.012503 0.034463 0.056988 0.01271 -0.017846 0.067506 0.10209 0.020987 0.081571 0.14222 0.21344 -0.030752 0.039654 0.14079 0.15047 0.019928 -0.024073 0.061232 0.09855 0.033611 -0.011274 0.092749 0.13254 0.012335 -0.048094 0.21096 0.25229 -0.059124 -0.020175 0.15525 0.18267 0.026659 0.004131 0.096708 0.085308 -0.0053184 0.027397 0.067255 0.098045 0.0042856 0.0026869 0.14259 0.11425 0.013884 0.05459 0.59932 0.37134 -0.052363 0.015804 0.20505 0.13588
115.3 150.65 1.8617 5.2375 -0.001906 0.0036934 0.012657 0.017156 0.0043578 -0.0031155 0.023079 0.021562 0.00023993 0.0026006 0.023526 0.018931 -0.0020621 0.0016974 0.014945 0.013314 -0.0027308 0.00059501 0.02848 0.031959 -0.023568 0.042803 0.11653 0.16389 -0.0062317 0.0026792 0.073033 0.06405 -0.0045134 -0.0046331 0.029358 0.025815 0.002204 0.0067401 0.028075 0.035376 0.067822 -0.034939 0.22781 0.37577 -0.015856 0.044114 0.40076 0.73045 -0.032159 0.010987 0.05926 0.085717 -0.0034561 -0.00095884 0.013777 0.014208 0.00549 -0.0090447 0.034048 0.037645 0.016765 -0.044765 0.070615 0.13799 -0.012412 -0.0038483 0.028473 0.040953
70.621 153.43 1.8718 5.8299 0 0 0 0 0 0 0 0 0 0 0 0 0 0 0 0 0.0093212 0.0060404 0.010806 0.0065689 0.040945 0.11275 0.078825 0.18344 -0.012206 0.091597 0.093481 0.14183 -0.01304 0.086992 0.03566 0.088775 0.063293 0.04938 0.093537 0.067962 -0.026378 0.054089 0.29799 0.36158 0.07901 -0.054864 0.28348 0.22701 0.00035538 0.015934 0.13634 0.22243 0.041096 0.00027084 0.069215 0.056458 0.040158 0.044518 0.23544 0.37148 -0.032575 0.16997 0.24921 0.28808 0.041504 -0.0031684 0.14637 0.18399
115.59 165.79 1.9482 3.2062 -0.0015334 0.0042496 0.023447 0.012702 0.002729 0.0049858 0.021924 0.018567 -0.0044352 0.0045113 0.02425 0.023618 0.030472 0.040278 0.15437 0.068505 -0.0021829 0.0021603 0.037834 0.015987 0.0064531 0.00091956 0.0343 0.067387 -0.0080558 -0.0027469 0.041914 0.11339 0.10335 -0.028117 0.80908 0.27156 0.00092631 0.003385 0.026548 0.017727 -0.00058045 0.0076302 0.034461 0.050104 -0.0040664 -0.0087007 0.061358 0.067709 0.056183 -0.052885 0.39319 0.15329 0.0069078 -0.00039831 0.012932 0.013815 -0.0018438 0.0046182 0.0163 0.030146 -0.0043223 0.0019091 0.030715 0.032798 0.0062734 -0.0020754 0.046653 0.032186
126.54 168.55 1.9986 3.2938 0.0011008 0.00014092 0.0031202 0.0035059 0.00084894 -0.0011337 0.011495 0.013762 -0.0014805 -0.00082968 0.0092873 0.011721 0.0060085 -0.0045618 0.015591 0.0071529 -0.00093341 0.010102 0.04904 0.026127 -0.0070533 0.0043387 0.047979 0.032637 0.00069955 0.0046798 0.053939 0.041438 0.033231 0.041291 0.10869 0.072581 -0.0031473 0.0028188 0.048351 0.018624 0.0075006 0.00073624 0.0572 0.06488 -0.0098038 0.0057729 0.06041 0.14453 0.16364 0.045727 0.77259 0.35703 -7.0931e-05 0.0022906 0.020467 0.013964 -0.0013047 0.004707 0.031314 0.033727 -0.0030994 -0.0059738 0.052272 0.063243 0.070729 -0.033973 0.35969 0.18626
90.247 174.49 2.0829 5.5563 0.00022019 0.00024761 0.00022019 0.00024761 0.0006012 0.00067607 0.0006012 0.00067607 0 0 0 0 0 0 0 0 0.024396 0.10256 0.079583 0.14432 -0.00082338 0.16745 0.13792 0.23898 -0.056233 0.14113 0.12058 0.24482 -0.017441 0.015431 0.018897 0.027791 0.02599 -0.05512 0.15446 0.14845 0.031549 -0.012292 0.3137 0.38248 -0.05376 0.025628 0.21068 0.33333 -0.029772 0.066058 0.083043 0.15033 -0.019697 0.10159 0.15701 0.21119 -0.0094879 -0.040578 0.16483 0.23108 -0.012819 -0.0132 0.13215 0.24837 -0.013998 -0.030777 0.080602 0.14026
101.82 175.28 2.0026 2.8329 0.010868 0.0008423 0.11395 0.082631 0.0033747 0.011939 0.16417 0.17043 0.015519 -0.011037 0.16567 0.26012 0.17645 -0.077158 0.32456 0.25058 0.083678 -0.039778 0.11382 0.071381 0.018804 0.012583 0.17941 0.19489 -0.0073813 0.019541 0.15402 0.26762 -0.018258 0.0025594 0.17493 0.20043 0.021045 -0.022783 0.023885 0.023237 0.11399 -0.053569 0.15026 0.20022 0.0010678 -0.012104 0.15149 0.33814 -0.067088 -0.0012599 0.14671 0.23306 -0 0 0 0 0.035202 -0.029699 0.036012 0.044783 0.037074 -0.081073 0.084496 0.15035 0.0070931 -0.010719 0.064116 0.11511
115.44 175.06 2.0561 2.1128 0.011158 9.1096e-05 0.04455 0.046596 0.06176 0.027591 0.21001 0.177 0.015466 -0.05125 0.31602 0.26825 0.029095 -0.1265 0.27031 0.33716 0.0047574 0.030545 0.11758 0.13047 0.015798 -0.013749 0.23156 0.26362 0.044179 -0.0074145 0.24223 0.20818 -0.014291 0.04433 0.15471 0.14463 0.03869 -0.035996 0.11559 0.15533 0.034608 -0.0073418 0.14862 0.21527 0.031026 0.058363 0.11259 0.22921 0.020721 0.019112 0.11159 0.1043 0.0036078 -0.0077099 0.004963 0.0077099 0.022799 -0.042734 0.031551 0.048496 0.0091808 -0.062323 0.040496 0.077762 0.0096755 -0.043979 0.046445 0.075269
132.35 177.28 1.8895 1.6822 -0.0057686 0.0030307 0.045152 0.044829 0.034325 0.0059812 0.059255 0.10317 0.11537 0.027112 0.26329 0.20848 0.0018455 0.016237 0.31253 0.13437 -0.035184 0.008058 0.12602 0.054172 0.019722 0.0051606 0.13175 0.15515 0.15007 -0.0087823 0.29539 0.28539 0.0079852 -0.033423 0.26436 0.17477 -0.020331 -0.024351 0.049721 0.051402 0.041985 -0.01556 0.081652 0.12569 0.052408 0.037783 0.23765 0.45636 0.033462 1.1857e-05 0.12257 0.19888 -3.0001e-06 -0.0026241 0.0019418 0.0044571 0.014285 -0.0063082 0.017545 0.027095 0.0077666 -0.048416 0.04733 0.12846 0.0060029 -0.043491 0.020474 0.053127
145.64 178.13 1.9887 0.32954 0.0072365 -0.053045 0.1329 0.10613 -0.0212 -0.042064 0.21638 0.23403 0.059406 -0.062552 0.32428 0.24638 -0.045045 -0.054909 0.21159 0.10583 -0.028562 0.041217 0.10665 0.12064 0.0077753 0.09103 0.15448 0.29669 -0.030104 0.0025421 0.11937 0.15661 -0.012432 -0.018958 0.036261 0.027124 0.041054 0.020957 0.08379 0.17528 0.054029 -0.018217 0.20418 0.42886 -0.098015 -0.0042063 0.18048 0.19679 -0.00443 -0.0010018 0.0075664 0.0037233 0.022009 0.0091756 0.099752 0.19982 -0.044232 -0.043348 0.10526 0.15182 -0.010946 -0.016893 0.015662 0.018099 0 0 0 0
99.488 183.86 2.1497 5.206 0 0 0 0 0 0 0 0 0 0 0 0 0 0 0 0 0.019623 0.080778 0.030477 0.080778 -0.027811 0.11616 0.059191 0.11991 -0.0086722 0.08946 0.03937 0.09001 -0.0051345 0.01301 0.0061993 0.01301 0.077101 0.098331 0.28096 0.22886 -0.054665 0.13809 0.27296 0.36473 -0.04092 0.12566 0.19857 0.31766 -0.073148 0.089989 0.12747 0.17459 0.037255 -0.055844 0.20238 0.1597 -0.0075084 -0.042989 0.22029 0.23048 -0.046258 -0.060973 0.16768 0.26341 0.0028685 -0.030739 0.12928 0.21287
125.86 108.09 2.8553 1.6969 -0 0 0 0 -0 0 0 0 -0 0 0 0 -0 0 0 0 0.0071897 0.018506 0.007357 0.018506 0.008201 0.11346 0.023029 0.11346 -0.0053251 0.16708 0.043982 0.16708 -0.0077674 0.024469 0.0079307 0.024469 0.069307 0.041932 0.12915 0.18402 0.03698 0.0043303 0.17517 0.54664 -0.012612 -0.018164 0.21458 0.5721 -0.086182 0.04094 0.13333 0.20058 0.028008 -0.0083259 0.082137 0.069278 -0.029335 -0.033277 0.11736 0.11081 0.011762 -0.035956 0.10158 0.12776 -0.027672 -0.022767 0.090828 0.082408
126.33 116.49 2.7471 1.7079 -0 0 0 0 -0 0 0 0 -0 0 0 0 -0 0 0 0 0.032742 0.047024 0.038071 0.079559 0.024258 0.11753 0.072015 0.3429 -0.008773 0.11621 0.12773 0.35908 -0.04099 0.059916 0.056543 0.097617 0.036928 -0.011807 0.079035 0.084344 0.0002413 -0.060112 0.12106 0.19329 0.0053529 -0.093025 0.12454 0.20982 -0.033513 -0.031598 0.095864 0.10638 0.015819 -0.009261 0.049851 0.061428 0.021694 0.056979 0.18435 0.51993 -0.055474 0.066969 0.16438 0.39615 -0.012588 0.0064578 0.063956 0.056222
129.56 115.88 2.6813 1.7321 -0 0 0 0 -0 0 0 0 -0 0 0 0 -0 0 0 0 0.026581 0.036418 0.030362 0.051824 0.043162 0.142 0.072001 0.33746 -0.0018058 0.14281 0.11343 0.44082 -0.038297 0.083806 0.067153 0.13507 0.041134 -0.0030952 0.087927 0.085266 0.016853 -0.055375 0.11557 0.20849 0.0029198 -0.10912 0.14627 0.29312 -0.018087 -0.034822 0.10535 0.13567 0.0081871 -0.0085493 0.060218 0.0661 0.07478 0.059527 0.16722 0.33829 -0.042843 0.13183 0.19845 0.37248 -0.008686 0.0089128 0.066518 0.075451
140.46 126.83 2.6912 4.67 0.02459 0.029593 0.24595 0.62357 -0.076198 0.040354 0.15206 0.34092 -0.00056241 0.014177 0.075896 0.079487 -0.011175 0.012986 0.033509 0.024684 0.012112 -0.057691 0.12434 0.25988 -0.0070559 -0.029872 0.11293 0.16157 -0.039609 0.017354 0.12696 0.12661 -0.0087229 -0.014504 0.054396 0.071777 0.012704 0.042359 0.089598 0.19297 -0.02434 -0.0067478 0.1186 0.30684 -0.076903 -0.040538 0.12116 0.14517 -0.0074092 -0.0056387 0.0099158 0.0082879 -0.003915 -0.045297 0.029501 0.087384 -0.013446 -0.049063 0.018845 0.074218 -0.0087368 -0.01581 0.0095956 0.018133 -6.5128e-05 -0.00012018 6.5128e-05 0.00012018
104.02 136.2 2.6618 1.1101 0.023589 0.050842 0.063908 0.10254 -0.031356 0.047436 0.064413 0.12952 -0.02143 0.013786 0.030224 0.02944 -0.00029349 0.0017078 0.0024824 0.0050224 -0.022526 -0.044809 0.14001 0.17121 -0.023905 -0.042276 0.11778 0.13535 -0.022435 0.030679 0.13074 0.11631 -0.0033368 0.0099875 0.064785 0.044241 0.022045 0.037424 0.13461 0.10924 -0.030441 0.078469 0.33502 0.49126 -0.036353 -0.037373 0.15437 0.21285 -0.0033894 0.0028149 0.058801 0.050907 0.055097 -0.020153 0.13037 0.18325 -0.05889 -0.079436 0.32824 0.4155 -0.012662 -0.007717 0.077783 0.093887 0.00033268 0.0038882 0.031624 0.022807
128.33 135.85 2.5141 1.7601 0.017087 0.010674 0.02444 0.025549 0.017849 0.02586 0.043187 0.13573 -0.001336 0.013718 0.057712 0.19432 -0.017418 0.021516 0.041938 0.085329 0.018927 -0.00042216 0.06511 0.055714 0.0049577 -0.02005 0.065604 0.079753 -0.0093417 -0.054949 0.083842 0.11119 -0.00087407 -0.028113 0.056597 0.070256 0.0017357 -0.017108 0.051335 0.053239 0.10392 -0.0012241 0.18419 0.34867 -0.062075 0.080904 0.34214 0.68227 -0.0084585 0.00098374 0.075314 0.10254 -0.001658 -0.0011365 0.0075174 0.0067485 0.037035 -0.022681 0.07575 0.098992 -0.015403 -0.043177 0.14494 0.22473 0.00040723 -0.0063374 0.034179 0.046189
164.57 137.98 3.0721 4.2533 -0.00029427 -0.0039666 0.045107 0.033583 -0.012025 -0.00011159 0.033079 0.020469 -0.0005117 0.00048929 0.00069947 0.00048929 0 -0 0 0 0.052717 0.06653 0.15496 0.16676 -0.037231 0.13403 0.28238 0.34773 -0.052257 0.061117 0.079221 0.1738 -0.003779 0.00039162 0.003779 0.0043443 -0.04938 0.077305 0.21133 0.25245 -0.079807 0.011748 0.31092 0.42094 -0.068132 -0.043962 0.095686 0.18609 -0.0039843 -0.0015978 0.0039843 0.0041642 0.03666 0.073616 0.12983 0.15496 -0.15258 0.021565 0.32061 0.22412 -0.023014 -0.0022557 0.023014 0.0092849 0 -0 0 0
104.54 141.73 2.9358 1.1891 -0.0074741 0.0085461 0.070761 0.11153 -0.034089 0.0011162 0.05992 0.092166 -0.020992 0.0027399 0.03616 0.026734 -0.0013398 0.0054943 0.0069709 0.0089194 -0.023415 -0.020616 0.063944 0.060303 -0.0069813 -0.011981 0.071083 0.089047 -0.0073605 0.016149 0.11468 0.088949 -0.008357 0.0030389 0.045679 0.033769 0.035621 -0.039074 0.19258 0.36649 -0.12113 -0.055541 0.36121 0.71674 -0.015846 -0.018195 0.093251 0.12216 0.00058162 0.0032875 0.040235 0.032322 0.010837 -0.051017 0.05457 0.11108 -0.01793 -0.056818 0.1113 0.14135 0.0047971 0.0014065 0.036649 0.029217 -0.0040526 -0.0020869 0.023574 0.014802
152.88 150.62 2.8179 3.4364 0.0026329 0.0029609 0.0088455 0.015712 -0.0061609 0.0032458 0.011537 0.023399 0.0015071 0.0045288 0.0022524 0.0048678 -0.0013395 0.011838 0.0094708 0.013067 -0.0036942 -0.0010666 0.022599 0.04553 0.013455 0.014336 0.049856 0.069437 0.022717 0.0252 0.10178 0.16027 -0.024667 -0.0043615 0.061129 0.065897 -0.0019081 0.0056395 0.020087 0.030518 0.04647 0.010732 0.085652 0.07016 0.012477 0.026261 0.16651 0.16947 -0.01263 0.055011 0.099422 0.11982 -0.0066105 0.0083223 0.04269 0.06958 0.063526 0.15283 0.72921 0.43171 -0.038069 0.0044379 0.19599 0.13784 0.00024726 0.022099 0.15826 0.070406
87.669 155.88 3.0285 5.6727 0.0017809 0.0040475 0.0019105 0.0050696 0.0020661 0.016874 0.0083307 0.018729 -0.0038624 0.022488 0.0086098 0.022517 -0.001738 0.0045371 0.0021243 0.0045371 0.0090398 0.0069568 0.037415 0.044721 0.0084477 -0.0072445 0.071468 0.086104 0.01709 0.014797 0.082033 0.10963 -0.016852 0.028828 0.036568 0.05573 0.023734 -0.00067798 0.057327 0.074389 -0.0013051 0.012334 0.16078 0.21522 -6.5443e-05 -0.011412 0.12655 0.12695 -0.0053872 -0.0095535 0.052805 0.07093 0.0097963 0.030328 0.061186 0.074811 0.02257 0.00068216 0.14424 0.11786 -0.0040212 0.18641 0.655 0.5321 -0.034647 0.033277 0.14104 0.14323
80.168 163.05 2.9086 5.7213 0 0 0 0 0 0 0 0 0 0 0 0 0 0 0 0 0.022938 0.017532 0.032858 0.045693 0.035951 0.079847 0.080656 0.14204 -0.020464 0.11718 0.06411 0.15401 -0.017263 0.04027 0.023121 0.043257 0.046068 -0.0042755 0.13937 0.14394 0.041599 0.074337 0.25091 0.32449 0.057591 0.0032418 0.24295 0.3144 -0.045424 0.048641 0.10084 0.15042 0.067713 0.02903 0.12078 0.16299 3.0982e-05 0.070496 0.3183 0.38538 -0.041229 0.08531 0.27187 0.29429 -0.00037993 -0.0038545 0.097928 0.13653
165.85 168.89 2.7978 3.164 0 -0 0 0 0 -0 0 0 2.1093e-16 4.7228e-18 2.1093e-16 4.7228e-18 -5.1426e-17 -1.1514e-18 4.306e-16 9.6414e-18 0 -0 0 0 0.023155 0.037997 0.077991 0.14372 -0.027019 0.023666 0.039195 0.10326 0.076768 0.065735 0.091786 0.074369 0.020012 0.0074683 0.029939 0.019607 0.005421 0.011311 0.15192 0.31637 0.096871 0.01946 0.20607 0.28921 0.071277 0.069099 0.39933 0.51985 0.01149 -0.0020839 0.022504 0.016644 0.00062162 -0.015768 0.09869 0.11846 0.062207 0.01208 0.13789 0.10649 0.080038 0.085988 0.31287 0.24928
75.489 170.2 2.7784 5.6622 0 0 0 0 0 0 0 0 0 0 0 0 0 0 0 0 0.0030545 0.011681 0.0030545 0.011681 0.0023834 0.060206 0.0084918 0.060206 -0.0052897 0.032192 0.0063708 0.032192 -0.00025068 0.00038936 0.00025068 0.00038936 0.022838 0.070395 0.12012 0.13882 0.048733 0.019911 0.24088 0.31531 0.0076575 0.1495 0.21807 0.37713 -0.065703 0.096047 0.092039 0.14896 0.051649 0.013812 0.18184 0.20583 -0.0080376 0.090429 0.32962 0.43871 0.026942 -0.035235 0.21261 0.25764 -0.026462 -0.0074729 0.095631 0.15283
126.82 174.73 3.0635 3.5173 0 -0 0 0 0.0045036 -0.0013339 0.0071972 0.0082439 -0.00041576 -0.0051824 0.020822 0.038169 0.0078017 0.0020196 0.017179 0.024124 0.0078618 0.0018806 0.0078618 0.0053807 0.00048877 0.019182 0.076141 0.051312 0.0013917 0.002396 0.055686 0.054828 0.022184 0.014864 0.043973 0.044461 0.023324 0.0062704 0.026956 0.012947 0.0029624 0.010319 0.10963 0.071442 -0.014198 0.01259 0.11195 0.17486 0.013439 0.084797 0.69473 0.40867 0.015478 0.0024784 0.018751 0.0082995 0.0011256 0.010036 0.049553 0.041089 0.031942 -0.0038719 0.11555 0.09493 -9.1105e-05 -0.069159 0.41591 0.22807
159.17 178.96 2.8666 3.757 0 -0 0 0 0 -0 0 0 1.5637e-16 -2.2118e-16 1.5637e-16 2.2118e-16 1.1561e-16 6.1428e-16 2.9078e-16 1.0606e-15 0.0001149 0.00066928 0.0001149 0.00066928 0.012715 0.059519 0.036352 0.059519 -0.016585 0.058528 0.17518 0.24539 -0.027223 0.011032 0.033154 0.037906 0.00026891 0.017217 0.020077 0.022714 0.051193 0.033074 0.2063 0.27221 -0.037679 -0.016627 0.25869 0.31562 -0.0094045 0.048403 0.095355 0.11249 -0.013984 0.065259 0.20613 0.1806 -0.01814 0.033394 0.19467 0.21383 0.1043 0.0012079 0.20329 0.15551 0.036412 0.054937 0.35047 0.45961
87.135 184.21 2.7865 5.1546 0 0 0 0 0 0 0 0 0 0 0 0 0 0 0 0 0 0 0 0 0.00082305 0.0036358 0.0010619 0.0036358 0.0034168 0.0074072 0.003499 0.0074072 0.00019888 0.00023789 0.00019888 0.00023789 0.063032 0.078209 0.075237 0.096361 0.066631 0.18798 0.27458 0.30075 -0.01818 0.20186 0.20144 0.34135 -0.049428 0.085386 0.10717 0.23781 0.030564 0.0082505 0.13558 0.14792 0.034268 -0.007485 0.30904 0.31257 -0.0098261 -0.062078 0.25748 0.27208 -0.037424 0.005664 0.22837 0.24427
119.34 190.25 2.7057 4.7055 0 -0 0 0 0 -0 0 0 0 -0 0 0 0 -0 0 0 0.0032671 0.0037738 0.0032671 0.0037738 0.0036078 0.064906 0.014389 0.064906 -0.0049159 0.060333 0.037646 0.076551 -0.0033947 0.0021732 0.0039886 0.0046043 0.044473 0.11528 0.14456 0.14784 -0.035971 0.093291 0.23328 0.36745 -0.07887 0.021382 0.22011 0.41473 0.016219 0.01714 0.095708 0.081034 -0.010468 -0.041164 0.12636 0.10781 0.0045339 -0.024231 0.42881 0.20944 -0.082045 -0.001455 0.40766 0.20412 0.0042542 -0.0048032 0.062189 0.056682
125.27 107.04 3.5527 1.6901 -0 0 0 0 -0 0 0 0 -0 0 0 0 -0 0 0 0 0.0027959 0.0084948 0.0028089 0.0084948 0.011383 0.12076 0.015882 0.12076 -0.015229 0.13125 0.03126 0.13125 -0.0032176 0.008243 0.0032176 0.008243 0.058335 0.028132 0.09291 0.10487 0.030469 0.010911 0.14579 0.41388 -0.025991 0.0020347 0.1704 0.44713 -0.057676 0.010796 0.075811 0.084395 0.019961 -0.014548 0.084895 0.06968 0.0236 0.010096 0.28251 0.43285 -0.042305 0.0069575 0.208 0.36834 -0.02592 0.0065516 0.079259 0.053155
147.53 122.69 3.1873 2.4395 -0.00070372 0.0062314 0.010029 0.0062314 -0.0012755 0.00096498 0.0012755 0.00096498 -0 0 0 0 -0 0 0 0 -0.001795 0.020316 0.14569 0.056985 0.035848 0.066206 0.11972 0.13365 -0.040906 0.16011 0.12064 0.23213 -0.020199 0.029265 0.022147 0.031287 0.017928 -0.0018627 0.14997 0.12091 0.057061 0.033858 0.21447 0.16859 0.069387 -0.0095043 0.30424 0.34473 -0.088779 0.10558 0.26999 0.3314 0.015574 -0.018745 0.044044 0.034195 0.029011 0.091295 0.27752 0.32572 -0.021985 -0.022247 0.15312 0.18816 0.052631 -0.049213 0.13757 0.15598
120.69 135.06 3.5744 1.595 0.011319 0.017637 0.012466 0.025016 0.018073 0.066519 0.030795 0.13754 -0.018494 0.062922 0.049504 0.1507 -0.010715 0.010799 0.011829 0.017141 0.036692 0.0052445 0.069269 0.083736 -0.005736 -0.036366 0.104 0.20154 -0.020952 -0.043166 0.10862 0.18932 -0.032806 0.0055018 0.058922 0.045385 0.0095077 -0.020996 0.066913 0.068689 0.05047 -0.019176 0.29937 0.61835 -0.066019 -0.010197 0.28973 0.44573 -0.017561 -0.0027317 0.083373 0.069985 -0.0013513 -0.0011939 0.016456 0.013216 0.015792 -0.027658 0.08604 0.1147 -0.00091211 -0.0097959 0.077293 0.089222 -0.0070225 -0.00044065 0.028241 0.026758
163.62 138.72 3.465 4.1993 0.0017742 -0.011092 0.047401 0.036114 -0.012671 -0.010656 0.043769 0.025951 -0.00054918 -0.0006665 0.00062377 0.00091757 0 -0 0 0 0.056332 0.038782 0.1222 0.13362 -0.014282 0.11623 0.23194 0.27943 -0.039379 0.074756 0.067952 0.19779 -0.0041336 0.0022723 0.0043261 0.0076656 -0.082774 0.077362 0.237 0.33432 -0.071415 0.019459 0.28564 0.44197 -0.063401 -0.039521 0.090202 0.23933 -0.0050596 -0.0011863 0.0051241 0.0077694 0.025869 0.029974 0.13067 0.12441 -0.12139 0.05354 0.33019 0.24136 -0.048376 -0.00060011 0.056054 0.025386 0 -0 0 0
152 148.79 3.1653 3.4893 0.002971 0.0065745 0.011696 0.021436 -0.0057827 0.0018204 0.012353 0.02074 0.0029604 0.0073773 0.0045819 0.0075688 -0.0012904 0.009441 0.0091432 0.01223 -0.0030101 -0.0043476 0.021287 0.036328 0.023062 0.017447 0.058556 0.070316 0.018468 0.038234 0.11876 0.19304 -0.025922 -0.0088316 0.053432 0.055074 0.00014539 0.0029328 0.036591 0.034408 0.057967 0.059048 0.099901 0.11138 0.0082871 0.051729 0.15097 0.17307 -0.031511 0.057247 0.095712 0.095506 0.051143 0.0078299 0.10565 0.10605 -0.009936 0.10558 0.73473 0.43177 -0.013372 -0.0079679 0.1017 0.079678 -0.04299 0.016896 0.17922 0.062178
83.937 153.77 3.6057 5.7048 0 0 0 0 0.00014474 0.00022535 0.00014474 0.00022535 0.00036346 0.00068812 0.00036346 0.00068812 2.1809e-05 5.6712e-05 2.1809e-05 5.6712e-05 0.006485 0.0015627 0.006485 0.0076351 0.0060017 0.0067671 0.057823 0.078694 0.0069701 0.026846 0.066988 0.10732 -0.021961 0.031163 0.032656 0.040513 0.0099054 0.0012687 0.012718 0.012787 0.021176 0.021724 0.16883 0.19474 -0.034471 0.039984 0.1635 0.21318 -0.01427 -0.0027773 0.066949 0.094123 0.041767 0.016849 0.075425 0.04199 -0.021892 0.028286 0.14159 0.1167 -0.13869 0.092381 0.65078 0.50831 -0.085164 0.0005886 0.17481 0.14529
79.44 161.4 3.218 5.7545 0 0 0 0 0 0 0 0 0 0 0 0 0 0 0 0 0.021064 0.013819 0.029067 0.038575 0.019681 0.076649 0.074634 0.14015 -0.023718 0.10786 0.074372 0.15698 -0.015087 0.047928 0.025552 0.051138 0.046324 0.0061002 0.1371 0.13608 0.023646 0.08666 0.273 0.31808 0.067346 0.0012399 0.26205 0.3465 -0.0351 0.038764 0.10277 0.1658 0.05422 0.03259 0.11059 0.16806 0.011027 0.010558 0.31467 0.34971 -0.0030172 0.04798 0.29127 0.27865 -0.0050037 -0.00435 0.10091 0.13791
150.01 174.01 3.5839 5.5343 -0.010587 -0.0019203 0.055198 0.073561 -0.02984 0.0027995 0.064395 0.075259 -0.0045344 0.00050242 0.0049786 0.0053822 0 0 0 0 -0.15541 0.020352 0.5893 0.50457 -0.01545 -0.014771 0.10625 0.089611 -0.015308 0.0073429 0.048842 0.030112 0 0 0 0 -0.097975 -0.058726 0.32974 0.33595 -0.043452 0.019105 0.1332 0.12229 -0.0090739 -0.0012799 0.077424 0.060376 -0.0022308 0.00020937 0.0022308 0.0011341 -0.02072 -0.034723 0.12534 0.10798 -0.042381 -0.0064892 0.12404 0.072264 -0.00068423 -0.0032086 0.0064077 0.0059274 -0.00028174 -0.00012131 0.00028174 0.00012288
83.161 183.95 3.6137 5.2355 0 0 0 0 0 0 0 0 1.2174e-17 7.0217e-18 1.2174e-17 7.0217e-18 8.4063e-20 4.8484e-20 1.8505e-17 1.0673e-17 0 0 0 0 3.3093e-05 0.00019282 5.8566e-05 0.00019282 0.00074655 0.00057662 0.00078361 0.00057662 -9.326e-18 -5.3789e-18 1.7264e-17 9.9571e-18 0.035248 0.027805 0.054013 0.046064 0.086905 0.11833 0.22815 0.259 -0.045861 0.16705 0.19394 0.2894 -0.04735 0.059558 0.096214 0.14098 0.038541 0.0024025 0.11495 0.1031 0.024211 0.08992 0.35727 0.3615 -0.024766 0.055292 0.40821 0.3796 -0.039144 -0.017354 0.18252 0.15516
105.98 116.56 5.6216 1.4115 0 0 0 0 0 0 0 0 0 0 0 0 0 0 0 0 0.021798 0.034367 0.02222 0.052799 0.016241 0.12704 0.084466 0.3171 -0.041438 0.037142 0.047296 0.087622 -5.7009e-05 9.1561e-06 5.7009e-05 9.1561e-06 0.069367 -0.0022522 0.095219 0.13099 -0.0075897 -0.013901 0.31944 0.67149 -0.084799 0.0039397 0.17574 0.22464 -0.0090624 0.004355 0.021793 0.016326 0.011256 -0.014757 0.037876 0.038366 0.0042015 -0.073302 0.20149 0.32202 -0.031233 -0.02151 0.11448 0.12768 -0.0099998 -0.0023046 0.018069 0.010621
105.01 156.54 5.2713 5.3022 0.001452 0.0019008 0.0014692 0.0019008 0.0040204 0.018856 0.011608 0.021286 -0.0043769 0.019958 0.010199 0.021391 -0.00081313 0.0016918 0.00093244 0.0016918 0.015242 0.0075848 0.034243 0.03077 0.017078 0.011796 0.097443 0.12125 -0.019067 0.0054932 0.0855 0.1038 -0.01263 0.0027962 0.023105 0.029876 0.032866 0.021088 0.048667 0.043391 0.074113 0.010212 0.27836 0.27926 -0.10089 0.012793 0.49943 0.59177 -0.019911 0.01315 0.050662 0.045345 0.035311 -0.0066948 0.044316 0.034361 0.042613 -0.0077281 0.16469 0.2463 -0.040642 -0.022005 0.15151 0.20856 -0.025098 -0.00081343 0.060957 0.043717
137.5 156.21 5.2188 4.1975 0.00048919 0.0029325 0.0018401 0.0029325 0.0028188 0.0065817 0.0095383 0.011538 -0.0024439 0.0050579 0.017191 0.016294 -0.00062907 0.00016327 0.001462 0.0011297 0.0068845 0.021364 0.046617 0.038749 -0.020802 0.015023 0.069311 0.079591 0.016743 0.027142 0.071486 0.086536 -0.0044331 0.009512 0.016682 0.04301 0.014921 0.0025207 0.089959 0.076547 0.056656 0.058332 0.49817 0.64431 -0.056812 0.063283 0.22381 0.24512 -0.028187 0.0036996 0.048202 0.066849 0.018496 -0.013731 0.053286 0.048726 0.048617 -0.027296 0.15671 0.20448 -0.050556 -0.036832 0.17592 0.21678 -0.017062 -0.0049406 0.02236 0.016631
88.74 168.92 5.145 5.3635 0 0 0 0 0 0 0 0 3.0917e-18 2.3556e-18 6.1132e-18 4.6576e-18 -1.0757e-18 -8.1959e-19 8.1128e-18 6.1812e-18 0.0028745 0.0045284 0.0062331 0.007417 0.020858 0.040577 0.048106 0.073392 -0.014947 0.059376 0.042126 0.083663 -0.0097987 0.015287 0.010542 0.018448 0.014414 -0.0018669 0.033927 0.022472 0.036678 0.035521 0.20214 0.22174 -0.036253 0.052125 0.21925 0.25463 -0.024212 -0.0016243 0.054929 0.068795 0.026997 0.010845 0.035955 0.030214 0.0091605 0.045793 0.1994 0.19419 -0.03712 -0.030414 0.55423 0.59283 -0.037282 0.012185 0.075048 0.078829
95.902 170.96 4.8586 5.2205 0 0 0 0 7.0912e-19 3.9488e-19 7.0912e-19 3.9488e-19 -5.067e-18 -2.8216e-18 1.2458e-17 6.9372e-18 -1.6411e-18 -9.1389e-19 3.0261e-18 1.6851e-18 0.0098325 0.0089396 0.011547 0.014275 0.01921 0.049586 0.067106 0.08358 -0.022278 0.050673 0.050428 0.092458 -0.012593 0.0084549 0.016845 0.0213 0.026319 -0.0042165 0.055295 0.052143 0.0060267 0.018942 0.25158 0.25321 -0.10854 0.16903 0.32297 0.38572 -0.025021 0.00091399 0.064405 0.059476 0.04131 0.010666 0.049868 0.041148 0.042458 0.039824 0.2238 0.22348 -0.08757 0.010563 0.39823 0.4971 -0.040883 0.016268 0.072704 0.062288
136.39 120.06 6.9629 1.8633 -0 0 0 0 -0 0 0 0 -0 0 0 0 -0 0 0 0 -0.00093217 0.0044852 0.0041417 0.007598 0.053362 0.075095 0.084792 0.17196 -0.028523 0.12392 0.10399 0.30797 -0.014394 0.013915 0.016342 0.02238 0.013604 0.00071949 0.023727 0.021727 0.10164 -0.026119 0.28414 0.37909 -0.11107 -0.024925 0.39896 0.58307 -0.042545 0.0013336 0.059508 0.049848 0.0020432 -0.0010972 0.010089 0.0064327 0.034427 -0.026218 0.079778 0.10736 -0.016713 -0.037525 0.12742 0.18819 -0.014539 -0.0052531 0.028198 0.027695
102.83 175.73 6.7384 5.2063 0 0 0 0 0 0 0 0 3.1982e-18 1.7218e-18 1.9356e-17 1.0421e-17 -1.031e-17 -5.5508e-18 1.4812e-17 7.9744e-18 0.0069334 0.0058009 0.0090244 0.011772 0.011103 0.04916 0.050563 0.091619 -0.027667 0.032946 0.034365 0.056363 -0.0019583 0.00050169 0.0020232 0.0021599 0.030265 0.007877 0.049396 0.043584 0.089673 0.12129 0.34111 0.48457 -0.1036 0.10112 0.28908 0.32796 -0.0060769 0.0032108 0.027911 0.020216 0.035986 -0.0074086 0.038851 0.02903 0.066864 -0.026821 0.26957 0.41326 -0.097786 -0.012015 0.2412 0.25646 -0.013036 -0.0012735 0.030515 0.018269
136.41 182.33 10.199 4.0053 4.5159e-19 -3.8587e-19 5.9491e-18 5.0832e-18 0 -0 0 0 0 -0 0 0 0 -0 0 0 1.3635e-18 -1.1651e-18 2.1404e-17 1.8289e-17 0.008415 0.026101 0.020833 0.027864 0.00079675 0.036808 0.026331 0.052113 -5.0532e-05 0.0053661 0.0019632 0.0059844 0.007259 -0.00028893 0.007259 0.00093836 0.10142 0.034443 0.22909 0.31334 -0.17188 0.089208 0.54524 0.56403 -0.047332 0.0067913 0.069608 0.046676 0.0018552 2.9897e-05 0.0018552 0.0004712 0.058381 -0.064339 0.081141 0.11356 -0.029567 -0.11781 0.23556 0.26503 -0.01717 -0.007727 0.023495 0.017719
71.184 194.27 10.429 5.3777 0 0 0 0 0 0 0 0 0 0 0 0 -2.2498e-18 -1.7654e-18 1.282e-17 1.0059e-17 0 0 0 0 0 0 0 0 1.4454e-17 1.1342e-17 2.684e-17 2.1061e-17 1.1395e-18 8.9417e-19 2.1469e-17 1.6846e-17 0.00016973 -0.00021631 0.00016973 0.00021631 0.09337 0.11535 0.18371 0.20512 -0.050538 0.12878 0.14073 0.23807 -0.0072925 0.0032771 0.0083974 0.0075112 3.3307e-05 -4.2447e-05 3.3307e-05 4.2447e-05 0.21744 -0.024629 0.41045 0.45642 -0.16553 -0.0038483 0.44084 0.39894 -0.013408 0.0024734 0.017956 0.015561
122.29 130.04 14.602 0.40788 0 0 0 0 0 0 0 0 0 0 0 0 0 0 0 0 0 0 0 0 0.12794 0.11808 0.38123 0.30965 -0.14077 0.16695 0.37956 0.37185 -0.012178 0.0047069 0.014248 0.0090886 0 0 0 0 0.10997 -0.13702 0.31121 0.26324 -0.10358 -0.11777 0.29308 0.30054 -0.0064992 -0.0028788 0.0075584 0.0061805 0 0 0 0 0.00055187 -0.00065958 0.00055187 0.00065958 0.00015817 -0.0014713 0.0012291 0.0019215 -5.3034e-06 1.2273e-05 9.0223e-06 2.0879e-05
