28 64
112.77 114.73 2.2025 1.684 -0 0 0 0 -0 0 0 0 -0 0 0 0 -0 0 0 0 -0.041775 0.053011 0.063505 0.076631 0.087783 0.19228 0.14635 0.27092 -0.087904 0.16729 0.13303 0.21477 -0.0080737 0.024774 0.015862 0.024922 0.0075256 0.061612 0.21731 0.2046 0.035377 -0.034014 0.38165 0.42649 -0.04426 -0.11214 0.27044 0.40786 -0.060965 -0.0072329 0.093268 0.087077 0.029388 -0.064078 0.059287 0.10745 -0.045911 -0.074971 0.073129 0.10793 0.0047517 -0.033679 0.023381 0.033842 -0.005676 -0.011037 0.0099957 0.011185
100.31 118.01 2.019 1.3961 0 0 0 0 0 0 0 0 0 0 0 0 0 0 0 0 0.055394 0.19383 0.18285 0.34173 -0.06916 0.22442 0.20893 0.33608 -0.05178 0.048132 0.070224 0.063819 0 0 0 0 -0.029631 -0.072241 0.33372 0.34484 -0.089558 -0.1779 0.25076 0.38455 -0.070563 -0.041426 0.082688 0.091907 0 0 0 0 -0.060405 -0.068982 0.092884 0.10888 -0.0065736 -0.0073794 0.015476 0.027374 0.033605 0.048551 0.049505 0.066615 -0.0028583 0.10132 0.10336 0.11534
132.26 117.92 1.8401 0.99586 0 0 0 0 0 0 0 0 0.06867 0.028852 0.073366 0.05437 0.0040916 0.062687 0.14514 0.16524 0.023275 0.052159 0.023683 0.052159 0.031795 0.20432 0.083725 0.22461 0.10871 0.12099 0.23547 0.22569 -0.050539 -0.030235 0.25077 0.15666 0.087125 -0.029825 0.15022 0.20978 -0.0016254 -0.13466 0.28636 0.48049 -0.0013759 -0.088141 0.2145 0.27997 -0.064777 -0.066607 0.1386 0.13052 0.011349 -0.019735 0.045983 0.050129 -0.015387 -0.050644 0.06618 0.075534 -0.0020708 -0.021339 0.010935 0.021339 0.010537 0.0048123 0.020985 0.023337
149.61 124.92 2.0837 4.0347 0.0092681 -0.02873 0.040574 0.084319 -0.00064095 -0.15523 0.13966 0.18787 -0.028491 -0.026225 0.033578 0.030175 0 -0 0 0 -0.00093566 -0.0011626 0.00097776 0.0012149 0.038683 0.042966 0.076526 0.061506 -0.018107 0.019956 0.061404 0.04512 -0.00010234 7.1899e-05 0.00010234 7.1899e-05 0.022041 0.10502 0.059539 0.10508 0.069 0.24901 0.30878 0.44037 -0.097249 0.08723 0.22999 0.21326 -0.00013009 9.1402e-05 0.00013009 9.1402e-05 -0.0052039 -0.019385 0.11499 0.15495 -0.026735 -0.12357 0.26151 0.46234 -0.094553 -0.053831 0.14075 0.15294 0 -0 0 0
119.99 126.77 2.1915 5.0114 -0.0036085 -0.021329 0.015863 0.045297 0.011062 -0.030229 0.027182 0.09226 0.021506 -0.073944 0.053238 0.16783 -0.018888 -0.039287 0.036484 0.08849 -0.01589 0.056049 0.039843 0.058277 0.065417 0.13171 0.11164 0.16268 -0.060069 0.12741 0.11539 0.20143 -0.0096354 0.0090102 0.011097 0.014622 0.096252 -0.011749 0.19259 0.29287 -0.10258 -0.01927 0.33739 0.41018 0.0011062 -0.028037 0.31284 0.30515 -0.066185 0.070894 0.10079 0.097199 0.034772 -0.057053 0.04291 0.075143 -0.044934 -0.07813 0.083425 0.11007 0.06042 -0.060754 0.099793 0.096488 0.0055218 -0.043433 0.16362 0.23515
160 144.02 2.1596 0.74643 0.0065491 -0.002066 0.0080583 0.0051385 -0.0056596 -0.012065 0.029984 0.020858 -0.00048559 0.0029552 0.0046885 0.0047932 0.0036268 0.002728 0.010483 0.012369 3.4232e-05 -3.701e-05 3.4232e-05 3.701e-05 0.114 0.14539 0.16975 0.17172 -0.089363 0.19378 0.20612 0.29678 -0.0048954 0.021223 0.044877 0.10769 0.0026347 -5.6076e-05 0.0026347 0.000319 0.23831 -0.072873 0.31809 0.25946 -0.16107 0.075018 0.34172 0.44614 -0.0055451 0.090366 0.080722 0.15902 0.00030397 1.2678e-05 0.00030397 4.2327e-05 0.069869 -0.051263 0.077675 0.079356 0.036352 -0.10095 0.12081 0.19109 -0.012225 -0.051894 0.050904 0.097441
89.653 150.69 1.9295 2.9259 -0.022787 0.0082349 0.07361 0.086746 0.0013882 0.0054326 0.16716 0.14427 -0.03467 0.036248 0.19326 0.12554 -0.0054853 0.0069199 0.012313 0.010151 0.033794 -0.0086708 0.10321 0.11085 -0.0015995 0.07907 0.19278 0.30242 -0.0074828 0.16351 0.32134 0.48612 -0.089454 0.041942 0.11687 0.098968 0.057974 -0.064633 0.080204 0.073574 0.037729 -0.10105 0.18056 0.23462 -0.043113 -0.1642 0.19844 0.3301 -0.065218 -0.048904 0.077061 0.085097 0.0049217 -0.009116 0.005165 0.0091534 0.0060615 -0.04625 0.017697 0.052085 -0.0085609 -0.026954 0.015949 0.030982 -0.00099131 -0.0022304 0.00099131 0.0022304
80.291 153.48 2.1916 0.32041 0 0 0 0 0 0 0 0 0 0 0 0 0 0 0 0 0.039487 0.12033 0.073186 0.12376 -0.0051422 0.16734 0.11039 0.17245 -0.029823 0.061266 0.054619 0.063002 -0.00041095 0.00056431 0.00041095 0.00056431 0.12355 -0.012321 0.3474 0.28847 -0.040558 0.048823 0.41213 0.32966 -0.15635 0.11268 0.26662 0.1632 -0.034856 0.01938 0.03619 0.019771 0.020539 -0.043213 0.22443 0.11995 0.037606 -0.072571 0.27218 0.20672 -0.064416 -0.012258 0.1716 0.11039 -0.047112 0.00034793 0.050705 0.021147
167.7 156.13 1.7684 3.2221 2.3684e-17 8.6588e-17 2.6653e-16 4.2869e-16 -4.6812e-17 5.5369e-17 1.6525e-16 2.4614e-16 0 -0 0 0 0 -0 0 0 0.018492 0.022833 0.020067 0.023102 0.046106 0.16286 0.11205 0.17452 -0.049872 0.19152 0.17068 0.20782 -0.017396 0.025878 0.02196 0.025904 0.094356 0.067357 0.10073 0.095614 0.01574 0.013163 0.26032 0.22322 0.059876 0.025358 0.41524 0.47039 -0.15913 0.022112 0.1993 0.21093 0.02641 -0.010428 0.06913 0.048886 -0.057963 -0.078007 0.14283 0.13424 0.020996 -0.12273 0.15033 0.225 -0.034885 -0.041854 0.052041 0.063185
170.22 161.62 1.9719 3.6064 0 -0 0 0 -4.9795e-16 4.5678e-17 6.4195e-16 3.3288e-16 -3.1084e-16 8.3837e-17 3.3417e-16 1.3037e-16 0 -0 0 0 0.0064638 0.009802 0.0068032 0.01004 0.020794 0.095397 0.032342 0.096427 -0.017935 0.095246 0.023709 0.096023 -0.0020895 0.003135 0.0020895 0.0033769 0.089946 0.087304 0.1091 0.11308 0.079298 0.14934 0.17688 0.26087 -0.063491 0.17432 0.35714 0.40302 -0.08005 0.0788 0.10736 0.094622 0.012402 -0.033506 0.076628 0.085394 -0.026952 -0.12211 0.14103 0.21374 0.14216 -0.16492 0.25291 0.38059 -0.12833 -0.033664 0.18727 0.17396
111.96 166.53 1.9523 1.9127 0.003628 0.031259 0.054998 0.1175 -0.00621 -0.067427 0.13247 0.30688 -0.0039725 -0.023232 0.1188 0.21118 0.015027 0.0085361 0.10212 0.17138 -0.028536 0.1096 0.11325 0.17779 -0.054553 0.11284 0.20417 0.27178 0.021133 0.081493 0.21408 0.24275 0.0083913 0.032859 0.13589 0.171 0.036049 -0.10569 0.13652 0.22242 -0.031388 -0.1014 0.16905 0.40624 -0.077903 -0.11004 0.16299 0.20143 0.021814 -0.077879 0.092194 0.12555 0.0073695 -0.026088 0.016566 0.026576 0.0019566 -0.070815 0.027256 0.070815 -0.010656 -0.032577 0.019039 0.033905 0.0021513 -0.015096 0.0082353 0.015321
163.81 169.67 2.0048 3.9994 0 -0 0 0 -2.5692e-17 3.5407e-16 2.5692e-17 3.5407e-16 -2.5248e-18 3.4796e-17 2.5248e-18 3.4796e-17 0 -0 0 0 0.0092062 0.021958 0.0092153 0.022129 0.013713 0.10383 0.028686 0.11035 -0.019197 0.097508 0.039975 0.098827 -0.0043374 0.0081776 0.0043406 0.0082577 0.058573 0.078513 0.094934 0.13739 0.07165 0.12189 0.18226 0.28952 -0.050354 0.1991 0.20141 0.37287 -0.1158 0.11636 0.14936 0.23824 -0.022436 -0.041622 0.084926 0.1213 -0.0026342 -0.15938 0.10671 0.2415 0.15623 -0.10164 0.22652 0.34304 -0.12615 0.0714 0.24297 0.21936
157.68 173.72 1.8583 4.3315 4.1641e-05 2.695e-05 0.00010478 0.00010364 7.1385e-06 6.8103e-06 7.857e-05 0.00010257 -1.3612e-16 3.1791e-16 1.3612e-16 3.1791e-16 -1.5944e-17 3.7238e-17 1.5944e-17 3.7238e-17 0.011754 0.040374 0.014244 0.041188 -0.00046535 0.12874 0.026294 0.14105 -0.024435 0.10186 0.028629 0.10973 -0.0016956 0.011611 0.0018695 0.011724 0.021363 0.10349 0.12011 0.19045 0.086966 0.11317 0.16526 0.29478 -0.048945 0.23509 0.23437 0.36533 -0.11157 0.16201 0.12952 0.16732 -0.047699 -0.051288 0.12297 0.12915 0.061333 -0.1109 0.14681 0.2692 0.11536 -0.087042 0.18367 0.30089 -0.097961 0.05375 0.19364 0.25917
122.95 148.32 2.7929 1.766 0.0096985 -0.0046275 0.034113 0.045222 0.039184 -0.075698 0.12453 0.16438 -0.007188 -0.076878 0.18571 0.2605 -0.030338 -0.042353 0.087914 0.13951 -0.05706 0.00039609 0.081836 0.0623 0.056964 0.050525 0.078451 0.228 -0.030906 0.011961 0.077041 0.27658 0.028699 0.029468 0.059844 0.12942 -0.045345 0.065095 0.12262 0.10926 0.026226 0.061781 0.17489 0.398 0.00014458 0.032479 0.19909 0.34394 0.065314 0.039774 0.16957 0.20262 0.02976 -0.038839 0.072699 0.090532 0.0074267 -0.01855 0.11629 0.2517 -0.039303 -0.011274 0.12647 0.2069 -0.0028254 -0.040865 0.059249 0.071621
152.28 154.01 2.8462 0.61996 -0.00048758 -0.044424 0.099575 0.10376 -0.02177 -0.030553 0.026913 0.036511 0.0098709 -0.04156 0.17356 0.11902 0.025804 0.015835 0.13295 0.10387 0.049501 0.044556 0.067074 0.079522 -0.054483 0.15742 0.20375 0.27569 0.035563 0.051962 0.13829 0.16753 0.064979 -0.0039418 0.1668 0.19133 0.11935 -0.034953 0.1272 0.093273 0.033539 -0.032212 0.41453 0.45722 -0.06885 -0.0010739 0.1784 0.29366 -0.064578 -0.075491 0.09885 0.11728 0.0074123 -0.0057272 0.0074123 0.0062035 0.02677 -0.080982 0.056302 0.097339 -0.029738 -0.082985 0.042784 0.091242 -0.0089652 -0.010955 0.0093755 0.011048
114.47 156.85 3.081 2.124 -0.026654 -0.0090045 0.048868 0.04175 0.015924 0.042449 0.062553 0.098637 0.0029272 -0.034649 0.097312 0.14612 0.002561 -0.055208 0.073244 0.099754 -0.032895 0.098177 0.12686 0.1357 0.0014351 -0.014387 0.24577 0.3822 -0.028383 0.0026943 0.20646 0.31959 0.015318 0.068597 0.10626 0.17629 0.072311 -0.074592 0.18056 0.21209 -0.062394 0.028478 0.22699 0.35147 -0.010597 0.038629 0.20575 0.25969 -0.0010619 -0.0066519 0.15548 0.19463 0.020157 -0.039087 0.025311 0.043303 -0.001274 -0.076354 0.049131 0.10151 0.012844 -0.066409 0.052217 0.080142 -0.015215 -0.044453 0.030442 0.052059
127.96 158.72 2.5781 1.5679 -0.025935 0.023299 0.046419 0.051215 0.020975 -0.017685 0.030865 0.057026 -0.011292 0.013689 0.058818 0.17476 0.006706 0.014761 0.031413 0.093487 -0.10989 0.033185 0.15854 0.13438 0.059133 0.028176 0.10614 0.23577 -0.015821 -0.00037076 0.17418 0.4327 0.031856 0.035429 0.15303 0.21326 -0.048674 -0.01787 0.1234 0.15626 0.057103 0.087726 0.21203 0.29143 -0.0090298 0.10569 0.20773 0.40719 -0.036037 -0.024304 0.15209 0.14212 0.0038634 -0.038122 0.011614 0.04171 0.035903 -0.092602 0.053552 0.11883 -0.020527 -0.11198 0.069613 0.16856 -0.01844 -0.030234 0.02295 0.03795
168.01 165.72 2.7409 3.7952 0 -0 0 0 0 -0 0 0 0 -0 0 0 0 -0 0 0 0.005288 0.0066563 0.005288 0.0066826 0.021411 0.1135 0.035641 0.1135 -0.015521 0.09823 0.029376 0.09823 -0.0013778 0.0045427 0.0013778 0.0045427 0.073665 0.063286 0.084912 0.10396 0.089894 0.051895 0.19001 0.35836 -0.084883 0.24866 0.4409 0.45994 -0.082634 0.05567 0.094539 0.059124 -0.044953 -0.0010005 0.11293 0.13389 -0.025517 -0.09274 0.088483 0.14774 0.025618 -0.1542 0.25038 0.29211 -0.041774 -0.020711 0.057113 0.048279
148.73 172.32 2.7856 4.4774 -4.7376e-05 8.3572e-05 0.00042766 0.00021743 0.00012481 -1.8533e-05 0.00022787 8.0395e-05 3.2961e-05 -7.8928e-06 3.2961e-05 7.8928e-06 -2.1204e-17 3.4557e-17 2.1204e-17 3.4557e-17 0.0080765 0.14621 0.075264 0.1513 0.0087983 0.15592 0.082874 0.18943 -0.026708 0.20551 0.085971 0.21192 -0.024233 0.038434 0.026433 0.038434 -0.015851 -0.060347 0.13024 0.27414 -0.043359 -0.10651 0.21651 0.26202 0.13237 -0.039085 0.24494 0.34673 -0.13655 0.075973 0.20265 0.18042 -0.015543 -0.008496 0.1022 0.20928 -0.034019 -0.027438 0.067971 0.10696 0.16291 -0.076669 0.20314 0.21087 -0.08004 -0.064228 0.19549 0.1479
110.81 173.76 2.8863 5.1225 0 0 0 0 0 0 0 0 0 0 0 0 0 0 0 0 -0.0027248 0.082065 0.03471 0.083287 0.028594 0.13784 0.070876 0.17028 -0.035475 0.20337 0.087072 0.24039 -0.021826 0.046821 0.025507 0.04732 -0.03179 -0.0089789 0.14969 0.16482 0.023066 -0.086038 0.25226 0.32234 0.066454 -0.090537 0.2427 0.4265 -0.078055 0.046679 0.16558 0.17186 -0.02728 -0.051096 0.094269 0.17165 0.037902 -0.024803 0.14904 0.3012 -0.0040499 -0.058584 0.14076 0.26906 0.042271 -0.043641 0.10332 0.078954
121.9 175.75 2.8956 4.8095 0 0 0 0 0 0 0 0 0 0 0 0 0 0 0 0 0.026833 0.046466 0.031091 0.046466 0.050815 0.19828 0.12215 0.28997 -0.059462 0.20688 0.10546 0.23972 -0.023119 0.069003 0.026614 0.069003 0.015287 0.034773 0.14577 0.14348 0.022103 -0.11136 0.23037 0.37851 -0.071758 -0.11085 0.22434 0.36267 0.017675 0.011243 0.13512 0.15698 -0.03433 -0.026621 0.10859 0.16677 0.020707 -0.0131 0.13489 0.29587 -0.045517 -0.033184 0.094994 0.23077 0.06886 -0.022729 0.089152 0.07605
88.029 143.09 3.7079 0.27207 0 0 0 0 0 0 0 0 0 0 0 0 0 0 0 0 -5.2594e-06 0.025339 0.012754 0.025339 0.068126 0.079431 0.12143 0.12362 -0.055306 0.15824 0.13222 0.19719 -0.017142 0.01494 0.017621 0.015299 0.013248 0.068 0.31971 0.22188 0.060533 -0.028185 0.35478 0.18479 -0.033234 -0.019333 0.35947 0.28894 -0.067993 0.017736 0.076081 0.042818 -0.010221 -0.011683 0.21712 0.17556 -0.016664 0.0052548 0.24752 0.1273 0.0504 0.027628 0.32139 0.19314 -0.071269 0.018394 0.12966 0.049833
99.011 172.78 3.815 5.1814 0 0 0 0 0 0 0 0 0 0 0 0 0 0 0 0 0.008993 0.013023 0.008993 0.013023 0.00036197 0.095643 0.040567 0.095643 -0.008732 0.14277 0.036111 0.14277 -0.0089368 0.02883 0.0093886 0.028886 0.097815 0.055552 0.16148 0.10868 -0.041955 0.045689 0.28705 0.31588 0.071204 -0.026024 0.28648 0.4929 -0.083607 0.068003 0.19622 0.25633 0.0258 -0.034817 0.065335 0.076823 -0.0028521 -0.094851 0.13473 0.22451 -0.0083447 -0.067023 0.17128 0.31019 0.037734 -0.048623 0.12565 0.11453
109.77 171.79 3.1041 5.1427 0 0 0 0 0 0 0 0 0 0 0 0 0 0 0 0 0.0078955 0.091893 0.047305 0.098524 0.036274 0.13922 0.098169 0.18302 -0.026805 0.21597 0.13258 0.30522 -0.036307 0.068707 0.0488 0.072837 -0.032569 -0.00089263 0.15118 0.20015 0.026889 -0.088707 0.23302 0.30169 0.095293 -0.094631 0.25103 0.40393 -0.073618 0.026339 0.18617 0.18068 -0.013003 -0.058493 0.078212 0.14401 0.045704 -0.020314 0.11864 0.24928 -0.021609 -0.028341 0.15397 0.23791 0.02816 -0.047975 0.089375 0.080942
176.15 165.43 5.1839 3.5267 0 -0 0 0 0 -0 0 0 0 -0 0 0 0 -0 0 0 9.4493e-18 -2.331e-17 9.4493e-18 2.331e-17 -0.0025767 0.018228 0.0033931 0.018228 -0.0010959 0.018708 0.0024068 0.018708 0 -0 0 0 0.028705 0.017354 0.02903 0.018095 0.15463 0.069991 0.27377 0.40301 -0.14826 0.058617 0.40088 0.53415 -0.022678 0.0031955 0.022678 0.015888 0.08031 0.033867 0.14877 0.079372 -0.053535 -0.024229 0.26378 0.24034 0.02775 -0.020131 0.1858 0.20016 -0.02603 0.032763 0.093818 0.065353
141.33 181.27 5.0703 4.5651 0 -0 0 0 0 -0 0 0 0 -0 0 0 0 -0 0 0 0.0094509 0.021454 0.0094509 0.021454 0.0072038 0.14046 0.042966 0.14103 -0.01306 0.0769 0.020388 0.076939 -0.0021208 0.0042997 0.0021208 0.0043028 0.071762 0.066031 0.16141 0.17649 -0.037512 0.014397 0.28339 0.49214 0.044916 0.096007 0.36973 0.41609 -0.089816 0.06054 0.15081 0.088098 -0.023699 -0.037605 0.13112 0.12978 -0.020448 -0.012645 0.1194 0.24253 0.047923 -0.067213 0.16273 0.18682 -0.039412 -0.033523 0.0802 0.061633
124.43 167.78 6.951 4.7134 -3.241e-18 -3.1901e-21 8.1068e-17 7.9795e-20 -8.8977e-18 -8.7579e-21 8.8977e-18 8.7579e-21 0 0 0 0 0 0 0 0 0.012772 0.021523 0.015661 0.021923 0.062233 0.1143 0.12238 0.2872 -0.03909 0.12317 0.17067 0.34446 -0.023307 0.036283 0.039719 0.04909 0.047688 -0.011576 0.11584 0.070267 -0.0036769 -0.03689 0.25479 0.41046 0.048453 -0.059429 0.38047 0.40364 -0.061801 -0.022395 0.18482 0.096084 0.0044882 -0.0066337 0.010936 0.007486 0.024177 -0.03913 0.093176 0.19773 -0.023511 -0.036086 0.094005 0.18937 -0.0052511 -0.0081657 0.013745 0.012076
144.74 185.23 6.8047 4.6417 0 -0 0 0 0 -0 0 0 0 -0 0 0 0 -0 0 0 0.0053006 0.013183 0.0053006 0.013183 0.0014378 0.11095 0.021566 0.11095 -0.0010668 0.03176 0.0041463 0.031776 -4.4617e-19 -6.2968e-18 4.4617e-19 6.2968e-18 0.057978 0.063967 0.145 0.15843 -0.021798 -0.020639 0.24557 0.51361 -0.069836 0.044245 0.43344 0.40876 -0.033525 0.0055762 0.033525 0.018961 0.020863 -0.027762 0.10341 0.092515 -0.021677 -0.011818 0.14459 0.35522 -0.024802 -0.059098 0.15299 0.18325 -0.008833 -0.0036618 0.008833 0.0065522
