65 64
93.418 116.46 2.2223 1.8158 -0 0 0 0 -0 0 0 0 -0 0 0 0 -0 0 0 0 0.0034089 0.023715 0.0070428 0.023715 0.0037688 0.15188 0.017777 0.15188 -0.013627 0.19495 0.028833 0.19495 -0.0052862 0.016359 0.0054614 0.016359 0.054463 0.11761 0.18661 0.31613 -0.041595 0.10586 0.19757 0.51238 -0.031595 0.14721 0.17976 0.41813 -0.11504 0.073963 0.16034 0.1385 -0.0032572 -0.1017 0.073281 0.1224 0.04248 -0.079998 0.11755 0.12003 -0.024985 -0.047894 0.11347 0.078702 -0.031515 -0.01824 0.14815 0.053495
97.832 122.86 1.9097 1.9566 -0.0043048 0.005676 0.0043536 0.005721 -0 0 0 0 -0 0 0 0 -0 0 0 0 0.0047088 0.13512 0.10284 0.16354 0.056316 0.3138 0.15442 0.38387 -0.029418 0.25984 0.077271 0.32777 -0.039762 0.11444 0.058537 0.13721 0.050803 -0.091367 0.11784 0.17615 0.064884 -0.18192 0.20412 0.38003 -0.026748 -0.072759 0.14252 0.23238 -0.026733 -0.026382 0.16834 0.142 -0.014357 -0.01661 0.02823 0.029177 0.074992 0.0026256 0.08605 0.052188 -0.021391 0.0083794 0.088809 0.049727 0.0024636 -0.024785 0.1127 0.034157
122.43 125.02 2.0293 1.4489 0 0 0 0 0 0 0 0 0 0 0 0 0.0029804 0.0071094 0.0029804 0.0071094 0.021659 0.10022 0.046686 0.10022 0.0047563 0.18679 0.10837 0.19409 0.017509 0.2002 0.094094 0.20474 0.13365 0.18866 0.18488 0.24917 -0.017422 0.013665 0.14069 0.23034 -0.052167 -0.046808 0.3984 0.25103 0.050854 -0.070081 0.20745 0.27503 -0.034246 -0.1358 0.16605 0.2469 -0.00075332 -0.048955 0.043798 0.07058 -0.0049011 0.025121 0.22142 0.14766 -0.023544 -0.01041 0.14016 0.10482 -0.025033 -0.010546 0.048742 0.049256
79.556 128.64 1.8777 3.9445 0.05381 -0.0092114 0.059788 0.038135 0.0073721 0.013742 0.11035 0.10601 -0.039748 0.092703 0.085826 0.11182 0.055628 0.037843 0.21583 0.13745 0.031729 0.019814 0.086012 0.12619 0.082707 -0.051033 0.13975 0.2425 0.11417 0.018633 0.15371 0.15408 -0.051951 -0.056244 0.29403 0.18443 0.040331 -0.052768 0.057751 0.12148 0.10495 -0.10885 0.15277 0.38189 0.072433 -0.10178 0.19236 0.44313 -0.1284 -0.11833 0.17562 0.17842 0.0010669 -0.0023479 0.0010669 0.0023479 0.01492 -0.03056 0.015307 0.0321 0.00055811 -0.062395 0.023464 0.068725 -0.0074623 -0.012059 0.0081539 0.012785
106.14 128.35 1.971 1.9873 -0.029031 0.053792 0.053001 0.06515 -0.013827 0.014991 0.013872 0.014991 -0.00012696 0.00028702 0.00012696 0.00028702 -0 0 0 0 0.011566 -0.014455 0.14616 0.12578 0.012217 0.19516 0.22223 0.30285 0.0068045 0.24994 0.18443 0.43044 -0.038299 0.14228 0.075069 0.23922 0.021732 -0.028028 0.10198 0.093314 0.022253 -0.1868 0.17652 0.27744 0.063745 -0.19107 0.20194 0.31756 -0.015529 -0.056212 0.085233 0.12147 -0.012843 0.0068839 0.045296 0.042096 -0.017338 -0.01289 0.035021 0.027849 0.09037 0.022645 0.099319 0.057042 -0.020193 0.001326 0.061291 0.034037
173.34 128.56 1.8201 2.7647 -0 0 0 0 -0 0 0 0 -0 0 0 0 -0 0 0 0 0.028326 0.0043294 0.049437 0.057822 0.058939 0.13069 0.09892 0.29061 -0.079606 0.21862 0.11643 0.27307 -0.016914 0.016442 0.018075 0.016831 0.04168 0.076851 0.091035 0.16092 0.053225 -0.016768 0.16419 0.26954 -0.0018992 0.071254 0.40558 0.34166 -0.093224 0.044588 0.11778 0.055751 0.011117 -0.043213 0.053937 0.075181 0.026907 -0.032009 0.13912 0.12146 0.075359 0.047624 0.38805 0.17971 -0.11821 0.016097 0.15179 0.046378
148.65 129.27 1.9813 1.2929 0 0 0 0 0 0 0 0 0.014758 0.028125 0.017624 0.028125 0.012556 0.053408 0.042667 0.056448 0.047573 0.10182 0.078063 0.18627 0.036012 0.30226 0.1402 0.43884 0.026385 0.18487 0.20782 0.3255 -0.044078 -0.012115 0.15255 0.14066 0.014054 -0.070148 0.098491 0.12631 -0.0084483 -0.19748 0.16263 0.36383 -0.067567 -0.17283 0.14575 0.27828 -0.0056086 -0.038018 0.083708 0.083745 -0.0053948 0.010652 0.065997 0.054343 -0.029108 -0.0010021 0.071026 0.067057 -0.0078056 -0.013398 0.047834 0.039559 0.013429 -0.015666 0.033075 0.040788
70.088 132.05 1.6764 0.27128 0 0 0 0 0 0 0 0 0 0 0 0 0 0 0 0 0.014956 0.057538 0.014956 0.057538 0.021453 0.21018 0.036349 0.21958 -0.02545 0.1645 0.042867 0.22145 -0.0099004 0.051847 0.019804 0.073674 0.064585 0.11529 0.27209 0.27019 -0.12033 0.02343 0.19105 0.48282 -0.084174 0.0078286 0.11328 0.41978 -0.0071051 -0.015353 0.044374 0.1086 0.011354 0.028581 0.18335 0.10785 -0.043186 0.044 0.10368 0.14831 -0.04866 0.080883 0.1144 0.19114 -0.052887 0.029286 0.05637 0.063821
118.02 137.22 2.1022 4.3131 0.0066897 -0.017531 0.057576 0.055243 0.026129 -0.0025505 0.12344 0.10141 -0.0016465 0.035542 0.16918 0.16687 -0.014592 0.023239 0.046727 0.058796 0.025727 -0.027173 0.053 0.05169 0.0075538 0.0027851 0.16207 0.13102 0.016234 -0.029847 0.30247 0.23079 0.044538 0.067705 0.13644 0.12422 0.064819 0.08684 0.10936 0.10305 0.022518 0.18962 0.20123 0.27753 -0.030166 0.047246 0.24729 0.29303 0.019439 -0.075073 0.22734 0.19798 0.050753 0.074018 0.15843 0.15694 -0.15328 -0.090352 0.25481 0.22861 -0.026559 -0.081004 0.053813 0.1041 -0.010805 -0.033276 0.023824 0.035428
136.71 137.35 2.0789 4.9631 0.028563 0.0025413 0.081466 0.066329 -0.051984 0.04714 0.15648 0.14146 -0.032108 0.0061601 0.081656 0.064436 0.0011794 0.0029089 0.030766 0.02152 0.014458 0.027999 0.17256 0.10943 -0.030804 -0.028813 0.2419 0.17214 -0.052605 0.047571 0.07841 0.093469 0.012458 0.0087046 0.068114 0.0395 0.0068334 -0.00059972 0.22987 0.15818 0.029086 0.067114 0.20697 0.28334 0.0083322 0.18747 0.19049 0.38276 -0.064929 0.16178 0.14222 0.21601 0.012689 -0.045764 0.030688 0.050514 0.011024 -0.13741 0.058285 0.16688 0.085805 -0.17791 0.13309 0.23757 0.017371 -0.094948 0.15087 0.20854
167.45 142.82 1.9584 3.0157 -0.011641 0.0068512 0.026606 0.055 -0.0011196 0.014473 0.035753 0.071763 0.023204 0.073943 0.088604 0.13749 -0.023795 0.065252 0.035129 0.074104 0.032243 0.0099792 0.048506 0.087538 0.053035 0.13657 0.13665 0.27638 0.011716 0.032866 0.20641 0.27617 -0.010784 0.050926 0.25161 0.22941 0.039789 -0.018672 0.0625 0.081571 0.056451 -0.099584 0.12951 0.19872 0.078588 -0.030047 0.27293 0.18728 0.054984 0.099132 0.33739 0.18672 -0.00090465 -0.009426 0.040611 0.033178 0.0198 -0.033754 0.048434 0.085426 0.13809 -0.0048484 0.18137 0.10598 -0.023535 -0.032586 0.34458 0.14523
175.51 141.79 2.0446 3.0655 -0.0037188 0.021669 0.0088348 0.022878 -0.0026291 0.0071046 0.0028782 0.0071046 -0 0 0 0 -0 0 0 0 -0.020813 -0.0060638 0.052527 0.11749 -0.0066156 0.035699 0.072309 0.168 0.052609 0.13198 0.18676 0.25868 -0.050162 0.13263 0.080554 0.15669 0.053257 0.021701 0.064536 0.097213 0.054425 0.13913 0.17454 0.32586 0.039544 0.023122 0.25881 0.32012 -0.0075019 0.059741 0.32631 0.26944 0.027782 -0.016729 0.049993 0.066507 0.022213 -0.073694 0.099348 0.15727 0.089656 -0.011264 0.23374 0.15111 -0.0025466 0.078325 0.28277 0.1532
126.65 143.58 1.9574 3.6705 0.0051325 0.0061613 0.037503 0.035897 0.0011476 0.027703 0.070064 0.090726 0.016328 0.029893 0.058354 0.058338 0.094567 0.055933 0.11183 0.085834 0.04194 0.055458 0.12877 0.12908 0.046908 0.093882 0.29015 0.27131 -0.047816 0.078533 0.21912 0.2372 0.11567 0.037331 0.21137 0.097273 -0.016529 0.010068 0.10833 0.10026 0.013008 -0.063135 0.23761 0.21397 0.012547 -0.022068 0.29376 0.35224 0.0027754 -0.039351 0.21007 0.2332 0.002485 -0.029389 0.028439 0.037837 0.060165 0.019546 0.13167 0.093987 0.027881 0.059706 0.16288 0.16946 -0.057985 -0.046949 0.093454 0.089844
154.23 143.74 1.7361 5.8539 -0.038528 0.025104 0.10148 0.11265 -0.048053 -0.024087 0.10002 0.084193 -0.0086345 -0.016474 0.057662 0.066034 0.0056651 -0.00045028 0.049307 0.027654 -0.1065 0.11289 0.32206 0.2221 -0.089884 0.041794 0.16638 0.12883 -0.029109 0.032249 0.086842 0.11215 -0.0053799 0.012995 0.067948 0.061758 -0.038472 -0.020968 0.45488 0.20658 -0.16906 0.044439 0.31671 0.20177 0.001113 0.12565 0.14604 0.19462 -0.04377 0.04171 0.069579 0.073496 0.011192 -0.034441 0.21419 0.12407 -0.071144 0.045288 0.14881 0.14219 -0.018474 -0.047324 0.11085 0.18492 -0.029558 -0.022894 0.045976 0.071898
181.84 149.79 1.903 2.9491 -0 0 0 0 -0 0 0 0 -0 0 0 0 -0 0 0 0 0.028538 0.077721 0.048496 0.086017 -0.028567 0.10332 0.083064 0.14456 0.0037205 0.049572 0.081165 0.1197 -0.00076271 0.11282 0.067957 0.14617 -0.031869 -0.024139 0.10971 0.15868 0.013558 0.037046 0.14574 0.28272 0.06755 0.29042 0.20204 0.44494 0.096478 0.063969 0.21582 0.35373 -0.017454 -0.024869 0.0509 0.05259 0.096077 -0.010005 0.11824 0.13215 0.055619 -0.080963 0.1838 0.27949 0.025067 -0.0095121 0.19147 0.14725
65.389 154.64 2.0284 6.0284 0 0 0 0 0 0 0 0 0 0 0 0 -0.00017157 0.0002924 0.00017157 0.0002924 0.010225 0.018907 0.010225 0.018907 0.045835 0.13932 0.055658 0.1692 0.003138 0.1652 0.040246 0.20305 0.029857 0.13929 0.056419 0.15405 0.0088463 0.12091 0.23272 0.34157 -0.032589 -0.06888 0.14027 0.29418 0.011617 -0.10291 0.075812 0.26285 0.089837 -0.083439 0.1065 0.21062 -0.036619 0.061097 0.23243 0.29078 -0.044489 0.23472 0.1502 0.32854 -0.081827 0.076035 0.096519 0.13783 -0.0053459 -0.014637 0.028802 0.03933
158.17 153.95 1.8069 5.7777 -0.042492 -0.020558 0.1051 0.10001 -0.022633 -0.020064 0.11367 0.10331 0.0070623 0.0059082 0.12323 0.072065 -0.010584 -0.0015428 0.024567 0.018774 -0.068323 0.024576 0.13858 0.12033 -0.027251 0.070339 0.16168 0.16209 0.0012399 0.025363 0.19636 0.13036 -0.022381 0.0018627 0.041334 0.029949 -0.16505 0.079623 0.31131 0.23038 0.023228 0.20843 0.24103 0.31148 -0.10164 0.12433 0.20113 0.19008 -0.0094874 0.020662 0.089378 0.072583 -0.091346 0.023652 0.17766 0.15213 -0.031047 -0.057768 0.21465 0.29415 -0.081559 -0.035821 0.13329 0.18575 0.021663 0.01966 0.086619 0.080252
67.795 157.5 2.1061 2.8335 0.0036638 0.0084791 0.021972 0.026832 0.083385 -0.093824 0.10625 0.1322 0.07094 -0.2427 0.16111 0.3124 0.030903 -0.06251 0.18641 0.25286 -0.094177 0.15158 0.10908 0.2197 -0.023104 0.16024 0.095108 0.25911 0.030409 0.081894 0.12365 0.26384 0.022526 -0.080198 0.23042 0.30056 -0.019718 -0.16329 0.11039 0.22411 -0.017467 -0.1482 0.053732 0.21921 -0.036439 -0.12667 0.060967 0.19373 -0.019926 -0.036268 0.026946 0.042536 0.00076096 -0.0083643 0.010982 0.0090555 -0.00057066 -0.0035619 0.00087632 0.0035619 -7.4152e-05 -0.00023305 7.4152e-05 0.00023305 -0 0 0 0
183.49 159.84 2.1909 3.3054 0 -0 0 0 0 -0 0 0 0 -0 0 0 0 -0 0 0 0.0070009 0.13955 0.061759 0.14817 0.018147 0.18558 0.10692 0.2557 -0.073775 0.14273 0.11038 0.18341 -0.012092 0.019167 0.014028 0.019167 -0.088823 -0.064515 0.14425 0.19803 -0.010729 -0.097361 0.12731 0.32615 -0.016851 0.058891 0.14994 0.41746 0.030864 0.073704 0.16345 0.21276 -0.024415 -0.040655 0.042792 0.055886 0.083647 0.0094409 0.096883 0.14962 0.1686 0.060439 0.19541 0.22504 -0.033347 0.080731 0.2012 0.26871
65.488 172.06 2.0322 5.9664 0 0 0 0 0 0 0 0 0 0 0 0 0 0 0 0 0.0043493 0.024838 0.0051102 0.024838 0.0064842 0.061071 0.013104 0.06286 -0.0091473 0.089174 0.12001 0.10143 -0.010224 0.014206 0.011127 0.014434 0.017965 0.060116 0.062143 0.25669 0.080589 0.083507 0.13499 0.38362 0.025929 0.21073 0.23279 0.44061 -0.13098 0.23098 0.19389 0.28054 -0.0093864 0.025244 0.037632 0.13312 0.012906 -0.060646 0.063066 0.15007 0.10678 -0.20268 0.12649 0.22289 0.041302 -0.099528 0.11103 0.18003
127.33 171.14 2.0811 1.2565 0.057469 -0.058936 0.16308 0.16862 -0.029662 -0.15153 0.35144 0.42694 0.11716 -0.1319 0.32061 0.32499 -0.093322 -0.033439 0.15583 0.14713 -0.027076 -0.037815 0.13022 0.14589 0.0079698 -0.010994 0.18935 0.25741 -0.0024164 -0.063619 0.17109 0.21814 -0.022226 -0.051944 0.039557 0.062049 -0.022378 -0.0080656 0.030754 0.041029 0.037353 -0.026026 0.11978 0.15589 -0.030231 -0.0090468 0.078897 0.10263 0.0066416 0.0070277 0.010611 0.01047 -0.0057771 0.031569 0.025279 0.033434 0.013578 0.025023 0.059064 0.058508 -0.016823 0.0037036 0.050233 0.065609 0.019923 -0.0018669 0.025638 0.019387
69.497 182.64 2.0449 5.5989 0 0 0 0 0 0 0 0 0 0 0 0 0 0 0 0 0.00735 0.00099021 0.00735 0.0039419 0.0046868 0.049331 0.042878 0.069098 -0.0059506 0.060762 0.010702 0.060762 -0.00067383 0.0037797 0.00086591 0.0037797 0.078509 0.12601 0.085178 0.13461 0.13514 0.24139 0.21037 0.39862 -0.014653 0.29858 0.18686 0.45167 -0.099693 0.17092 0.11066 0.21078 -0.0018815 -0.059834 0.04916 0.11862 0.025286 -0.16938 0.041413 0.20692 0.035886 -0.20155 0.071906 0.24595 -0.0046008 -0.09462 0.060214 0.1339
156.03 184.34 1.9543 1.2425 -0.012586 -0.040046 0.077649 0.066224 0.022371 -0.043707 0.084551 0.17193 -0.031002 -0.027369 0.062894 0.076244 0.018273 -0.016672 0.038413 0.040422 -0.099205 0.19308 0.12226 0.22789 -0.014652 0.21399 0.081162 0.23415 -0.024155 0.16752 0.088456 0.18051 -0.0027266 0.051606 0.070834 0.081954 0.023017 -0.10125 0.16687 0.35173 -0.093791 -0.020389 0.19238 0.4502 -0.11242 -0.06766 0.16398 0.32053 -0.022974 -0.023656 0.10225 0.13717 0.017888 -0.067283 0.0241 0.070376 -0.0070623 -0.098325 0.030508 0.10705 -0.014449 -0.04934 0.021729 0.061746 -0.002027 -0.013792 0.0094932 0.021772
177.85 184.11 1.6267 3.8158 1.987e-16 1.6724e-15 4.8781e-15 2.1975e-15 2.8133e-15 1.0026e-14 2.2828e-14 1.3121e-14 1.5884e-15 3.0487e-15 5.7125e-15 6.2679e-15 0 -0 0 0 0.015091 0.03918 0.018046 0.03918 0.024631 0.17492 0.035317 0.17492 -0.004052 0.19662 0.03523 0.19662 -0.017695 0.049304 0.01978 0.049304 0.11765 0.092843 0.13533 0.17862 0.037778 0.06434 0.16834 0.47629 -0.0847 0.010281 0.14057 0.46744 -0.049763 0.070608 0.12911 0.24247 -0.017838 -0.065848 0.099643 0.13005 -0.034754 -0.16132 0.075011 0.18212 0.0033645 -0.12254 0.067254 0.1702 0.02707 -0.038991 0.084638 0.17842
101.71 186.18 1.9606 2.0037 -0.010391 -0.017442 0.030022 0.042023 0.0035925 -0.021985 0.0087679 0.023138 0.00082428 -0.050176 0.030503 0.064793 0.010987 -0.0226 0.035171 0.043458 0.016899 0.024747 0.043644 0.039561 0.017063 0.13867 0.087006 0.14032 -0.0029476 0.16022 0.089533 0.16022 0.057938 0.19487 0.071116 0.19639 0.064067 -0.016892 0.10561 0.090677 0.12722 -0.0019398 0.19893 0.33248 0.12326 0.094376 0.23312 0.42204 0.073025 0.039809 0.16942 0.41012 0.0074739 -0.010907 0.010386 0.012806 0.033287 -0.088223 0.038771 0.099398 0.046049 -0.16573 0.056669 0.1861 -0.012599 -0.14911 0.042939 0.16152
130.21 185.68 1.9167 0.60947 0.0093906 0.057198 0.21762 0.26974 -0.058144 0.059876 0.15958 0.14949 0.033387 0.007797 0.041066 0.031498 0.10239 -0.036631 0.16114 0.1341 0.016608 -0.027118 0.12508 0.24267 -0.026418 -0.010761 0.31482 0.30051 -0.028043 0.032878 0.16923 0.11027 0.017233 -0.061555 0.08818 0.092355 -0.020299 0.016733 0.030654 0.035797 0.066004 0.010202 0.21984 0.26092 -0.077472 0.014684 0.18462 0.1998 -0.0027025 0.0017442 0.0043791 0.0055648 0.054001 0.1261 0.13572 0.16746 -0.063359 0.054877 0.24496 0.26503 -0.057321 -0.012423 0.11175 0.10345 -0.0027404 -0.00054486 0.0032355 0.0029972
148.29 186.21 1.9373 1.1867 0.0094273 -0.04211 0.078047 0.15932 -0.047884 -0.036623 0.090157 0.13504 0.025903 -0.0095394 0.055919 0.058497 -0.017954 -0.018282 0.10139 0.12524 -0.01816 0.13232 0.059044 0.16191 -0.0055054 0.1924 0.12211 0.22291 -0.017348 0.11999 0.12961 0.16793 0.0010905 -0.0002937 0.13649 0.13435 -0.096741 0.097493 0.16286 0.34667 -0.11964 0.020209 0.21011 0.43347 -0.088076 -0.044694 0.23016 0.31343 -0.032973 -0.018726 0.076858 0.07202 -0.019966 -0.11092 0.044149 0.12642 -0.036914 -0.11123 0.044082 0.13514 -0.016221 -0.040979 0.029045 0.061881 -0.0030194 -0.0061098 0.0055494 0.0085231
112.29 190.3 1.9738 2.5802 0.0058172 -0.029164 0.046731 0.06632 -0.030809 -0.028223 0.12685 0.10689 -0.0054382 -0.031519 0.088427 0.096515 0.11316 -0.031899 0.13345 0.16298 0.0039267 -0.0034143 0.0061272 0.0081317 0.025973 0.081803 0.087226 0.11998 -0.036476 0.061569 0.060167 0.065513 0.011109 -0.0056853 0.013357 0.0095618 0.012085 0.0013919 0.012091 0.0029358 0.19969 -0.0031447 0.27925 0.27005 -0.10289 0.22104 0.26925 0.34499 -0.069097 0.099851 0.082795 0.12702 -0 0 0 0 0.097128 -0.060299 0.099383 0.085737 0.17999 -0.073879 0.27293 0.28755 -0.012929 0.2114 0.13473 0.2754
139.51 189.32 1.8332 1.2544 -0.030451 -0.055309 0.10025 0.13975 0.011483 -0.020479 0.045805 0.04337 0.016049 -0.067607 0.20547 0.22393 -0.014253 -0.0076037 0.028148 0.036237 -0.00031211 0.17522 0.076353 0.20706 -0.032756 0.16068 0.16724 0.20508 -0.010475 0.033112 0.28851 0.22071 -0.032529 -0.004899 0.083751 0.073943 -0.080242 -0.03526 0.14513 0.33404 -0.11236 -0.08084 0.30052 0.44001 -0.078467 -0.03763 0.19772 0.1652 -0.0078315 -0.0043331 0.01983 0.013848 -0.014774 -0.067096 0.028541 0.074337 -0.01539 -0.049206 0.03212 0.07387 -0.0066695 -0.014777 0.016117 0.023442 -0.00035454 -0.00012378 0.0005715 0.00060767
112.47 194.33 1.955 2.7454 0.0038571 -0.0090061 0.0083156 0.011675 0.015296 -0.032658 0.070662 0.078527 0.0072449 -0.025243 0.1118 0.082231 -0.0068974 -0.033028 0.05849 0.055298 -0 0 0 0 0.070696 0.062981 0.095511 0.13635 -0.054011 0.083599 0.11019 0.1436 -0.0084316 0.0084478 0.010016 0.011998 -0 0 0 0 0.19639 -0.0090865 0.22696 0.19995 0.0027565 0.19804 0.343 0.36908 -0.11808 0.10128 0.14945 0.14515 -0 0 0 0 0.053014 -0.029078 0.054029 0.029843 0.26055 -0.10683 0.32425 0.25368 -0.053514 0.19016 0.17008 0.25474
104.3 195.33 2.0625 4.6926 0 -0 0 0 0 -0 0 0 0 -0 0 0 0 -0 0 0 0.042049 0.15122 0.048274 0.15122 0.034361 0.26913 0.0927 0.29075 -0.062024 0.14057 0.17441 0.17846 -0.016981 0.011517 0.024768 0.014658 -0.068695 0.12606 0.24913 0.34167 -0.15319 -0.12451 0.25176 0.39931 -0.13064 -0.099032 0.23243 0.183 -0.023269 -0.0037968 0.045332 0.040634 -0.1412 -0.14763 0.15321 0.16357 -0.043575 -0.085055 0.063696 0.091762 -0.011545 -0.024411 0.02081 0.025405 0.0075866 0.0085658 0.015759 0.026287
100.72 198.05 1.8168 4.7438 0 0 0 0 0 0 0 0 0 0 0 0 0 0 0 0 0.0041795 0.01713 0.0081787 0.01713 0.021354 0.13979 0.040224 0.13979 -0.012627 0.13811 0.072153 0.14065 -0.010986 0.018545 0.021993 0.022074 0.069849 0.31613 0.19978 0.36091 -0.078705 0.13814 0.25159 0.42623 -0.11936 -0.021146 0.23952 0.27278 -0.051991 -0.0031645 0.088871 0.054039 -0.1354 -0.12456 0.18636 0.21068 -0.080686 -0.15499 0.13911 0.16847 -0.029417 -0.069414 0.066358 0.072774 -0.0046776 -0.011243 0.014066 0.017686
153.61 198.06 1.8674 4.7214 0 0 0 0 0 0 0 0 0 0 0 0 0 0 0 0 0.0057404 0.02966 0.022614 0.051016 -0.0033507 0.073935 0.024817 0.088095 -0.012319 0.05805 0.017803 0.05805 -0.00071503 0.0017896 0.00071503 0.0017896 0.029399 0.0051336 0.16474 0.15206 0.1093 0.12558 0.23117 0.37564 0.013873 0.26442 0.17243 0.38218 -0.099209 0.24952 0.17158 0.27426 0.0056833 -0.022195 0.050074 0.037624 0.060611 -0.10387 0.084027 0.15999 0.11042 -0.17151 0.13754 0.2875 0.038985 -0.021766 0.18446 0.21921
169.88 124.21 2.6354 1.8715 -0 0 0 0 -0 0 0 0 -0 0 0 0 -0 0 0 0 -0 0 0 0 0.059768 0.085385 0.070967 0.11224 -0.038492 0.18762 0.10132 0.24102 -0.013272 0.021529 0.014561 0.021694 0.01476 0.0019831 0.019946 0.020924 0.11399 0.016746 0.2304 0.29084 0.10307 -0.013628 0.37942 0.50743 -0.080168 0.1337 0.18795 0.36862 0.012341 0.0089958 0.050119 0.024018 0.036723 -0.024498 0.14737 0.10895 -0.0025439 -0.069312 0.13938 0.12577 0.033716 -0.063356 0.073746 0.12598
132.84 125.82 2.776 1.6122 -0 0 0 0 -0 0 0 0 -0 0 0 0 -0 0 0 0 -0.028656 0.17931 0.11276 0.25445 -0.027398 0.22854 0.10294 0.26687 -0.024965 0.15282 0.10029 0.2138 0.051135 0.14833 0.078318 0.17191 0.016278 -0.10571 0.15146 0.28304 -0.036874 -0.10395 0.18254 0.3887 -0.01596 -0.031817 0.24008 0.27073 0.01229 -0.084508 0.13764 0.26517 -0.016431 -0.018113 0.054225 0.034651 0.041604 -0.03225 0.10263 0.097424 -0.0044001 -0.02598 0.13738 0.15053 -0.026391 0.0012512 0.053431 0.039845
124.59 134.36 2.793 4.4846 0.014346 0.0074423 0.051345 0.048299 -0.0051445 0.051196 0.097634 0.11936 -0.024865 0.03986 0.076294 0.082386 0.014834 0.0064743 0.046612 0.032712 0.015833 0.0064972 0.090431 0.060815 0.049281 0.024491 0.22653 0.2065 0.028244 0.10082 0.22934 0.22375 0.038716 0.1032 0.13178 0.32962 -0.0017908 0.083623 0.2342 0.26919 -0.08067 -0.050875 0.22141 0.36886 -0.0088685 -0.13531 0.21065 0.29734 -0.00019301 -0.13067 0.072807 0.22618 -0.047164 -0.080399 0.084458 0.11984 -0.02091 -0.041149 0.026931 0.043543 -0.0042654 -0.020781 0.0082116 0.020781 -0.00055431 -0.0013391 0.00055431 0.0013391
117.31 143.02 2.7247 4.4048 0.0097318 0.0067628 0.014681 0.015595 -0.0039086 0.042166 0.068912 0.075047 -0.00066917 0.041177 0.073715 0.091349 -0.000383 0.0046434 0.035376 0.037716 0.0068306 0.023514 0.076801 0.053871 0.042357 -0.014366 0.17504 0.13496 0.020441 0.022626 0.27534 0.24562 0.007511 0.09191 0.10103 0.12667 -0.060655 0.067515 0.14062 0.092856 0.075245 0.20281 0.24205 0.29312 0.032565 0.02613 0.31236 0.32407 0.0087806 -0.065136 0.18362 0.24181 0.029225 0.031049 0.11152 0.13831 -0.08161 -0.06679 0.24497 0.28336 -0.030372 -0.07116 0.054785 0.1059 -0.012275 -0.03418 0.022131 0.037259
74.286 159.57 2.9503 2.7485 0.010053 -0.014477 0.024943 0.026502 0.063452 -0.0077998 0.10918 0.13161 0.1283 0.072904 0.2028 0.26682 0.07208 -0.072191 0.21351 0.19272 -0.048557 0.1158 0.074768 0.13789 0.025615 0.068991 0.10309 0.19334 0.065278 -0.13929 0.19142 0.36372 -0.0042042 -0.13214 0.29812 0.33414 0.026361 -0.10298 0.10258 0.19934 -0.077312 -0.066268 0.11702 0.29624 -0.024907 -0.069791 0.081122 0.19822 -0.022356 -0.039623 0.042514 0.058062 0.0017329 -0.012127 0.0066877 0.012127 -0.0053053 -0.020567 0.010075 0.020567 -0.0016543 -0.0070353 0.0016543 0.0070353 -9.6782e-05 -0.00032955 9.6782e-05 0.00032955
111.75 159.54 2.8034 4.7483 -0.037777 -0.035823 0.057665 0.075748 -0.02117 -0.032306 0.025715 0.040172 0.0014176 0.0028996 0.013584 0.019399 -0.00020285 0.00021873 0.015855 0.020095 -0.017868 0.016714 0.039019 0.053819 0.051117 0.078654 0.088612 0.1422 -0.038414 0.062657 0.11267 0.1673 -0.0025589 0.011735 0.042571 0.05354 -0.0578 0.091578 0.19455 0.12497 0.048411 -0.011917 0.23249 0.15559 0.029353 0.062486 0.33619 0.29881 -0.061151 0.062814 0.16701 0.16795 -0.036323 0.080301 0.14838 0.12063 0.0015202 0.22671 0.21351 0.32496 -0.00035289 0.079969 0.32855 0.2341 0.0057292 0.092016 0.13965 0.17195
76.076 163.32 2.9735 2.5989 0.022635 -0.034891 0.045105 0.052793 0.041621 -0.030617 0.12188 0.14344 0.1215 0.03001 0.22251 0.26773 0.036785 -0.089248 0.22801 0.19959 -0.036094 0.10873 0.051527 0.11632 0.038873 0.064254 0.089744 0.17982 0.052636 -0.10032 0.17601 0.32706 -0.014944 -0.1105 0.31194 0.28424 0.039321 -0.078493 0.097025 0.21998 -0.088154 -0.069551 0.13992 0.33978 -0.04673 -0.063058 0.1034 0.23534 -0.030922 -0.041421 0.050811 0.064753 0.0042874 -0.019642 0.0072525 0.019642 -0.010791 -0.043499 0.025931 0.044426 -0.0059944 -0.012178 0.0059944 0.012318 -0.00018845 -0.00044091 0.00018845 0.00044091
186.2 167.71 2.74 3.2947 0 -0 0 0 0 -0 0 0 0 -0 0 0 0 -0 0 0 0.0045759 0.0074936 0.0045759 0.0074936 0.0073753 0.11266 0.034512 0.11266 -0.011682 0.12024 0.048145 0.12602 -0.0041267 0.009052 0.0041267 0.0094264 0.095111 0.093755 0.14395 0.16798 -0.079422 -0.0078032 0.22218 0.36709 -8.5681e-05 0.058933 0.19114 0.46474 0.015806 0.16134 0.16441 0.2658 -0.0087543 -0.041274 0.12321 0.081797 -0.021219 -0.032856 0.10263 0.11832 0.15606 -0.01044 0.19353 0.22789 0.044775 0.026379 0.24794 0.27435
178.13 174.39 2.9333 3.5053 9.867e-16 1.0129e-15 3.6018e-15 2.6237e-15 1.0166e-15 9.5569e-16 1.5975e-15 1.1768e-15 0 -0 0 0 0 -0 0 0 0.033704 0.053586 0.03697 0.055167 0.046928 0.22758 0.10748 0.25646 -0.042086 0.12174 0.085883 0.25422 -0.030886 0.048743 0.035072 0.070519 0.069294 0.0099822 0.15736 0.13365 -0.093107 -0.16271 0.1899 0.31806 0.045301 -0.030488 0.17578 0.37722 -0.016291 0.16185 0.18416 0.31285 -0.010881 -0.033618 0.07114 0.056801 -0.0034148 -0.010432 0.09313 0.10291 0.10179 -0.0077523 0.14877 0.1993 0.038909 0.0077985 0.20932 0.24745
169.75 182.2 3.1768 0.82921 -0.027687 -0.095112 0.24203 0.22233 -0.08584 -0.041906 0.16077 0.19711 -0.014859 -0.0054075 0.08011 0.096598 0.00765 0.012361 0.043836 0.052416 0.039508 -0.0063602 0.2112 0.2741 -0.0051086 0.24476 0.1148 0.40792 -0.014088 0.1806 0.16711 0.3149 -0.057451 -0.0075179 0.1271 0.12711 0.046871 -0.055744 0.052942 0.071738 0.064618 -0.17588 0.082586 0.2868 -0.07238 -0.13752 0.11013 0.23058 -0.02911 -0.0313 0.030286 0.037814 8.535e-17 9.3176e-17 8.535e-17 9.3176e-17 0.0005148 -0.00061275 0.0005148 0.00061275 0.00063485 -0.00088237 0.00063485 0.00088237 7.8358e-06 -7.1776e-06 7.8358e-06 7.1776e-06
100.74 192.12 2.7463 4.5993 -1.8981e-17 2.1564e-18 6.2073e-17 7.0519e-18 0 -0 0 0 0 -0 0 0 3.768e-05 0.00033167 3.768e-05 0.00033167 0.040887 0.063241 0.040981 0.063241 0.033284 0.21789 0.098305 0.25451 -0.069251 0.074888 0.13506 0.14811 -0.0032147 0.0078225 0.037856 0.032363 0.12992 0.13714 0.30938 0.29135 -0.21012 -0.11588 0.32442 0.39124 -0.072651 -0.075921 0.08297 0.11073 0.010353 0.010111 0.068218 0.081997 -0.041942 -0.079786 0.22068 0.15001 -0.068129 -0.038035 0.096884 0.09352 0.072624 0.11629 0.14131 0.19031 -0.029422 0.073606 0.14245 0.18284
138.72 193.65 3.0962 5.1983 -0.048038 0.033581 0.054481 0.062871 -0.0027699 0.00040221 0.0027699 0.0021634 0 0 0 0 0 0 0 0 -0.044251 -0.042144 0.10032 0.10597 0.013756 0.057849 0.10498 0.090465 -0.027241 0.055148 0.07113 0.074369 -0.0029855 0.0056845 0.0036919 0.005873 -0.015309 0.032264 0.11551 0.17344 0.043191 -0.031904 0.17639 0.1536 0.10798 0.088473 0.32489 0.35715 -0.11328 0.15936 0.1602 0.17659 -0.070055 0.067593 0.25983 0.23258 0.029206 0.058737 0.18324 0.17538 0.16016 -0.076841 0.24555 0.1972 -0.057588 0.045897 0.33725 0.16675
146.37 198.25 2.8933 4.9841 -0.00016588 0.0002111 0.00016588 0.0002111 0 0 0 0 0 0 0 0 0 0 0 0 -0.018106 0.013984 0.036133 0.035173 0.0071838 0.055116 0.075626 0.082742 -0.016666 0.046504 0.028107 0.057153 -0.0005644 0.0019657 0.0005644 0.0019657 0.013224 0.017094 0.10501 0.09964 0.10934 -0.017366 0.26537 0.28658 0.059468 0.20482 0.30581 0.45867 -0.097417 0.14479 0.14303 0.15904 -0.025213 0.017676 0.13698 0.14251 0.0087939 0.040794 0.1167 0.14485 0.19316 -0.12427 0.25239 0.23247 -0.085693 0.016659 0.28346 0.1677
144.46 119.67 3.662 1.4414 0 0 0 0 0 0 0 0 0 0 0 0 0 0 0 0 0.0085018 0.031273 0.0085018 0.031273 -2.2699e-05 0.11801 0.032007 0.11801 0.013311 0.13401 0.051333 0.14084 0.051546 0.10822 0.086064 0.1492 0.075261 0.023096 0.12839 0.14133 0.012645 -0.012715 0.21442 0.60749 -0.041209 -0.0062595 0.26134 0.4393 -0.0077598 -0.036977 0.17239 0.2366 0.028805 -0.017128 0.082967 0.048141 -0.02785 -0.056688 0.10695 0.095495 0.017969 -0.060187 0.1077 0.1159 -0.012089 -0.021604 0.079899 0.07345
133.17 126.53 2.9586 1.5875 -0 0 0 0 -0 0 0 0 -0 0 0 0 -0 0 0 0 -0.022472 0.17656 0.11063 0.26053 -0.028471 0.23064 0.12383 0.29263 -0.022518 0.14803 0.11238 0.23482 0.062357 0.14451 0.10797 0.22309 0.014896 -0.10574 0.15008 0.28402 -0.023634 -0.12237 0.17581 0.36651 -0.019716 -0.034595 0.22403 0.25439 -0.0042684 -0.094005 0.13195 0.22782 -0.019356 -0.018215 0.05571 0.035544 0.041377 -0.031129 0.086747 0.075801 0.0021474 -0.036203 0.14607 0.12997 -0.026219 0.010725 0.06063 0.042112
99.361 137.56 3.5988 4.8884 0.014638 -0.0013845 0.052142 0.027261 -0.018653 -0.0005847 0.055933 0.067501 0.0013911 0.026015 0.04084 0.058051 -0.0057773 0.0090472 0.019162 0.023994 0.059771 0.029009 0.16716 0.046014 -0.061092 0.081169 0.24694 0.14116 0.022163 0.045215 0.18268 0.12666 -0.026658 0.03696 0.13084 0.099373 0.10118 -0.032727 0.17663 0.11078 0.0014746 -0.059228 0.24443 0.49844 -0.070863 -0.049148 0.23019 0.48109 0.025174 -0.0033095 0.16307 0.25015 0.010364 -0.016747 0.012723 0.019865 -0.0046297 -0.070868 0.022083 0.088275 -0.0049487 -0.054758 0.021748 0.062039 0.010134 -0.037114 0.020885 0.055723
85.979 142.3 3.1633 3.3475 0.017599 -0.0043711 0.025221 0.017471 -0.0025603 -0.031182 0.059717 0.091859 0.14596 -0.0027796 0.18096 0.12534 -0.070907 0.01906 0.17694 0.087022 0.012893 0.012398 0.044746 0.028637 0.072457 0.092224 0.14691 0.19321 0.20265 0.086927 0.27148 0.23993 -0.132 0.012798 0.36944 0.12205 -0.015161 0.0065262 0.05922 0.076637 0.085538 -0.061467 0.1211 0.25374 0.098517 -0.099139 0.17218 0.39818 -0.10167 -0.077169 0.24371 0.17274 0.0039388 -0.015015 0.010617 0.024193 0.0077728 -0.032449 0.016743 0.085834 0.0031249 -0.067467 0.030822 0.12816 -0.011773 -0.026884 0.019022 0.033504
123.87 160.27 3.3532 4.4674 -0.018873 -0.010181 0.023093 0.022517 0.0030968 0.0064817 0.02395 0.022551 -0.003006 0.0011454 0.028619 0.026615 0.0044371 -0.0039956 0.018361 0.032249 0.018709 0.023879 0.033 0.0454 -0.019363 0.081746 0.09603 0.14833 -0.0071902 0.041646 0.098779 0.11904 0.0067662 0.005603 0.068172 0.081541 0.038389 0.018644 0.12553 0.085018 0.016202 0.014447 0.28261 0.23898 -0.06403 0.097252 0.36795 0.34331 -0.013318 0.076429 0.11651 0.12941 -0.043117 0.061797 0.13681 0.085703 0.066531 0.15085 0.19105 0.23348 0.044496 0.064869 0.3269 0.25302 0.041572 0.010905 0.16606 0.30518
171.13 163.64 3.4264 0.50108 -0.060062 -0.070745 0.30804 0.27534 -0.10968 0.04185 0.17663 0.22097 -0.015026 0.0051995 0.09441 0.12935 -0.004621 -0.00028543 0.021733 0.028731 0.048583 -0.13098 0.27193 0.26138 -0.11829 -0.10736 0.24835 0.32748 -0.033689 -0.0067648 0.091143 0.15391 0.030784 0.05802 0.079847 0.084726 0.036075 -0.025798 0.05694 0.055591 0.041984 -0.039913 0.14286 0.3088 0.048861 0.028094 0.10986 0.31425 -0.055981 -0.03137 0.11212 0.15265 0.0021906 -0.002073 0.0021906 0.0021464 0.014958 -0.032758 0.017884 0.03633 0.0049804 -0.056647 0.018346 0.060556 -0.0074595 -0.017932 0.0085218 0.01846
82.999 183.66 4.0934 2.2722 -0.00159 0.00012293 0.025285 0.024052 0.01848 -0.080816 0.12824 0.14009 0.13056 -0.077382 0.22079 0.22549 -0.0017921 -0.12408 0.31607 0.20753 0.037185 0.002837 0.051976 0.075307 0.059206 0.1277 0.11759 0.33947 -0.018885 0.10733 0.1641 0.45698 -0.047897 -0.051217 0.16571 0.19247 0.016781 -0.01679 0.017523 0.021297 0.061379 -0.13995 0.074261 0.23383 -0.059865 -0.15651 0.10215 0.27023 -0.021656 -0.023029 0.026484 0.032146 -3.475e-18 -2.9352e-18 3.475e-18 2.9352e-18 1.256e-17 1.0609e-17 3.3897e-17 2.8631e-17 -5.0608e-18 -4.2746e-18 7.942e-18 6.7081e-18 -0 0 0 0
168.8 183.55 3.6553 0.89861 0.055703 -0.12521 0.27281 0.25725 -0.11184 -0.066954 0.24341 0.2779 -0.027491 -0.031326 0.095219 0.1406 -0.010465 -0.0079696 0.035267 0.045626 0.07689 -0.073758 0.19665 0.21327 -0.0022331 0.049106 0.20796 0.47261 -0.050851 0.084876 0.17036 0.3064 -0.03276 -0.0076929 0.066102 0.06249 0.023575 -0.026184 0.02738 0.033946 0.055493 -0.14976 0.087246 0.2537 -0.048653 -0.10371 0.075365 0.16279 -0.009786 -0.011357 0.011131 0.013095 0 0 0 0 -6.2677e-16 1.8892e-16 1.4006e-15 1.0185e-15 -4.2496e-16 7.9639e-18 6.1908e-16 2.6983e-16 -6.3975e-18 -8.0388e-18 6.3975e-18 8.0388e-18
180.26 141.31 5.3085 3.1732 0 -0 0 0 0 -0 0 0 0 -0 0 0 0 -0 0 0 0.0075224 0.038177 0.035059 0.072043 -0.008237 0.060486 0.039117 0.13298 -0.012186 0.070295 0.025098 0.0727 -0.001186 0.0020239 0.001186 0.0020239 -0.0063427 -0.020821 0.10828 0.098 0.11078 0.0022094 0.23524 0.27964 -0.10455 0.12708 0.5705 0.33462 -0.045769 0.0036556 0.051529 0.01736 -0.00056438 -0.0067606 0.032001 0.016793 0.1174 0.02279 0.16422 0.12386 -0.094868 -0.027567 0.46641 0.18412 -0.028756 -0.0021733 0.02926 0.0076493
147.88 146.3 5.3283 4.6356 -0.008532 -0.0028798 0.011971 0.016852 0.0083087 -0.0039248 0.018586 0.032358 0.012567 -0.0045735 0.061326 0.087614 -0.013524 0.0045102 0.027216 0.017806 0.014355 0.03383 0.095153 0.093523 -0.023038 0.070382 0.10849 0.119 0.027405 0.047944 0.16812 0.13473 -0.029784 0.0038163 0.07688 0.036658 -0.016468 0.033346 0.18713 0.30158 0.033384 -0.012061 0.21953 0.52527 -0.074523 -0.026289 0.27127 0.54473 -0.051119 -0.0098447 0.068607 0.051744 -0.021001 -0.050613 0.040787 0.094368 0.002103 -0.058958 0.027752 0.088085 -0.008565 -0.060612 0.029185 0.085055 -0.0052982 -0.0059737 0.0056508 0.0074998
188.82 184.1 5.0544 3.6201 0 -0 0 0 0 -0 0 0 0 -0 0 0 0 -0 0 0 4.1249e-16 2.2667e-16 4.1249e-16 4.2289e-16 6.7139e-16 4.1636e-16 3.7495e-15 2.4768e-15 -2.4661e-16 -1.2792e-16 5.52e-16 2.8632e-16 0 -0 0 0 0.035625 0.01753 0.035625 0.020125 0.056742 0.045688 0.1923 0.38282 -0.059869 0.11387 0.19822 0.45587 -0.025356 0.055572 0.052574 0.081757 0.019381 -0.0024483 0.037776 0.021754 0.0066351 -0.046205 0.11705 0.1278 0.151 0.031821 0.2941 0.35823 -0.091046 0.13872 0.36628 0.31025
67.318 192.93 4.9983 5.3941 0 0 0 0 0 0 0 0 0 0 0 0 0 0 0 0 0 0 0 0 0.00018381 0.00078018 0.00018381 0.00078018 0.00016898 0.00097528 0.00016898 0.00097528 0 0 0 0 0.021467 0.020671 0.0268 0.02843 0.11526 0.044655 0.19703 0.45121 -0.085021 0.046098 0.16718 0.53167 -0.038147 0.017561 0.045448 0.064013 0.0872 0.084026 0.2249 0.12861 -0.058527 0.096797 0.33175 0.38322 -0.032851 -0.011421 0.13552 0.19415 -0.011417 0.00049353 0.035983 0.042412
87.924 127.31 7.2926 1.5726 -0 0 0 0 -0 0 0 0 -0 0 0 0 -0 0 0 0 -0.015835 0.098397 0.082284 0.24608 0.047104 0.17087 0.16749 0.45566 -0.088614 0.080244 0.13674 0.15688 -0.0014259 0.00014017 0.0014259 0.00014117 0.0070165 -0.078875 0.17328 0.29787 0.010731 -0.13835 0.36192 0.427 -0.10429 -0.044957 0.26329 0.14879 -0.0074509 0.00063348 0.0074511 0.0016547 -0.0049936 -0.011569 0.023553 0.038489 0.028258 -0.015028 0.070384 0.10477 -0.027334 -0.0156 0.096867 0.080209 -0.0027625 -0.00049135 0.0027626 0.00095694
184.42 142.57 6.0538 3.1218 -0 0 0 0 -0 0 0 0 -0 0 0 0 -0 0 0 0 0.0071179 0.020984 0.012308 0.026343 -0.0042442 0.040102 0.026373 0.084656 -0.0041185 0.039696 0.012692 0.04229 -0.00021382 0.00071403 0.00021382 0.00071403 0.014156 -0.003532 0.11772 0.096599 0.084767 0.0028407 0.21811 0.30399 -0.10619 0.13094 0.55782 0.31966 -0.04032 0.0038367 0.04032 0.014868 0.00049502 -0.010956 0.033771 0.017096 0.09058 0.017613 0.13909 0.1248 -0.085525 -0.03006 0.52622 0.19315 -0.033763 -0.0023584 0.033763 0.0099209
194.36 186.67 6.2839 3.5302 0 -0 0 0 0 -0 0 0 0 -0 0 0 0 -0 0 0 0 -0 0 0 -4.4649e-16 -7.4519e-17 1.564e-15 1.0462e-15 -1.9242e-16 -1.1976e-16 2.9137e-16 1.1976e-16 0 -0 0 0 0.0057083 0.0017996 0.0058669 0.0017996 0.057476 0.060908 0.17197 0.26908 -0.037141 0.14336 0.16517 0.45151 -0.029293 0.070941 0.037338 0.090203 0.010937 -0.00039728 0.0123 0.0052328 0.013204 -0.033242 0.11988 0.10548 0.21685 0.05201 0.33359 0.3695 -0.13336 0.057249 0.40852 0.33146
62.569 102.58 10.183 0.76961 0 0 0 0 0 0 0 0 0 0 0 0 0 0 0 0 0 0 0 0 0 0 0 0 0 0 0 0 0 0 0 0 0.00017396 -0.00017954 0.00017396 0.00017954 0.13526 0.11421 0.3912 0.4112 -0.12152 0.080953 0.33178 0.32504 -0.0086921 0.0094494 0.0189 0.012559 0.06469 0.018323 0.10424 0.10856 -0.045295 -0.062362 0.3785 0.38698 -0.045635 -0.058555 0.22239 0.16158 -0.012163 -0.0029265 0.035326 0.013776
56.596 154.09 10.053 5.7741 0 0 0 0 0 0 0 0 0 0 0 0 0 0 0 0 0 0 0 0 0.0045502 0.0077208 0.0097451 0.014008 0.0033319 0.045826 0.056766 0.12782 -0.0074717 0.0091873 0.0089493 0.014527 0 0 0 0 0.10714 0.047089 0.40332 0.36355 -0.099898 0.0638 0.36695 0.40817 -0.018796 0.0026401 0.038292 0.040056 0 0 0 0 0.075076 -0.072152 0.17275 0.1325 -0.043018 -0.0064591 0.44054 0.29014 -0.035449 0.010618 0.080467 0.06332
104.02 161.21 10.188 4.677 3.9024e-19 -1.3822e-20 3.9024e-19 1.3822e-20 0.00031881 0.0055599 0.0021005 0.0055599 -2.3457e-05 0.0064599 0.0024094 0.0064872 -0.00059256 0.002511 0.0010834 0.0025134 0.015649 0.0020292 0.015649 0.0042198 0.0029197 0.05278 0.19425 0.20211 0.014455 0.073806 0.10167 0.15292 -0.018958 0.02481 0.08567 0.069993 0.012406 -0.0021981 0.012465 0.0030277 0.091939 -0.021871 0.39271 0.4736 0.010918 -0.039669 0.24122 0.60109 -0.071764 -0.019586 0.13134 0.13454 -2.6897e-06 -7.594e-05 2.6897e-06 7.594e-05 0.0086737 -0.041911 0.035861 0.065038 -0.0018419 -0.05041 0.017797 0.069732 -0.0045517 -0.012004 0.0078765 0.014464
145.05 160.94 9.8103 4.6934 0.00049195 0.0021845 0.00099254 0.0021845 -5.5339e-05 0.004019 0.0019742 0.0040281 -0.0004325 0.0023709 0.0011758 0.0023737 -2.1579e-05 2.2414e-05 2.1579e-05 2.2414e-05 0.0148 0.027222 0.11603 0.11191 -0.014956 0.07315 0.09986 0.15201 -0.015271 0.050099 0.14118 0.14193 -0.0088857 0.0016638 0.011292 0.0049693 0.08098 -0.012371 0.21623 0.21762 -0.0013099 -0.029045 0.25622 0.70127 -0.10957 -0.034093 0.22985 0.3881 -0.013538 -0.0015556 0.014375 0.0042654 0.0080534 -0.021161 0.01949 0.03067 -0.0023319 -0.051084 0.019792 0.085678 -0.008593 -0.027271 0.013732 0.044321 -0.00078765 -0.00031969 0.00078765 0.0003922
