46 64
90.592 116.13 2.0137 0.94726 0 0 0 0 0 0 0 0 0.00050267 -0.00018013 0.00050267 0.00018013 0.0045036 0.015755 0.010262 0.018215 0.00094038 0.012282 0.0029746 0.012282 -0.0027617 0.057439 0.025419 0.058204 -0.0066541 0.072934 0.029172 0.074956 0.016613 0.025962 0.083478 0.075157 0.053123 0.15969 0.22639 0.39416 -0.1209 0.048513 0.33386 0.38282 -0.047316 0.010579 0.33612 0.41495 -0.038804 -0.0029004 0.21505 0.12865 -0.056947 -0.079737 0.11689 0.14461 -0.015592 -0.069166 0.097854 0.1018 -0.02549 -0.024128 0.11508 0.10482 -0.011264 -0.024766 0.07841 0.054866
87.737 122.5 1.7724 0.65034 0 0 0 0 0.0017514 -0.00080013 0.0017514 0.001158 0.009671 0.012923 0.056962 0.058088 -0.013167 0.001493 0.017434 0.021304 0.006632 0.02448 0.011332 0.02448 0.054807 0.14083 0.096173 0.23323 0.010792 0.077492 0.23638 0.2363 -0.037136 0.017141 0.06773 0.050002 0.034384 0.13121 0.28101 0.35622 -0.048436 -0.040566 0.29607 0.44362 -0.033149 -0.093014 0.24145 0.32965 -0.034332 -0.0092662 0.09187 0.073635 -0.077747 -0.068544 0.13797 0.12318 -0.00069148 -0.041272 0.070833 0.077343 -0.015912 0.0321 0.075953 0.082385 -0.012299 0.0076718 0.030335 0.023619
102.65 122.02 1.84 4.7413 -0.0025671 0.015461 0.058403 0.032661 0.020001 -0.0047657 0.059939 0.056982 -0.019786 -0.029096 0.058932 0.058383 -0.0081134 -0.016125 0.033428 0.038876 0.0057051 0.019242 0.24775 0.14419 -0.040603 0.068811 0.18253 0.13987 -0.022729 0.065331 0.08694 0.10676 0.01622 0.071817 0.040971 0.08421 0.040649 -0.051203 0.092684 0.086047 0.1251 -0.063318 0.24472 0.40402 -0.0021167 0.032898 0.17184 0.6223 -0.039474 -0.025662 0.11699 0.23471 0.0013964 -0.0010951 0.0014514 0.001108 0.023624 -0.046351 0.024705 0.056268 0.010249 -0.10669 0.028525 0.14557 -0.013694 -0.045306 0.016561 0.052515
71.728 126.13 1.9232 5.8564 0 0 0 0 0.0002363 0.0005197 0.0002363 0.0005197 6.1874e-05 0.00013608 6.1874e-05 0.00013608 0.0027199 0.0023368 0.0027199 0.0023368 0.017558 0.0064313 0.017558 0.0074309 -0.02285 0.061703 0.11622 0.082077 -0.016915 0.063307 0.037839 0.073313 0.014419 0.012883 0.055435 0.04659 0.025459 -0.0043799 0.025789 0.0092194 0.058649 -0.041967 0.18632 0.18783 0.056144 0.1151 0.21692 0.53295 -0.047244 0.03719 0.12208 0.21767 0.00033236 -0.00042596 0.00039241 0.00042596 0.10954 -0.0031833 0.11458 0.056528 0.034407 0.057112 0.39257 0.49872 -0.023625 0.021102 0.10256 0.14435
144.12 126.66 1.8172 4.7968 -0.0042328 -0.01385 0.019734 0.033995 0.032968 -0.010581 0.0655 0.056321 0.0062765 0.010789 0.10836 0.088573 -0.011555 0.032267 0.12253 0.086348 -0.001304 0.046098 0.05222 0.07903 0.025774 0.024589 0.10951 0.11178 0.012395 0.014648 0.20555 0.14704 0.00049183 -0.021216 0.2869 0.14562 0.017065 0.012857 0.088037 0.21567 0.0015546 0.085535 0.19679 0.60247 -0.11414 -0.016836 0.23483 0.36075 -0.025872 -0.048447 0.094306 0.074566 0.0048197 -0.049531 0.01611 0.058462 -0.0010877 -0.11607 0.044989 0.17468 -0.02985 -0.051657 0.032748 0.067246 -0.0011386 -0.0017961 0.001417 0.0022798
77.999 127.74 1.9924 5.8433 0.0030942 0.0057665 0.0030942 0.0057665 -0.0011047 0.013377 0.0093024 0.016343 -0.00047691 0.0022871 0.001118 0.003411 0.0086683 0.01174 0.023088 0.018452 0.037761 0.01454 0.065185 0.042208 0.0080144 0.080488 0.14208 0.16476 -0.010829 0.10635 0.10787 0.19569 -0.014299 0.0010913 0.088579 0.082464 0.011353 -0.019732 0.023136 0.023827 0.12083 0.04945 0.23248 0.28809 -0.10346 -0.0068504 0.31773 0.51898 -0.0257 0.030316 0.079554 0.11547 0 0 0 0 0.14606 0.015784 0.27197 0.20506 -0.085028 -0.0051937 0.23686 0.29794 0.030935 0.016072 0.072167 0.079874
127.82 129.57 2.0231 4.8643 -0.0047338 -0.012269 0.060509 0.069907 -0.013243 -0.015498 0.076852 0.12273 0.0061301 -0.013888 0.069807 0.084945 0.0037932 0.022599 0.054657 0.048764 -0.00942 -0.0072113 0.061586 0.069702 -0.011861 0.004714 0.060398 0.088405 0.0041985 0.029325 0.062412 0.087243 0.054538 -0.01185 0.098904 0.071009 -0.012508 0.17026 0.097669 0.18842 -0.010187 0.20099 0.12124 0.24106 -0.023526 0.2643 0.16875 0.40414 0.017193 0.15785 0.13853 0.23717 -0.030925 -0.088107 0.070222 0.20341 -0.013376 -0.12527 0.07953 0.20396 0.055512 -0.13542 0.10851 0.3503 -0.049024 -0.08054 0.09259 0.24164
155.29 134.11 2.0167 0.27683 0.090846 -0.023206 0.22575 0.083837 -0.11893 -0.019699 0.24878 0.13758 0.001016 0.040499 0.059787 0.081822 -0.0017545 0.0060652 0.036693 0.050644 0.067518 -0.046615 0.11658 0.067832 -0.011145 -0.042357 0.23357 0.28687 0.015333 0.017763 0.13756 0.20981 -0.057271 -0.0014335 0.08724 0.088103 0.027597 -0.010052 0.030215 0.029997 0.072101 0.0018196 0.24002 0.4486 -0.062764 -0.024685 0.25389 0.42979 -0.02538 -0.017893 0.088601 0.088211 0.00088264 -0.0011378 0.00088264 0.0011378 0.033327 -0.057205 0.069968 0.10246 -0.025567 -0.047132 0.073084 0.10266 -0.00013453 -0.0048277 0.0169 0.016093
77.56 136.74 1.8146 5.5746 0 0 0 0 0 0 0 0 0.019372 0.01416 0.042501 0.030188 -0.0051878 0.001266 0.039288 0.040133 -0.007996 0.021991 0.02962 0.025889 0.0067085 0.038769 0.02205 0.057939 0.018126 -0.013544 0.11609 0.13669 -0.00036775 -0.010624 0.076655 0.10182 0.022384 0.0015595 0.13319 0.13105 0.030318 0.11234 0.23741 0.43377 -0.093677 0.01963 0.24874 0.3131 0.0098092 0.05447 0.058002 0.10928 0.0098777 -0.021646 0.024463 0.033816 0.021806 0.024717 0.41298 0.38529 -0.062819 0.048704 0.21929 0.25786 0.017516 0.02077 0.069314 0.085188
151.38 141.8 1.882 4.5375 -0.0060228 0.0040741 0.019438 0.021129 0.014109 -0.0007805 0.041727 0.037813 -0.010665 0.0041993 0.045863 0.064969 -0.00021453 -0.0073104 0.011126 0.012332 0.0014973 0.023616 0.084814 0.07767 0.049883 0.1023 0.16063 0.16692 -0.031712 0.13301 0.26021 0.30123 -0.033164 0.083567 0.11866 0.13725 0.024237 -0.032366 0.057716 0.069919 0.090479 -0.046906 0.19548 0.17369 0.055719 -0.0085818 0.45081 0.26713 -0.083846 -0.024405 0.27584 0.17882 0.01122 0.04948 0.065923 0.1127 0.061086 0.12253 0.15235 0.21395 -0.055314 -0.011823 0.2263 0.19541 -0.029134 -0.031641 0.06875 0.042574
101.53 149.7 2.0279 5.4072 -0.00023853 -0.0066742 0.068467 0.073818 -0.0030236 0.022014 0.097855 0.11771 0.050389 -0.011679 0.09752 0.092419 0.0012993 -0.017156 0.049262 0.069851 0.0039693 0.021928 0.069464 0.095948 0.0050855 0.034794 0.15722 0.24413 0.017693 0.05067 0.1424 0.19259 -0.010043 -0.012251 0.065843 0.088114 0.049248 0.053158 0.18462 0.17162 0.016679 0.12477 0.24214 0.31367 -0.11765 0.11018 0.31058 0.3655 -0.043754 0.022474 0.08828 0.11796 -0.041187 0.0026222 0.11728 0.10857 0.0034473 -0.096484 0.13039 0.1632 -0.0092938 -0.091811 0.22969 0.25929 -0.014141 -0.013532 0.12096 0.13907
125.97 150.26 1.6448 4.9186 -0.0059399 -0.0014183 0.053913 0.070663 -0.017658 -0.0028235 0.050094 0.082787 0.0003299 0.004684 0.030369 0.037246 0.015655 -0.026519 0.048881 0.053819 -0.034387 0.098179 0.21484 0.20652 -0.039121 0.10531 0.15272 0.2646 -0.0093251 0.056177 0.14448 0.17964 -0.032137 0.0047716 0.074765 0.06603 -0.01957 -0.070388 0.19868 0.28788 -0.041053 -0.087651 0.22908 0.43715 -0.00011463 -0.052367 0.25814 0.24902 0.014723 0.12046 0.18278 0.17966 -0.010331 -0.0015716 0.076154 0.10208 -0.0032997 0.0053688 0.075571 0.12554 0.023563 0.012572 0.10499 0.11113 0.084564 -0.0058632 0.15228 0.12687
139.85 150.02 2.2619 4.8643 -0.005733 0.00022267 0.018681 0.035408 0.0070835 0.013239 0.041585 0.05324 -0.010226 -0.026563 0.044748 0.045516 0.0046594 -0.0012539 0.032987 0.026842 -0.0090094 0.062599 0.089789 0.14239 -0.041016 0.052535 0.18179 0.16484 -0.0017743 0.025585 0.096232 0.080525 0.0034084 0.010995 0.10734 0.1118 -0.024706 -0.050045 0.09713 0.17692 0.070724 -0.031686 0.23904 0.20225 0.056788 0.16233 0.31458 0.30153 -0.071403 0.1244 0.2682 0.26468 0.00034322 0.039238 0.050583 0.10365 0.052276 -0.0019864 0.14152 0.13729 0.066178 -0.013253 0.24633 0.15877 -0.008296 0.032509 0.371 0.18365
94.271 153.44 1.9639 1.5031 0.051861 0.06183 0.13251 0.1287 -0.11133 0.012811 0.22372 0.17081 -0.0029731 -0.086696 0.28647 0.16334 -0.030727 -0.021129 0.09834 0.10167 -0.024549 -0.084409 0.30284 0.29958 -0.12368 -0.090815 0.23974 0.28305 -0.022129 0.03251 0.19488 0.1807 -0.0021066 0.014283 0.13266 0.12594 -0.014297 -0.0586 0.14838 0.14088 -0.016774 -0.022995 0.19002 0.17623 -0.010991 -0.033392 0.24154 0.13193 0.013186 -0.011898 0.12984 0.067307 0.043136 0.023819 0.077224 0.077625 -0.058539 0.049806 0.11979 0.12295 -0.01407 -0.0072911 0.078878 0.041217 -0.000913 -0.010909 0.050434 0.03088
157.46 153.79 1.8386 4.2766 -0.0043387 -0.0043484 0.031692 0.035006 0.029197 -0.068011 0.067267 0.13253 0.016869 -0.096093 0.10135 0.17876 -0.035697 0.00039547 0.049155 0.044142 -0.0059987 -0.0099285 0.031734 0.026059 0.022107 0.015757 0.11668 0.11626 -0.014485 -0.0069953 0.064274 0.09035 -0.0047024 -0.010265 0.012601 0.014454 -0.007612 0.030831 0.052956 0.065462 0.037465 0.12695 0.16969 0.23384 0.0084509 0.16309 0.22123 0.38466 -0.025253 0.09713 0.14862 0.18095 0.010064 0.0086255 0.07767 0.084958 0.054142 -0.00048129 0.17484 0.17491 0.082975 -0.038574 0.38374 0.34169 -0.043625 -0.01497 0.26899 0.2193
71.843 155.45 2.3489 0.35058 -0.0021415 0.00044571 0.0023947 0.0016231 0 0 0 0 0 0 0 0 0 0 0 0 -0.041026 0.066489 0.12512 0.099139 0.016302 0.14271 0.087995 0.17956 -0.036163 0.091686 0.056756 0.10331 -0.0013873 0.002412 0.0020666 0.0026735 -0.025848 -0.025535 0.28112 0.26614 -0.019105 0.00287 0.31509 0.44474 -0.046023 0.012584 0.25404 0.32306 -0.027765 0.015524 0.075975 0.073922 -0.023545 0.050075 0.16486 0.13921 -0.01846 -0.0004316 0.22888 0.29883 -0.011838 -0.031829 0.15076 0.17693 -0.0080223 -0.013138 0.04897 0.051333
78.463 155.82 1.9985 3.2424 0.0085678 -0.0534 0.043707 0.076428 0.020841 -0.011359 0.12474 0.21765 -0.01175 -0.0067419 0.23371 0.19697 0.027017 -0.11938 0.15694 0.19407 0.022258 0.013817 0.073405 0.10616 0.016279 0.036312 0.14819 0.3102 -0.05102 0.034583 0.29858 0.32069 0.11746 0.0073131 0.29759 0.30827 0.026169 -0.026926 0.050926 0.06865 0.027012 -0.058763 0.14113 0.26615 -0.05103 -0.069294 0.1652 0.21321 0.02927 -0.056007 0.15707 0.10589 0.0001806 -0.00071735 0.00044642 0.00077279 0.0023569 -0.016623 0.0084538 0.017131 -0.0029757 -0.0111 0.0041627 0.011223 -0.00012149 -0.00060293 0.00060698 0.0007639
151.96 159.79 1.9691 3.8463 0.02603 -0.012501 0.052515 0.1101 0.019571 -0.099636 0.094588 0.30669 -0.034725 -0.11307 0.069732 0.24727 -0.031484 -0.022874 0.038731 0.072978 -0.016526 0.033453 0.059754 0.069544 0.0059238 -0.016804 0.081827 0.097875 0.021701 0.027002 0.12532 0.19164 0.021864 0.039027 0.064086 0.10107 -0.025341 -0.035459 0.067885 0.081571 0.010804 -0.0065499 0.058155 0.074105 0.10966 0.023108 0.21121 0.26234 0.07976 0.18695 0.2565 0.45953 0.026387 0.0011513 0.051922 0.032916 0.0085048 0.042227 0.11628 0.15488 0.12483 0.026027 0.1926 0.23102 0.0077433 -0.0086726 0.16844 0.20188
100.07 161.56 2.0372 1.4575 0.030207 -0.033524 0.2113 0.23662 -0.10139 -0.10648 0.2836 0.26859 -0.044881 0.0016906 0.15186 0.15178 0.012633 0.011609 0.10441 0.099457 0.027152 -0.081248 0.18021 0.20301 -0.057245 -0.083101 0.25964 0.22629 -0.0054144 -0.037778 0.30144 0.18028 -0.014179 -0.015893 0.16005 0.082705 0.03082 -0.0094482 0.090297 0.10268 0.078264 0.11965 0.19942 0.23892 -0.12445 0.053292 0.20688 0.15541 0.0027797 -0.014986 0.085749 0.045127 0.035129 -0.0096581 0.062784 0.040695 0.023639 -0.087707 0.098439 0.11488 -0.066257 -0.050959 0.07291 0.061378 -0.00040781 -0.0032936 0.013891 0.010559
118.12 162.3 2.0234 4.905 0.028628 0.033236 0.062516 0.07521 -0.081896 0.014421 0.11033 0.09204 -0.019162 0.0036957 0.041098 0.039459 0.011897 0.014758 0.017025 0.021193 0.012417 -0.047039 0.1114 0.15787 -0.050012 -0.021114 0.12273 0.18773 -0.028384 0.011122 0.065291 0.092113 0.056839 -0.018107 0.06918 0.074116 0.033003 0.095822 0.22094 0.22058 -0.078608 0.10473 0.20334 0.26839 0.00083549 0.095576 0.10293 0.19324 -0.013225 0.040349 0.089146 0.10467 -0.013774 0.0043867 0.1958 0.20131 -0.055073 0.025862 0.24586 0.43049 -0.020647 -0.0075419 0.18738 0.34708 -0.018763 0.026992 0.15091 0.10609
112.17 167.31 2.0132 2.3126 -0.015149 -0.0041436 0.05119 0.046861 0.015209 -0.016033 0.08345 0.13059 0.076099 -0.046813 0.222 0.21507 0.032147 -0.0097014 0.24807 0.29786 0.0081031 -0.0020838 0.042564 0.041033 0.029024 -0.0016561 0.10568 0.15115 0.099682 -0.02561 0.22459 0.26408 -0.015801 -0.12237 0.21775 0.28973 0.027002 -0.0042779 0.035151 0.025872 0.14098 0.082769 0.18913 0.20379 -0.086751 0.13436 0.2409 0.29276 -0.02394 -0.0045454 0.15651 0.17157 0.007046 -0.0035819 0.007046 0.0061027 0.060871 -0.0773 0.066807 0.092783 -0.026467 -0.10837 0.088345 0.13945 -0.011094 -0.0068811 0.046364 0.065592
141.49 118.41 2.959 1.75 -0 0 0 0 -0 0 0 0 -0 0 0 0 -0 0 0 0 0.0095374 0.015326 0.010511 0.015949 0.06926 0.17787 0.11727 0.31638 -0.046355 0.20128 0.085874 0.29207 0.020832 0.14104 0.055908 0.20091 0.03049 0.052953 0.23826 0.14022 -0.0030928 -0.074143 0.26455 0.37936 -0.0070372 -0.13053 0.13211 0.41554 0.026956 -0.095606 0.090261 0.25653 0.010806 -0.037959 0.10909 0.085667 -0.040974 -0.031387 0.10737 0.099245 0.0040866 0.014219 0.052055 0.075007 0.01011 0.013827 0.044077 0.060254
81.344 119.64 2.8409 1.0451 0 0 0 0 0 0 0 0 -8.2605e-05 0.00031094 8.2605e-05 0.00031094 -9.1458e-06 3.4426e-05 9.1458e-06 3.4426e-05 -0.00029535 0.051861 0.0086913 0.051861 0.013848 0.068263 0.043374 0.071438 -0.0094499 0.04637 0.093212 0.10321 -0.0083796 0.0015901 0.0083796 0.0088909 -0.050148 0.041775 0.27666 0.51223 -0.07072 0.010372 0.44311 0.46807 -0.084062 -0.0034929 0.28891 0.1864 -0.010873 -0.0014672 0.011933 0.0068694 -0.013154 -0.058761 0.088429 0.098763 -0.036136 -0.012587 0.14687 0.10753 -0.017597 -0.0075767 0.090959 0.075475 -0.0063707 0.0068658 0.026973 0.025078
161.55 145.93 2.6836 4.3044 0.0087529 -0.0027225 0.032953 0.045059 0.017556 -0.036341 0.082832 0.16293 -0.030632 -0.0032331 0.053885 0.060705 -0.00080527 1.3924e-05 0.00080527 0.00046646 0.0017719 -0.00073679 0.045478 0.041737 0.00138 0.033422 0.098418 0.14609 -0.022509 0.031235 0.058145 0.079929 -0.0028704 0.0018654 0.0028704 0.00236 0.037532 0.00169 0.10257 0.11554 0.067062 0.066426 0.39754 0.35357 -0.16876 0.029692 0.43898 0.31269 -0.019434 -0.0020185 0.019434 0.010913 0.030574 0.032214 0.071253 0.092342 0.0071805 0.08515 0.31817 0.30404 -0.092239 -0.042373 0.17304 0.11049 -0.002959 -0.00076984 0.002959 0.00077148
120.36 154.26 2.8597 4.5192 0.011395 0.032972 0.04119 0.040847 -0.027853 0.017013 0.044817 0.039197 0.023807 0.00010674 0.039822 0.049675 -0.0030388 -0.0057492 0.044621 0.048259 0.013191 -0.020061 0.10734 0.10136 -0.035111 0.035993 0.11608 0.13675 0.011816 0.05344 0.12373 0.12365 0.0095937 0.060664 0.091526 0.11158 0.086286 0.039802 0.14865 0.13341 -0.021764 0.050053 0.31069 0.31429 -0.048236 -0.050574 0.19915 0.24979 0.10362 -0.0065751 0.17303 0.18218 0.030109 0.04146 0.18001 0.11306 -0.039218 -0.0012313 0.17865 0.16492 0.039289 0.17324 0.12343 0.27688 0.057465 0.13707 0.1818 0.38915
133.11 158.04 2.5731 4.9934 -0.016017 -0.0022897 0.059037 0.075595 -0.021757 0.0013019 0.033154 0.036469 0.0034225 0.032652 0.037608 0.041733 0.0051036 0.023388 0.049898 0.034326 -0.020957 0.035556 0.11035 0.14404 -0.019119 0.044059 0.061516 0.11808 0.0023491 -0.010176 0.10961 0.12017 0.064781 -0.018118 0.14157 0.086919 -0.052228 -0.019274 0.1932 0.25212 -0.018551 0.0051325 0.23409 0.27022 -0.011561 0.14067 0.22928 0.23018 -0.016354 0.022326 0.11895 0.12503 -0.031692 0.12094 0.078608 0.19956 0.00014398 0.1021 0.16489 0.23751 0.11964 0.057442 0.36218 0.24222 -0.070092 0.070164 0.26677 0.18299
91.266 165.81 2.8498 5.7898 0.0068301 0.013826 0.0070644 0.017981 -0.00411 0.026123 0.024114 0.058659 -0.0040452 0.0045789 0.010463 0.021005 -0.00030619 0.000374 0.00076089 0.0012639 0.024625 0.012077 0.12687 0.12807 -0.033469 0.01078 0.13181 0.25676 -0.011657 0.083881 0.065834 0.13612 -0.0075862 0.020946 0.015967 0.02968 -0.030336 0.099281 0.23803 0.31222 -0.0026876 0.078649 0.27744 0.27589 0.046356 0.0053231 0.26743 0.29773 -0.075978 0.0091462 0.088658 0.072925 -0.017553 -0.0074888 0.18513 0.25406 -0.071578 0.058815 0.26637 0.33512 -0.042113 -0.034187 0.13995 0.15275 -0.011795 -0.0066861 0.028653 0.034238
140.06 172.43 3.0536 0.66959 -0.028026 0.044197 0.15704 0.2001 -0.053749 -0.05412 0.24758 0.20085 0.027574 -0.045106 0.1466 0.094839 -0.011265 -0.051205 0.099579 0.087531 -0.14897 -0.067891 0.30501 0.3018 0.015021 -0.0014579 0.17203 0.18 -0.039837 0.02476 0.11471 0.10884 -0.0037484 -0.019993 0.016869 0.024092 -0.0067012 0.085598 0.1257 0.23711 0.0043223 0.14461 0.15711 0.31311 -0.054881 -0.013776 0.084914 0.10345 -0.00072375 -0.0004782 0.00093455 0.00069407 0.036286 -0.060245 0.076535 0.26636 -0.074607 -0.09216 0.09994 0.3412 -0.024185 -0.011493 0.030683 0.04293 -0.00012882 -0.00017765 0.00016776 0.00020848
80.316 116.21 3.7361 0.91809 0 0 0 0 0 0 0 0 0 0 0 0 0 0 0 0 0 0 0 0 0.0094806 -0.0010429 0.011458 0.0046386 -0.010607 0.028557 0.051837 0.063406 -0.0042562 0.00074874 0.0043487 0.0028811 0.091052 0.12215 0.25449 0.35163 -0.1118 0.096894 0.42162 0.54675 -0.083675 -0.003878 0.25902 0.18862 -0.010936 0.0034233 0.014106 0.0082486 -0.037303 -0.052784 0.19688 0.20859 -0.033264 -0.030339 0.18757 0.15546 -0.042327 -0.0097726 0.11132 0.090822 -0.0054813 -0.0015999 0.029364 0.023359
147.65 140.77 3.7561 4.6394 -0.0062235 0.0039144 0.017385 0.020539 0.0037306 0.00094742 0.04173 0.045963 0.013729 -0.0089017 0.096983 0.10174 -0.015877 0.00044176 0.032407 0.023108 -0.012971 0.026544 0.078826 0.098019 0.02516 0.042082 0.13051 0.1534 -0.029151 0.095385 0.14443 0.2123 -0.019426 0.0063187 0.032914 0.02541 -0.004505 0.099538 0.091692 0.19244 0.066271 0.15599 0.24062 0.44594 -0.10829 -0.045517 0.42318 0.30962 -0.026171 -0.0083992 0.043223 0.022937 -0.028746 -0.059335 0.075102 0.26088 -0.023373 -0.11286 0.10344 0.2997 -0.036039 -0.040685 0.052699 0.073953 -0.00068033 -0.00091669 0.001126 0.00091746
143.45 152.54 3.6641 4.8502 -0.010655 0.0078442 0.027496 0.035487 0.0025628 0.0081423 0.022215 0.025432 0.010564 0.024193 0.065432 0.057792 -0.012652 0.021297 0.030865 0.0282 -0.013314 0.045518 0.089749 0.098395 -0.013418 0.03816 0.073983 0.10227 0.031623 -0.0076071 0.12327 0.10633 -0.023603 -0.01559 0.10902 0.076043 -0.027502 0.0062705 0.10667 0.15062 0.069253 0.032117 0.17386 0.19301 -0.034722 0.12096 0.38596 0.26693 -0.038562 0.0070653 0.077508 0.052875 -0.021479 -0.020796 0.080097 0.30921 0.0096333 -0.0087771 0.17052 0.54231 -0.072326 -0.07966 0.24539 0.21891 -0.017837 -0.011777 0.030918 0.019396
76.486 154.01 3.7773 0.30749 -0.0003903 0.015687 0.015925 0.018798 -0.0026149 0.0014765 0.0026149 0.0028547 0 0 0 0 0 0 0 0 -0.0116 0.098778 0.2405 0.31304 -0.040013 0.041564 0.11445 0.14747 -0.013419 0.020368 0.038267 0.059814 -0.0013552 0.0012954 0.0031136 0.0021019 -0.13908 0.030691 0.42349 0.48353 -0.069798 0.050364 0.25729 0.26693 -0.031997 0.0086098 0.097642 0.12775 -0.0051108 -0.00037893 0.0099742 0.0083691 -0.040204 -0.049248 0.22154 0.13824 -0.046117 -0.023814 0.22044 0.1745 -0.025661 -0.0057744 0.13619 0.10285 -0.010541 0.00013568 0.013571 0.0070837
121.25 155.62 3.5579 4.3993 0.0026289 0.0079062 0.0059796 0.009365 -0.0019358 0.010619 0.010554 0.012721 0.0090773 0.0083525 0.039729 0.045364 0.015053 -0.002189 0.058949 0.094482 0.02078 0.00215 0.07269 0.061352 -0.024899 0.023485 0.095756 0.099714 0.0070314 0.037587 0.096874 0.10296 0.01542 0.070607 0.113 0.14423 0.028284 -0.0021054 0.097153 0.080118 0.003095 0.03829 0.23226 0.20413 -0.029213 0.0074338 0.15975 0.19856 0.077402 0.053772 0.27806 0.25044 0.048724 0.014461 0.16281 0.10913 0.032049 0.1188 0.23276 0.30353 -0.0075497 0.091699 0.21052 0.41658 -0.050286 -0.053416 0.17704 0.31457
90.26 163.78 3.2449 5.7655 0.005084 0.008511 0.005084 0.0094822 -0.00030372 0.034647 0.024789 0.058322 -0.0031951 0.0088609 0.015943 0.027657 -0.00027693 0.0002354 0.001412 0.0017146 0.033884 0.021994 0.12227 0.10105 -0.034875 0.020018 0.14585 0.24838 -0.0042112 0.069872 0.072022 0.14066 -0.0079177 0.024247 0.02145 0.030915 -0.041867 0.10535 0.2215 0.30065 -0.0074121 0.080584 0.2439 0.27858 0.085744 -0.0091539 0.26667 0.27734 -0.077723 -0.0085341 0.10305 0.097673 -0.034689 0.02199 0.19553 0.25546 -0.063458 0.058982 0.2616 0.35343 -0.065638 -0.013807 0.17457 0.16976 -0.011056 -0.0093299 0.032013 0.037345
168.51 168.07 3.5129 0.85996 0.068781 -0.020303 0.1343 0.084353 -0.054447 -0.14611 0.4365 0.47537 -0.06267 -0.046851 0.18256 0.19289 -0.0091317 -0.0061958 0.058248 0.045664 0.010977 -0.018215 0.019467 0.018837 0.052873 -0.046411 0.166 0.33471 -0.041201 0.054244 0.15585 0.39126 -0.029377 -0.0062147 0.057987 0.073408 0 0 0 0 0.050934 -0.05199 0.058752 0.13342 -0.030821 -0.091629 0.069768 0.2592 -0.012692 -0.0099813 0.013301 0.029269 0 0 0 0 2.5037e-16 3.1386e-16 2.827e-16 3.1386e-16 3.7577e-16 9.1207e-16 4.5975e-16 9.1207e-16 0 0 0 0
103.19 172.78 3.858 5.503 0.0010804 0.0056153 0.0044708 0.0097062 -0.0012392 0.0038934 0.0057082 0.013095 -0.0005599 0.0011501 0.001147 0.0025994 -5.1226e-05 0.00013925 5.1226e-05 0.00013925 0.0026711 0.012503 0.11063 0.11191 0.049285 0.083361 0.16036 0.1812 -0.053842 0.05512 0.092985 0.08905 -0.0015011 0.00047875 0.0018191 0.0008782 0.015421 0.11907 0.2635 0.28687 -0.025507 0.067068 0.32126 0.39675 -0.063134 -0.024742 0.13155 0.15841 -0.0062371 0.024181 0.020738 0.026555 -0.065484 0.073466 0.32322 0.30206 -0.029781 -0.045983 0.23172 0.29069 -0.028426 0.016808 0.13492 0.14369 0.020053 0.01003 0.10414 0.075497
139.42 172.85 3.2969 0.93282 -0.09681 0.0060905 0.20997 0.27356 -0.037894 -0.065198 0.22352 0.21691 -0.029171 -0.072583 0.1517 0.14002 0.028407 -0.013006 0.1315 0.11362 -0.071669 -0.096791 0.21164 0.27339 0.022633 -0.01296 0.18316 0.18875 -0.044369 0.0052983 0.10586 0.098935 0.0073566 -0.056087 0.052976 0.06712 -0.021746 0.11723 0.15653 0.41707 -0.04342 0.0092179 0.19111 0.34799 -0.044978 -0.029353 0.064959 0.062325 -0.00043611 -0.00044437 0.00043611 0.00048363 -0.0012645 -0.074806 0.049647 0.1772 -0.041395 -0.047891 0.056975 0.14659 -0.0061492 -0.0036371 0.0074656 0.010349 6.004e-06 -4.043e-05 6.004e-06 4.043e-05
87.268 107.85 5.2204 1.0592 0 0 0 0 0 0 0 0 0 0 0 0 0 0 0 0 0 0 0 0 0 0 0 0 0.0059709 0.01089 0.023887 0.026212 -0.0016558 0.0022475 0.0041971 0.0057896 0.095891 0.10821 0.12975 0.17482 -0.022811 0.083194 0.34651 0.65563 -0.075228 0.012906 0.29027 0.28854 -0.01042 -0.00065807 0.02262 0.013218 -0.0061342 0.00039956 0.19031 0.23239 -0.0039473 -0.069372 0.17842 0.20773 -0.040882 -0.024293 0.12054 0.10529 -0.0051925 -0.0010038 0.022836 0.015216
127.04 106.98 5.2645 1.6731 -0 0 0 0 -0 0 0 0 -0 0 0 0 -0 0 0 0 0.0027808 0.0070058 0.0027808 0.0070058 0.0026385 0.082731 0.019945 0.082731 -0.0024781 0.12445 0.025386 0.12445 -0.0029167 0.010624 0.0030009 0.010624 0.05761 0.05669 0.17502 0.13736 -0.00046976 0.015307 0.19563 0.55201 -0.0093125 -0.027071 0.22615 0.58917 -0.056728 0.027421 0.1964 0.17252 0.012742 -0.027446 0.078364 0.082279 -0.0081142 -0.04981 0.08311 0.1329 -0.0055913 -0.046946 0.096181 0.14115 -0.017635 -0.020113 0.082002 0.05903
155.78 110.87 5.0689 2.115 -0 0 0 0 -0 0 0 0 -0 0 0 0 -0 0 0 0 -0 0 0 0 -0.00032439 0.00053604 0.00032439 0.00053604 -0.00050936 0.00084169 0.00050936 0.00084169 -0 0 0 0 0.049258 0.0061355 0.051279 0.035144 0.076251 0.075143 0.30887 0.33803 -0.02259 0.07939 0.30737 0.60156 -0.069352 0.12882 0.139 0.24502 0.0082893 0.0073999 0.081368 0.044519 0.011513 -0.06564 0.14187 0.13655 0.030547 -0.048484 0.12171 0.22781 -0.022149 -0.021305 0.1875 0.2249
134.98 134.05 5.0783 4.8208 0.0074533 0.0062089 0.040297 0.038174 -0.0097717 0.016257 0.041213 0.054689 0.014535 0.0032258 0.04965 0.052373 -0.0094848 0.0022162 0.058508 0.041778 0.013321 0.03877 0.14446 0.11167 -0.028295 0.017156 0.1067 0.18064 0.021177 0.081837 0.17445 0.21193 -0.039072 0.012616 0.07607 0.06563 0.050969 -0.046299 0.18332 0.34103 -0.01347 -0.040486 0.1557 0.61927 -0.069724 -0.086022 0.24947 0.38858 -0.035584 -0.020578 0.05344 0.041416 0.005943 -0.02256 0.0094217 0.030992 -0.0007003 -0.04962 0.015746 0.064302 -0.0082207 -0.028136 0.015255 0.034398 -0.00038353 -0.00058914 0.00038353 0.00058914
156.71 136.49 5.6075 4.8375 -0.0054021 0.010249 0.033373 0.044876 0.0099233 0.008252 0.046123 0.053904 -0.010394 0.0086658 0.074817 0.059069 -0.0029049 0.00023551 0.0034317 0.0018256 -0.015464 0.050051 0.10652 0.1751 0.029724 0.10225 0.19841 0.25738 -0.066202 0.01501 0.17058 0.13585 -0.0029231 -0.0012812 0.0042126 0.0022323 0.0064545 -0.077579 0.1265 0.4909 -0.053229 -0.12138 0.25404 0.62799 -0.068309 -0.044963 0.10763 0.089322 0 0 0 0 0.001274 -0.023413 0.0047923 0.023413 -0.0015875 -0.026641 0.0063619 0.026641 -0.00059921 -0.0013609 0.00059921 0.0013609 0 0 0 0
120.14 162.97 5.4027 4.4205 6.8314e-05 9.4599e-05 0.00016488 0.0001725 -4.1474e-05 4.1031e-05 0.00014063 9.1372e-05 0.010809 0.0093436 0.014563 0.018931 -0.0031659 0.024845 0.031889 0.04556 0.018937 0.0068676 0.026216 0.020133 -0.022171 0.022023 0.086463 0.089158 0.012297 0.014295 0.086506 0.085898 -0.0067187 0.0084117 0.090027 0.1441 0.016375 -0.0045074 0.078018 0.046682 0.023862 0.037921 0.21423 0.20885 0.0093717 0.032791 0.17338 0.24385 -0.016819 0.064029 0.25418 0.26223 0.034291 0.0061461 0.073123 0.058828 0.085165 0.047407 0.23334 0.35638 -0.010423 0.018808 0.23302 0.51769 -0.058737 -0.068981 0.14958 0.22485
85.678 102.97 6.592 0.99605 0 0 0 0 0 0 0 0 0 0 0 0 0 0 0 0 0 0 0 0 0 0 0 0 -0.00072597 0.011692 0.013323 0.01981 -0.0010391 0.0012684 0.0013254 0.0018597 0.040184 0.059713 0.063915 0.0736 0.033042 0.1558 0.43109 0.6201 -0.1081 0.059314 0.21404 0.29049 -0.007169 0.0032647 0.010434 0.010114 0.042297 -0.0016162 0.14797 0.14048 -0.046501 -0.076167 0.267 0.2959 -0.039259 -0.032264 0.12798 0.11733 -0.0057418 -0.0004894 0.011161 0.0095998
72.891 139.3 10.014 5.5691 0 0 0 0 0 0 0 0 0 0 0 0 6.0383e-19 6.9667e-19 1.3398e-18 1.5458e-18 0 0 0 0 0.0097277 0.020183 0.028738 0.023511 -0.00046792 0.046552 0.066109 0.077966 -0.0060524 0.0048084 0.011112 0.010419 0 0 0 0 0.15572 0.0019566 0.30256 0.21984 -0.04567 0.15114 0.5473 0.56374 -0.023076 0.042167 0.11892 0.096039 0 0 0 0 0.027305 -0.025258 0.044809 0.041921 0.015152 -0.077421 0.22795 0.28575 -0.019792 -0.0094546 0.065552 0.058163
78.126 152.24 10.208 5.5927 0 0 0 0 0 0 0 0 0 0 0 0 2.0222e-18 2.4477e-18 2.5736e-18 3.1152e-18 0.00076988 7.3292e-05 0.00076988 7.3292e-05 0.0038671 0.028955 0.019839 0.037991 -0.0050888 0.023697 0.040863 0.05504 -0.0023654 0.001328 0.0032421 0.0040265 0.0015962 0.00014969 0.0015962 0.00014969 0.17197 0.087802 0.44456 0.40389 -0.091594 0.12935 0.37959 0.40996 -0.022455 0.0085899 0.043299 0.056244 0 0 0 0 0.084931 -0.072501 0.16469 0.15548 -0.010483 -0.082384 0.27988 0.31428 -0.021579 -0.012951 0.034005 0.038757
