51 64
106.76 113.48 1.9692 1.3396 0 0 0 0 0 0 0 0 0 0 0 0 0 0 0 0 0.050735 0.078778 0.051583 0.091408 0.046258 0.29935 0.07205 0.39511 -0.06408 0.23504 0.082051 0.2947 -0.028401 0.036881 0.031367 0.040985 0.042163 0.028902 0.14533 0.23767 -0.0051848 -0.14002 0.13782 0.42646 -0.058262 -0.060155 0.21383 0.3332 -0.056713 0.036602 0.15265 0.091401 -0.016829 -0.057527 0.069361 0.070335 0.0034938 -0.033324 0.071056 0.090514 0.019801 -0.0082766 0.10495 0.1005 0.016647 -0.0031228 0.11386 0.078504
144.58 125.45 1.7863 4.6864 0.028805 -0.018341 0.060505 0.0896 -0.058095 -0.0026995 0.095603 0.15461 0.031038 0.022521 0.14546 0.093608 -0.022958 0.013153 0.13543 0.07999 0.026786 0.00045219 0.097769 0.085687 0.0031121 -0.00076924 0.14394 0.16297 0.0081058 0.027741 0.25822 0.18908 -0.045335 -0.042298 0.15848 0.074463 0.027358 0.052056 0.098985 0.23288 -0.029767 0.016753 0.23376 0.56876 -0.16219 -0.072521 0.23599 0.31895 -0.0173 -0.010699 0.022008 0.015807 -0.00012837 -0.072901 0.017798 0.099206 -0.027943 -0.11274 0.0449 0.14319 -0.020105 -0.030715 0.020793 0.032112 -0.00014787 -0.00029349 0.00014787 0.00029349
122.02 132.36 2.2029 2.7135 0.01558 0.043316 0.1199 0.078079 -0.040084 -0.020666 0.11428 0.10314 0.093484 -0.07092 0.21932 0.16058 -0.10048 0.043518 0.15628 0.093053 0.030057 -0.084251 0.1531 0.13464 -0.12335 -0.062017 0.20475 0.21051 0.12545 -0.048658 0.16964 0.18615 0.047446 0.031072 0.25278 0.1869 0.016721 0.0023357 0.23742 0.17093 -0.0075661 0.046015 0.28488 0.24116 0.029592 0.044621 0.15195 0.1422 0.16594 -0.055015 0.18909 0.12417 0.004768 -0.019332 0.10027 0.066104 0.053444 -0.042119 0.16035 0.1198 -0.0087 -0.012028 0.12335 0.16101 0.03221 -0.034501 0.079785 0.12555
174.62 132.21 2.3254 3.5175 0 -0 0 0 0 -0 0 0 0 -0 0 0 0 -0 0 0 0.026508 0.010195 0.031311 0.029874 0.061175 0.13786 0.14509 0.31422 -0.09854 0.058979 0.13487 0.14794 0 -0 0 0 0.047752 0.14408 0.16714 0.26798 -0.02315 -0.030346 0.25786 0.43969 -0.07742 -0.060413 0.099867 0.10406 0 -0 0 0 0.062783 -0.048258 0.16005 0.29949 -0.11507 0.048785 0.22355 0.44267 -0.029656 0.018317 0.033205 0.039587 0 -0 0 0
88.55 142.54 1.9228 5.7159 0.0049348 -9.3213e-05 0.005219 0.0017369 0.0049285 -0.0050528 0.027744 0.020921 0.015609 -0.017713 0.060448 0.051127 0.0086003 -0.0016246 0.049323 0.071172 -0.00175 0.047693 0.030937 0.085067 0.081724 0.17076 0.17425 0.23567 -0.03842 0.084941 0.21655 0.26525 -0.0014969 -0.022178 0.0928 0.12789 0.07546 -0.025692 0.16409 0.21479 0.011872 -0.083464 0.29112 0.3912 -0.11267 -0.030831 0.30412 0.28644 -0.025601 -0.006736 0.078939 0.084216 0.034677 0.045439 0.097826 0.12784 -0.0016914 0.027565 0.16784 0.19288 -0.020735 0.033716 0.16084 0.16318 -0.043764 0.036299 0.12153 0.082257
109.75 146.34 1.9126 4.6633 -0.018219 -0.013026 0.061008 0.041506 0.0077991 -0.016087 0.042016 0.055615 -0.0016504 0.0028723 0.058496 0.13471 -0.0074581 0.002557 0.042037 0.10937 -0.038281 0.048263 0.11317 0.18905 9.4186e-05 0.081376 0.10758 0.22234 0.019208 0.030187 0.22711 0.34962 0.001929 0.035306 0.12848 0.22307 -0.039348 0.0092145 0.17025 0.1885 0.050486 0.053705 0.22226 0.27771 -0.092864 0.048769 0.26549 0.33362 0.055923 -0.018879 0.20406 0.20088 -0.0018817 -0.0035842 0.15177 0.10088 -3.0873e-05 0.005951 0.14752 0.13356 -0.044886 -0.015404 0.10906 0.11777 -0.0024826 0.014559 0.090643 0.072411
100.37 147.83 2.1256 4.3626 -0.0026117 -0.0020923 0.087353 0.038392 -0.026087 -0.010301 0.081975 0.048169 0.014802 -0.02088 0.056558 0.077826 -0.0011301 0.013012 0.076617 0.12313 0.0050815 -0.0070209 0.14191 0.10598 -0.066491 0.039529 0.17448 0.19816 0.05281 0.091745 0.1195 0.22905 0.011784 0.045512 0.15103 0.28926 0.093004 0.0064247 0.13882 0.099682 -0.026584 0.077454 0.29317 0.34182 0.090019 0.063816 0.24566 0.27848 -0.039185 0.0065679 0.12726 0.17931 0.07626 -0.007303 0.089694 0.055965 -0.028974 -0.00076355 0.29336 0.15666 0.026121 0.0054596 0.20249 0.16144 -0.022349 0.011694 0.074658 0.079303
122.16 149.61 2.0488 4.7093 0.008975 -0.014064 0.031213 0.038333 -0.010196 -0.034606 0.061296 0.10821 -0.012299 -0.0090694 0.062316 0.11902 -0.0080447 -0.0020102 0.015927 0.022733 0.015332 -0.0053748 0.039427 0.07155 0.0038561 0.058457 0.1585 0.30444 -0.017736 0.045437 0.099455 0.29746 -0.0093392 0.053219 0.050018 0.084693 0.011851 0.094968 0.12181 0.20017 -0.035316 0.057363 0.30261 0.42468 0.10785 0.091164 0.23646 0.35212 -0.039542 0.07832 0.10923 0.18249 0.0008454 -0.019139 0.085504 0.088183 -0.046906 -0.032118 0.1618 0.1386 0.038049 -0.060509 0.15137 0.13217 0.0046477 -0.038457 0.072049 0.10156
130.81 149.99 1.9716 5.0206 0.01286 0.011866 0.03404 0.071926 -0.0086842 0.0082837 0.062216 0.16426 -0.014326 -0.0090282 0.059016 0.099027 -0.0050445 -0.0019855 0.014308 0.014393 0.0032506 0.051601 0.17494 0.23824 -0.026878 0.054476 0.13439 0.37498 -0.030443 0.06111 0.068607 0.15484 -0.0033137 0.0012432 0.0090323 0.012362 -0.022155 0.01353 0.21958 0.23058 0.096056 0.14878 0.2234 0.37934 -0.12015 0.17829 0.19067 0.2873 -0.038525 0.036527 0.084529 0.07976 -0.0026291 0.0017719 0.095784 0.076886 0.079502 -0.05492 0.13712 0.13181 -0.061549 -0.033887 0.15813 0.19197 0.0182 0.026252 0.13443 0.084818
142.07 150.16 1.9376 4.4214 -0.014326 0.0047929 0.038548 0.06228 -0.0091725 0.00032103 0.01569 0.017701 0.012963 0.0038457 0.040512 0.033836 -0.0035826 0.007907 0.023628 0.019272 -0.0135 0.011279 0.094796 0.14844 0.00662 0.075945 0.06505 0.11388 0.027907 0.0536 0.10831 0.10226 -0.012945 0.039524 0.19299 0.14457 0.039821 0.069981 0.18367 0.24872 0.053653 0.20283 0.20451 0.31418 -0.15598 0.11744 0.22921 0.28711 0.053971 0.03676 0.32225 0.20468 0.022746 -0.012442 0.16127 0.15829 0.01776 -0.11078 0.12244 0.19578 -0.050901 -0.016159 0.15091 0.18802 -0.0089935 0.0019069 0.19717 0.14975
116.03 152.2 2.01 4.7453 -0.010607 -0.0075975 0.042849 0.031719 0.024769 -0.015807 0.051869 0.084288 -0.017464 -0.020611 0.069453 0.12403 -0.010815 -0.0029477 0.040389 0.057757 -0.023373 -0.0069986 0.0507 0.08066 0.049829 0.012501 0.08453 0.17245 -0.016021 0.016076 0.11158 0.31995 -0.016312 -0.0012973 0.055885 0.12335 -0.012444 0.067872 0.12092 0.21494 0.028283 0.12692 0.21167 0.32773 0.0036329 0.069088 0.29858 0.4727 0.044168 0.12055 0.11076 0.20709 0.033329 0.0061195 0.09789 0.10819 -0.019035 -0.027508 0.1108 0.15104 0.0042065 -0.038433 0.21039 0.17339 0.034575 -0.046696 0.071796 0.1022
85.255 153.08 2.0813 5.692 0.0039512 0.0027165 0.0067411 0.0076917 0.015078 0.0093354 0.051983 0.074818 -0.0041666 0.035862 0.051699 0.071097 0.00040579 0.032333 0.031642 0.050369 0.0042004 0.008945 0.036145 0.020136 0.016451 -0.020832 0.10055 0.080929 0.04339 0.016579 0.16781 0.19854 0.0051987 0.0108 0.10307 0.14127 0.061497 0.12744 0.11214 0.18848 -0.0074339 0.16542 0.29089 0.43484 -0.0017038 -0.022668 0.26013 0.31237 -0.0012083 -0.051617 0.075713 0.11163 0.011581 -0.018624 0.14015 0.2355 -0.040654 -0.042708 0.27214 0.2756 -0.07964 0.013859 0.19859 0.1519 0.0016272 -0.0032167 0.044307 0.045201
112.38 163.9 1.8593 1.5259 0.00080226 -0.039833 0.14993 0.25367 -0.031613 -0.054068 0.2519 0.39506 -0.0099843 -0.098492 0.12725 0.24436 0.053969 -0.046664 0.11981 0.20618 0.016201 -0.0070901 0.10022 0.27321 -0.0033318 0.023016 0.15121 0.35787 -0.013852 0.042986 0.11338 0.16052 0.06948 0.017937 0.14596 0.12253 0.040099 -0.0064807 0.10928 0.17245 -0.0030192 -0.041849 0.17659 0.23649 -0.014658 -0.014299 0.12953 0.13061 0.0553 -0.022941 0.15317 0.071066 0.0012717 -0.019153 0.029753 0.036549 0.017392 -0.030667 0.057666 0.079171 -0.017667 -0.027778 0.045533 0.043467 0.020729 -0.02552 0.051573 0.033225
89.768 168.61 2.1191 3.2905 0.0040083 0.00097065 0.0060868 0.0098297 0.052763 0.013454 0.078957 0.082443 -0.038467 -0.0040978 0.11893 0.11639 -0.0057821 -0.013044 0.091498 0.046125 0.061574 0.011766 0.078581 0.053218 0.086611 0.072829 0.18203 0.31551 -0.065092 0.09141 0.18343 0.3485 -0.01995 0.10564 0.29763 0.1805 0.034411 -0.020631 0.036918 0.023701 0.084637 -0.089133 0.13488 0.26379 -0.033705 -0.058777 0.15153 0.40431 0.052631 -0.058633 0.24328 0.27309 0.00043664 -0.00065374 0.0015034 0.0010094 0.035313 -0.029052 0.041309 0.062786 0.013785 -0.024526 0.11449 0.12937 -0.014527 -0.009443 0.065859 0.068534
98.494 170.41 1.8761 3.1826 0.015381 -0.0062609 0.033315 0.03121 0.054626 -0.0069734 0.10309 0.090386 -0.048506 -0.042717 0.20525 0.11553 0.021115 -0.038251 0.19846 0.10468 0.0078872 0.0027924 0.01142 0.01812 0.089525 0.0087268 0.13833 0.14086 -0.076677 0.042321 0.1762 0.20496 -0.0097457 0.027502 0.15584 0.090055 0.057609 -0.0023496 0.069052 0.051358 0.092451 0.039801 0.17088 0.35629 -0.039705 0.016866 0.14997 0.45604 0.016943 0.037958 0.32715 0.25305 0.013843 -0.0096435 0.016147 0.011681 0.050813 -0.07058 0.078347 0.15336 -0.011206 -0.025935 0.080792 0.21871 0.0020973 -0.036926 0.095163 0.12935
131.15 170.32 1.993 4.2258 -0.0008555 0.0041149 0.0075711 0.00558 0.0011931 0.010201 0.015507 0.013799 -0.00085972 0.0033288 0.0047389 0.0033821 0.0068693 -0.0060484 0.020897 0.014987 -0.0046327 0.045938 0.068501 0.081521 0.014127 0.094188 0.16633 0.19923 -0.01242 0.045189 0.082009 0.14501 0.0089416 -0.0014922 0.02833 0.034658 0.053308 0.069925 0.16522 0.13175 -0.040419 0.023388 0.27889 0.38713 -0.073884 0.043469 0.19142 0.27423 0.00011012 0.038101 0.024768 0.047795 0.0098032 -0.04141 0.10508 0.095678 -0.010971 -0.0017584 0.25743 0.33185 0.0377 0.055361 0.26164 0.31126 0.05289 0.18757 0.145 0.20864
87.938 174.49 2.2549 5.6021 0 0 0 0 -0.0002739 0.00091933 0.0016384 0.0034133 -0.00032903 0.00017566 0.00078676 0.0011204 2.6711e-17 3.2958e-17 1.2437e-16 1.5345e-16 0.0017144 0.065223 0.09101 0.12136 0.00057994 0.13793 0.17076 0.21255 -0.075891 0.13902 0.12792 0.2091 -0.017903 0.0074213 0.018031 0.01995 0.057222 -0.018239 0.2002 0.22308 0.081537 0.069459 0.32092 0.38917 -0.1567 0.017066 0.2402 0.27999 -0.024452 0.013651 0.036754 0.035873 -0.053352 0.004187 0.21449 0.28127 -0.02837 -0.088237 0.16939 0.25435 -0.0081462 -0.0044057 0.10694 0.13948 -0.014304 0.030191 0.05708 0.063585
129.81 175.81 1.9909 4.8605 0.0047157 0.015037 0.029809 0.049437 -0.0061994 0.0047352 0.015872 0.03345 0 0 0 0 0 0 0 0 -0.027779 0.053916 0.11999 0.13547 -0.0099972 0.087417 0.11517 0.15951 -0.029453 0.024898 0.059746 0.064627 -0.00078596 0.00069303 0.0010947 0.00095126 -0.0031487 0.0083835 0.1991 0.29716 -0.070922 0.02458 0.32543 0.45569 -0.055623 0.015389 0.16555 0.20794 0.00040804 0.0018488 0.027875 0.02512 -0.0077285 0.018253 0.12551 0.31149 -0.034042 -0.0047474 0.17775 0.46591 -0.03783 -0.011392 0.064082 0.099224 0.012549 -0.0031735 0.030113 0.025623
110.32 181.98 1.6724 5.2643 -0.0087537 0.035068 0.014954 0.037656 -0.0028548 0.0019745 0.0037566 0.0039867 0 0 0 0 0 0 0 0 -0.13857 0.056019 0.24374 0.25912 -0.024206 0.056624 0.080449 0.075761 -0.020801 0.049668 0.084118 0.10853 -0.010319 0.007861 0.013758 0.015053 -0.074622 -0.0033559 0.23166 0.21114 -0.013109 0.12562 0.18314 0.27092 -0.13222 0.037467 0.22962 0.25414 -0.010736 0.010575 0.024472 0.036819 0.02954 -0.045579 0.12488 0.1224 0.064763 -0.053234 0.23855 0.39495 -0.11791 0.036469 0.25811 0.30292 -0.025631 0.016287 0.08538 0.096957
141.85 116.93 2.9179 1.857 -0 0 0 0 -0 0 0 0 -0 0 0 0 -0 0 0 0 0.0047177 0.0089798 0.0075111 0.0089798 0.082489 0.14746 0.095018 0.26032 -0.052143 0.2306 0.081261 0.33295 -0.0085263 0.12909 0.043026 0.13203 0.034383 0.047933 0.20826 0.12845 0.084713 -0.04101 0.27411 0.3565 -0.023813 -0.090647 0.16913 0.40519 0.045283 -0.031086 0.12155 0.25806 0.0038692 -0.021922 0.11998 0.062711 0.051289 -0.030622 0.13816 0.14593 -0.041383 0.0023456 0.1454 0.16513 0.020843 0.00018976 0.07327 0.077067
132.24 125.46 2.781 4.8412 0.0035003 0.038391 0.061806 0.08864 0.011681 0.035194 0.13686 0.17373 -0.025643 0.062257 0.084217 0.13908 -0.0047985 0.02156 0.079828 0.040159 -0.018971 0.033889 0.082993 0.11018 0.013131 0.033541 0.17518 0.18716 -0.0056541 0.0022504 0.17721 0.20804 -0.016928 0.0035031 0.21654 0.11761 0.0095228 -0.071012 0.11589 0.31828 -0.00108 -0.079672 0.11174 0.41292 -0.050386 -0.12127 0.17622 0.52994 -0.056456 -0.041371 0.09385 0.097765 0.0041162 -0.037275 0.011001 0.042383 0.0010893 -0.04308 0.0094199 0.046019 -0.0049771 -0.047275 0.010824 0.048964 -0.0021616 -0.0046324 0.0021952 0.0046324
86.758 130.37 2.6111 5.9095 0.00035382 0.00090231 0.00035382 0.00090231 0.00031102 0.0015866 0.00085033 0.0015866 0.0099112 0.0016919 0.012016 0.014499 0.0085064 0.010733 0.030582 0.043011 0.013997 0.00063009 0.021212 0.024974 0.035729 0.054911 0.1018 0.21038 0.0048353 0.12552 0.20158 0.34618 -0.015267 0.0043893 0.14495 0.15624 0.014799 0.001552 0.015377 0.0066298 0.10729 0.084239 0.21688 0.2877 -0.038299 0.036994 0.2762 0.36808 -0.075845 0.022331 0.16526 0.13632 0.038862 0.00056823 0.038862 0.0042095 0.056987 0.049549 0.41992 0.15787 -0.041252 -0.018081 0.15689 0.13585 -0.027324 0.012657 0.15919 0.13204
96.184 134.51 2.5974 3.1883 0.0036984 -0.0040888 0.10489 0.052236 0.029649 0.016199 0.22135 0.1764 0.073502 0.025664 0.15881 0.12179 -0.069414 0.029031 0.22746 0.065938 -8.3907e-05 0.02401 0.095577 0.063791 0.078636 -0.0030626 0.26961 0.21792 0.11249 -0.052827 0.23572 0.25875 -0.12293 -0.097302 0.30835 0.16487 0.0029954 -0.014771 0.08643 0.10317 0.05993 -0.082441 0.23493 0.33679 -0.057641 -0.09209 0.19282 0.32692 -0.029184 -0.041855 0.046218 0.061608 -0.0041518 -0.010399 0.0242 0.026986 0.0043457 -0.029153 0.023035 0.03487 0.00015451 -0.027848 0.048995 0.054362 -0.0049699 -0.0017051 0.010124 0.0099454
81.581 137.99 2.9376 5.8223 0 0 0 0 8.4935e-05 0.0012626 0.00080029 0.0012626 0.013318 0.012569 0.021999 0.03968 -0.0011608 0.021035 0.018032 0.037028 0.0080819 0.015165 0.027432 0.02807 0.012 0.075407 0.048178 0.084952 0.021446 0.11693 0.12747 0.19427 0.013835 0.0068872 0.090063 0.13724 0.013806 -0.0089391 0.034449 0.04311 0.096168 0.064859 0.23246 0.43685 -0.079532 0.048152 0.37794 0.42204 -0.051568 -0.011814 0.13118 0.11924 0.078439 0.022476 0.078439 0.028222 0.021793 0.10228 0.27174 0.22322 -0.019352 0.0096466 0.19423 0.17696 -0.044674 0.0089667 0.16383 0.10414
158.28 137.16 2.6426 3.5311 -0.00034248 0.00059944 0.00042788 0.00074429 0.0058423 0.0018243 0.0064507 0.009243 0.00019064 0.02697 0.043767 0.078674 -0.0071531 0.0028866 0.0086957 0.0093566 0.0055531 0.0040462 0.019298 0.057167 0.076523 0.056053 0.17129 0.33106 -0.077883 0.029671 0.20614 0.27498 -0.012713 -0.0042743 0.014629 0.014331 0.04825 0.045906 0.074721 0.070338 0.040506 0.11356 0.23411 0.34516 -0.094279 0.13267 0.28783 0.341 -0.027715 0.019409 0.033544 0.021906 0.053072 0.0017237 0.15228 0.086479 -0.024903 -0.035319 0.15325 0.1617 0.00040352 0.027075 0.39635 0.16795 -0.060981 1.3138e-05 0.080323 0.022413
77.437 159.62 2.9892 5.5806 0 0 0 0 0 0 0 0 2.7597e-05 -0.00011961 0.0002368 0.00011961 -2.2767e-05 -5.1235e-05 0.0001305 5.1235e-05 0.0039846 0.0014657 0.0046002 0.0020798 0.038366 0.036637 0.07074 0.10692 0.0022435 0.090839 0.10732 0.15609 -0.031379 0.048624 0.060836 0.097328 0.0084876 0.0010885 0.01859 0.013541 0.07765 0.10334 0.18548 0.26577 0.033506 0.0010903 0.30126 0.36826 -0.053891 -0.0041515 0.12443 0.14095 0.065664 0.00017624 0.12171 0.16096 0.010043 0.044689 0.36226 0.43508 -0.10811 0.020058 0.26779 0.24038 0.03253 -0.0042934 0.10184 0.10609
122.26 159.87 2.7092 1.6438 0.06064 -0.034967 0.15259 0.13392 -0.059013 -0.0012128 0.22842 0.27447 0.039054 -0.021602 0.22344 0.24765 0.0091735 -0.027932 0.15929 0.15007 0.022361 -0.06353 0.070637 0.086113 0.022703 -0.12784 0.18665 0.43012 -0.025831 -0.093658 0.23877 0.34008 0.055533 -0.056099 0.12857 0.21933 0.0059225 -0.00075253 0.017885 0.017806 0.054052 -0.018525 0.11654 0.24107 -0.020185 -0.010511 0.10831 0.19119 0.027703 0.0058844 0.11733 0.077043 0.0021387 -0.00078923 0.003169 0.0023656 0.0092925 -0.016087 0.022903 0.037385 -0.0036241 -0.02733 0.027081 0.047745 0.011316 -0.025737 0.03998 0.029666
115.46 167.5 3.017 1.6224 0.02896 -0.098286 0.10299 0.19328 -0.021402 -0.08287 0.27284 0.36311 -0.0019662 -0.12411 0.21586 0.27256 -0.0055887 -0.061715 0.21197 0.20521 0.022914 -0.017157 0.049191 0.11089 0.040756 0.00095714 0.18253 0.45841 -0.0094808 0.031038 0.13526 0.2147 0.0072089 0.01114 0.20638 0.14054 0.015186 -0.011224 0.031451 0.040607 0.035752 -0.068527 0.11391 0.17255 -0.0038156 -0.064869 0.096932 0.11717 0.0026227 -0.052086 0.15508 0.071979 0.00022169 -0.001191 0.0012385 0.0012602 0.0032918 -0.0083055 0.0095667 0.018343 -0.00030868 -0.0075376 0.0089022 0.010703 -0.00033048 -0.0108 0.010619 0.010842
120.51 176.4 2.7041 4.1967 0 -0 0 0 0 -0 0 0 -6.1286e-05 0.0010589 0.0010712 0.0010589 0.0012716 -0.00041926 0.0087682 0.0049428 0.0047531 0.0031617 0.0054295 0.0038411 0.012959 0.056778 0.081425 0.093251 -0.0092641 0.079477 0.11467 0.10014 -0.0049116 0.0092768 0.028408 0.02081 0.010491 0.073047 0.10932 0.084725 0.044455 0.035027 0.17991 0.19784 -0.066212 0.011412 0.3017 0.41359 0.014799 0.10653 0.1226 0.20066 -0.0048061 -0.016235 0.1425 0.11534 -0.021389 0.0048803 0.14004 0.16719 0.021833 0.075028 0.27397 0.47498 0.074782 0.024456 0.22238 0.27033
83.535 183.26 2.6681 5.4545 0 0 0 0 0 0 0 0 0 0 0 0 0 0 0 0 0.00062933 0.00057707 0.00062933 0.00057707 0.0066596 0.0087741 0.0067898 0.011489 0.0016766 0.0052209 0.0016928 0.005463 5.7839e-06 0.0001335 5.7839e-06 0.0001335 0.053611 0.042683 0.15524 0.18287 0.0090858 0.16331 0.38262 0.42651 -0.12923 0.072353 0.19306 0.22018 -0.0065502 0.01596 0.010496 0.017239 0.047776 0.10529 0.24087 0.29097 -0.045673 -0.084688 0.31237 0.35153 -0.025821 0.062536 0.1675 0.20177 -0.044311 0.038685 0.073472 0.072688
124.62 107.24 3.8112 1.7018 -0 0 0 0 -0 0 0 0 -0 0 0 0 -0 0 0 0 0.0067001 0.022621 0.0067001 0.022621 0.004184 0.1205 0.024595 0.1205 -0.0050891 0.12502 0.025184 0.12502 -0.0018595 0.0070825 0.0018595 0.0070825 0.089379 0.039733 0.15656 0.21679 0.0026715 0.026677 0.18368 0.51974 0.015635 0.040425 0.2009 0.53415 -0.085361 0.047096 0.13177 0.13436 0.038161 -0.035894 0.13424 0.087389 -0.012794 -0.046314 0.16927 0.19368 0.013723 -0.061789 0.13717 0.17018 -0.038743 -0.0081827 0.14381 0.090245
140.46 117.5 3.8661 1.7887 -0 0 0 0 -0 0 0 0 -0 0 0 0 -0 0 0 0 0.0015786 0.0090964 0.008623 0.0090964 0.077494 0.11773 0.093008 0.23539 -0.0075942 0.19177 0.085341 0.34866 -0.032473 0.12605 0.060742 0.16213 0.024539 0.00075572 0.1589 0.10978 0.079517 0.010494 0.28945 0.33527 0.005566 -0.042186 0.21915 0.43481 -0.036594 -0.01299 0.1748 0.2723 0.010721 -0.016917 0.046257 0.024053 0.044745 -0.062991 0.11169 0.11644 0.0096584 -0.053697 0.15526 0.18172 0.015369 -0.034814 0.10455 0.10005
158.7 136.83 3.4424 2.6975 -0 0 0 0 0.0054257 0.027215 0.074495 0.068771 -0.016723 0.0057149 0.026404 0.021292 -0 0 0 0 -0.0002092 -0.00043975 0.00034508 0.00072535 0.065479 0.0441 0.2454 0.2596 -0.033659 0.10384 0.1725 0.25849 -0.022638 0.086861 0.047093 0.094027 0.01404 0.0018243 0.025218 0.033998 0.070055 -0.031334 0.22171 0.29362 0.05552 0.055379 0.30381 0.35707 -0.013447 0.059703 0.36256 0.31593 0.00052941 -0.00038456 0.0062713 0.010485 0.089381 -0.017221 0.10946 0.075115 -0.023884 -0.035766 0.18899 0.16447 0.036674 -0.051395 0.12778 0.10415
109.18 138.33 3.4262 4.5158 -0.0089677 -0.0032194 0.052279 0.03436 0.0029965 -0.016825 0.04699 0.072236 -0.0048109 0.011629 0.084183 0.15716 0.0024339 0.044821 0.038657 0.071238 0.02436 0.025543 0.15882 0.12756 0.02182 0.084318 0.18149 0.20694 0.0075427 0.040652 0.24434 0.3001 0.021662 -0.0068334 0.12654 0.1713 0.041457 -0.032775 0.2231 0.12527 0.029274 0.010503 0.26151 0.18998 -0.022517 0.095187 0.15531 0.21383 0.059109 0.083607 0.12618 0.21353 0.0074526 -0.023971 0.054556 0.03942 0.099571 -0.087684 0.15456 0.20922 -0.035908 -0.099507 0.12061 0.37491 -0.023848 -0.083932 0.063926 0.17544
135.45 141.71 4.0245 4.8395 -0.0022116 0.0039793 0.036248 0.04295 -0.015192 0.016832 0.045918 0.085643 -0.0062529 0.0022765 0.013607 0.015697 -0.00039008 -0.0002729 0.0027808 0.00093032 -0.010801 0.053719 0.11312 0.17016 0.017056 0.083931 0.17791 0.35312 -0.03613 0.079552 0.1746 0.15901 -0.011619 0.0176 0.05234 0.022873 -0.01067 0.081818 0.14602 0.19531 0.031095 0.14699 0.20473 0.34385 -0.083836 0.076758 0.36273 0.29481 -0.029867 -0.00776 0.16788 0.1094 0.017573 -0.071068 0.061716 0.168 0.0048646 -0.10588 0.052792 0.29196 -0.057395 -0.079264 0.092506 0.18464 -0.0043219 -0.0092583 0.014567 0.011704
100.67 98.681 4.7725 1.1646 0 0 0 0 0 0 0 0 0 0 0 0 0 0 0 0 0 0 0 0 0 0 0 0 0.00029491 7.3819e-07 0.00029491 7.3819e-07 -0.0014791 0.00075581 0.0020325 0.00075581 0.036842 0.069968 0.046959 0.081741 0.1101 0.186 0.25163 0.54127 -0.1078 0.12652 0.27349 0.36636 -0.037085 0.020458 0.06579 0.043434 0.065213 0.012705 0.15129 0.1618 -0.0025628 -0.041406 0.23087 0.33718 -0.036101 -0.080414 0.21175 0.22117 -0.039282 -0.0012561 0.091963 0.05895
152.75 106.73 5.3344 1.9549 -0 0 0 0 -0 0 0 0 -0 0 0 0 -0 0 0 0 -0 0 0 0 -0 0 0 0 -0 0 0 0 -0 0 0 0 0.011956 0.0080052 0.053313 0.050868 0.11434 0.089155 0.23653 0.27157 0.019587 0.17002 0.26772 0.59023 -0.074117 0.14949 0.16829 0.30943 0.014014 -0.0052612 0.019139 0.011151 0.080095 -0.06404 0.16923 0.14539 0.036354 -0.067459 0.21746 0.25604 -0.03286 -0.019631 0.17127 0.17852
108.61 115.65 4.6899 1.4916 0 0 0 0 0 0 0 0 0 0 0 0 0 0 0 0 0.030254 0.079894 0.043041 0.12337 0.039529 0.1851 0.091343 0.42245 -0.069758 0.10559 0.098115 0.20769 -0.0043832 0.0054381 0.01377 0.011741 0.06422 0.0068911 0.19767 0.26254 0.0091931 -0.057967 0.22333 0.48708 -0.0933 -0.017034 0.33211 0.26643 -0.038293 0.0044979 0.07563 0.03205 0.015711 -0.036573 0.063634 0.063363 -0.0054483 -0.045521 0.10462 0.15585 0.0021213 -0.031127 0.13507 0.11479 -0.018519 -0.00090735 0.046621 0.026313
122.61 129.31 4.8726 4.6856 0.0038857 0.0041401 0.049058 0.037032 -0.0075987 0.0093953 0.068843 0.088778 -0.0083227 0.026578 0.03798 0.060877 -0.0028395 0.0025791 0.014631 0.0031021 0.050448 0.018336 0.16091 0.12874 -0.010527 0.082147 0.18389 0.26001 -0.0080593 0.10715 0.23227 0.30096 -0.045658 0.028156 0.13625 0.11437 0.068241 -0.043068 0.10645 0.088929 0.010232 -0.10653 0.1779 0.46486 -0.065908 -0.13133 0.17979 0.52565 -0.041935 -0.032673 0.064662 0.07367 0.0030219 -0.0039906 0.0032637 0.003997 0.00028976 -0.040841 0.013015 0.043595 -0.005093 -0.027886 0.0057348 0.02841 -0.00062613 -0.0014974 0.00062613 0.0014974
153.67 146.83 5.0411 4.2482 -0.00015639 0.00077285 0.0004244 0.00077285 -0.00023516 0.00022921 0.0013362 0.00076299 -0.00011434 5.7244e-05 0.00026817 0.00013426 0 -0 0 0 -0.0085108 0.02089 0.052658 0.071928 0.017296 0.051317 0.075846 0.081865 -0.002474 0.054186 0.10277 0.11344 -0.0060481 0.0034476 0.016215 0.019507 0.052505 0.061665 0.18927 0.18967 0.074271 0.13221 0.3535 0.41988 -0.091589 0.050447 0.30576 0.26784 -0.0068321 -0.005423 0.018578 0.02178 0.048451 -0.0062228 0.16466 0.19432 -0.04747 -0.056785 0.28105 0.42664 -0.074509 -0.03732 0.11584 0.12373 -6.2226e-05 3.1153e-05 6.2226e-05 3.1153e-05
105.87 153.84 5.242 4.5775 0.0039899 0.0034242 0.0040551 0.0035027 0.0026212 0.024117 0.019446 0.024813 -0.0029724 0.020624 0.015048 0.023025 -0.0014777 0.0015755 0.0047504 0.0025975 0.037076 0.001949 0.054352 0.033353 -0.0020826 0.018072 0.1582 0.14882 -0.0088971 0.049865 0.13645 0.20687 -0.010321 0.06107 0.065976 0.075357 0.041137 -0.0050504 0.050657 0.028882 0.072859 0.060801 0.2969 0.27958 0.028051 0.12403 0.27276 0.36063 -0.038061 0.10182 0.26765 0.26408 0.0080427 -0.0015116 0.01823 0.011937 0.094069 -0.073352 0.15617 0.15611 -0.0064074 -0.1068 0.14249 0.40105 -0.041397 -0.07061 0.085526 0.20484
90.834 168.5 5.0085 5.6939 0 0 0 0 5.3185e-05 9.3805e-06 5.3185e-05 7.5712e-05 3.7645e-05 4.0595e-05 3.7645e-05 8.3935e-05 9.7209e-18 1.4541e-17 1.54e-17 2.3035e-17 0.0069312 0.0033863 0.0098144 0.010213 0.039764 0.06194 0.088306 0.14203 -0.039801 0.039741 0.067837 0.069481 -0.00086716 0.00016234 0.00097468 0.00077693 0.088075 0.087544 0.17106 0.26176 -0.085025 0.089872 0.34901 0.37653 -0.049933 0.014774 0.18463 0.16296 -0.015989 0.0046764 0.017565 0.017234 0.084737 0.015089 0.32304 0.22097 -0.089122 0.066156 0.36773 0.31791 -0.087577 0.050905 0.21994 0.17076 -0.0088082 -0.0046012 0.01307 0.012619
72.01 173.92 5.0171 5.7083 0 0 0 0 0 0 0 0 0 0 0 0 7.4556e-19 1.1507e-18 7.4556e-19 1.1507e-18 0.00034941 0.00012764 0.00034941 0.00012764 0.0029359 0.019903 0.0055475 0.019985 0.0017529 0.005353 0.0024534 0.0054779 -1.3848e-05 6.4817e-05 1.3848e-05 6.4817e-05 0.025203 0.06124 0.036329 0.063604 0.08913 0.16122 0.23298 0.37164 -0.078076 0.066528 0.20109 0.24349 -0.014108 0.0099376 0.014523 0.015056 0.10993 0.086313 0.19805 0.23604 -0.091044 0.13391 0.42519 0.43987 -0.03627 -0.0022122 0.29316 0.21291 -0.029266 0.0041821 0.043245 0.041552
102.32 181.28 5.0876 4.2499 1.8767e-18 -9.3563e-19 3.9473e-17 1.9679e-17 -7.2975e-18 3.6381e-18 2.0136e-17 1.0039e-17 0 -0 0 0 -0.00033642 0.00017101 0.00033642 0.0002241 9.2775e-18 -4.6252e-18 2.3136e-17 1.1534e-17 0.0090659 0.031393 0.024581 0.031393 0.010744 0.073926 0.07295 0.098723 -0.021182 0.0097197 0.03569 0.037455 0.0017403 0.00049225 0.0017867 0.00058536 0.044655 0.064831 0.22572 0.14736 -0.010156 0.069212 0.28307 0.33679 0.028512 0.11841 0.26772 0.32763 0.0052758 -0.0008072 0.0052822 0.0017633 0.093941 -0.032601 0.17271 0.082579 0.081959 0.092821 0.38529 0.31459 0.025358 0.10575 0.24409 0.34865
85.883 104.51 6.3671 0.77068 0 0 0 0 0 0 0 0 0 0 0 0 0 0 0 0 0 0 0 0 0 0 0 0 0.0011188 0.0023889 0.0087486 0.014688 -0.00025275 0.00017834 0.00082817 0.001364 0.016045 0.015597 0.016045 0.015597 0.10721 0.19309 0.39713 0.42878 -0.088935 0.13757 0.28963 0.33757 -0.020845 0.024613 0.046892 0.046016 0.073617 0.0077453 0.11103 0.076082 0.027743 -0.029409 0.36123 0.34563 -0.046811 -0.036415 0.21699 0.21289 -0.021825 -0.00044127 0.063854 0.051646
161.55 117.6 6.1348 2.6418 -0 0 0 0 -0 0 0 0 -0 0 0 0 -0 0 0 0 0.011034 0.0012485 0.011034 0.0037015 -0.0047999 0.031164 0.068213 0.076236 -0.00033149 0.0036105 0.0020867 0.0044473 -0 0 0 0 0.014738 0.0022749 0.016024 0.0092926 0.15234 0.064417 0.326 0.34127 -0.10405 0.15849 0.45748 0.40521 -0.023234 0.018803 0.026569 0.021559 0.0080669 0.0047129 0.012522 0.012229 0.076941 -0.036007 0.20159 0.17101 -0.0086129 -0.034319 0.38416 0.29134 -0.058456 -0.0035163 0.092116 0.054519
120.75 170.29 5.899 4.5213 2.0147e-18 -3.8974e-19 2.0543e-17 3.9739e-18 -2.5409e-18 4.9152e-19 6.6988e-18 1.2959e-18 6.3237e-17 -3.7663e-17 7.2721e-17 3.7663e-17 8.3186e-18 -2.6315e-17 1.7532e-17 2.6315e-17 0.0099387 0.017225 0.024587 0.017447 0.00070513 0.053174 0.05752 0.081812 -0.013451 0.013379 0.02642 0.041385 -0.00035809 5.9657e-05 0.0012792 0.00037235 0.045937 0.0056437 0.11308 0.06005 -0.0032161 0.08644 0.23358 0.28497 0.0039895 0.1319 0.25338 0.34933 -0.046366 0.042758 0.13645 0.13472 0.032623 -0.0092344 0.060901 0.036242 0.072721 -0.03187 0.22219 0.35845 -0.043242 -0.049736 0.23506 0.54829 -0.057676 -0.027645 0.091194 0.11817
68.816 125.93 9.1204 0.3686 0 0 0 0 0 0 0 0 0 0 0 0 0 0 0 0 0 0 0 0 0.0036192 0.0054029 0.0075058 0.0054029 0.0011983 0.0046118 0.004056 0.005118 -4.0391e-05 0.00019236 0.00021348 0.00029042 0.042385 0.0093194 0.042385 0.014047 0.048747 0.17166 0.5291 0.44593 -0.10643 0.061299 0.26309 0.2646 -0.011691 0.0028698 0.017688 0.013563 0.059445 0.0018461 0.059445 0.027923 -0.0099407 -0.094951 0.44009 0.28151 -0.06548 -0.04762 0.14451 0.1136 -0.0051751 -0.0023771 0.0061503 0.0047457
75.616 90.667 12.603 0.66998 0 0 0 0 0 0 0 0 0 0 0 0 0 0 0 0 0 0 0 0 0 0 0 0 0 0 0 0 0 0 0 0 0 0 0 0 0.20843 0.13272 0.46167 0.41445 -0.14381 0.076463 0.41486 0.46261 -0.015077 0.0032215 0.020814 0.017238 0 0 0 0 0.058366 -0.093084 0.19712 0.17282 -0.046932 -0.09538 0.15986 0.15051 -0.0049055 -0.0027945 0.0073952 0.0058525
164.45 91.013 12.412 2.0441 -0 0 0 0 -0 0 0 0 -0 0 0 0 -0 0 0 0 -0 0 0 0 -0 0 0 0 -0 0 0 0 -0 0 0 0 -0 0 0 0 0.17667 0.029378 0.24025 0.28751 -0.082237 0.17635 0.489 0.60969 -0.035735 0.011799 0.03843 0.025527 -0 0 0 0 0.054624 -0.043533 0.081038 0.089883 -0.031379 -0.11685 0.27104 0.25737 -0.020487 -0.0086309 0.025991 0.015626
122.74 127.18 14.395 1.7792 -0 0 0 0 -0 0 0 0 -0 0 0 0 -0 0 0 0 0.00039336 8.3189e-05 0.00039336 8.3189e-05 0.14563 0.14899 0.22036 0.48552 -0.14172 0.15686 0.22698 0.37552 -0.0022578 0.00052977 0.0022578 0.0010287 0.00012296 2.6004e-05 0.00012296 2.6004e-05 0.15465 -0.15299 0.19864 0.36432 -0.13012 -0.10944 0.27949 0.32862 -0.0054868 0.00023016 0.0054868 0.0018221 -0 0 0 0 0.0036476 -0.0037391 0.0046632 0.0057284 -0.0034035 -0.0082785 0.012896 0.012675 -9.3272e-05 -4.0822e-05 9.3272e-05 0.00011348
