40 64
104.63 116.26 1.8577 1.2155 0 0 0 0 0 0 0 0 0 0 0 0 0 0 0 0 0.023048 0.03264 0.023048 0.032952 0.039747 0.2166 0.092712 0.30134 -0.070349 0.12758 0.094961 0.18332 0.007459 0.043724 0.067723 0.077429 0.081141 0.05953 0.19229 0.25397 -0.034321 -0.12848 0.2539 0.57878 0.032403 -0.034712 0.22828 0.30247 0.0047931 0.021454 0.18271 0.16059 -0.011593 -0.022198 0.064694 0.082586 -0.023912 -0.0082202 0.05192 0.06279 0.027936 -0.0089881 0.073663 0.063733 -0.018862 -0.021943 0.074139 0.05144
143.3 119.5 2.2811 1.7891 -0 0 0 0 -0 0 0 0 -0 0 0 0 -0 0 0 0 0.0046871 0.0042802 0.0046871 0.0051678 0.085355 0.15174 0.097821 0.21924 -0.049519 0.26469 0.10861 0.37056 -0.019083 0.085863 0.024901 0.093494 0.02056 0.035411 0.0725 0.068494 0.06194 -0.070371 0.22854 0.32014 0.013436 -0.14601 0.19763 0.58975 -0.013736 0.0057064 0.10246 0.20639 0.016642 -0.015211 0.079473 0.044063 -0.0094441 -0.0011411 0.083896 0.068095 0.014773 -0.0056135 0.060935 0.059495 0.0087694 -0.022231 0.057077 0.067569
104.6 123.97 2.0758 4.7408 0.015256 0.020259 0.063464 0.041053 -0.0041383 0.034047 0.085362 0.060469 -0.010703 0.016525 0.033284 0.036272 -0.0037585 0.011754 0.03788 0.048589 0.020779 0.0036271 0.23025 0.10856 -0.048555 -0.024596 0.18623 0.15846 0.0064433 -0.021908 0.078406 0.06874 0.014491 0.0189 0.069598 0.078926 0.018546 -0.041396 0.082867 0.07905 0.11277 -0.027867 0.2343 0.35451 0.017085 0.060776 0.16443 0.6791 -0.044321 -0.027985 0.1175 0.25509 0.0011381 -0.0020788 0.0012747 0.002463 0.026094 -0.043442 0.027183 0.049708 0.0042242 -0.1004 0.028991 0.14322 -0.011835 -0.034015 0.014545 0.043788
101.94 134.69 1.8706 3.7123 -0.0014756 -0.002055 0.029538 0.023477 0.019271 0.0054436 0.061541 0.045628 0.02854 0.02483 0.083516 0.064327 0.03097 0.012628 0.073907 0.066461 -0.0013306 0.00066792 0.072452 0.05172 0.060008 0.056645 0.11397 0.13327 -0.020373 0.0039642 0.097697 0.10196 0.15399 0.043079 0.23246 0.16667 0.033977 -0.0083632 0.075664 0.053255 0.10587 -0.017541 0.19282 0.24702 -0.033837 0.021347 0.28309 0.25811 0.11491 0.0034456 0.4068 0.36634 0.011804 -0.0034197 0.028604 0.022165 0.08417 -0.012259 0.20641 0.26577 -0.032541 -0.044385 0.16181 0.22019 -0.016573 -0.063477 0.06519 0.081028
88.275 135.95 2.1484 5.662 0 0 0 0 0.016608 -0.011218 0.017128 0.020709 0.00087445 -0.050193 0.027159 0.068974 -0.003292 -0.017225 0.0085027 0.025124 0.023448 0.034352 0.023563 0.037819 0.0096828 0.14148 0.084083 0.20601 0.017725 0.074488 0.08508 0.12337 0.0055571 0.026343 0.050543 0.087545 0.075658 -0.0086397 0.18592 0.17735 0.039507 0.11123 0.41122 0.5035 -0.038034 0.13754 0.22407 0.28715 -0.028304 0.018317 0.061249 0.10047 0.031756 -0.0045112 0.054055 0.04493 0.043247 -0.0079964 0.2674 0.29394 -0.022675 -0.046502 0.11107 0.12555 -0.023696 0.010321 0.04012 0.044859
170.01 140.07 2.058 0.44376 0.0014818 -0.0020143 0.0014818 0.0020143 0.069091 -0.057289 0.098569 0.10575 -0.031395 -0.089817 0.15682 0.23477 -0.013902 0.00063103 0.037136 0.077194 0 0 0 0 0.10435 0.11264 0.1455 0.17696 -0.0077151 0.25344 0.088235 0.44822 -0.036406 0.13029 0.056767 0.22354 0 0 0 0 0.17429 -0.054744 0.3146 0.14903 -0.024489 -0.15682 0.19538 0.35326 0.013008 -0.047586 0.081936 0.21004 0 0 0 0 0.032235 -0.038992 0.06087 0.041538 0.0073272 -0.049518 0.064243 0.082215 0.081758 -0.012241 0.096507 0.14386
104.64 144.55 2.2028 5.2119 -0.015546 -0.0061619 0.03921 0.035005 0.0054133 0.023013 0.10132 0.087711 -0.0066222 0.0046165 0.079417 0.083526 -0.01683 0.00078212 0.033725 0.033388 0.012058 0.11582 0.14822 0.16249 -0.020675 0.058606 0.19124 0.21089 0.0066753 0.0023404 0.13048 0.16547 -0.01571 0.0026003 0.083711 0.1121 -0.017996 0.11843 0.3608 0.23059 -0.14045 0.074159 0.30074 0.23148 -0.04586 0.066173 0.1441 0.18081 -0.023571 0.0251 0.13669 0.14646 -0.019055 0.011998 0.23196 0.30246 -0.0082192 -0.024191 0.16032 0.15924 -0.018885 0.066907 0.14239 0.19133 -0.022855 0.035399 0.08882 0.11972
172.81 147.48 1.9273 3.7217 -0.036321 0.027145 0.092136 0.21339 -0.082544 0.032675 0.092066 0.10887 -0.0095726 0.018254 0.020991 0.027023 -0.0015135 0.0013885 0.0015135 0.0013885 -0.04886 -0.0049805 0.098338 0.196 -0.062676 0.1216 0.11714 0.23041 -0.071762 0.12738 0.23338 0.16915 -0.034935 0.0068713 0.036638 0.015808 0.036385 -0.081444 0.066519 0.19124 0.05366 -0.128 0.13902 0.49988 -0.15826 -0.13202 0.31022 0.37183 -0.037 -0.0070806 0.037687 0.012907 0.00051745 -0.0041338 0.040498 0.066922 0.0012895 0.013253 0.079741 0.15904 -0.020882 -0.029763 0.051458 0.10672 -0.002931 -0.002218 0.0035595 0.0030507
122.01 151.47 2.0579 3.9598 -0.0091951 -0.018015 0.033103 0.032089 0.0086943 0.01827 0.026967 0.026181 -0.0029945 0.016246 0.022674 0.025108 0.011658 -0.00061239 0.01859 0.023551 0.00064361 0.029913 0.061006 0.056441 0.025553 0.027246 0.20056 0.19868 0.011372 0.059634 0.23128 0.21138 0.043201 0.067605 0.11596 0.099981 0.0053531 -0.0020029 0.1267 0.1176 0.028919 0.02409 0.27424 0.26748 0.0209 0.080988 0.32142 0.30962 0.039004 0.096627 0.26443 0.24486 0.014447 0.0075905 0.14061 0.088513 0.0664 0.088703 0.16404 0.1591 0.037769 0.074246 0.17536 0.19374 0.051568 0.049801 0.18264 0.20363
162.89 151.73 1.8615 0.26032 -0.0011273 -0.036853 0.13953 0.19209 -0.037928 -0.007138 0.084856 0.11755 -0.010136 0.016703 0.030437 0.06 -0.0020497 0.0044538 0.0035241 0.0055174 0.026952 0.053596 0.059238 0.12974 0.015721 0.21378 0.072069 0.2819 -0.0025955 0.20537 0.065324 0.2681 0.04285 0.13674 0.0641 0.15414 0.088405 0.014383 0.19606 0.16855 -0.050733 -0.079109 0.12371 0.37468 0.011489 -0.025866 0.10883 0.31989 0.062945 -0.014699 0.14914 0.19039 0.014939 -0.04516 0.071925 0.04649 -0.0086669 -0.050862 0.077708 0.094405 0.1065 -0.0073534 0.1459 0.22254 -0.017717 -0.042182 0.1174 0.22623
96.9 163.54 2.0075 5.3114 -0.046166 0.063128 0.09823 0.13639 -0.059842 0.012805 0.14069 0.22524 -0.020253 -0.054619 0.11894 0.11999 -0.02386 -0.013842 0.037851 0.04284 -0.11145 -0.15647 0.12533 0.18808 -0.012627 -0.033383 0.12711 0.203 -0.038441 0.059362 0.11758 0.14113 0.0021386 0.0015904 0.079195 0.06377 0.014509 0.020562 0.13265 0.14312 0.053514 0.039351 0.30622 0.2582 -0.02524 0.026839 0.24509 0.28488 -0.018643 -0.0013738 0.07802 0.074564 0.016468 0.12158 0.20344 0.22157 -0.03525 -0.0074576 0.2028 0.2497 -0.01027 0.0053654 0.16714 0.2157 -0.024664 0.01202 0.08768 0.090526
176.41 165.32 2.1087 3.4662 -3.1343e-17 9.315e-17 3.1343e-17 9.315e-17 0.0010096 0.0028613 0.0012463 0.0031535 -0.00075465 0.0088468 0.0034975 0.0088468 -0.00015994 0.00015055 0.00015994 0.00015055 0.063851 0.093297 0.089431 0.14663 0.027639 0.18625 0.13848 0.42181 -0.1203 0.098133 0.1571 0.22745 -0.0051363 0.021663 0.028787 0.042108 -0.0056014 0.099313 0.26118 0.31446 -0.054445 -0.014261 0.19271 0.31766 -0.068237 0.060894 0.12233 0.22829 0.043475 0.099788 0.079343 0.11256 -0.070989 -0.090204 0.1255 0.21348 -0.042681 -0.084084 0.067656 0.1659 0.015991 -0.064848 0.045815 0.2177 0.0053992 -0.041963 0.034412 0.15647
106.52 167.97 2.158 3.6262 0.005404 0.0029431 0.006771 0.0039306 0.019135 -0.013071 0.12523 0.090143 -0.029902 -0.020649 0.078133 0.04861 0.011609 0.003455 0.078372 0.07444 0.014004 0.013378 0.063627 0.048075 0.0059165 -0.016822 0.14141 0.12865 0.010468 0.084884 0.17879 0.18387 0.07022 0.027094 0.30282 0.23182 -0.055255 0.027011 0.086689 0.11643 0.088519 0.031955 0.19753 0.17947 0.037594 0.046017 0.32419 0.28313 0.03933 -0.0091815 0.28161 0.17102 -0.011706 0.028293 0.16432 0.11023 -0.032227 -0.0065677 0.14283 0.10415 0.016554 -0.026682 0.24311 0.24156 0.056034 0.015856 0.2182 0.20092
80.194 172.56 1.9284 4.7019 0 -0 0 0 0.008228 0.020333 0.018106 0.022649 0.033049 0.046866 0.10899 0.085707 -0.022532 0.011598 0.10237 0.051919 0.026042 0.006145 0.026042 0.0081482 0.018314 0.078534 0.20132 0.18158 -0.010181 0.047287 0.3166 0.2067 -0.045963 -0.027818 0.11611 0.057155 0.10867 0.027442 0.10903 0.030264 0.06568 0.19912 0.30095 0.28031 -0.19523 -0.030866 0.30877 0.25551 0.024073 0.028085 0.11667 0.09678 0.12165 0.0091106 0.12165 0.020222 -0.075138 -0.054425 0.36707 0.13076 -0.10944 -0.034545 0.14041 0.069753 0.036175 0.0025914 0.12193 0.094722
108.04 177.54 2.0727 5.0238 0.011465 0.055338 0.16236 0.13924 -0.069162 0.014475 0.14964 0.11473 -0.0061438 -0.0012375 0.0077289 0.0098715 0 0 0 0 -0.060747 -0.078922 0.27078 0.19929 -0.00015349 -0.0023749 0.17934 0.17741 -0.028755 0.069355 0.089871 0.098029 -0.0016665 0.02445 0.018528 0.025198 0.0047411 0.078471 0.17996 0.20238 -0.035845 0.065631 0.28552 0.23883 0.04525 -0.029499 0.20027 0.23565 -0.025588 0.0092102 0.15797 0.25856 0.044567 0.015426 0.22498 0.19315 -0.062733 0.069949 0.27362 0.2829 -0.02282 -0.0012252 0.12096 0.1054 -0.0030167 -0.024592 0.033352 0.046539
123.94 177.01 2.1893 1.7278 -0.001574 -0.00072928 0.0067258 0.0026117 0.027788 -0.033088 0.066205 0.093723 0.028391 -0.067809 0.17001 0.2728 0.053581 -0.041506 0.18502 0.22875 -0.01041 0.060845 0.091696 0.09793 0.065332 0.11577 0.17188 0.3073 -0.039661 0.10167 0.15985 0.32007 0.043191 0.0053151 0.19559 0.17137 -0.22887 -0.02671 0.29051 0.26311 0.027183 -0.095932 0.14553 0.20397 0.00076057 -0.098472 0.16952 0.22569 -0.011575 -0.029414 0.12212 0.14326 -0.025904 -0.030749 0.037391 0.053321 -2.8168e-06 -0.0016374 0.0004839 0.0016374 0.00091149 -0.0019701 0.00091149 0.0019701 0.011563 -0.0040746 0.022273 0.019576
136.25 181.11 2.0674 1.203 -0.0050578 0.00055865 0.0076826 0.0052226 0.00048144 -0.001349 0.0018054 0.0024743 0.010216 0.016616 0.018421 0.028477 -0.0012906 0.0065323 0.022634 0.027108 -0.08052 0.12358 0.093229 0.12542 0.010969 0.017515 0.036582 0.030986 0.017882 -0.0074199 0.063905 0.079439 -0.011013 -0.012042 0.026273 0.028693 -0.22373 0.22781 0.37226 0.57343 -0.23234 0.13672 0.26787 0.28782 -0.02486 -0.00028427 0.032001 0.024719 -0.00056307 -0.0012265 0.00085012 0.0012265 -0.023057 -0.17114 0.10139 0.21965 -0.10642 -0.073081 0.11912 0.13122 -0.0072943 -0.0018108 0.0099842 0.012023 0 0 0 0
86.385 184.43 2.1124 5.6483 2.5613e-05 3.477e-05 9.0678e-05 0.00012309 -3.8989e-05 0.00034721 6.1647e-05 0.00034721 0 0 0 0 0 0 0 0 -0.028295 0.11418 0.11721 0.23247 -0.019129 0.11469 0.15241 0.25899 -0.039257 0.10242 0.10185 0.1483 -0.0094836 0.013483 0.010282 0.014344 -0.11915 -0.089541 0.16858 0.36793 -0.011605 -0.099995 0.26671 0.43569 -0.028786 -0.060168 0.24462 0.40681 -0.050056 -0.010876 0.066007 0.087353 0.011356 -0.030914 0.039944 0.10998 -0.037085 0.030738 0.083687 0.16653 0.0032398 -0.022154 0.069607 0.098957 -0.012047 -0.0032579 0.019171 0.024115
146.63 192.55 1.68 4.9594 0 0 0 0 0 0 0 0 0 0 0 0 0 0 0 0 0.0012168 0.00042149 0.0012168 0.00098128 0.0021508 0.031902 0.018013 0.041383 -0.0019241 0.025583 0.0051524 0.026216 -6.5245e-05 6.5512e-05 6.5245e-05 6.5512e-05 0.0051685 0.0056359 0.018198 0.019987 0.24547 0.07893 0.27005 0.22632 -0.12175 0.30456 0.32574 0.36606 -0.057422 0.058619 0.07216 0.075785 0.00011008 -0.0052547 0.007505 0.010068 0.19122 -0.067131 0.19972 0.089734 0.014644 -0.050911 0.40379 0.30882 -0.099951 0.047642 0.19534 0.19475
142.84 129.44 2.8285 4.6427 -0.0068032 0.0082458 0.028602 0.030669 -0.0065131 0.016279 0.021739 0.024611 0.022676 0.002013 0.067386 0.034288 0.01236 -0.0055769 0.10877 0.067623 -0.0026725 0.044273 0.064267 0.1016 -0.02558 0.040015 0.11275 0.11841 -0.026801 0.018923 0.22744 0.14527 5.8348e-05 -0.04156 0.077214 0.067777 -0.02119 0.0063468 0.15006 0.32711 0.013566 -0.039467 0.20437 0.69089 -0.12424 -0.042508 0.21084 0.31676 -0.0054814 -0.0019866 0.0056305 0.0030333 -0.023043 -0.055929 0.037431 0.10813 -0.0022687 -0.05951 0.01866 0.085511 -0.010596 -0.021665 0.01201 0.026019 -4.2104e-05 -5.2434e-05 4.2104e-05 5.4024e-05
116.28 139.2 2.7238 4.5137 0.0030729 0.0043887 0.02545 0.020997 -0.0055946 0.01193 0.032434 0.040098 -0.0057081 0.0086413 0.022788 0.036786 0.0049945 0.00070843 0.013385 0.0093094 0.012644 0.016289 0.057234 0.045819 0.0040334 0.049621 0.087834 0.093462 -0.00059256 0.051188 0.10568 0.11282 0.020092 0.022919 0.084387 0.063866 0.046702 0.0477 0.18561 0.12987 -0.028984 0.019301 0.16871 0.16463 0.048675 0.11564 0.18346 0.24216 0.021144 0.1106 0.18632 0.40981 0.019711 -0.040878 0.12499 0.097876 0.064605 -0.075065 0.17828 0.45125 -0.0645 -0.095907 0.17243 0.37542 -0.0092163 -0.067999 0.055511 0.17369
145.44 143.53 3.1049 4.6668 -0.0024961 0.0040968 0.010649 0.019968 0.0036239 -0.0027687 0.0074803 0.0087966 0.08995 -0.085725 0.14588 0.11344 -0.0067378 -0.032866 0.13053 0.097919 -0.011479 0.017066 0.058254 0.073536 -0.0073146 0.033149 0.036536 0.046668 0.072602 -0.0059066 0.17292 0.070848 0.0068923 0.0016547 0.21255 0.12928 -0.0055116 0.059612 0.086367 0.1542 -0.016994 0.046165 0.14792 0.15467 -0.036923 0.028676 0.33234 0.17723 0.0004704 -0.061434 0.11285 0.10127 -0.010518 -0.00028823 0.12732 0.25202 -0.014545 -0.022779 0.189 0.59098 -0.095433 -0.027611 0.17241 0.21652 -0.0033675 -0.0011446 0.0039329 0.0017476
71.739 150.78 2.7346 2.6856 0.0028557 -0.017454 0.064283 0.068972 0.027549 -0.080139 0.12613 0.15255 0.034415 -0.18021 0.32869 0.56771 -0.070268 -0.041661 0.13605 0.1898 0.025784 0.057192 0.079804 0.15994 -0.01066 0.16714 0.11899 0.32894 -0.056431 -0.021111 0.10402 0.17608 -0.0044709 -0.020366 0.0092077 0.022475 0.043256 -0.063139 0.075895 0.13569 -0.056098 -0.16343 0.12083 0.31483 -0.048533 -0.040357 0.05126 0.078056 -0 0 0 0 -0.00011508 -0.0072598 0.0020436 0.0072713 -0.0010968 -0.0047503 0.0012909 0.0047503 -2.8262e-05 -5.7624e-05 2.8262e-05 5.7624e-05 -0 0 0 0
79.776 184.62 2.6337 5.1792 0 0 0 0 -7.1447e-17 -3.6002e-17 1.6503e-16 8.3157e-17 -1.317e-17 -6.6363e-18 2.5884e-17 1.3043e-17 -2.7974e-17 -1.4096e-17 2.7974e-17 1.4096e-17 0.0010607 0.0014238 0.0011933 0.0014906 0.0090165 0.052563 0.030745 0.05606 -0.0069083 0.088924 0.057299 0.10156 -0.0098233 0.016592 0.014729 0.018221 0.10214 0.11477 0.11186 0.11507 -0.037554 0.22529 0.32826 0.45283 -0.075027 -0.034379 0.28723 0.29714 -0.035696 -0.00051316 0.057448 0.066377 0.088228 -0.030712 0.26505 0.21572 -0.12946 -0.1087 0.2503 0.30746 -0.020721 0.027286 0.1527 0.15476 -0.0092361 0.0074142 0.06655 0.073369
93.871 186.04 2.7692 2.5751 0.0059433 -0.0044445 0.0074833 0.0060006 0.011104 -0.017505 0.1088 0.0933 0.056778 -0.019008 0.18424 0.20123 0.0054316 -0.052622 0.15553 0.22162 -0 0 0 0 0.060558 0.050917 0.10822 0.16364 0.06488 0.074887 0.21547 0.34799 0.058648 0.16968 0.14227 0.37071 -2.1938e-18 -3.4495e-18 6.5452e-17 1.0291e-16 0.063076 -0.032895 0.077977 0.1112 0.070363 -0.078072 0.19489 0.34944 0.089286 -0.12829 0.19619 0.39163 -3.5516e-18 -5.5845e-18 1.7241e-17 2.7109e-17 0.00044292 -0.00091985 0.00044292 0.00091985 0.0064055 -0.014368 0.0070914 0.019645 -0.0030765 -0.020878 0.0083803 0.024917
124.7 111.03 3.6068 1.7023 -0 0 0 0 -0 0 0 0 -0 0 0 0 -0 0 0 0 0.010646 0.044658 0.015288 0.044658 -0.0053356 0.14453 0.027152 0.14453 -0.0049723 0.14435 0.030691 0.14435 -0.006456 0.017515 0.0065684 0.017515 0.056347 0.0077232 0.16147 0.19937 0.017048 -0.032616 0.18446 0.53235 -0.0017295 0.0026417 0.22997 0.59899 -0.065832 0.04355 0.15644 0.19398 -0.010637 -0.013437 0.069646 0.03962 0.015331 -0.043753 0.05314 0.069482 0.020435 -0.049067 0.064402 0.092403 -0.022563 -0.029276 0.064478 0.066266
151.66 110.28 3.3739 2.0449 -0 0 0 0 -0 0 0 0 -0 0 0 0 -0 0 0 0 -0 0 0 0 -0 0 0 0 -0 0 0 0 -0 0 0 0 -0.010567 0.023265 0.024845 0.0244 0.12047 0.093998 0.17418 0.2619 -0.052026 0.20545 0.30324 0.6097 -0.036585 0.070449 0.046165 0.090924 -0.019169 0.0029232 0.095894 0.039412 0.029308 -0.021941 0.17173 0.1748 0.05137 -0.077216 0.22699 0.35953 0.020244 0.006547 0.14688 0.25812
91.534 115.29 3.6096 1.0034 0 0 0 0 0 0 0 0 0 0 0 0 0 0 0 0 0.00044353 0.0015677 0.00044353 0.0015677 0.0030316 0.065188 0.014222 0.065188 -0.012596 0.051344 0.057336 0.051344 -0.0031272 0.0024049 0.0031272 0.0024049 0.090783 0.097404 0.1572 0.21317 -0.036065 0.072414 0.42976 0.63835 -0.13169 0.019091 0.30077 0.24566 -0.011828 0.01606 0.058188 0.032918 0.0076747 -0.012732 0.16623 0.2055 -0.026184 -0.069525 0.10927 0.12719 -0.035527 -0.027557 0.08009 0.069194 0.014802 -0.0020901 0.067781 0.027807
170.68 142.02 3.9796 0.35471 0.017099 -0.0037068 0.017099 0.0042092 0.010973 -0.086818 0.42908 0.2681 -0.061817 -0.029356 0.12574 0.11155 -0.0030835 -0.0042736 0.013156 0.013427 0.00082917 -0.00027319 0.00082917 0.00027319 0.071835 -0.0033466 0.15858 0.21493 -0.034139 0.093269 0.13617 0.39529 0.067586 0.14627 0.099201 0.24775 0 0 0 0 0.043754 -0.040625 0.10262 0.093145 0.080258 -0.094172 0.19456 0.35286 -0.0043778 -0.10588 0.17632 0.31267 0 0 0 0 7.9824e-05 -0.0018046 0.0008453 0.0019399 0.009994 -0.023602 0.016697 0.032877 -0.0058401 -0.021876 0.01127 0.029433
75.477 162.23 3.9172 2.708 0.011447 -0.0037685 0.044773 0.041023 0.028918 -0.023559 0.12459 0.12512 0.16807 -0.11705 0.3401 0.34604 -0.077176 -0.07067 0.31619 0.32605 0.025213 0.0093764 0.061717 0.10003 0.060966 0.081511 0.15083 0.3426 -0.038972 0.014387 0.1912 0.38143 -0.016827 -0.040268 0.074576 0.093655 0.013216 -0.015199 0.021614 0.032155 0.021435 -0.10012 0.092095 0.19336 -0.055443 -0.086133 0.075587 0.17155 -0.0049439 -0.0022406 0.0049439 0.0052497 5.5197e-19 1.1921e-18 5.5504e-18 1.1987e-17 1.6199e-05 -1.4912e-05 1.6199e-05 4.0757e-05 5.5344e-06 -4.3279e-06 5.5344e-06 1.3836e-05 -0 0 0 0
154.94 181.37 4.1891 0.66192 -0.0094068 -0.027214 0.083059 0.10431 -0.012713 -0.017457 0.028742 0.028787 0.00090533 -0.0035402 0.028101 0.023028 -0.0022009 -0.0033326 0.011036 0.008447 -0.00081836 0.048643 0.13966 0.24722 0.042983 0.23851 0.15285 0.41765 -0.13157 0.1094 0.18949 0.26549 -0.0094948 0.00062465 0.010119 0.0051862 0.06836 -0.07548 0.11336 0.18306 -0.01259 -0.24127 0.21404 0.49213 -0.11703 -0.12032 0.1465 0.2204 -0.0035949 -0.00064371 0.0037412 0.0016254 0.0016913 -0.0099678 0.0030779 0.0099678 -0.0031057 -0.018742 0.0050987 0.018742 -0.00020087 -0.0011415 0.00020087 0.0011415 0 0 0 0
93.775 107.44 5.1347 0.98827 0 0 0 0 0 0 0 0 0 0 0 0 0 0 0 0 0 0 0 0 0.00015785 0.0002396 0.00015785 0.0002396 -0.0016048 0.0070787 0.0026437 0.0074587 -0.00017769 0.00057918 0.00017769 0.00057918 0.037249 0.056522 0.040095 0.060354 0.088807 0.16458 0.42821 0.58512 -0.096366 0.059427 0.31272 0.32267 -0.017758 0.019915 0.058801 0.039257 0.043335 0.0025031 0.17162 0.20771 -0.039417 -0.084268 0.19628 0.24609 -0.043402 -0.043495 0.088909 0.09075 0.0036202 -0.0030935 0.074621 0.03423
87.588 144.85 5.1562 5.4919 0 0 0 0 0.020321 0.0278 0.022269 0.028705 -0.003088 0.035119 0.04212 0.057594 -0.0041319 0.0050614 0.0079608 0.011469 0 0 0 0 0.041115 0.0048979 0.092731 0.14563 -0.014178 -0.0073983 0.10418 0.14502 -0.01042 0.0056189 0.032053 0.034726 0.0169 0.0028678 0.017293 0.0032561 0.066226 0.12064 0.37005 0.38687 -0.08841 0.091257 0.18556 0.19069 -0.024166 0.00082119 0.039612 0.035132 0.00085886 1.4758e-05 0.00093141 8.6449e-05 0.089442 -0.053497 0.34559 0.32155 -0.078099 0.056414 0.35361 0.37485 -0.042895 0.030965 0.095267 0.089535
172.5 187.9 5.2277 4.0566 0 -0 0 0 0 -0 0 0 0 -0 0 0 0 -0 0 0 0 -0 0 0 -0.0015843 0.038938 0.0063396 0.038938 -0.0041949 0.040458 0.0046406 0.040458 -6.1265e-05 0.00037269 6.1265e-05 0.00037269 0.044215 0.00072779 0.046926 0.024837 0.13951 0.0026468 0.35116 0.61719 -0.15593 0.098697 0.31447 0.43031 -0.041603 0.025633 0.052723 0.043978 0.0032184 0.001474 0.02018 0.024688 0.02408 -0.069737 0.066477 0.10772 0.025211 -0.048155 0.19424 0.25557 -0.039345 -0.0076684 0.07156 0.068545
89.135 103.1 6.5047 0.99429 0 0 0 0 0 0 0 0 0 0 0 0 0 0 0 0 0 0 0 0 5.0868e-05 -3.3074e-05 5.0868e-05 3.3074e-05 -0.0015772 0.002554 0.0017297 0.0026532 0 0 0 0 0.040688 0.052705 0.059636 0.076722 0.045711 0.17468 0.44976 0.60798 -0.12513 0.060637 0.2869 0.27592 -0.01342 0.017906 0.041009 0.023662 0.045161 0.013321 0.11966 0.12605 -0.033844 -0.11368 0.20008 0.29506 -0.023664 -0.056667 0.10802 0.093467 -0.01432 -0.0057724 0.048499 0.026624
95.474 157.28 6.2198 5.6212 0 0 0 0 0.0062235 0.020908 0.010819 0.02151 -0.0020931 0.01422 0.0075602 0.015073 -0.00027495 0.00059543 0.00028695 0.00059543 0.0048965 0.010915 0.0078434 0.012681 0.028299 0.026472 0.10139 0.215 -0.025352 0.0051193 0.060676 0.10151 -0.0042976 0.0011467 0.0058357 0.0065402 0.094808 0.034445 0.12812 0.092322 -0.048403 0.19502 0.33632 0.38354 -0.059295 0.018687 0.091224 0.0755 0.017899 0.090923 0.2067 0.12286 0.047861 -0.017048 0.057402 0.035086 0.02845 -0.069742 0.42177 0.37288 -0.070939 0.029593 0.22802 0.19757 0.038039 -0.0053195 0.23673 0.14548
137.46 152.82 9.8687 4.3373 -3.1581e-18 1.2434e-18 4.3701e-18 1.7207e-18 0.014343 0.032677 0.016657 0.032677 -0.0014025 0.051757 0.016501 0.051757 -0.00020001 0.00044489 0.00020001 0.00044489 0.0039589 0.012244 0.03047 0.015095 0.10034 0.015533 0.15514 0.21748 -0.065602 0.016023 0.35135 0.42335 -0.0217 0.0028653 0.025705 0.017957 0.03206 -0.0062823 0.067264 0.033543 0.12093 0.0042006 0.31015 0.50077 -0.11005 -0.039051 0.26113 0.36152 -0.0074797 -0.0029496 0.010331 0.0069198 0.0041679 -0.0017877 0.0042135 0.0023673 0.0099963 -0.059017 0.05039 0.10073 -0.012258 -0.024075 0.021033 0.038727 -0.00015266 -1.7829e-05 0.00015266 1.7829e-05
163.6 92.674 12.471 2.1123 -0 0 0 0 -0 0 0 0 -0 0 0 0 -0 0 0 0 -0 0 0 0 -0 0 0 0 -0 0 0 0 -0 0 0 0 0.044708 0.013773 0.044708 0.026124 0.073076 0.15435 0.45332 0.37535 -0.094944 0.11116 0.42247 0.48131 -0.024036 0.0047241 0.02617 0.021927 0.039374 -0.0069312 0.039374 0.017684 0.0044131 -0.069901 0.24139 0.19111 -0.023568 -0.076801 0.19011 0.19972 -0.011774 -0.0054507 0.015353 0.015781
113.56 125.78 12.88 1.3615 0 0 0 0 0 0 0 0 0 0 0 0 0 0 0 0 -0.00075214 0.00015973 0.00075214 0.00015973 0.085837 0.11655 0.15034 0.36448 -0.084546 0.0763 0.13696 0.2457 -0.00099457 0.0014567 0.0015521 0.0016386 0.058822 0.0016208 0.061833 0.029026 0.04048 -0.060275 0.48719 0.57916 -0.08496 -0.06062 0.24102 0.23116 -0.005912 0.0003975 0.015117 0.005978 0.0094189 -0.003866 0.0094189 0.0046084 0.0021525 -0.043802 0.098849 0.10121 -0.0068941 -0.0062578 0.014798 0.011831 -0.00032368 -0.0003433 0.00059791 0.0003433
126.98 159.76 13.322 4.3102 9.092e-19 -3.8679e-19 1.7226e-18 7.3283e-19 1.1246e-19 -4.784e-20 5.6967e-19 2.4234e-19 -1.854e-17 4.5992e-17 1.854e-17 4.5992e-17 0 -0 0 0 0.0069855 0.0022145 0.0069855 0.0024313 0.0786 0.034278 0.12492 0.12314 -0.06179 0.0482 0.38842 0.43112 -0.022836 0.0029476 0.028203 0.016309 0.012177 -0.0066013 0.013025 0.0096501 0.12634 -0.022762 0.30659 0.37587 -0.13477 -0.070503 0.35534 0.45875 -0.014428 -0.0015985 0.018195 0.0086386 -3.8937e-05 -9.1528e-05 3.8937e-05 9.1528e-05 0.0044207 -0.025743 0.020617 0.035868 -0.014825 -0.025576 0.020791 0.030291 -0.00039818 -0.00012661 0.00039818 0.00012661
