34 64
108.15 110.34 2.0633 1.3661 0 0 0 0 0 0 0 0 0 0 0 0 0 0 0 0 0.026914 0.026792 0.029134 0.031055 0.01491 0.1733 0.074225 0.24169 -0.016379 0.16337 0.055098 0.19108 -0.020454 0.046026 0.021846 0.048096 0.0048463 0.03679 0.23941 0.43813 0.03016 -0.065226 0.34874 0.44617 -0.027925 -0.056937 0.21922 0.31234 -0.08291 -0.01838 0.11614 0.13522 -0.032355 -0.055444 0.063191 0.12291 0.013815 -0.056458 0.082799 0.10435 -0.0064152 -0.060499 0.082366 0.092048 -0.014621 -0.021184 0.030205 0.027024
95.964 116.03 2.0949 0.83331 0 0 0 0 0 0 0 0 0 0 0 0 0 0 0 0 0.031892 0.057985 0.031892 0.057985 0.023447 0.19932 0.11314 0.21939 -0.07475 0.10649 0.098446 0.13731 -0.0020207 0.00084905 0.0020207 0.00096198 0.074952 0.11364 0.36653 0.33371 -0.13411 -0.035997 0.34815 0.36316 -0.17981 -0.03349 0.23816 0.18047 0.014413 0.0073622 0.042686 0.029699 -0.03531 -0.076749 0.2631 0.16288 -0.053782 -0.095032 0.16761 0.13782 -0.030926 -0.0085605 0.089861 0.070821 0.017668 0.010366 0.065805 0.038058
131.7 135.86 2.0269 2.289 0.018455 0.00052006 0.027314 0.023677 0.021654 -0.033071 0.14885 0.12724 0.022305 -0.05208 0.22401 0.24494 0.0071239 -0.003161 0.24752 0.30797 0.029117 0.029763 0.085302 0.09785 -0.0035295 0.029737 0.19418 0.20664 -0.032531 -0.061008 0.14101 0.17277 0.055677 -0.09241 0.13094 0.17624 0.0047707 -0.019542 0.10169 0.10588 0.029175 0.010671 0.20679 0.25003 -0.068873 0.13653 0.30903 0.3603 -0.02107 0.016608 0.093273 0.090426 0.0034206 -0.0065488 0.016197 0.022163 0.042561 -0.018757 0.082078 0.072063 0.01815 -0.032693 0.16957 0.15818 -0.0094617 -0.019674 0.064112 0.074085
106.81 138.1 2.0166 1.3049 -0.0041456 -0.090116 0.17536 0.18137 -0.010488 -0.14939 0.18557 0.21306 -0.065599 -0.084531 0.13573 0.11665 -0.0071086 0.00064945 0.027137 0.015203 0.023061 0.037901 0.099756 0.12878 -0.013862 0.054716 0.16169 0.22804 -0.02226 0.0085315 0.098683 0.10478 0.017209 0.016512 0.14437 0.060741 -0.030875 -0.029803 0.32835 0.37513 -0.059069 -0.050516 0.18351 0.29051 0.054031 0.042504 0.1881 0.21658 -0.05071 -0.0096953 0.18647 0.099393 -0.0041345 -0.03932 0.066193 0.099567 0.01621 -0.016765 0.079202 0.13 0.0013519 -0.011019 0.12938 0.22301 -0.0078581 0.018041 0.069588 0.070811
109.18 139.44 1.8801 4.9696 0.0090399 0.016691 0.082134 0.07772 0.014665 0.020409 0.12217 0.24594 -0.024649 -0.020439 0.093102 0.15276 -0.012947 -0.025194 0.043407 0.067697 -0.014412 -0.029472 0.14461 0.10662 0.022998 -0.04328 0.13183 0.23212 0.0096027 0.065624 0.13704 0.2632 -0.022526 0.089451 0.15002 0.24665 0.017153 0.036651 0.052612 0.054914 0.0055362 -0.013267 0.12023 0.16402 0.071372 -0.068694 0.27422 0.33697 -0.016649 -0.054692 0.22739 0.28808 -0.0076824 0.095386 0.13874 0.15451 -0.06794 0.15286 0.16752 0.22679 -0.045282 0.01662 0.088865 0.11545 0.028293 0.010514 0.059571 0.076893
136.03 141.95 2.3147 4.7432 -0.011787 -0.0097863 0.03845 0.052811 -0.0032102 -0.0041577 0.020389 0.048461 0.028411 0.033061 0.05205 0.12394 -0.012021 0.019459 0.041462 0.051877 0.0061978 0.079825 0.16973 0.29018 0.0074102 0.12529 0.15287 0.28649 -0.01922 0.016647 0.13113 0.31759 -0.014875 -0.02766 0.053972 0.086927 -0.006976 -0.064292 0.2391 0.29408 0.024688 -0.06522 0.25368 0.27833 -0.053204 0.014652 0.23009 0.24182 -0.021888 0.017055 0.04688 0.037371 -0.0073136 -0.0066405 0.045484 0.050535 0.070074 0.035729 0.14006 0.20977 0.0081614 0.072683 0.19047 0.20805 -0.045742 0.042801 0.10305 0.098474
72.139 146.71 1.8811 5.7852 0 0 0 0 0 0 0 0 0 0 0 0 0 0 0 0 0 0 0 0 0.074894 0.065887 0.088917 0.15155 0.039244 0.13756 0.11468 0.23378 0.0071996 0.087459 0.083107 0.1102 0.016413 0.003918 0.016413 0.0049536 0.10261 0.15068 0.29223 0.31893 -0.045891 -0.029398 0.32182 0.38542 0.018904 -0.026229 0.17751 0.16049 0.016777 -0.0024929 0.016777 0.0060838 0.047797 -0.087414 0.21223 0.31852 -0.064128 0.012567 0.16841 0.32004 -0.0090775 0.049283 0.073183 0.099417
147.65 151.71 2.0385 1.5276 0.0022487 0.0083618 0.026356 0.017131 0.041822 -0.031725 0.062172 0.053304 0.074531 -0.011229 0.2291 0.23762 0.0065874 0.023212 0.17661 0.1905 -0.063288 0.0069094 0.18166 0.089015 0.072404 0.056041 0.14405 0.22831 0.012856 -0.010911 0.19598 0.52845 -0.024292 -0.086592 0.08765 0.17226 -0.040377 0.017261 0.13239 0.12386 0.027964 -0.037044 0.13722 0.17044 -0.045285 -0.067451 0.10795 0.24525 -0.0018585 -0.0035744 0.030658 0.066008 0.012593 0.032388 0.17308 0.089086 -0.048225 0.070774 0.21767 0.093196 -0.017592 0.069903 0.14196 0.10602 0.0053971 0.019614 0.063815 0.070812
173.58 156.09 2.0084 3.4887 -1.1717e-17 1.1341e-16 1.2607e-16 1.998e-16 2.6218e-18 1.4579e-17 6.2905e-18 1.4579e-17 0 -0 0 0 0 -0 0 0 0.0094072 0.042884 0.036836 0.095581 0.021922 0.1671 0.087849 0.27154 -0.059849 0.073262 0.073568 0.10061 -7.5174e-05 0.00020778 7.5174e-05 0.00020778 -0.075786 0.044539 0.17436 0.26549 0.028383 -0.040655 0.23064 0.31001 -0.045899 0.051241 0.42109 0.56253 -0.041559 0.015933 0.051292 0.07181 -0.027098 -0.049593 0.077685 0.1216 -0.0012912 0.0085271 0.10434 0.10596 0.0010333 -0.057868 0.10822 0.14651 -0.014472 -0.010962 0.023495 0.031613
76.147 158.4 1.9944 5.8148 0 0 0 0 0 0 0 0 0 0 0 0 0 0 0 0 0.024898 0.069372 0.036562 0.082321 0.011221 0.17985 0.069474 0.21169 -0.039547 0.12881 0.12137 0.15491 -0.027581 0.070354 0.037011 0.07313 0.05289 0.11273 0.1821 0.26267 0.0052282 -0.021355 0.28385 0.34674 0.053243 -0.016381 0.26498 0.23875 -0.021015 0.063861 0.10981 0.2081 0.019554 -0.019561 0.16333 0.29081 -0.048176 0.046521 0.17478 0.32722 0.042595 -0.028074 0.10771 0.14063 0.051035 -0.015398 0.080659 0.16864
113.98 157.43 2.0943 1.6878 0.017387 -0.068047 0.10639 0.1678 -0.020173 -0.07537 0.26516 0.4138 -0.030155 -0.023186 0.10278 0.20845 -0.0043437 0.028836 0.067183 0.088496 0.0067327 -0.0052295 0.031886 0.064422 0.0074259 -0.024831 0.12713 0.22245 0.063445 0.0053357 0.15662 0.30733 -0.030287 -0.027653 0.14956 0.25772 0.040541 0.056659 0.056822 0.077125 0.043976 0.15112 0.12749 0.18786 -0.017464 0.088663 0.16976 0.29407 -0.022702 0.04062 0.14549 0.13881 0.036764 -0.026169 0.052852 0.062206 0.022246 -0.057946 0.093558 0.1543 -0.018142 -0.026471 0.14098 0.1155 -0.0090165 0.0020622 0.12378 0.055316
165.2 163.64 1.8016 2.4967 2.7288e-18 1.0254e-17 2.4816e-17 1.0254e-17 0.059709 0.040326 0.085035 0.060576 0.07225 0.047844 0.20573 0.24835 -0.05869 0.0095111 0.13657 0.13782 0.011329 0.0039078 0.011329 0.0049524 0.10525 0.024194 0.30373 0.20246 -0.018864 -0.077975 0.26306 0.27049 -0.026796 -0.03144 0.097754 0.10885 0.045426 0.0075863 0.045426 0.019981 0.072272 0.060498 0.30326 0.30527 -0.11857 -0.012906 0.22073 0.28192 0.049123 0.012284 0.19638 0.13136 0.01779 -0.0086837 0.01779 0.0126 0.05136 -0.052582 0.16854 0.15738 -0.045758 0.041109 0.15804 0.14011 0.012155 -0.014681 0.067952 0.043091
132.13 169.64 1.6335 2.0231 -0.023952 0.018411 0.10809 0.071472 0.0006891 -0.057237 0.11483 0.14912 -0.012605 -0.0044809 0.068363 0.11884 0.04474 -0.039711 0.12213 0.15863 -0.020403 0.03135 0.26935 0.12788 -0.057542 0.078765 0.23929 0.16338 0.041718 0.15007 0.11451 0.19314 -0.028267 0.12427 0.15666 0.19436 0.008909 -0.086856 0.17849 0.12575 -0.040706 -0.077805 0.22313 0.18102 0.24984 -0.035314 0.29044 0.30359 -0.000824 0.037382 0.14917 0.22724 0.0069358 -0.011075 0.017064 0.013979 -0.0075796 -0.014802 0.032742 0.024749 0.1071 -0.06309 0.12143 0.097557 0.023085 -0.064232 0.083412 0.17018
94.833 175.24 2.2129 5.467 0 0 0 0 0 0 0 0 0 0 0 0 0 0 0 0 0.02508 0.11576 0.067535 0.1422 -0.014184 0.20078 0.11416 0.27057 -0.065547 0.11296 0.12189 0.18222 -0.01153 0.027627 0.017211 0.028944 0.027222 -0.094383 0.14866 0.19234 0.063951 -0.02613 0.25938 0.34883 -0.03797 0.10407 0.22692 0.38735 -0.043124 0.05055 0.089192 0.12882 0.018945 0.050918 0.095409 0.13278 0.084412 -0.028938 0.24669 0.25403 0.064765 -9.9075e-05 0.14582 0.21202 -0.06338 0.030301 0.098734 0.11792
147.25 179.37 2.187 4.1545 1.0078e-16 -6.2882e-17 1.0078e-16 6.2882e-17 -7.6044e-18 -2.5151e-16 2.2257e-16 2.5151e-16 0.0031422 0.0039884 0.0031422 0.0039884 0.00075593 0.013023 0.0045287 0.013023 0.0077217 0.018522 0.019307 0.026767 0.08324 0.089587 0.15028 0.15131 0.031473 0.14418 0.25058 0.25809 -0.01129 0.12811 0.18372 0.22358 0.043646 -0.011663 0.069643 0.076964 0.12042 -0.041493 0.28518 0.30225 -0.070758 -0.088153 0.38031 0.31696 0.0041071 -0.10209 0.27198 0.19363 -0.010923 0.066551 0.086652 0.11783 -0.024044 -0.044664 0.13362 0.13687 -0.0022689 -0.0036813 0.084428 0.1085 -0.0012232 0.058024 0.070151 0.11135
115.45 182.1 1.9556 4.4328 0 -0 0 0 0 -0 0 0 0 -0 0 0 0.0027991 0.0077422 0.010889 0.01028 0.009609 0.0073356 0.009609 0.0073356 0.031143 0.10486 0.0612 0.10653 -0.042821 0.084002 0.071542 0.084554 0.02832 0.0072484 0.073732 0.063554 0.081164 0.1291 0.1917 0.13201 0.073636 0.14121 0.32896 0.30611 -0.055851 0.26836 0.28775 0.3805 -0.065208 0.046648 0.14848 0.207 0.01497 -0.0033336 0.19558 0.081795 0.055472 -0.027658 0.25492 0.15462 -0.063462 -0.12906 0.19595 0.2109 -0.065397 -0.039433 0.086599 0.085574
135.48 181.94 1.8578 5.6431 -0.10241 0.04979 0.16032 0.15802 -0.063561 0.0068265 0.067499 0.036939 0 0 0 0 0 0 0 0 -0.18003 -0.06592 0.23862 0.2308 -0.051394 0.035772 0.15793 0.12015 -0.020649 0.042602 0.07501 0.069325 -0.00022855 -0.00014538 0.00047978 0.00014538 0.003343 -0.092433 0.14903 0.175 0.044403 0.088135 0.34568 0.31063 -0.065082 0.15628 0.26112 0.27598 -0.023922 0.012906 0.024298 0.018433 0.0057224 0.0059014 0.075635 0.058811 0.095163 -0.051714 0.24491 0.21548 -0.038252 0.0087976 0.27196 0.23264 -0.037411 0.012218 0.046169 0.030404
109.56 130.31 2.5489 4.6026 -0.00088514 -0.0070853 0.058531 0.04778 -0.008378 -0.015825 0.08409 0.14911 -0.0043165 0.024945 0.060362 0.11604 0.0056933 0.025688 0.040008 0.076373 -0.024981 -0.012239 0.12743 0.075614 0.018304 -0.0085422 0.10386 0.13698 -0.0046203 -0.034399 0.19175 0.26722 0.012458 0.00067943 0.11237 0.14309 0.046301 -0.0010472 0.063794 0.052921 0.063889 0.15345 0.17669 0.2501 0.00089025 0.17925 0.23886 0.41972 0.015615 0.030674 0.15099 0.41108 0.014257 -0.0078876 0.014525 0.013338 0.039689 -0.09859 0.06342 0.16204 -0.023896 -0.102 0.1087 0.262 -0.01636 -0.057166 0.033039 0.12802
127.39 163.61 2.8491 2.2054 -0.010614 0.0072131 0.083958 0.072218 0.016811 -0.023254 0.14173 0.1613 0.038035 -0.046472 0.26394 0.29357 -0.028351 0.023616 0.17322 0.16902 -0.039205 0.0043941 0.16676 0.13733 -0.030041 0.028858 0.11344 0.145 0.052637 -0.013433 0.215 0.23254 0.016338 -0.0053734 0.2117 0.25303 0.0048842 -0.046416 0.097491 0.074464 0.11271 -0.0043765 0.2038 0.17577 -0.02303 0.089867 0.21137 0.29325 -0.053898 0.028206 0.15788 0.25815 0.00011897 -0.0021919 0.0032769 0.0022052 0.048764 -0.028114 0.058865 0.041078 0.04133 -0.089008 0.11925 0.18076 -0.020706 -0.020479 0.091832 0.11806
86.943 166.15 2.8429 5.4917 0 0 0 0 0 0 0 0 0 0 0 0 0 0 0 0 0.030986 0.069034 0.053715 0.085947 0.037038 0.12332 0.12556 0.20883 -0.050652 0.13597 0.10986 0.21301 -0.033754 0.055569 0.039805 0.066525 0.011899 0.019703 0.21455 0.23787 -0.0061284 -0.0345 0.23537 0.29418 0.084733 -0.036489 0.29946 0.3285 -0.075596 0.09446 0.1579 0.20716 -1.1676e-05 -0.031957 0.089059 0.10196 0.026444 -0.00055338 0.16289 0.298 0.028147 -0.060467 0.22133 0.25165 -0.020804 -0.070724 0.097156 0.13188
155.35 180.46 2.729 4.2909 0 -0 0 0 0 -0 0 0 1.7033e-17 -3.6042e-17 8.8391e-17 1.0828e-16 7.4108e-18 1.3263e-17 2.1244e-17 2.421e-17 0.0070397 0.015005 0.011417 0.01515 0.026584 0.11113 0.071479 0.11404 -0.0077469 0.14259 0.10111 0.15083 -0.010782 0.017158 0.011219 0.017158 0.037422 0.07132 0.10654 0.12852 0.0097675 -0.0072412 0.34775 0.30764 -0.042448 -0.057941 0.49707 0.34476 -0.040602 0.027468 0.22024 0.16791 -0.075123 0.0084925 0.12601 0.1322 0.027917 -0.024434 0.13056 0.13826 -0.018376 -0.01718 0.15828 0.2167 0.016644 -0.033312 0.22225 0.11703
100.89 181.92 2.5716 4.9084 0 0 0 0 0 0 0 0 0 0 0 0 0 0 0 0 0.0033761 0.0065833 0.0033761 0.0065833 0.0094821 0.086111 0.051705 0.086111 -0.008372 0.094488 0.051572 0.094488 -0.0068147 0.012765 0.0091771 0.012765 0.076499 0.092803 0.13482 0.14952 0.035264 0.10272 0.36654 0.27185 -0.022422 0.19765 0.28326 0.38948 -0.07348 0.081591 0.13774 0.16811 -0.022367 -0.029765 0.13479 0.11769 0.035896 -0.043325 0.23537 0.34479 -0.012692 -0.10729 0.17979 0.28516 -0.041278 -0.041077 0.07454 0.10154
141.16 184.69 2.5243 5.1393 -0.0045586 0.012606 0.0075054 0.012606 0 0 0 0 0 0 0 0 0 0 0 0 -0.10939 0.11228 0.14715 0.16996 -0.019563 0.047498 0.094936 0.065954 -0.013406 0.029743 0.023006 0.032206 5.8786e-17 2.6744e-17 5.8786e-17 2.6744e-17 -0.11078 -0.097918 0.19287 0.2765 0.092999 0.019605 0.39578 0.30173 -0.097433 0.14726 0.34285 0.2611 -0.022752 0.028783 0.03432 0.0308 -0.0075893 0.041912 0.080289 0.14612 0.02078 -0.0037586 0.1502 0.19534 0.045537 -0.071443 0.34384 0.2521 -0.053385 -0.0024341 0.089163 0.052253
136.85 140.2 2.9493 4.873 -0.0037702 -0.030314 0.055345 0.087149 -0.025243 -0.031572 0.042624 0.070553 0.0088739 -0.0022297 0.055882 0.064398 0.0085832 -0.020107 0.080247 0.047544 0.0092188 0.014181 0.11006 0.21366 -0.010894 0.074005 0.17735 0.31866 -0.020253 0.024717 0.12285 0.20524 0.0287 -0.0010151 0.085 0.065567 -0.015369 0.0041768 0.12115 0.14255 0.056269 0.028931 0.21145 0.2347 -0.071093 0.083644 0.18607 0.18742 -0.0042359 0.0016094 0.044092 0.028185 -0.0099566 -0.018161 0.14295 0.33058 -0.017669 -0.046346 0.14556 0.51318 -0.070661 -0.056478 0.12013 0.17997 -0.012 -0.0040335 0.014098 0.010207
86.316 165.05 3.3797 5.5077 0 0 0 0 0 0 0 0 0 0 0 0 0 0 0 0 0.033677 0.066274 0.052551 0.080218 0.041645 0.11028 0.12932 0.18076 -0.031584 0.15313 0.12201 0.23411 -0.035887 0.067177 0.048823 0.085614 0.030472 0.022657 0.22271 0.23935 0.002413 -0.007902 0.24307 0.30367 0.11426 -0.016249 0.30125 0.33071 -0.063396 0.086519 0.15435 0.21736 0.020334 -0.032976 0.093129 0.093894 0.024182 0.0020678 0.15738 0.26888 0.043356 -0.03985 0.20044 0.25498 -0.0014238 -0.074744 0.094381 0.12968
159.7 169.02 3.4206 0.72144 0.0027136 -0.012205 0.035251 0.049368 -0.011321 -0.028092 0.2077 0.21592 -0.0050095 0.024311 0.11867 0.11668 0.022668 -0.044809 0.11563 0.11619 0.025766 0.045535 0.26398 0.23244 0.0080989 0.122 0.30562 0.27791 0.01652 0.080065 0.29154 0.37021 -0.075093 -0.018857 0.12623 0.16283 0.031552 -0.06336 0.073658 0.1099 0.057789 -0.085766 0.19492 0.28403 -0.04597 -0.13035 0.15058 0.24742 -0.02239 -0.029346 0.028027 0.038498 4.1877e-18 3.6836e-18 4.1877e-18 3.6836e-18 0.0018073 -0.0036975 0.0018135 0.0036975 4.682e-05 -0.0036398 0.00084813 0.0036398 -3.4568e-17 1.3545e-17 3.4568e-17 3.2733e-17
83.945 180.19 3.4273 5.3362 0 0 0 0 0 0 0 0 0 0 0 0 0 0 0 0 0 0 0 0 0 0 0 0 0 0 0 0 0 0 0 0 0.057958 0.098666 0.10294 0.14389 0.054088 0.18034 0.18918 0.33793 -0.085188 0.23696 0.25175 0.35932 -0.053371 0.078788 0.084275 0.11112 -0.019104 0.019186 0.18172 0.21083 0.059295 -0.0041932 0.24328 0.28804 0.083888 -0.039541 0.28288 0.32491 -0.086809 0.048906 0.14635 0.19063
106.35 116.21 5.4505 1.6323 -0 0 0 0 -0 0 0 0 -0 0 0 0 -0 0 0 0 0.037157 0.078719 0.062247 0.23333 0.011591 0.13409 0.13393 0.57454 -0.06954 0.072516 0.099822 0.1896 -0.0022396 -1.2292e-06 0.0022396 0.00064187 0.026258 -0.046684 0.13017 0.23301 -0.0015194 -0.094538 0.20431 0.47498 -0.052282 -0.013016 0.16343 0.24233 -0.011839 0.012956 0.021417 0.022347 0.005667 0.0056606 0.046175 0.067683 0.010805 0.037369 0.0887 0.14981 -0.0027942 0.026625 0.11416 0.1319 -0.018861 -0.0028805 0.034079 0.025895
122.01 127.42 4.9085 4.7273 0.014778 0.0026588 0.055802 0.06251 -0.014531 -0.02835 0.089221 0.13917 -0.014157 -0.010801 0.056006 0.090408 -0.0015991 -0.0048444 0.071975 0.057005 0.0066594 -0.004791 0.090241 0.10293 0.00095035 0.030106 0.13101 0.26935 -0.005371 0.079688 0.15122 0.2324 -0.019345 0.0080268 0.075028 0.060322 0.048726 -0.016239 0.05483 0.069835 0.029962 -0.059285 0.18783 0.55786 -0.055672 -0.094374 0.16556 0.57525 -0.034078 -0.015623 0.040507 0.051002 0.0013613 -0.0034001 0.0013613 0.0034001 0.0022683 -0.037879 0.0090749 0.040329 -0.0033593 -0.025533 0.0044227 0.025914 -0.00027133 -0.0011131 0.00027597 0.0011131
92.154 154.63 4.6149 1.6246 0.0092646 -0.010733 0.12893 0.38249 -0.058058 -0.043192 0.2016 0.45115 -0.046028 0.014471 0.061384 0.080967 -0.00057104 0.00071986 0.00057104 0.00071986 0.0024185 -0.039895 0.13697 0.2076 -0.0092142 0.013194 0.18504 0.36829 -0.028605 0.02625 0.24882 0.21807 -0.018622 0.0017791 0.021992 0.014633 0.047705 -0.0097171 0.11525 0.15688 -0.027424 -0.033498 0.20074 0.29788 -0.072597 -0.048061 0.15215 0.14616 -0.0071295 -0.0029106 0.008059 0.0044882 0.0044261 -0.017568 0.012285 0.017965 -0.00499 -0.044854 0.023051 0.045573 -0.0058525 -0.011381 0.0067542 0.011597 -3.052e-05 -2.5718e-05 3.052e-05 2.5718e-05
138.31 121.63 6.8724 1.6282 -0 0 0 0 -0 0 0 0 -0 0 0 0 -0 0 0 0 -0 0 0 0 0.076828 0.061346 0.11207 0.20059 -0.014991 0.097138 0.19506 0.56085 -0.039264 0.018919 0.05477 0.10963 0.0096839 0.0093643 0.025865 0.025895 0.051935 -0.021405 0.16451 0.24653 -0.0036637 -0.052178 0.19958 0.5549 -0.032612 0.017218 0.11888 0.1504 0.014006 -0.0024516 0.017652 0.013477 -0.0024165 -0.017793 0.090682 0.11384 0.023413 -0.041238 0.10744 0.18118 -0.027176 -0.020006 0.052654 0.067187
129.27 150.49 5.9599 4.7054 0.0083433 0.019038 0.012035 0.019042 -0.0049121 0.057687 0.031451 0.058399 -0.0011318 0.041432 0.030952 0.047191 -0.0044102 0.0084811 0.0091384 0.0090045 0.032685 0.0070859 0.11375 0.13259 -0.047267 0.0082822 0.17003 0.30568 0.0079757 -0.00035624 0.13884 0.23326 -0.021743 -0.0021454 0.077101 0.063544 0.03961 0.0035451 0.10593 0.1427 0.047424 0.15959 0.24117 0.51377 -0.077704 0.067825 0.24895 0.37316 -0.015681 -0.0057371 0.035075 0.030778 0.026887 -0.017052 0.028613 0.050675 0.0056388 -0.092678 0.085455 0.31159 -0.03496 -0.058027 0.059256 0.15089 -0.0037899 -0.0015628 0.004108 0.0037151
111.35 168.95 6.8873 4.4625 0 -0 0 0 0 -0 0 0 -0.00052659 0.00013442 0.00052659 0.00013442 -0.00037065 0.00028974 0.00037065 0.00028974 0.0066957 0.0038712 0.0066957 0.0038712 0.051122 0.099415 0.10673 0.17704 -0.012784 0.041615 0.16961 0.23203 -0.013631 0.0059618 0.096998 0.099681 0.040111 0.00065739 0.048222 0.015395 0.013432 -0.056837 0.26306 0.29829 0.01302 0.089444 0.29009 0.45049 -0.039335 0.050644 0.12109 0.12529 0.0058962 -0.0023446 0.0071826 0.0035168 0.061812 -0.016869 0.1042 0.14703 0.0012814 -0.039002 0.21906 0.49441 -0.031406 -0.022861 0.060399 0.096402
129.72 187.39 6.3409 4.3477 0 -0 0 0 0 -0 0 0 0 -0 0 0 0 -0 0 0 0 -0 0 0 0.002961 0.0083943 0.0042945 0.012879 0.024772 0.074456 0.095664 0.10647 -0.015733 0.029996 0.043234 0.046026 0.059067 0.03852 0.071153 0.05815 -0.009404 0.086721 0.28408 0.37118 -0.029556 0.0014576 0.25051 0.36705 -0.010636 -0.015649 0.17925 0.14157 0.034998 -0.0056693 0.11711 0.072754 -0.0078667 -0.032138 0.24231 0.28809 0.048478 0.11897 0.29718 0.42165 -0.042331 0.039397 0.11475 0.12403
