49 64
97.598 120.15 2.023 1.9508 -0.00046978 0.0023603 0.00077022 0.0023603 -0 0 0 0 -0 0 0 0 -0 0 0 0 -0.033451 0.067817 0.11087 0.1005 -0.012311 0.063072 0.030255 0.064058 -0.0015183 0.1275 0.0070653 0.1275 -0.010292 0.058845 0.011285 0.059393 0.063471 0.0027313 0.24593 0.26793 0.01653 0.10517 0.1797 0.49247 -0.044632 0.13693 0.11211 0.38852 -0.03261 0.055482 0.10516 0.25531 0.0039419 0.0011905 0.2594 0.17372 -0.059098 -0.10132 0.17365 0.22055 0.036837 -0.10129 0.090395 0.11831 0.00084127 -0.051719 0.072699 0.063731
88.724 122.3 1.9528 1.9378 -0.0021743 0.0029982 0.0021743 0.0029982 -0 0 0 0 -0 0 0 0 -0 0 0 0 -0.016811 0.14696 0.086017 0.17615 0.017081 0.27825 0.071915 0.33052 -0.015765 0.22625 0.092442 0.35591 -0.048402 0.076276 0.063597 0.11368 -0.0055256 -0.080872 0.22237 0.31616 -0.027734 -0.17574 0.14523 0.34889 -0.01504 -0.052769 0.15798 0.22952 -0.075726 -0.0086841 0.15143 0.11813 -0.054195 -0.012783 0.14982 0.093847 0.019715 -0.038347 0.081959 0.084313 -0.00052544 -0.070443 0.07559 0.095179 -0.011665 -0.0098733 0.10383 0.034309
179.53 127.41 1.9985 2.585 -0 0 0 0 -0 0 0 0 -0 0 0 0 -0 0 0 0 0.027349 0.021966 0.036773 0.068771 0.02403 0.15338 0.031308 0.20561 -0.066304 0.20847 0.10697 0.26889 -0.014021 0.021346 0.015604 0.022668 0.055753 -0.00082212 0.07508 0.11754 0.12871 0.036512 0.17604 0.32942 0.050189 0.11913 0.38967 0.42145 -0.1468 0.05566 0.23094 0.097761 0.008112 -0.0024584 0.065537 0.065982 0.08444 -0.060146 0.14155 0.14004 0.1255 -0.036468 0.16613 0.099354 -0.13183 -0.00057565 0.21173 0.052514
78.664 131.08 2.1 5.3435 0.03578 0.014012 0.048308 0.019183 -0.053366 -0.0075075 0.12244 0.05025 0.022781 0.0069655 0.047086 0.031234 0.023673 0.019151 0.063422 0.07669 0.061443 0.0071333 0.12701 0.031209 -0.036683 0.087858 0.2204 0.14495 -0.049229 0.073303 0.15893 0.15237 0.047762 -0.034439 0.13492 0.081799 0.12118 -0.0030832 0.17182 0.08705 0.0039433 0.11179 0.26339 0.25023 -0.06795 0.2028 0.17182 0.25059 -0.012107 0.12611 0.16231 0.17302 0.026698 -0.021313 0.031357 0.028982 0.072454 -0.15838 0.14882 0.29791 0.063256 -0.15122 0.095997 0.3242 -0.0035485 -0.044738 0.131 0.25557
183.85 133.5 1.8934 2.9075 -0 0 0 0 -0 0 0 0 -0 0 0 0 -0 0 0 0 0.0078318 0.011039 0.02962 0.038033 0.039606 0.11114 0.096209 0.22613 -0.046193 0.20786 0.078887 0.22445 -0.013773 0.029176 0.014031 0.029176 0.030515 0.044346 0.054816 0.087117 0.14028 0.067799 0.19058 0.2874 0.090257 0.11424 0.23485 0.40766 -0.14312 0.14446 0.30887 0.21043 0.0017017 -0.008624 0.062902 0.084316 0.085911 -0.051824 0.15692 0.12394 0.10045 0.0011263 0.14118 0.12365 -0.1064 -0.0058666 0.33215 0.10349
164.86 137.95 1.6837 4.9427 0.011424 0.014825 0.11372 0.16682 -0.052924 -0.046689 0.089143 0.090597 0.035489 0.0029016 0.068047 0.042574 -0.013067 0.0083277 0.045312 0.022104 -0.061622 0.054872 0.25086 0.36624 -0.03279 0.10119 0.09746 0.16617 0.020755 0.088915 0.09649 0.14289 -0.029163 0.010338 0.071585 0.03975 0.056487 -0.069445 0.29835 0.30284 -0.053509 0.11262 0.18063 0.22835 -0.041317 0.059827 0.12513 0.15188 -0.038509 0.041668 0.10347 0.11322 0.039977 -0.047955 0.049607 0.059091 0.075293 -0.12806 0.20057 0.31037 -0.049086 -0.067328 0.11528 0.26494 -0.042485 -0.032731 0.058678 0.064883
181.37 139.65 1.9597 3.2748 -0.0017623 0.011905 0.012268 0.023229 -0.0064553 0.019224 0.015685 0.024159 -0.0029871 0.010107 0.0044624 0.010343 0 -0 0 0 0.001875 0.0057164 0.026724 0.053301 0.044374 0.051975 0.11493 0.17029 0.007373 0.14589 0.24483 0.27663 -0.047187 0.069146 0.056528 0.073957 0.014299 -0.0034742 0.079326 0.14992 0.096742 0.045137 0.19112 0.20525 0.099505 0.098677 0.28831 0.28819 -0.12709 0.1309 0.3401 0.20111 -0.010712 -0.0048728 0.040873 0.059309 0.11847 -0.023974 0.14684 0.087036 0.11337 0.049019 0.16026 0.12632 -0.11595 -0.015886 0.35982 0.17423
107.91 144.5 1.9632 3.8767 -0.0050126 0.011223 0.009327 0.015309 -0.00037594 0.0063531 0.0032746 0.0064733 0.00038637 0.0009774 0.00038637 0.0009774 0.00015943 0.00020026 0.00023943 0.00028876 -0.0050197 0.046175 0.077105 0.10562 -0.055426 0.082815 0.092802 0.16532 -0.0053855 0.039746 0.024932 0.048832 -0.0002078 0.01332 0.0086803 0.013688 0.0053323 -0.044343 0.088591 0.11937 0.062837 -0.038312 0.18222 0.47778 -0.02058 0.11247 0.3182 0.54895 -0.037354 0.047688 0.10654 0.1932 -0.014605 -0.023335 0.041371 0.055256 0.080928 0.0064372 0.11194 0.11643 -0.0091668 0.011262 0.27547 0.20504 -0.049792 -0.045256 0.067754 0.069268
172.33 152.53 2.0706 3.5018 -0.022429 -0.015729 0.028713 0.044205 0.0045343 -0.011063 0.026491 0.043173 -0.0062001 -0.0097322 0.034384 0.052453 -0.0040629 0.023936 0.051362 0.049086 -0.0084645 0.0093353 0.044228 0.086016 0.061746 0.063884 0.13377 0.19382 -0.017781 0.089373 0.128 0.27703 0.068787 0.088107 0.19386 0.16926 -0.019441 0.11511 0.21539 0.31837 -0.0045145 -0.0096642 0.16318 0.24272 0.1 -0.043834 0.23162 0.23846 0.096029 0.086266 0.22709 0.16986 -0.037924 0.027879 0.15502 0.17379 -0.10208 0.11067 0.1975 0.20743 0.1034 0.054737 0.16681 0.11708 0.10798 0.069062 0.13844 0.11182
98.461 157.63 2.1083 3.8027 0.0028904 0.0046554 0.0060004 0.0063735 -0.00084038 0.018743 0.016311 0.023431 -0.0036498 0.0051168 0.0084233 0.0086589 -6.1645e-05 9.3667e-05 6.1645e-05 9.3667e-05 0.042683 0.016394 0.0872 0.036167 0.05666 0.096019 0.1909 0.19541 -0.042584 0.14894 0.13753 0.24787 -0.037359 0.045713 0.071729 0.10053 0.042978 -0.015738 0.071092 0.042962 0.076192 -0.011834 0.27596 0.22956 0.0082187 -0.087938 0.21286 0.33266 0.018618 0.036694 0.19725 0.56827 0.02678 -0.0039673 0.036737 0.023432 0.024219 -0.050656 0.12029 0.11802 -0.035837 -0.036908 0.092769 0.13491 0.07913 -0.0089692 0.12403 0.14471
159.99 158.13 1.871 2.8462 -0.011012 -0.00237 0.012352 0.0089439 0.047677 0.012911 0.054401 0.077185 0.0015919 -0.012915 0.10006 0.11174 0.07041 -0.028274 0.095872 0.075914 0.0034376 0.0015097 0.045416 0.064395 0.0029214 0.032603 0.16693 0.19152 -0.01923 0.016509 0.082771 0.10191 0.079837 -0.054665 0.091622 0.069979 0.060716 0.025439 0.096391 0.061366 0.08886 0.17066 0.34147 0.25091 -0.10273 0.16648 0.20886 0.28445 0.0017482 0.049534 0.28928 0.40413 0.063895 -0.0035339 0.13566 0.054518 -0.045737 -0.069524 0.27173 0.15648 -0.056585 -0.10577 0.10076 0.13317 -0.0060172 -0.043337 0.075409 0.075523
173.88 177.56 1.8899 0.95763 -0.0037411 -0.060183 0.090911 0.095348 0.033329 -0.035598 0.19051 0.19298 0.001423 -0.11242 0.23929 0.28462 -0.006681 -0.099792 0.12958 0.20111 0.0089099 0.036643 0.06058 0.067522 0.012312 0.11953 0.057969 0.15775 -0.020326 0.1748 0.1145 0.22506 0.0261 0.047351 0.11313 0.23034 0.038223 -0.033919 0.055501 0.071613 0.1186 -0.091484 0.15101 0.25387 0.079022 -0.051529 0.19781 0.45427 -0.10478 -0.0097332 0.13301 0.19209 0.0017208 -0.0037343 0.0017208 0.0037343 0.018478 -0.035054 0.019315 0.03829 0.0074014 -0.091219 0.030122 0.099134 -0.014713 -0.050158 0.019133 0.05365
83.831 182.07 2.0689 2.2967 -0.00049927 0.0012003 0.0027252 0.0027873 0.07184 -0.070594 0.082533 0.11714 -0.01309 -0.11503 0.13683 0.27057 0.0016826 -0.089649 0.094349 0.13611 -0.0093445 0.077571 0.050905 0.10112 0.021852 0.16635 0.049811 0.24599 -0.010981 0.13866 0.085598 0.29891 0.038271 0.096656 0.051942 0.10884 0.066555 -0.056781 0.093647 0.14964 0.10088 -0.010112 0.14778 0.42123 -0.049913 -0.015132 0.12769 0.44938 -3.4569e-05 -0.038492 0.087942 0.21682 0.010344 -0.019159 0.011429 0.019543 0.02072 -0.08347 0.026828 0.087273 -0.0071852 -0.11586 0.024454 0.12448 -0.010821 -0.048472 0.014069 0.050582
89.713 192.13 1.9209 4.8011 0 0 0 0 0 0 0 0 0.00033499 0.017334 0.0013654 0.017334 -0.0010207 0.0081547 0.0014902 0.0081547 0.060746 0.12349 0.067861 0.12384 0.025689 0.27011 0.11279 0.29296 -0.038939 0.11564 0.12564 0.27217 -0.044434 0.0020913 0.058369 0.053229 0.07174 0.055701 0.23362 0.29242 -0.20734 -0.18221 0.27779 0.42039 -0.079823 -0.12051 0.091757 0.21245 -0.012095 -0.017079 0.014267 0.027619 -0.063668 -0.097231 0.11676 0.12126 -0.049008 -0.054844 0.16627 0.18258 -0.0055979 0.061833 0.037494 0.085394 -0.0040085 0.0073373 0.0040749 0.0099985
93.953 194.62 1.8887 4.8244 0 0 0 0 0 0 0 0 0 0 0 0 0 0 0 0 0.043542 0.14553 0.056123 0.14675 0.0081802 0.23152 0.11615 0.25281 -0.065831 0.13115 0.13875 0.19457 -0.025055 0.011723 0.028742 0.025486 -0.027148 0.045954 0.25756 0.36527 -0.19095 -0.13754 0.25092 0.45885 -0.090462 -0.080418 0.11984 0.24619 -0.01272 -0.0059101 0.014398 0.015293 -0.072121 -0.12307 0.176 0.19524 -0.05225 -0.049298 0.099495 0.117 -0.0011469 -0.001237 0.0028657 0.018158 1.9039e-05 -0.00016931 0.00010139 0.00090163
77.783 196.34 1.9716 5.1838 0 0 0 0 0 0 0 0 0 0 0 0 0 0 0 0 0 0 0 0 0.0029253 0.009189 0.0045078 0.009189 0.0032155 0.011252 0.0042552 0.011252 4.3934e-05 0.00014649 4.3934e-05 0.00014649 0.088387 0.18487 0.096681 0.20116 0.085421 0.33612 0.19111 0.45361 -0.10789 0.19329 0.15758 0.3931 -0.052439 0.077229 0.077148 0.14388 -0.015544 -0.058432 0.089249 0.14382 -0.023971 -0.16287 0.15343 0.35437 -0.039261 -0.12353 0.071064 0.20022 -0.014605 -0.042579 0.043795 0.083826
105.45 121.59 2.8126 1.798 -0 0 0 0 -0 0 0 0 -0 0 0 0 -0 0 0 0 -0.003499 0.016547 0.049422 0.069102 -0.012353 0.10886 0.089457 0.14316 0.020091 0.15378 0.034149 0.15872 -0.016644 0.10847 0.033257 0.13948 0.026349 -0.012371 0.03799 0.026055 0.10359 0.061857 0.36494 0.45446 -0.010749 -0.020617 0.20494 0.52155 -0.035191 -0.019946 0.12768 0.22053 0.0031221 -0.00030239 0.0037722 0.0032002 0.054606 -0.015996 0.21265 0.1731 -0.036924 -0.010801 0.15094 0.14683 0.0042077 -0.025439 0.056328 0.049971
148.22 123.53 2.7306 1.3914 0 0 0 0 0 0 0 0 0 0 0 0 0 0 0 0 0.016789 0.10417 0.059109 0.15523 -0.029157 0.15955 0.054363 0.17803 -0.011287 0.091375 0.13879 0.18594 0.029491 0.011182 0.056065 0.087838 0.045538 -0.0068099 0.14105 0.22274 0.0017696 -0.031376 0.24704 0.53796 -0.14881 -0.00199 0.41016 0.34621 -0.00038961 -0.013255 0.028549 0.022999 -0.0034835 -0.036345 0.071234 0.064057 0.036816 -0.041896 0.12785 0.12728 -0.051573 -0.0014133 0.1603 0.12948 -0.0050336 0.00032836 0.0052207 0.0021764
95.845 128.15 2.8121 5.0099 -0.005562 0.011762 0.062343 0.019297 0.035589 -0.011051 0.078588 0.066859 0.0051089 0.00056016 0.15115 0.12682 -0.027108 -0.002844 0.035236 0.02722 0.038199 0.054879 0.15718 0.091544 0.018371 0.1898 0.14364 0.27092 -0.040291 0.11712 0.39101 0.50535 -0.063552 0.017399 0.094186 0.073544 0.03979 -0.067569 0.068396 0.12272 -0.0046604 -0.14744 0.084956 0.2995 -0.017528 -0.15386 0.16024 0.3448 -0.048182 -0.013278 0.096531 0.079256 -0.00023808 -0.0020292 0.00037227 0.0020292 -0.00027149 -0.0040719 0.00056611 0.0040719 0.0035108 -0.0071261 0.0043854 0.0073559 0.00068742 -0.0062373 0.0093087 0.012719
72.319 136.75 2.7737 5.195 0 0 0 0 0.028652 0.010988 0.055533 0.034494 -0.015756 -0.020444 0.067847 0.069894 0.0048773 0.017123 0.032953 0.054788 0.0015437 0.00059629 0.0015437 0.00059629 -0.00035462 0.028757 0.2627 0.069078 0.0435 0.019067 0.14891 0.10397 0.056702 0.022248 0.14631 0.13871 0.002209 0.00086731 0.002209 0.00086731 0.11316 0.093465 0.33326 0.16313 -0.040976 0.22086 0.21733 0.28886 0.034879 0.1042 0.31837 0.28001 1.7833e-05 9.3427e-06 1.7833e-05 9.3427e-06 0.084315 -0.091619 0.11649 0.16197 0.06352 -0.12907 0.099755 0.32534 0.0015557 -0.051735 0.17684 0.2609
180.48 143.94 2.9432 3.9035 -0.014508 -0.0045677 0.017563 0.045395 -0.0088296 0.0038861 0.026014 0.028563 -0.0031963 0.002072 0.00572 0.0041515 0 -0 0 0 0.0073481 0.02507 0.064165 0.10189 -0.018234 0.050134 0.10216 0.12691 -0.017019 0.047265 0.1128 0.062722 -0.0059761 0.0040074 0.0060954 0.0040074 -0.069394 0.033669 0.14152 0.12926 0.12996 0.096458 0.22692 0.17608 -0.10665 0.16942 0.39646 0.19386 -0.045882 0.016428 0.05565 0.019404 0.062475 0.026795 0.21822 0.16468 0.075845 0.047679 0.26679 0.39106 -0.15442 -0.075486 0.30166 0.32284 -0.036523 -0.0087218 0.041992 0.020024
147.78 167.8 3.0532 0.44657 -0.065399 0.05854 0.12862 0.10923 -0.0081385 0.012366 0.011961 0.013108 1.6304e-05 -3.405e-05 1.6304e-05 3.405e-05 2.4332e-06 -5.0815e-06 2.4332e-06 5.0815e-06 -0.013115 -0.058037 0.36474 0.26071 -0.011044 0.17706 0.25129 0.32068 -0.10907 0.06655 0.26968 0.17113 -0.011248 -0.002408 0.037071 0.01829 0.0022785 -0.0089636 0.1268 0.12179 -0.0062746 -0.18085 0.27219 0.3425 -0.068467 -0.064695 0.30582 0.20516 -0.014407 0.0016558 0.051338 0.032092 -0.0064348 -0.0095565 0.032364 0.05379 0.021043 0.015842 0.049102 0.079141 0.0057383 0.035759 0.090145 0.11344 -0.020438 0.001713 0.028972 0.024471
181.75 174.45 3.0362 1.0865 0.028637 -0.033687 0.10234 0.047096 -0.0019813 -0.089783 0.23421 0.20547 0.10369 -0.055651 0.31989 0.26569 -0.016344 -0.089767 0.25185 0.35363 0.016718 -0.011938 0.032327 0.01963 0.032478 0.0095711 0.12641 0.13703 0.025167 0.081776 0.16963 0.27996 0.017307 -0.015578 0.15523 0.29456 0.0013594 -0.00082041 0.0013594 0.00082041 0.049969 -0.036699 0.057155 0.075908 0.088689 -0.078991 0.15742 0.32229 -0.065462 -0.044396 0.12371 0.23041 1.213e-17 -3.9065e-17 1.213e-17 3.9065e-17 0.00044251 -0.00023281 0.00044251 0.00023281 0.0071678 -0.026048 0.010566 0.026048 -0.0039608 -0.023131 0.010215 0.023362
77.789 184.62 2.8922 2.2994 -4.3661e-05 4.892e-05 4.3661e-05 4.892e-05 0.076154 -0.08077 0.12207 0.15633 0.026653 -0.18709 0.18503 0.29223 -0.028235 -0.03814 0.095548 0.12404 0.053282 0.0021318 0.082494 0.11009 0.063399 0.1897 0.12836 0.41679 -0.0065479 0.16299 0.12153 0.3879 -0.027309 0.0019056 0.14711 0.25464 0.026517 -0.03306 0.028152 0.040618 0.051037 -0.16646 0.079151 0.26864 -0.031913 -0.17192 0.063318 0.26589 -0.033943 -0.072965 0.045054 0.091688 -0 0 0 0 -5.0756e-07 -8.9345e-06 5.0756e-07 8.9345e-06 -7.1177e-08 -1.2529e-06 7.1177e-08 1.2529e-06 -0 0 0 0
181.87 183.86 2.6796 3.5454 0 -0 0 0 2.7283e-16 1.0447e-15 4.238e-16 1.0447e-15 -2.0845e-16 6.8751e-16 4.7626e-16 6.8751e-16 0 -0 0 0 8.8029e-05 0.0023674 8.8029e-05 0.0023674 0.021262 0.098171 0.029974 0.098171 -0.0069744 0.098696 0.040873 0.11719 -0.014216 0.02594 0.017605 0.043785 0.099132 0.025497 0.10253 0.077707 -0.010712 -0.0068545 0.3177 0.44557 -0.11288 -0.066342 0.15176 0.2399 -0.0065633 0.045079 0.081439 0.14995 0.047761 -0.01982 0.092258 0.055735 0.0034943 0.0064851 0.25178 0.22464 0.0042397 0.20658 0.28446 0.40818 0.028447 -0.011564 0.14891 0.23228
99.686 195.72 2.4825 4.8187 0 0 0 0 0 0 0 0 0 0 0 0 0 0 0 0 0.040338 0.22206 0.081488 0.22392 -0.0075116 0.23995 0.15907 0.28219 -0.074247 0.053721 0.10179 0.10217 -0.00013714 -1.4631e-05 0.00013714 1.4631e-05 -0.16289 -0.046251 0.26336 0.44176 -0.13542 -0.15692 0.20874 0.45743 -0.065304 -0.044425 0.081255 0.11636 -7.8726e-05 0.00015375 0.00020485 0.001349 -0.078667 -0.091193 0.16413 0.19641 -0.013504 -0.027798 0.021269 0.060593 0.00025685 -0.0024075 0.00086702 0.0081268 1.4481e-05 -0.00013573 5.3063e-05 0.00049737
104.76 119.49 3.5596 1.8479 -1.3317e-06 7.4191e-07 1.3317e-06 7.4191e-07 -0 0 0 0 -0 0 0 0 -0 0 0 0 -0.033305 0.024088 0.074306 0.11366 -0.0020696 0.072654 0.05585 0.083359 0.004561 0.12196 0.019634 0.12196 -0.0089401 0.04036 0.012768 0.04036 -0.034941 -0.026746 0.076593 0.077364 0.12084 -0.0069922 0.40213 0.44316 -0.0068839 0.0027274 0.22241 0.56706 -0.076878 0.0067606 0.14001 0.14098 -0.0051784 -0.00081128 0.0060964 0.004559 0.053174 -0.03424 0.19615 0.14089 -0.048748 -0.042007 0.15753 0.15557 -0.01415 -0.022122 0.1009 0.037142
149.26 120.05 3.5553 1.3946 0 0 0 0 0 0 0 0 0 0 0 0 0 0 0 0 0.014093 0.047725 0.021305 0.048298 -0.0067409 0.12039 0.035649 0.12074 -0.0018706 0.051108 0.061902 0.086261 0.034864 0.045312 0.06731 0.12304 0.10301 0.015341 0.155 0.16801 0.018038 0.031621 0.25683 0.63443 -0.12281 -0.0092452 0.35909 0.34245 0.076743 -0.042513 0.11313 0.128 0.022973 -0.029588 0.066396 0.046497 0.049468 -0.049253 0.15251 0.12518 -0.050638 0.030464 0.16731 0.11369 0.00067037 -0.00046595 0.011056 0.0074395
90.529 137.66 3.6516 4.9521 0.015151 -0.00044118 0.039505 0.018692 0.0022496 0.0082892 0.071676 0.062778 -0.01046 0.045844 0.075553 0.064314 -0.0076756 0.004382 0.0088889 0.0050701 0.022285 0.017356 0.12815 0.030413 0.032864 0.050579 0.2006 0.15517 -0.039129 0.019277 0.34947 0.24958 -0.041074 0.0031227 0.048895 0.028763 0.076083 -0.0078095 0.11171 0.067623 0.040578 -0.02547 0.19377 0.42273 -0.081595 -0.083139 0.34608 0.53904 -0.041038 0.013886 0.082274 0.070387 0.0072593 -0.0074456 0.0075614 0.009393 0.0027994 -0.058635 0.015442 0.071382 -0.0037603 -0.059371 0.026758 0.066803 0.0052235 -0.012295 0.022727 0.04172
73.191 140.41 3.6929 4.9404 0 0 0 0 0.023768 0.0026812 0.081022 0.04454 -0.017964 -0.018471 0.077431 0.089783 -0.011951 0.011906 0.026151 0.042907 0 0 0 0 0.013689 0.0076749 0.19038 0.055489 0.077235 0.0020694 0.20435 0.16274 -0.043054 0.034571 0.18362 0.13893 0 0 0 0 0.1169 0.030912 0.26632 0.16383 0.039459 0.10283 0.28777 0.52748 -0.077248 0.014727 0.30861 0.35584 0 0 0 0 0.035489 -0.040361 0.048529 0.066044 -0.0014765 -0.11925 0.060973 0.20919 -0.011618 -0.059229 0.053852 0.10968
157.07 140.85 3.6236 4.6393 0.016526 -0.00054017 0.016868 0.018162 0.0012144 0.049838 0.1348 0.17371 -0.02157 0.0016107 0.075294 0.067436 -0.0063391 -0.00079824 0.0189 0.011787 0.015963 -0.0015736 0.023305 0.012954 0.0083532 -0.0094424 0.30582 0.23341 -0.024903 0.089291 0.16828 0.16647 -0.024135 0.023948 0.063056 0.035191 0.0040623 0.01589 0.09046 0.079024 0.095584 -0.044162 0.34555 0.47663 -0.038102 -0.034011 0.24217 0.48731 -0.073158 -0.0094067 0.10114 0.075949 -0.00039375 -0.010287 0.016768 0.025096 0.0089268 -0.045659 0.034025 0.054789 -0.0038568 -0.070766 0.040805 0.099935 -0.0079361 -0.0091331 0.0089924 0.012558
83.651 151.68 3.4103 5.4725 0.013354 0.0089815 0.019284 0.017325 0.011099 -0.013587 0.057695 0.095162 -0.0021313 -0.035879 0.029512 0.087408 -0.0052738 -0.030311 0.019635 0.064311 -0.01005 0.0089867 0.13663 0.078134 0.028287 0.032077 0.1101 0.11989 -0.010105 0.10293 0.11554 0.21005 -0.026435 0.030731 0.046343 0.080879 -0.024107 0.099008 0.19285 0.14924 0.013504 0.027928 0.21161 0.17476 0.028988 0.03271 0.30748 0.26726 -0.076491 -0.0085494 0.10981 0.067373 0.052667 -0.06255 0.12409 0.1945 0.012255 0.032941 0.25835 0.38628 -0.12342 0.0055634 0.39598 0.22695 -0.024845 -0.011692 0.034658 0.012925
63.76 165.32 3.4634 2.6864 0.023603 -0.012201 0.055346 0.063771 0.065941 -0.13411 0.18055 0.27776 -0.067559 -0.085692 0.20334 0.22887 0.083392 -0.069379 0.23724 0.24496 -0.033423 0.05624 0.12414 0.24657 -0.02112 0.15604 0.085221 0.30633 -0.033349 0.033293 0.14961 0.31166 -0.033828 -0.08824 0.20909 0.26071 0.019912 -0.085315 0.036702 0.1076 0.007197 -0.15494 0.05636 0.28989 -0.058593 -0.094036 0.071322 0.16669 -0.0086686 -0.014261 0.0092659 0.01664 -0 0 0 0 -2.1935e-06 -4.4814e-06 2.1935e-06 4.4814e-06 -2.4851e-07 -5.0771e-07 2.4851e-07 5.0771e-07 -0 0 0 0
147.41 166.2 3.6178 0.38249 -0.022245 0.023374 0.08775 0.084208 -0.011733 -0.045939 0.033316 0.061352 -0.0072365 -0.037621 0.019418 0.040784 0.003572 -0.0060464 0.011938 0.0087439 -0.068094 0.014386 0.43926 0.33983 -0.0070234 0.14937 0.26742 0.34009 -0.05493 0.066558 0.18127 0.1316 -0.0015959 0.00086971 0.011262 0.0046174 -0.098138 -0.067291 0.20203 0.16937 0.02286 -0.10256 0.23197 0.32925 -0.057026 -0.0097594 0.23913 0.19753 -0.0098711 0.0048458 0.028049 0.019568 -0.0088158 -0.023648 0.037504 0.052789 0.015709 -0.0036679 0.04567 0.082997 -0.011378 -0.012823 0.085639 0.11267 -0.012224 -0.0036839 0.01502 0.012349
78.864 186.37 3.7845 2.3307 0.0003934 -0.0013364 0.0037327 0.0044929 0.12073 -0.018609 0.14131 0.096313 0.0019127 -0.11563 0.38382 0.34058 0.035569 -0.064136 0.21168 0.1879 0.023588 0.00011295 0.032272 0.041853 0.058343 0.060613 0.13887 0.34693 0.0068335 0.013554 0.15402 0.42857 -0.050409 -0.029819 0.18635 0.22313 0.0080415 -0.0076018 0.0086405 0.012104 0.050788 -0.096213 0.071984 0.19818 -0.025406 -0.13445 0.061683 0.24668 -0.027899 -0.043496 0.036859 0.062668 -0 0 0 0 -4.0328e-17 -3.8319e-17 4.0328e-17 3.8319e-17 -6.2272e-17 -5.9169e-17 6.2272e-17 5.9169e-17 -2.7087e-18 -2.5738e-18 2.7087e-18 2.5738e-18
169.81 187.34 4.2832 0.94969 -0.031806 -0.088191 0.15919 0.153 0.11574 -0.10325 0.33127 0.30484 -0.10249 -0.018003 0.29654 0.43402 -0.010016 0.0036679 0.024306 0.028323 0.022965 -0.012394 0.066967 0.079016 0.057213 0.019065 0.14356 0.34139 -0.077807 -0.020976 0.20102 0.38394 -0.012515 -0.0030479 0.024314 0.02989 0.0089447 -0.0047561 0.0097653 0.014251 0.046474 -0.093004 0.068476 0.18841 -0.047441 -0.06346 0.069285 0.12796 -0.0047018 -0.002263 0.0054871 0.0051832 3.8857e-17 -1.2226e-17 4.0586e-17 1.461e-16 3.3428e-17 -1.0998e-16 1.1358e-16 5.9313e-16 -4.6434e-19 -1.1462e-17 1.1741e-17 5.6558e-17 2.9008e-18 -4.6768e-18 2.9008e-18 4.6768e-18
100.86 112.52 5.1777 1.8393 -0 0 0 0 -0 0 0 0 -0 0 0 0 -0 0 0 0 -0.040718 0.053485 0.068068 0.087456 -0.0041244 0.026842 0.013926 0.027205 0.0054961 0.023211 0.0099365 0.023211 0.00013057 0.0032237 0.00097001 0.0032237 -0.047518 -0.024446 0.1563 0.14391 0.10038 0.07988 0.35977 0.44982 -0.097034 0.070851 0.28692 0.57343 -0.053475 0.012052 0.076313 0.049644 -0.014609 -0.0028037 0.028286 0.020752 0.046464 -0.059815 0.21768 0.16075 -0.044062 -0.062113 0.18395 0.15276 -0.01987 -0.0084854 0.055518 0.016266
79.389 123.94 5.2903 1.6817 -0 0 0 0 -0 0 0 0 -0 0 0 0 -0 0 0 0 0.040769 0.065141 0.084318 0.17961 0.008335 0.20493 0.14525 0.4452 -0.083405 0.075397 0.10281 0.12112 -0.00064613 7.7868e-05 0.00064613 7.7868e-05 0.10077 -0.025695 0.23114 0.23004 -0.072436 -0.083524 0.33543 0.52121 -0.080384 -0.034342 0.2589 0.12317 -0.0096628 0.0005154 0.0096628 0.0015465 0.02815 -0.023949 0.054441 0.035822 -0.011147 -0.034526 0.12589 0.11263 -0.024848 0.0031827 0.11473 0.050874 -0.0048922 -0.00044859 0.0048922 0.0010367
168.17 128.31 5.8191 1.321 0 0 0 0 0 0 0 0 0 0 0 0 0.0034155 0.0055591 0.0037638 0.0055591 0 0 0 0 0.10328 0.1053 0.15018 0.19357 -0.063513 0.15704 0.2266 0.43266 0.078477 0.01758 0.19508 0.23603 0 0 0 0 0.09052 -0.090504 0.1835 0.19007 -0.029439 -0.074943 0.42505 0.44843 -0.0077028 -0.021317 0.12785 0.11294 0 0 0 0 0.023185 -0.0061974 0.040052 0.034604 0.0032102 -0.024965 0.12357 0.1579 -0.01318 -0.0062063 0.026298 0.038867
94.086 155.01 5.9532 5.3688 0.0040633 0.0026651 0.0040633 0.0026651 0.022094 0.02406 0.035839 0.076169 -0.014356 0.013019 0.029354 0.086004 -0.0029603 0.0009342 0.0032394 0.0043672 0.020845 0.028027 0.065086 0.040802 0.044453 0.056702 0.18057 0.22028 -0.050445 0.024649 0.1004 0.14115 -0.0036796 0.00049945 0.0042837 0.0056985 0.079593 -0.014533 0.12969 0.12942 0.0023741 0.011879 0.47684 0.55639 -0.099493 -0.010356 0.20574 0.13102 0.0060686 0.044244 0.139 0.10393 0.0079741 -0.012325 0.010106 0.015036 0.0046962 -0.066236 0.084204 0.10923 0.076842 0.023489 0.21692 0.21041 -0.035948 0.048363 0.1671 0.15597
80.666 164.12 5.2625 5.4451 0 0 0 0 0.0061588 0.018841 0.0069596 0.018841 -0.0019747 0.045313 0.014125 0.045313 -0.0021477 0.0048335 0.0025588 0.0048335 0.021163 0.016846 0.035931 0.028753 0.016898 0.012056 0.11995 0.2055 -0.019089 -0.00073574 0.077153 0.22756 -0.016704 -0.0025514 0.024172 0.038316 0.053791 0.085483 0.17584 0.1219 0.033238 0.1529 0.32016 0.3278 -0.10756 0.057991 0.23274 0.20795 -0.0085771 -0.0036205 0.011688 0.0065974 0.056508 -0.046512 0.087735 0.11031 -0.0059638 -0.062283 0.38738 0.45214 -0.11526 -0.034263 0.21464 0.11217 0.035094 0.032882 0.088853 0.067202
59.518 188.36 5.0583 5.6271 0 0 0 0 0 0 0 0 0 0 0 0 1.7067e-18 2.2171e-18 4.9438e-18 6.4224e-18 0 0 0 0 5.3937e-18 -4.1519e-18 5.3937e-18 4.1519e-18 7.311e-18 -7.1494e-18 2.3715e-17 2.6549e-17 -2.6502e-18 -3.4428e-18 7.0941e-18 9.2158e-18 0.049171 0.046645 0.087055 0.099585 0.058257 0.011418 0.15655 0.45177 -0.06276 0.032743 0.17004 0.46798 -0.029251 0.011047 0.0389 0.049852 0.0050221 0.11494 0.27181 0.24123 0.011801 0.1094 0.30638 0.40811 -0.096397 0.0031104 0.15623 0.18912 -0.0059398 -0.0060395 0.0132 0.017632
61.069 101.77 7.6493 1.2205 0 0 0 0 0 0 0 0 0 0 0 0 0 0 0 0 0 0 0 0 -8.6134e-05 0.0001853 8.6134e-05 0.0001853 -2.7547e-05 5.9262e-05 2.7547e-05 5.9262e-05 0 0 0 0 0.038786 0.042628 0.085468 0.087663 -0.02243 0.14371 0.47153 0.58945 -0.093646 0.029036 0.14045 0.12306 -0.00026703 0.00025563 0.00026703 0.00025563 -0.032898 0.0025368 0.21537 0.2087 -0.0020565 -0.10589 0.30984 0.31315 -0.057169 0.0085966 0.19503 0.092227 -0.0049747 0.00064083 0.0049747 0.0016185
96.98 101.99 5.7422 1.8068 -0 0 0 0 -0 0 0 0 -0 0 0 0 -0 0 0 0 -0.013387 0.021186 0.01916 0.022968 -0.00063629 0.00058031 0.00063629 0.00058031 -0 0 0 0 -0 0 0 0 -0.051068 0.003729 0.20089 0.2242 0.072145 0.14592 0.29585 0.53724 -0.13494 0.10186 0.23189 0.38939 -0.017381 0.0039271 0.018795 0.0066809 -0.0095921 -0.024482 0.085459 0.052667 0.016577 -0.083139 0.29929 0.27249 -0.076248 -0.05421 0.21725 0.1722 -0.011016 -0.0015595 0.018844 0.004567
186.31 109.52 6.2778 2.5125 -0 0 0 0 -0 0 0 0 -0 0 0 0 -0 0 0 0 -0 0 0 0 -0 0 0 0 -0 0 0 0 -0 0 0 0 0.01897 0.016674 0.036439 0.029084 0.097614 0.18587 0.41189 0.38782 -0.14974 0.10577 0.24139 0.15322 -0 0 0 0 0.017715 0.020617 0.12014 0.064503 0.072385 -0.066103 0.37908 0.41295 -0.10592 -0.019778 0.27812 0.29179 -0.0069438 0.0075695 0.013018 0.012504
104.24 129.18 7.5046 3.2565 0.018936 -0.0045761 0.050099 0.043957 0.082775 0.010508 0.27145 0.2591 -0.082653 -0.011811 0.25884 0.15088 -6.9753e-06 6.0446e-05 6.9753e-06 6.0446e-05 0.022722 0.011864 0.043372 0.034439 0.050005 0.063293 0.29044 0.37327 -0.083022 0.0055822 0.18395 0.14256 0 -0 0 0 0.026805 -0.0084613 0.10251 0.097032 0.062964 -0.092384 0.42602 0.3773 -0.11213 -0.032566 0.2563 0.12024 0 -0 0 0 0.0017766 -0.0070048 0.0067673 0.013167 0.004154 -0.028108 0.023495 0.050001 -0.0058527 -0.013443 0.013878 0.016669 0 -0 0 0
167.88 128.58 7.071 1.3988 0 0 0 0 0 0 0 0 0 0 0 0 0.0024696 0.0034191 0.0024696 0.0034191 0 0 0 0 0.10339 0.091388 0.15711 0.21495 -0.067576 0.11092 0.23233 0.38197 0.07894 0.060628 0.24818 0.32729 0 0 0 0 0.086597 -0.07425 0.1691 0.18171 -0.044442 -0.096783 0.43829 0.39502 0.026765 -0.056059 0.18342 0.1355 0 0 0 0 0.021956 -0.0041389 0.037516 0.039371 -0.0060922 -0.024334 0.093805 0.10742 -0.0017825 -0.0054272 0.012009 0.010043
97.239 158.49 6.161 3.4846 -3.1357e-05 9.5683e-05 3.4561e-05 9.5683e-05 0.022966 -0.0093451 0.04248 0.03532 0.026601 -0.045879 0.13763 0.23315 -0.0074188 -0.045508 0.23163 0.17257 0.0063322 0.013567 0.049148 0.018328 0.032391 0.055463 0.10017 0.1153 0.046094 0.14826 0.20921 0.34556 -0.037059 0.00039362 0.13186 0.12328 0.023102 -0.012074 0.076689 0.037329 0.02291 -0.023842 0.20214 0.19641 0.084853 -0.015824 0.54869 0.34219 -0.085278 -0.0013222 0.18269 0.060715 0.0038202 -0.0035106 0.0045415 0.0039067 0.0018643 -0.019157 0.02503 0.04905 0.012954 -0.05731 0.077292 0.10161 -0.013402 -0.01654 0.023411 0.018468
62.798 152.09 10.504 5.6666 0 0 0 0 0 0 0 0 0 0 0 0 9.6849e-19 1.3666e-18 9.6849e-19 1.3666e-18 0 0 0 0 0.016085 0.024047 0.031636 0.045533 -0.00019184 0.029463 0.072331 0.15971 -0.0060692 0.00071614 0.0082232 0.012639 0 0 0 0 0.13578 -0.011976 0.35147 0.36358 -0.10501 0.0024839 0.43113 0.43525 -0.016759 0.028324 0.063309 0.044318 0 0 0 0 0.01943 -0.033776 0.048703 0.051914 9.7454e-05 -0.023438 0.40317 0.32914 -0.041167 -0.0017163 0.10395 0.077365
