52 64
134.35 120.78 2.1948 1.3176 0 0 0 0 0 0 0 0 0.0092348 0.012667 0.0092348 0.012667 0.050786 0.078825 0.053582 0.088353 0.051864 0.057834 0.051864 0.062052 0.052331 0.28342 0.15616 0.34854 -0.0083645 0.1405 0.17385 0.24306 0.05793 -0.030913 0.18117 0.25084 0.1131 -0.0012811 0.16478 0.11863 -0.0052436 -0.13711 0.27025 0.4196 -0.047847 -0.091031 0.21155 0.3099 -0.017075 -0.042806 0.092273 0.10265 0.01762 -0.015039 0.083515 0.040316 0.01763 -0.032415 0.088356 0.0525 -0.0082258 -0.018465 0.075249 0.064709 -0.00049873 -0.019482 0.036998 0.042409
104.1 126.63 2.3712 4.8588 0.014668 -0.0073442 0.048724 0.043846 -0.0067338 0.019382 0.11273 0.0909 0.00056574 0.034494 0.058197 0.055195 -0.010105 0.0089596 0.033362 0.043407 0.065024 0.0017859 0.1666 0.074533 -0.01877 -0.0064089 0.26426 0.17378 0.011 0.00035763 0.11114 0.092364 -0.0064867 0.033642 0.07388 0.071671 0.032931 -0.021148 0.057599 0.045029 0.16612 0.0086641 0.31923 0.33694 0.0094275 0.23662 0.22593 0.46624 -0.047826 0.053745 0.12593 0.18042 0.0011738 -0.0012668 0.0011738 0.0012668 0.081669 -0.072062 0.087906 0.10033 0.013357 -0.16691 0.089188 0.28081 -0.030073 -0.069605 0.047811 0.10901
133.06 129.83 1.9804 4.8406 -0.01185 0.013252 0.035536 0.040445 -0.00070046 0.01507 0.039283 0.043894 -0.0067758 0.025952 0.038268 0.034537 0.0092871 0.0057246 0.053441 0.02885 0.0030722 0.035865 0.073327 0.085049 -0.022203 0.057089 0.14685 0.15558 -0.040804 0.0058183 0.14652 0.077805 0.0013688 0.018183 0.092079 0.059729 -0.055977 0.047812 0.15073 0.2284 0.072489 0.071464 0.23852 0.41887 -0.064178 0.18296 0.27807 0.5011 -0.081099 0.013859 0.15766 0.12097 -0.027311 -0.066358 0.038043 0.091607 0.033666 -0.10085 0.055021 0.14248 -0.0042725 -0.15695 0.083581 0.24351 -0.030359 -0.03083 0.033931 0.044828
124.04 132.09 2.0513 4.8237 0.00058023 0.024962 0.037757 0.034478 -0.01443 0.028099 0.049073 0.075113 -0.0019102 0.012872 0.030074 0.038911 -0.0032639 0.01481 0.0146 0.019982 0.0011873 0.0074948 0.075248 0.05849 -0.016172 0.05274 0.1189 0.1306 0.018602 0.046869 0.12859 0.14028 -0.029255 0.0088194 0.077292 0.044327 0.009563 0.18928 0.12899 0.27032 -0.034415 0.10939 0.18677 0.27372 0.0327 0.1534 0.24245 0.37424 -0.053544 0.16011 0.13841 0.21589 0.00073495 -0.098662 0.09484 0.28388 -0.069236 -0.10465 0.11582 0.22012 0.068107 -0.11628 0.11245 0.24749 -0.028888 -0.085579 0.093526 0.20269
150.47 131.12 1.7091 3.081 0.015841 -0.046834 0.060107 0.10333 -0.076295 -0.094938 0.11627 0.12735 -0.015897 -0.0055289 0.016084 0.0087573 -0 0 0 0 -0.0071586 -0.017265 0.073925 0.16033 0.012446 0.026771 0.10076 0.18566 -0.018251 0.091844 0.10057 0.16387 -0.015862 0.026952 0.021749 0.027369 0.0031676 -0.0072814 0.039661 0.081396 0.026907 0.022022 0.075907 0.16621 0.20793 0.12945 0.40478 0.42068 -0.14813 0.07451 0.22144 0.11225 0.020666 -0.0055856 0.025372 0.022326 0.012034 -0.0004362 0.075312 0.10812 0.15588 -0.050212 0.3735 0.20296 -0.10727 -0.024961 0.19261 0.06691
80.058 140.7 1.8681 2.3449 0.043683 0.0021313 0.12397 0.11641 -0.036394 -0.11807 0.31231 0.26829 -0.031871 -0.039676 0.16784 0.174 -0.003496 -0.00060247 0.0036801 0.003322 0.0099518 -0.036496 0.22763 0.23398 -0.024537 0.068643 0.29077 0.31954 -0.012607 0.02943 0.11944 0.17013 -0.0041763 0.0033805 0.0041803 0.0054106 0.035827 0.035756 0.13941 0.21061 0.034002 0.034456 0.1762 0.32855 -0.11317 0.048976 0.25039 0.19898 -0.029658 0.0019819 0.030026 0.011784 0.0076916 -0.026685 0.059909 0.081775 0.016437 -0.020645 0.079631 0.097452 -0.071701 -0.058897 0.10428 0.069305 -0.0056827 -0.0021061 0.0056827 0.0021414
89.583 146.95 1.9564 2.7883 0.0023484 -0.0069765 0.029905 0.027046 0.040251 -0.012761 0.078942 0.093361 0.049248 0.008882 0.15264 0.17308 0.022339 -0.0053239 0.18824 0.19558 0.0094036 0.025615 0.062839 0.0711 0.060303 -0.050402 0.16074 0.3381 0.015917 -0.093659 0.22742 0.39627 0.00048108 -0.060783 0.19258 0.286 0.026564 0.019626 0.066693 0.14323 0.021055 0.08301 0.093292 0.32313 -0.052779 0.10932 0.17965 0.29646 -0.024638 0.019884 0.076205 0.10416 0.013803 -0.0055791 0.030824 0.062804 0.02313 -0.030195 0.043029 0.1174 0.014376 -0.026792 0.095522 0.12083 -0.048164 -0.014693 0.064947 0.050171
101.93 145.56 2.0384 3.4604 -0.008297 0.00053631 0.017526 0.020192 0.0051412 -0.0035825 0.091941 0.048494 0.031264 0.031342 0.11358 0.10195 0.033957 0.017989 0.088081 0.093839 -0.0080155 0.026819 0.053737 0.04744 0.028933 0.021874 0.095653 0.087849 0.10563 0.0215 0.15349 0.18031 0.018687 -0.010492 0.10836 0.13275 -0.015787 0.032954 0.09789 0.15462 0.032107 -0.0068978 0.23724 0.37381 0.092427 0.0065885 0.29893 0.34491 -0.006314 0.074352 0.23686 0.26536 0.0050224 0.015427 0.085717 0.10685 -0.033023 0.022587 0.2315 0.17279 0.056075 -0.057929 0.15805 0.21061 -0.0070146 -0.05119 0.11672 0.21526
180.2 146.2 1.9266 3.905 -0.095441 0.10215 0.14023 0.22944 -0.048503 0.018924 0.049271 0.034188 -0.00034465 0.0017094 0.00034465 0.0017391 0 -0 0 0 -0.18084 -0.12511 0.22469 0.27029 -0.082222 0.060693 0.1398 0.11477 -0.045295 0.082768 0.13786 0.1099 -0.0083639 0.0040996 0.0083639 0.0045194 0.022268 0.0050968 0.12151 0.19066 0.055705 0.22471 0.15841 0.25181 -0.15321 0.12387 0.28294 0.18082 -0.022178 0.0005353 0.022178 0.0054955 0.027369 -0.038833 0.094947 0.1094 0.10089 -0.15182 0.15783 0.31968 -0.16956 -0.11245 0.21118 0.17489 -0.0079348 -0.0022442 0.0079348 0.0027603
170.43 147.07 1.8338 3.8069 -0.038696 0.036773 0.15068 0.35028 -0.16555 0.022627 0.17772 0.14273 -0.0079284 0.025044 0.040754 0.044552 -0.0075871 0.010843 0.01685 0.015686 -0.057285 -0.18666 0.123 0.26532 -0.064765 0.015797 0.13797 0.18857 0.051589 0.1671 0.1367 0.18422 -0.079241 0.048347 0.12258 0.067117 0.035718 -0.03342 0.050905 0.083591 0.1012 -0.092411 0.15314 0.27434 0.070324 -0.071236 0.25465 0.3915 -0.13971 -0.035305 0.16868 0.088583 0.017226 0.0035478 0.06879 0.08025 -0.019361 0.0064006 0.1084 0.13033 0.00073743 -0.064702 0.046939 0.097055 -0.015053 -0.022829 0.018664 0.024089
89.251 149.5 2.0099 2.7555 0.0035886 -0.004589 0.026725 0.024137 0.045377 0.017986 0.084785 0.11002 0.062352 0.0048152 0.17187 0.20154 0.008194 -0.018792 0.19513 0.21809 0.0073839 0.021748 0.063829 0.082082 0.045177 -0.051086 0.15833 0.30102 -0.0234 -0.071301 0.2266 0.36347 -0.0096308 -0.0574 0.14067 0.2423 0.033276 0.024222 0.068741 0.14957 0.023816 0.058541 0.10444 0.3383 -0.043058 0.10436 0.19064 0.35025 -0.052295 0.044691 0.10215 0.11291 0.009631 0.00074024 0.033358 0.056699 0.018245 -0.018136 0.047023 0.12594 0.026556 -0.040966 0.082118 0.10901 -0.050606 -0.027336 0.074285 0.058296
163.03 149.45 1.9768 0.13028 -0.027611 -0.023713 0.086817 0.11642 0.00095206 0.011584 0.095205 0.16213 -0.01926 0.0078483 0.031124 0.055703 -0.00037709 0.0011892 0.0024422 0.0053485 0.023832 0.081811 0.039364 0.12018 0.01376 0.15931 0.090129 0.29582 -0.03203 0.1091 0.055615 0.18803 0.063502 0.11678 0.069744 0.13011 0.088033 0.021252 0.22146 0.18507 -0.10416 -0.008206 0.15471 0.24138 0.044312 0.041042 0.1422 0.22438 0.15961 0.12089 0.32885 0.3408 0.038464 -0.058406 0.093854 0.060853 -0.058416 -0.066691 0.083898 0.096081 0.10537 -0.062275 0.12016 0.099716 0.016314 -0.11823 0.1535 0.24568
75.4 152.27 1.9835 5.7426 0.00063413 0.0010566 0.00063413 0.0010566 0.033833 0.060307 0.034616 0.063397 0.0090811 0.078077 0.053002 0.13821 -0.0015767 0.02404 0.031657 0.065111 0.069098 0.058569 0.078936 0.059621 0.021251 0.11062 0.15556 0.17607 -0.030002 0.012004 0.10048 0.22446 -0.014455 0.021946 0.076808 0.10827 0.099893 -0.050079 0.14594 0.11112 0.047672 -0.11522 0.25474 0.38675 -0.02889 -0.038419 0.15377 0.43281 -0.057543 -0.031867 0.11053 0.21066 0.0025402 0.021033 0.059074 0.10386 0.0097977 -0.057481 0.16779 0.23741 -0.026249 0.003435 0.19054 0.2887 -0.029652 -0.013791 0.079161 0.09843
82.614 155.97 2.1483 3.0123 0.0074643 0.0012134 0.034886 0.032182 0.014942 0.02203 0.077512 0.11541 0.04402 0.0023788 0.12506 0.29948 0.027821 -0.031677 0.12491 0.19815 0.0068053 0.025191 0.054388 0.15477 0.043969 0.090917 0.11877 0.33927 -0.017838 0.13855 0.16339 0.46567 -0.043428 0.0099458 0.15119 0.20194 0.0058283 0.0069528 0.055052 0.089674 0.055604 -0.032644 0.095041 0.22498 0.081404 -0.048932 0.16243 0.25158 -0.0928 0.037037 0.20194 0.17172 0.012646 -0.027023 0.035298 0.052799 0.016655 -0.042206 0.053264 0.14687 0.003181 -0.073077 0.042961 0.12048 -0.031037 -0.05794 0.050535 0.064621
96.322 163.78 1.7998 3.0999 0.011629 0.0085625 0.042899 0.031446 -0.020822 0.0090085 0.051186 0.054752 0.0096244 -0.011489 0.090374 0.058773 0.049423 -0.012606 0.089663 0.071967 -0.0018281 0.013497 0.042542 0.062487 0.026239 0.0053913 0.11614 0.10018 0.023402 0.074996 0.1401 0.17488 0.062593 0.061219 0.17861 0.30813 0.0017685 0.015715 0.091444 0.14143 0.0211 0.044103 0.12524 0.31133 0.013221 0.12398 0.17815 0.44005 -0.0052493 0.020608 0.24386 0.37362 0.0042036 0.0066992 0.052828 0.077477 0.017894 0.0036088 0.074927 0.14571 0.060179 -0.03774 0.10627 0.23368 2.7146e-05 0.01071 0.14323 0.17453
106.78 163.35 2.0382 2.5196 0.0080838 -0.0014611 0.014181 0.012901 0.018899 -0.0074762 0.17226 0.16894 0.034578 0.0016325 0.23775 0.17586 0.080391 -0.050674 0.16907 0.13965 0.0076373 0.019177 0.03987 0.049527 0.016191 0.018216 0.10453 0.11651 0.017099 -0.028233 0.14295 0.13479 0.13043 0.024679 0.22472 0.30959 0.026614 -0.0079651 0.067353 0.082508 -0.017864 -0.020226 0.14242 0.12122 0.062149 0.060563 0.21553 0.23621 0.028845 -0.0058704 0.2588 0.39368 0.015118 0.019363 0.02099 0.043583 0.027238 0.05223 0.054776 0.14684 0.050208 0.034249 0.14482 0.24052 0.060305 0.018131 0.12069 0.22249
112.04 167.99 2.0295 1.3701 0.012234 -0.010385 0.10798 0.16784 -0.026498 -0.046126 0.20678 0.3495 0.091054 -0.055887 0.19049 0.16454 0.044249 -0.011614 0.3445 0.16551 -0.0069911 -0.066226 0.12976 0.18407 -0.011307 -0.039059 0.1704 0.20971 0.032838 0.029973 0.16712 0.20221 0.082931 -0.0726 0.28302 0.22217 0.0091323 0.019289 0.041644 0.028407 0.054505 0.0070068 0.12416 0.12169 -0.042462 -0.0086386 0.21683 0.2425 0.066765 0.0029344 0.19569 0.098944 -0.00061156 -0.0080275 0.052491 0.061904 -0.0022859 -0.017435 0.038925 0.044331 -0.0090344 -0.031728 0.036243 0.051656 0.051333 0.0011931 0.1025 0.043112
82.123 169.99 2.0458 2.9593 -0.00058165 0.021584 0.030376 0.06948 0.014769 0.054591 0.069668 0.12893 0.010091 0.04452 0.12988 0.21131 0.024498 -0.019678 0.093058 0.23569 0.0014565 0.011546 0.096281 0.15308 0.020356 0.022219 0.12713 0.34019 0.1149 0.00010631 0.17368 0.43216 0.03677 0.035973 0.12059 0.39777 0.04738 -0.037336 0.08241 0.11913 -0.00089677 0.017094 0.12736 0.19338 0.061035 0.036344 0.1567 0.24699 0.049548 -0.0095215 0.084118 0.17168 0.0071969 -0.011764 0.0075084 0.011956 0.020875 -0.062057 0.039355 0.084487 0.024065 -0.085307 0.062704 0.1424 -0.0080253 -0.067889 0.023195 0.10122
88.08 173.95 2.049 2.8573 0.013005 0.0014347 0.019478 0.020992 -0.0081159 -0.029342 0.063616 0.068564 0.024675 0.023713 0.11346 0.10951 0.026947 0.016529 0.090524 0.17426 0.0054619 0.031373 0.060414 0.14571 0.016424 0.070887 0.10933 0.3042 0.060952 0.048765 0.15165 0.39979 0.054854 0.10044 0.13849 0.4021 0.045484 -0.024495 0.096556 0.12983 0.010105 0.038539 0.1504 0.25985 0.037407 0.0052694 0.14467 0.30537 0.053068 -0.050602 0.095671 0.25283 0.013175 -0.016567 0.015952 0.019304 0.044326 -0.067138 0.067666 0.11725 0.015128 -0.058166 0.092578 0.14769 0.011286 -0.0453 0.067218 0.1548
105.62 175.43 2.0709 0.43531 0.02236 -0.083582 0.20289 0.24809 0.017253 -0.095207 0.29525 0.30668 0.039305 -0.070043 0.3287 0.25944 0.010665 -0.022379 0.15535 0.14843 0.022954 0.0084878 0.12949 0.088107 -0.011043 0.04615 0.21514 0.1953 0.050861 -0.053956 0.23475 0.19133 0.023347 -0.072796 0.19848 0.23925 -0.014034 -0.02324 0.097816 0.08478 0.030733 -0.067898 0.2083 0.16812 -0.062773 -0.036255 0.14962 0.084747 0.0099143 -0.051834 0.056608 0.069835 0.011989 -0.0019276 0.028647 0.027512 0.0031402 -0.0015553 0.093859 0.086842 -0.0088781 -0.0064131 0.018818 0.012503 -0.0021794 -0.0011585 0.003021 0.0035945
84.035 178.27 2.131 2.9113 0.0015634 0.047298 0.031885 0.058969 -0.0055428 0.048014 0.061172 0.12796 0.019463 0.050143 0.10603 0.1701 0.018513 0.037243 0.10725 0.20292 0.050788 -0.026397 0.084128 0.15216 0.0020703 0.012607 0.18747 0.31981 0.028808 0.0028722 0.15175 0.44693 0.10031 -0.013518 0.14484 0.37113 0.038693 -0.026218 0.042119 0.04452 0.082626 -0.059893 0.1699 0.24983 -0.001347 0.010866 0.18362 0.24024 0.054866 0.015929 0.12541 0.21702 0.0012544 -0.000678 0.0012544 0.00069043 0.015574 -0.027788 0.017571 0.02966 0.012662 -0.073605 0.049318 0.1022 0.015923 -0.073001 0.055029 0.12298
72.199 182.08 2.0393 5.5635 0 0 0 0 0 0 0 0 0 0 0 0 0 0 0 0 0.0054353 0.010839 0.0054353 0.010839 0.0026634 0.079271 0.016098 0.079271 -0.0058936 0.08656 0.03209 0.08656 -0.0025435 0.0072823 0.0053665 0.0072823 0.049239 0.17118 0.16779 0.29732 0.018247 0.092294 0.19283 0.36653 -0.036435 0.081841 0.23 0.34051 -0.046169 0.069164 0.1519 0.18564 -0.032842 0.022595 0.14261 0.20402 -0.035198 0.060589 0.20302 0.26658 -0.033386 -0.015089 0.1585 0.39072 -0.0035527 -0.03725 0.091807 0.17607
85.385 186.49 1.979 5.3723 0 0 0 0 0 0 0 0 0 0 0 0 0 0 0 0 0.037596 0.11671 0.055301 0.14065 0.0058092 0.20227 0.13215 0.2687 -0.04149 0.11841 0.14332 0.17667 -0.016604 0.048298 0.050583 0.07634 -0.0051471 -0.03244 0.17333 0.18927 -0.014799 0.03962 0.25142 0.3679 -0.018263 0.015084 0.29522 0.35183 -0.061012 -0.028373 0.1071 0.12296 -0.04231 0.05868 0.17182 0.19315 -0.065073 -0.03507 0.2002 0.30465 -0.0027831 -0.022972 0.087384 0.14099 -0.012295 0.023487 0.031688 0.054201
79.888 189.82 1.9477 5.3273 0 0 0 0 0 0 0 0 0 0 0 0 0 0 0 0 0.00084103 0.00068174 0.00084103 0.00068174 0.011651 0.048493 0.025482 0.048493 -0.0099205 0.05529 0.012913 0.05529 -0.000858 0.002283 0.0016036 0.002283 0.087217 0.14387 0.12603 0.24181 0.0067907 0.1394 0.27151 0.35971 -0.026041 0.09074 0.31644 0.3245 -0.045814 0.030348 0.16517 0.17501 -0.037336 -0.0029943 0.16985 0.16191 0.019491 0.02656 0.23941 0.3174 -0.044923 -0.065072 0.21821 0.32352 -0.038007 -0.044006 0.0707 0.071187
90.198 192.48 2.0503 5.7153 -0.0021344 0.032475 0.0068321 0.032475 -0.00011153 0.0062324 0.0014469 0.0062324 0 0 0 0 0 0 0 0 -0.042434 0.074391 0.16525 0.28358 -0.12655 0.1583 0.21114 0.28274 -0.032002 0.064239 0.036584 0.07673 -0.00030524 0.0012171 0.00030524 0.0012171 -0.0050685 0.0081006 0.16383 0.38132 -0.014451 -0.014201 0.26828 0.476 -0.12446 0.00076879 0.2173 0.29656 -0.019242 0.00022241 0.024374 0.011961 -0.020894 -0.041831 0.076845 0.1727 -0.013074 -0.029991 0.073126 0.17628 -0.018233 -0.031026 0.033106 0.060859 -0.0026326 -0.0030836 0.0082166 0.0086149
143.39 129.9 2.4795 4.631 0.0077872 0.013671 0.026629 0.026161 -0.017764 0.024678 0.053029 0.032693 0.0061374 -0.0074991 0.10501 0.067956 0.045257 -0.014968 0.087255 0.038418 0.004087 0.032511 0.094268 0.10827 -0.053202 0.019325 0.14979 0.09293 0.0087437 0.052029 0.21385 0.12294 0.0089342 -0.0087613 0.06954 0.033767 0.054117 0.070377 0.16794 0.22543 0.015945 0.17917 0.30126 0.54075 -0.18138 0.051858 0.32259 0.28035 -0.02431 -0.0051786 0.027994 0.018143 0.0006464 -0.066031 0.052121 0.10296 -0.0056102 -0.16102 0.069918 0.22045 -0.059514 -0.072387 0.065541 0.090056 -0.0023489 -0.0012182 0.0023489 0.0018868
169.57 136.49 2.8647 2.005 -0 0 0 0 -0 0 0 0 -0 0 0 0 -0 0 0 0 0.021428 0.013698 0.024281 0.030372 0.051114 0.18175 0.16372 0.27013 -0.081149 0.089213 0.13464 0.10976 0.10408 0.079875 0.14105 0.20465 0.043108 0.03291 0.057305 0.063668 0.09015 -0.035465 0.33214 0.23741 -0.11544 -0.0083393 0.36929 0.18571 0.077895 -0.050249 0.1996 0.19883 0.12408 0.052923 0.18618 0.12638 -0.14686 0.099701 0.33078 0.21131 -0.044043 -0.017666 0.12716 0.064127 0.0049606 -0.017369 0.03825 0.037634
71.976 142.35 2.7982 2.2362 0.040375 -0.03789 0.16109 0.14558 -0.12169 -0.069869 0.3353 0.27654 -0.020686 -0.0024965 0.028673 0.0297 -0 0 0 0 0.035372 0.0021263 0.26084 0.25993 -0.046725 0.14661 0.29157 0.41928 -0.063383 0.037236 0.095558 0.08211 -0 0 0 0 0.048447 -0.021108 0.15108 0.19979 -0.072026 -0.09573 0.27222 0.29791 -0.093186 -0.0434 0.11256 0.065457 -0 0 0 0 -0.0011327 -0.025504 0.047818 0.074282 -0.040408 -0.058672 0.070803 0.085871 -0.008869 -0.0065251 0.0094106 0.0068849 -0 0 0 0
75.355 155.56 2.6089 5.7352 0 0 0 0 0.0015449 0.0090822 0.0015449 0.0090822 0.0057473 0.035593 0.0087275 0.04011 -0.0041095 0.021891 0.0068392 0.023095 0.03102 0.031091 0.032912 0.031091 0.056282 0.13378 0.13947 0.2085 -0.025149 0.074773 0.11383 0.22045 -0.014771 0.022461 0.065021 0.11791 0.062356 -0.017844 0.079893 0.06799 0.044935 -0.11118 0.22328 0.41823 -0.061954 -0.057251 0.18348 0.41 -0.025996 -0.032363 0.071386 0.14034 0.047153 0.042777 0.1024 0.10819 0.048324 0.076292 0.30436 0.36209 -0.040801 -0.0060349 0.15861 0.20903 -0.0041645 -0.0054817 0.037012 0.036072
163.96 168.02 2.8452 0.85511 -0.0071007 0.033746 0.061404 0.085554 -0.024931 0.012264 0.081086 0.078662 -0.0047312 -0.0030129 0.011104 0.010098 0.00096473 -0.00090781 0.0037864 0.0032262 0.026938 -0.037981 0.073397 0.08507 0.023739 0.19677 0.13177 0.25487 -0.030764 0.1789 0.06121 0.24123 -0.024284 0.087188 0.035755 0.10263 0.052852 -0.018483 0.057192 0.035971 0.062905 -0.11078 0.20263 0.43593 -0.014679 -0.13222 0.21505 0.57457 -0.075859 -0.071976 0.11612 0.19795 0.0024876 -0.0028707 0.0026094 0.0029866 0.0082354 -0.029575 0.015491 0.045192 -0.0022996 -0.039076 0.02181 0.063712 -0.0051387 -0.01543 0.0061453 0.016723
65.338 169.65 2.7209 5.8299 0 0 0 0 0 0 0 0 0 0 0 0 0 0 0 0 0 0 0 0 0.012813 0.048481 0.012813 0.048481 -0.0059132 0.074682 0.020947 0.074682 -0.0021101 0.012493 0.0032076 0.012493 0.066366 0.14669 0.12926 0.15844 -0.018936 0.17076 0.19334 0.41009 -0.045993 0.07881 0.16329 0.32269 -0.03939 0.050483 0.095363 0.15277 0.082732 -0.05223 0.16963 0.22512 -0.043484 -0.072542 0.16951 0.49336 -0.065961 -0.040789 0.13031 0.30618 -0.007799 -0.028798 0.050811 0.12659
96.138 188.24 2.5996 2.8643 4.2062e-05 -1.1974e-05 0.00028884 8.2222e-05 0.018511 -0.0025675 0.021915 0.014767 0.014431 0.026278 0.097634 0.091258 0.013076 -0.00080776 0.096833 0.071506 -0 0 0 0 0.054091 0.04399 0.076989 0.14775 0.010243 0.097738 0.13984 0.35012 0.069855 0.12327 0.20073 0.36781 -0 0 0 0 0.108 -0.039011 0.12724 0.1785 0.068969 0.011954 0.25151 0.47197 0.087665 0.024765 0.17362 0.38145 -0 0 0 0 0.008975 -0.0064454 0.008975 0.0085271 0.040243 -0.070644 0.056894 0.097366 0.017745 -0.081688 0.06125 0.13791
169.62 188.16 2.6883 4.1847 0 -0 0 0 0 -0 0 0 0 -0 0 0 0 -0 0 0 -0.0010421 0.0046246 0.001139 0.0046246 -0.0034621 0.033097 0.0063865 0.033097 -0.0041713 0.017695 0.0049027 0.017695 -5.5348e-05 0.00017264 5.5348e-05 0.00017264 0.09644 0.032226 0.11174 0.16048 -0.0086164 0.13585 0.1923 0.60106 -0.059821 0.22408 0.16041 0.50009 -0.058697 0.050929 0.070186 0.059773 0.02315 -0.035148 0.027553 0.048335 0.042552 -0.11475 0.080415 0.20755 -0.0026904 -0.11109 0.11889 0.28783 -0.047173 -0.0029386 0.062546 0.051627
125.02 111.26 4.1534 1.7041 -0 0 0 0 -0 0 0 0 -0 0 0 0 -0 0 0 0 0.008124 0.034389 0.0115 0.034389 -0.0091701 0.11347 0.030922 0.11347 -0.0024645 0.12319 0.027091 0.12319 -0.0042442 0.013824 0.0047069 0.013824 0.079261 -0.0016134 0.16778 0.15585 0.020532 -0.0029579 0.25232 0.50557 -0.0072511 0.010191 0.27767 0.60281 -0.087542 0.025366 0.14087 0.13155 -0.0067165 -0.014432 0.083633 0.039304 0.012928 -0.061505 0.07534 0.084056 0.033073 -0.075454 0.10755 0.1121 -0.020614 -0.0047679 0.1124 0.071701
139.3 120.88 3.6008 1.5393 0 0 0 0 0 0 0 0 0 0 0 0 0 0 0 0 0 0 0 0 0.098519 0.11277 0.12832 0.24554 0.046018 0.18512 0.16822 0.40231 -0.04523 0.1067 0.1742 0.36981 -0.020272 0.065671 0.13598 0.12822 0.078197 -0.079011 0.27637 0.26181 0.017079 -0.14272 0.22374 0.33666 -0.0098635 -0.077717 0.15674 0.18473 -0.013574 0.035832 0.12787 0.10897 -0.03271 -0.00084406 0.084336 0.039298 0.0041604 -0.025845 0.03382 0.052373 0.014941 -0.021722 0.036289 0.043771
87.709 138.49 3.6964 2.2635 0.043992 -0.055854 0.11633 0.13233 -0.025626 0.0059321 0.36266 0.4343 -0.11789 0.021544 0.1728 0.12596 -0 0 0 0 0.040207 -0.033919 0.082015 0.083796 0.023244 -0.1472 0.36916 0.29452 -0.10011 -0.060443 0.19251 0.13394 -0.00025575 -0.00021225 0.00025575 0.00021225 0.025726 0.0063132 0.067934 0.066138 0.052358 0.0050277 0.24738 0.29663 -0.068328 0.015343 0.14856 0.17623 -0.0069454 -0.00078862 0.0069454 0.0037036 0.013335 0.00087293 0.039273 0.053658 0.0076451 -0.034751 0.08562 0.11155 -0.03101 -0.032807 0.05301 0.047788 -0.0012993 -0.00067318 0.0012993 0.00068321
135.23 141.25 3.1248 5.0496 -0.01022 0.0099036 0.035365 0.040679 -0.0084464 0.0044048 0.024238 0.050256 -0.0018098 -0.0010152 0.0033101 0.0053175 0.1064 -0.042959 0.12535 0.047867 -0.019413 0.046274 0.10674 0.089102 -0.026247 0.060294 0.099859 0.11415 -0.0053589 0.025403 0.073121 0.060719 0.065723 0.014546 0.12021 0.052608 -0.052261 0.085062 0.16952 0.29755 -0.051418 0.1822 0.27286 0.38744 -0.057128 0.11287 0.27002 0.23032 0.096094 0.020372 0.21214 0.096371 -0.0052842 -0.081824 0.049103 0.13329 0.053617 -0.14344 0.17894 0.34698 -0.090195 -0.069963 0.15658 0.20691 0.026464 -0.025204 0.047674 0.0396
110.5 172.91 3.6831 2.8304 0.076492 -0.12202 0.35606 0.21312 -0.14862 -0.11981 0.24999 0.16963 0.038067 -0.015126 0.076157 0.087005 0.12744 -0.051399 0.23353 0.1976 0.0045619 -0.028751 0.029061 0.028751 0.0027829 -0.0031156 0.063712 0.052304 0.024001 0.0089571 0.14384 0.094543 0.12378 -0.0065093 0.19785 0.21961 0.005736 0.0029398 0.005736 0.0060729 0.026069 0.035654 0.070893 0.14025 0.065563 0.069778 0.1376 0.26778 0.0071383 0.045223 0.1973 0.37344 0.0021641 -0.00053389 0.0021641 0.0025933 0.033588 -0.020995 0.059259 0.093068 0.042417 -0.030822 0.084995 0.18898 -0.0092227 -0.045411 0.089418 0.18123
151.97 184.4 3.6752 0.66564 -0.011137 -0.0066331 0.064549 0.067327 -0.0077948 -0.0047947 0.020295 0.016127 -0.00010533 -0.0023944 0.016949 0.015281 -0.00013682 -0.0041441 0.0079785 0.0075139 0.010611 0.11963 0.13161 0.23992 0.0074971 0.2455 0.1363 0.43145 -0.0882 0.089377 0.1239 0.1697 -0.0037842 0.00020968 0.0037842 0.0014285 0.065224 -0.09859 0.14241 0.23999 -0.079221 -0.22984 0.28198 0.54079 -0.093491 -0.080261 0.11933 0.14707 -0.0012353 -0.00023058 0.0012353 0.00040328 0.0014091 -0.013317 0.0026129 0.013535 -0.0051604 -0.022201 0.0059926 0.022441 -0.00074975 -0.0013905 0.00074975 0.0013905 0 0 0 0
70.984 189.1 3.3369 5.4734 0 0 0 0 0 0 0 0 0 0 0 0 0 0 0 0 0 0 0 0 1.7115e-17 -1.7969e-17 1.7115e-17 1.7969e-17 4.5517e-18 -4.7789e-18 4.5517e-18 4.7789e-18 0 0 0 0 0.06568 0.13734 0.10073 0.15246 0.018448 0.1449 0.17228 0.34579 -0.040809 0.12767 0.22185 0.32035 -0.041149 0.043066 0.077181 0.089006 0.04361 0.15455 0.20479 0.27055 -0.076005 0.093423 0.28719 0.42028 -0.05134 -0.04805 0.19471 0.34455 -0.029784 -0.011931 0.052468 0.075649
94.999 107.12 5.2179 1.0031 0 0 0 0 0 0 0 0 0 0 0 0 0 0 0 0 0 0 0 0 0 0 0 0 0 0 0 0 0 0 0 0 0.019368 0.06021 0.023026 0.06021 0.10219 0.21661 0.42459 0.55605 -0.11411 0.1001 0.25044 0.26476 -0.014847 0.051446 0.11404 0.078342 0.058986 -0.016376 0.16561 0.18755 -0.042561 -0.10323 0.23501 0.27739 -0.028289 -0.053573 0.14622 0.12676 -0.0050092 -0.018257 0.1066 0.05759
169.75 168 5.2434 3.7679 0 -0 0 0 0 -0 0 0 -1.7379e-16 -1.2573e-16 1.7379e-16 1.2573e-16 0 -0 0 0 0.055814 0.060402 0.069132 0.06979 0.039159 0.2375 0.27356 0.39138 -0.11413 0.10322 0.16588 0.18346 -0.004927 0.007899 0.0071079 0.007899 0.059819 -0.040925 0.083321 0.11859 0.01236 -0.19625 0.19112 0.43525 -0.031905 -0.068787 0.26673 0.37635 -0.044298 0.00060556 0.074479 0.069224 -0.0016143 0.0030973 0.015453 0.01327 0.016517 0.015236 0.038645 0.03627 0.0092553 0.068614 0.20455 0.19193 -0.024675 0.0038813 0.043232 0.033702
59.531 173.56 5.1306 5.8426 0 0 0 0 0 0 0 0 0 0 0 0 0 0 0 0 0 0 0 0 0.0012605 0.005069 0.0012605 0.005069 -9.3574e-06 0.0069691 0.002065 0.0069691 -8.9937e-19 -1.9074e-18 2.3418e-18 4.9667e-18 0.065757 0.018993 0.07786 0.071784 0.014528 0.20732 0.25525 0.48618 -0.085388 0.070245 0.15491 0.3647 -0.023038 0.011478 0.031183 0.053085 0.049842 0.020709 0.10465 0.11692 -0.038417 -0.0089669 0.2911 0.52652 -0.055657 -0.045893 0.12808 0.22625 -0.011956 -0.0056559 0.020062 0.033354
84.569 180.71 4.999 5.193 0 0 0 0 1.0924e-17 5.6954e-18 1.0924e-17 5.6954e-18 7.8938e-18 4.1156e-18 7.8938e-18 4.1156e-18 0 0 0 0 0.0079552 0.0091864 0.0090243 0.0091864 0.022482 0.081351 0.073046 0.12468 -0.030513 0.043246 0.085605 0.1016 -0.0041788 0.001053 0.0050342 0.0034519 0.10887 0.054899 0.16879 0.11765 -0.050055 0.080014 0.45858 0.4006 -0.067181 -0.0073262 0.20147 0.17596 0.078778 0.016765 0.10642 0.072717 0.045613 -0.031358 0.066256 0.071229 0.015888 0.034902 0.44866 0.3296 -0.092501 0.06546 0.17759 0.17049 0.076849 -0.0055446 0.095809 0.050829
92.297 100.92 6.4827 0.98706 0 0 0 0 0 0 0 0 0 0 0 0 0 0 0 0 0 0 0 0 0 0 0 0 0 0 0 0 0 0 0 0 0.011129 0.033294 0.011129 0.033294 0.10662 0.24946 0.36005 0.49172 -0.085822 0.14847 0.26854 0.29472 -0.026076 0.054177 0.095998 0.07535 0.054638 0.011724 0.12004 0.12714 -0.021327 -0.086593 0.3051 0.36483 -0.017367 -0.061895 0.17823 0.16884 -0.017347 -0.0099633 0.09696 0.05984
162.15 118.22 6.7563 2.3454 -0 0 0 0 -0 0 0 0 -0 0 0 0 -0 0 0 0 0.011086 0.0061268 0.011086 0.0089575 -0.010736 0.062293 0.062677 0.067057 -0.0017185 0.010029 0.007112 0.010029 -0 0 0 0 0.066213 0.084506 0.242 0.15361 -0.059841 0.026454 0.4008 0.2803 -0.011403 0.13333 0.44428 0.47833 -0.052164 0.044279 0.086972 0.097688 0.035389 -0.050125 0.19522 0.11061 -0.058937 -0.037245 0.15957 0.086268 0.053948 -0.058329 0.19354 0.18799 -0.037678 -0.0070967 0.076731 0.074544
186.06 150.81 6.8265 2.9855 -0 0 0 0 -0 0 0 0 -0 0 0 0 -0 0 0 0 -0 0 0 0 0.01378 0.065851 0.034261 0.065851 -0.0088473 0.061417 0.03347 0.061417 -0.0012845 0.001441 0.0012845 0.001441 0.07535 0.027136 0.081711 0.049104 -0.017249 0.04908 0.55189 0.47909 -0.075968 0.046456 0.29601 0.36848 -0.023568 0.031552 0.055153 0.040379 0.030936 -0.014286 0.044563 0.032143 -0.030955 -0.079267 0.14569 0.12285 0.10986 -0.0030867 0.24829 0.16288 -0.065038 0.017686 0.17877 0.082775
167.15 170.81 5.4862 3.9133 0 -0 0 0 0 -0 0 0 7.0454e-17 -7.2408e-17 7.0454e-17 7.2408e-17 0 -0 0 0 0.054565 0.035571 0.059687 0.072918 0.067061 0.18443 0.25278 0.45422 -0.11708 0.11452 0.18823 0.23623 -0.0076012 0.0050724 0.011013 0.006136 0.042318 -0.024515 0.050783 0.075051 0.043781 -0.19891 0.14767 0.39653 -0.0066318 -0.087006 0.27038 0.38937 -0.04725 0.010777 0.083731 0.071473 -0.0017917 0.0051258 0.016731 0.016453 0.019472 0.023542 0.045725 0.043586 0.0085024 0.057534 0.19394 0.18151 -0.019875 -0.0023836 0.035722 0.028418
62.366 192.78 7.0304 5.6318 0 0 0 0 0 0 0 0 0 0 0 0 -1.6349e-19 -2.1444e-19 4.0893e-18 5.364e-18 0 0 0 0 4.3802e-18 -3.3393e-18 4.3802e-18 3.3393e-18 1.017e-17 6.5687e-18 1.017e-17 1.1547e-17 -1.8505e-18 -2.4274e-18 2.6983e-18 3.5394e-18 0.06069 0.040548 0.071564 0.078498 -0.0039687 0.17632 0.27436 0.43401 -0.07828 0.037807 0.10796 0.13952 -0.0027796 -6.8302e-06 0.0027796 0.0019385 0.10201 0.064808 0.13693 0.13647 -0.069563 0.11556 0.4802 0.50147 0.0076427 0.0058708 0.16586 0.11667 -0.03044 0.11456 0.16588 0.1222
143.71 153.51 9.7598 0.54147 0 0 0 0 0.026133 0.06532 0.10556 0.092818 -0.018121 0.04116 0.090111 0.099182 -0.0091578 0.0048579 0.010042 0.009203 0.00072144 -0.0011995 0.00072144 0.0011995 0.02352 -0.0036264 0.45784 0.37581 -0.057893 -0.049172 0.16311 0.17042 -0.0090689 -0.0078379 0.019126 0.01617 0.0024656 -0.0031284 0.0024656 0.0031284 0.10834 -0.059608 0.27068 0.44411 -0.12314 -0.051407 0.23963 0.4204 -0.0093718 -0.0024339 0.0099725 0.0055321 0 0 0 0 0.01003 -0.023998 0.01406 0.023998 -0.0064584 -0.029389 0.013018 0.029389 -0.00022677 -0.00027909 0.00022677 0.00027909
163.87 93.92 13.065 2.2492 -0 0 0 0 -0 0 0 0 -0 0 0 0 -0 0 0 0 -0 0 0 0 0.0026463 0.002133 0.0026463 0.002133 -0 0 0 0 -0 0 0 0 0.096569 0.035247 0.096569 0.063831 -7.7289e-05 0.09049 0.67175 0.40038 -0.10678 0.056331 0.34257 0.31508 -0.010061 -1.6184e-05 0.010061 0.0012807 0.038082 -0.015051 0.038082 0.026499 0.012401 -0.067167 0.21875 0.12197 -0.038343 -0.053377 0.16249 0.15099 -0.0072705 -0.00080222 0.0072705 0.0042907
125.62 158.94 13.081 4.2704 0 -0 0 0 -0.00082463 0.0018229 0.00082463 0.0018229 -0.0037143 0.007309 0.0037143 0.007309 -6.3573e-06 3.0084e-06 6.3573e-06 3.0084e-06 0.0098684 0.0047293 0.0098684 0.0047293 0.078022 0.049542 0.13346 0.1638 -0.015253 0.027357 0.45184 0.54489 -0.025013 0.002055 0.03802 0.025872 0.020284 -0.0015014 0.020284 0.0080392 0.094816 -0.037772 0.25678 0.30851 -0.071636 -0.10078 0.32322 0.38265 -0.010249 -0.0041904 0.018793 0.0095806 0.00033462 -0.00025491 0.00033462 0.00025491 0.0050995 -0.020948 0.017994 0.024764 -0.0066766 -0.018779 0.015284 0.021081 -0.00010539 -1.7407e-05 0.00010539 1.7407e-05
