31 64
123.4 113.56 1.6399 4.9108 -0.001905 0.010703 0.039301 0.0208 0.0057236 0.016975 0.066903 0.069692 0.0011794 0.0070989 0.07749 0.089888 -0.012683 0.015317 0.033486 0.038583 -0.0059143 0.063793 0.14941 0.2272 -0.0057787 0.094705 0.2235 0.41404 0.027976 0.14913 0.20364 0.40302 -0.0099785 0.11741 0.12276 0.17381 0.015187 -0.079887 0.058172 0.13524 0.010978 -0.14539 0.12721 0.31804 0.0095788 -0.13359 0.10528 0.33929 0.0095099 -0.11871 0.06648 0.21672 2.2737e-05 -0.00011309 2.2737e-05 0.00011309 5.2903e-05 -0.00026313 5.2903e-05 0.00026313 0 0 0 0 -8.5573e-05 -0.0015078 0.00029263 0.0015078
152.54 123.48 2.2746 2.5669 -0 0 0 0 -0 0 0 0 -0 0 0 0 -0 0 0 0 -0.024108 0.014022 0.028945 0.024005 0.047112 0.079151 0.081663 0.096029 -0.021923 0.20467 0.13103 0.21627 -0.015235 0.036155 0.020981 0.036155 -0.025009 -0.010654 0.027824 0.02481 0.077786 -0.034171 0.16398 0.11808 0.18102 -0.06221 0.45745 0.44265 -0.14908 0.11357 0.32285 0.28766 0.0029243 0.0032826 0.0058819 0.0048023 0.014491 -0.0044965 0.06813 0.050251 0.092654 -0.033511 0.14696 0.12154 0.025807 -0.067454 0.23914 0.18377
118.51 129.93 1.8962 5.0427 -0.0059456 -0.0055488 0.017982 0.03192 0.00010055 -0.0042883 0.014511 0.035977 0.0060257 -0.0099241 0.015398 0.038882 0.0059945 0.0016185 0.025105 0.061813 0.0012423 0.015399 0.065628 0.039675 0.016885 0.040688 0.065989 0.075113 -0.018842 0.048646 0.055663 0.10378 -0.0029522 0.011245 0.03281 0.056548 -0.02054 0.1045 0.13176 0.15061 -0.019457 -0.0015518 0.17522 0.18513 0.048893 -0.021664 0.1808 0.17409 -0.035176 0.028722 0.092566 0.089583 0.0085907 -0.027518 0.12862 0.24467 0.001941 0.052043 0.20174 0.54869 0.013732 0.065151 0.2291 0.44729 -0.028171 0.089559 0.12021 0.22004
124.9 131.63 1.9294 4.7697 -0.0012167 -0.0041618 0.0048016 0.030191 0.0045164 -0.0061559 0.007784 0.038674 0.0052001 -0.0098856 0.029707 0.10006 -0.0035114 -0.0092303 0.017714 0.060825 0.0015763 0.0063261 0.021918 0.024524 0.0097404 0.064978 0.041574 0.076839 -0.011897 0.055145 0.05916 0.1005 -0.00057302 0.012262 0.042588 0.049601 0.021474 0.025858 0.086738 0.048304 -0.0084144 -0.015952 0.17079 0.20267 0.016258 0.050803 0.17152 0.19593 -0.0051065 0.058977 0.11343 0.11337 -0.0081049 0.047836 0.16665 0.21443 0.012287 0.071909 0.20986 0.52491 0.033356 0.0052954 0.19648 0.47204 -0.026764 -0.0063855 0.12199 0.29559
75.98 150.13 2.0172 5.8594 0 0 0 0 0 0 0 0 0 0 0 0 0 0 0 0 0 0 0 0 0.068951 0.058439 0.076673 0.10241 0.0064358 0.16305 0.085749 0.18815 -0.034914 0.086918 0.060219 0.090554 0.067628 0.028055 0.067628 0.028055 0.11376 0.16731 0.30115 0.40268 -0.015851 -0.0073086 0.20754 0.33202 -0.0051791 -0.0026545 0.099903 0.14283 0.047665 -0.015508 0.047665 0.034354 -0.0090267 -0.07817 0.23219 0.40173 -0.060013 -0.031451 0.16563 0.334 0.019721 -0.04582 0.092798 0.12174
111.05 161.45 2.0882 1.4398 -0.0067431 0.0084227 0.02413 0.045432 0.0051446 0.012974 0.020323 0.094545 0.023673 -0.0056618 0.064122 0.16032 0.042562 -0.01462 0.1656 0.11088 0.0015801 0.012373 0.051177 0.15626 0.029842 0.11281 0.099695 0.33578 -0.0082967 0.11834 0.12032 0.23176 0.058097 0.05289 0.16109 0.16254 0.043564 0.075337 0.093643 0.19134 0.050904 0.12412 0.19059 0.35941 -0.013573 0.060337 0.21949 0.24173 -0.010535 0.0074282 0.19019 0.12594 0.015361 -0.027033 0.080696 0.11179 -0.00044317 -0.099096 0.1108 0.26472 -0.020181 -0.088187 0.1713 0.2202 -0.038562 -0.052838 0.073808 0.065355
163.98 164 2.1077 3.8029 -4.7641e-17 -4.6438e-17 6.2816e-16 5.9349e-16 -0.00012015 -9.3495e-05 0.00012015 9.3495e-05 -3.3407e-05 -2.5995e-05 3.3407e-05 2.5995e-05 0 -0 0 0 0.041288 0.083044 0.05194 0.08359 0.023635 0.16712 0.12137 0.22348 -0.017655 0.16917 0.087971 0.2412 -0.050076 0.065005 0.076442 0.11203 0.012608 -0.027502 0.12959 0.1836 -0.043488 -0.15415 0.22772 0.29455 0.11342 -0.11056 0.26291 0.36984 -0.12088 0.098503 0.29777 0.32495 -0.02827 -0.040166 0.051389 0.088732 -0.012716 -0.037005 0.041448 0.060996 0.036675 -0.062856 0.052013 0.10701 -0.0060337 -0.1022 0.13477 0.18796
131.96 166.34 2.0392 1.8474 -0.0079867 0.0042434 0.027228 0.034578 0.026221 -0.026707 0.077674 0.16533 -0.001628 -0.035522 0.094941 0.25349 -0.0099944 0.013188 0.026025 0.064843 -0.069925 0.09074 0.17207 0.1746 0.023942 0.1089 0.126 0.1751 -0.013167 0.14364 0.11016 0.31077 0.0047495 0.093106 0.086854 0.23607 0.0071512 -0.035217 0.20875 0.18616 -0.035934 0.020681 0.23486 0.23694 0.10256 -0.0069302 0.22614 0.30298 -0.00089705 0.033456 0.13559 0.22595 0.021166 -0.051003 0.037146 0.055292 0.010989 -0.066932 0.090077 0.14452 0.038806 -0.076925 0.097975 0.19806 0.012918 -0.055108 0.076089 0.16405
161.8 173.84 1.8979 4.1344 2.9165e-17 3.0687e-17 2.0963e-16 1.643e-16 1.3372e-16 9.3388e-17 9.745e-16 9.9359e-16 1.0811e-16 6.7679e-16 1.2289e-15 1.9504e-15 -9.2364e-17 3.4818e-16 1.7758e-16 4.4631e-16 0.01677 0.04569 0.021724 0.04569 0.021532 0.14969 0.042746 0.14969 -0.027664 0.12451 0.038236 0.12451 -0.0026888 0.0083212 0.0026888 0.0083212 0.038924 0.10585 0.14503 0.21929 0.018062 0.059172 0.21313 0.39378 -0.023767 0.12976 0.22112 0.34839 -0.081857 0.14297 0.14516 0.25279 -0.028222 -0.04402 0.096135 0.12134 -0.0068753 -0.070396 0.11601 0.19001 0.092803 -0.088276 0.15364 0.26753 -0.001502 0.059146 0.22225 0.28792
97.958 178.09 2.0197 5.1556 0 0 0 0 0 0 0 0 0 0 0 0 0 0 0 0 0.0055944 0.032748 0.014703 0.032748 0.010853 0.094772 0.04413 0.10135 0.00098632 0.11971 0.041768 0.12045 -0.0073869 0.03453 0.015937 0.03453 0.047103 0.089352 0.096517 0.142 0.050585 0.11279 0.28307 0.36305 -0.028344 0.15018 0.26714 0.48327 -0.046477 0.08833 0.1373 0.28319 -0.024691 -0.057506 0.08341 0.16744 0.044379 -0.11888 0.17006 0.20296 0.054058 -0.013254 0.17616 0.1935 -0.026294 -0.0032935 0.11724 0.16639
123.99 180.11 1.8502 4.7382 0 0 0 0 0 0 0 0 0 0 0 0 1.7444e-05 7.7427e-05 0.00049617 0.00039024 0.0088594 0.10672 0.06234 0.12219 -0.0067462 0.097795 0.074 0.20768 0.0079644 0.10941 0.09919 0.20332 -0.014589 0.10129 0.047061 0.12322 0.010607 0.077268 0.16939 0.25832 -0.05479 0.18385 0.20426 0.42481 -0.041637 0.081029 0.22935 0.28925 0.019224 -0.01923 0.21092 0.19486 0.025855 -0.059316 0.092864 0.13312 -0.044015 -0.124 0.11437 0.31099 -0.047843 -0.086326 0.11446 0.19445 -0.0090894 -0.049424 0.071922 0.078559
107.24 120.67 2.6512 4.7589 -0.002467 -0.017186 0.083841 0.067924 -0.024151 -0.0042784 0.048342 0.050717 -0.00045416 0.0040177 0.0035285 0.016727 0.0018578 0.00056649 0.009651 0.035719 0.010448 -0.014858 0.029147 0.029462 -7.0188e-05 0.051231 0.13472 0.082713 0.010583 0.030468 0.146 0.1427 0.0059141 0.05935 0.087231 0.12956 0.01741 -0.002432 0.017887 0.0085388 0.09505 -0.034978 0.22419 0.3246 -0.0040131 -0.044779 0.28733 0.61759 0.02824 -0.061772 0.11805 0.46988 0 0 0 0 0.0098534 -0.026073 0.013833 0.033834 -0.0027158 -0.043245 0.01785 0.053414 -0.00078768 -0.026481 0.0043579 0.026955
124.04 121.85 2.8928 4.8469 -0.011733 -0.0059078 0.025377 0.035373 -0.0010584 0.0043576 0.0054781 0.022877 0.0031777 0.0036213 0.0097945 0.040222 -0.00017499 0.0006253 0.005084 0.021806 0.003011 0.032307 0.063592 0.058106 0.0035763 0.029415 0.10308 0.14041 -0.009984 0.07225 0.10771 0.13879 -0.0086227 0.051972 0.071905 0.069916 0.044813 -0.027864 0.12158 0.22725 0.0011734 -0.044743 0.20867 0.58157 0.028137 -0.097262 0.16068 0.5751 -0.068366 -0.055041 0.1149 0.24055 0.0035385 -0.013344 0.006184 0.013344 0.0014393 -0.037337 0.010133 0.039331 0.002494 -0.043791 0.0083061 0.043791 -0.0036279 -0.015168 0.0047571 0.015168
141.18 124.59 2.7454 4.6568 0.00018445 -0.0074874 0.0054547 0.026406 -0.0055448 -0.0072424 0.015596 0.080324 0.013994 -0.0046871 0.017768 0.023617 -0.002204 -0.025846 0.11387 0.063986 0.015317 0.023692 0.050174 0.081144 -0.011738 0.068828 0.094909 0.14413 -0.010409 0.073692 0.13618 0.13263 -0.013933 -0.011599 0.038939 0.031047 0.017224 0.039353 0.19287 0.37858 0.032004 -0.028955 0.23361 0.62167 -0.12427 -0.057166 0.23207 0.39692 -0.018012 -0.0058464 0.019623 0.014546 -0.0072804 -0.047306 0.038914 0.10337 -0.0059063 -0.060894 0.025303 0.086203 -0.011302 -0.028229 0.01271 0.02881 -0.00031871 -0.00020176 0.00031871 0.00020176
81.876 159.83 2.978 5.6038 0 0 0 0 0 0 0 0 0 0 0 0 0 0 0 0 0.018832 0.011816 0.018832 0.014404 0.051689 0.15808 0.091193 0.18527 -0.022001 0.17064 0.075324 0.17981 -0.023631 0.063584 0.033959 0.066777 0.13447 0.017424 0.17294 0.10976 -0.02537 -0.0099385 0.33836 0.44726 0.040563 -0.10508 0.25272 0.33557 -0.029122 0.086234 0.17705 0.28006 0.030634 -0.022637 0.053596 0.06721 -0.028194 -0.085083 0.12676 0.23883 0.030981 -0.044394 0.12211 0.10831 0.049623 -0.054417 0.14827 0.14496
170.26 164.66 2.8665 3.7527 1.2424e-17 5.1927e-17 6.5006e-17 8.8767e-17 -1.7872e-17 2.3847e-16 2.1408e-16 3.0669e-16 1.1158e-18 6.4119e-17 2.0848e-17 6.4119e-17 0 -0 0 0 0.0099216 0.015861 0.0099216 0.015861 0.027004 0.15256 0.036587 0.1528 -0.022085 0.12259 0.049603 0.13014 -0.0044316 0.0037731 0.006825 0.0055293 0.074362 0.079098 0.14125 0.18292 0.0058239 -0.035797 0.23263 0.3817 -0.078777 0.10142 0.46466 0.52163 -0.085899 0.033881 0.11054 0.091186 -0.031471 -0.019217 0.095776 0.11812 -0.026529 -0.04723 0.099222 0.10006 0.019904 -0.093498 0.13911 0.18382 -0.02852 -0.0076791 0.047457 0.054933
154.02 171.9 2.6674 4.2672 -3.3376e-05 9.4285e-05 3.3376e-05 9.4285e-05 -1.348e-05 3.8079e-05 1.348e-05 3.8079e-05 -1.6032e-05 4.529e-05 1.6032e-05 4.529e-05 -6.9522e-06 1.9639e-05 6.9522e-06 1.9639e-05 0.033185 0.068935 0.047758 0.10342 0.038338 0.18392 0.11878 0.27609 -0.043987 0.19233 0.1113 0.24427 -0.040049 0.056669 0.044011 0.059854 -0.0060552 0.04002 0.15773 0.20354 -0.013782 -0.13103 0.21236 0.29152 0.11435 -0.11627 0.24655 0.36897 -0.10481 0.089372 0.24171 0.26909 -0.037864 -0.036562 0.08639 0.11506 -0.025578 -0.019493 0.10198 0.16592 0.058908 -0.044245 0.082428 0.089415 -0.025071 -0.07341 0.18767 0.14707
148.72 179.96 2.8824 4.4613 0 -0 0 0 2.2526e-17 5.3931e-17 4.221e-17 5.3931e-17 -3.256e-17 1.1961e-16 2.2299e-16 2.4267e-16 -4.0557e-17 1.6308e-18 7.5021e-17 9.2128e-17 0.0073203 0.050919 0.016158 0.050919 -0.00063903 0.15064 0.036049 0.15075 -0.0079941 0.11157 0.039741 0.11157 -0.0041579 0.011007 0.0045329 0.01106 0.0032988 0.11973 0.12424 0.24778 0.011086 0.0049931 0.30341 0.39982 0.048333 -0.03686 0.28604 0.42932 -0.080251 0.11474 0.1655 0.18742 -0.044019 -0.063211 0.082819 0.1623 -0.034929 -0.02181 0.10053 0.16765 0.064163 -0.070185 0.099001 0.11485 -0.0066801 0.002623 0.28294 0.18597
99.363 182.03 2.7434 5.0383 0 0 0 0 0 0 0 0 0 0 0 0 0 0 0 0 0 0 0 0 -9.8754e-05 0.016727 0.0036981 0.016727 -0.0034652 0.049796 0.01326 0.049796 -0.0011565 0.0033525 0.0011565 0.0033525 0.056697 0.093748 0.07946 0.12029 0.043857 0.15115 0.24266 0.35564 -0.02166 0.21701 0.24093 0.5389 -0.048086 0.11548 0.11468 0.22448 -0.031466 0.0049487 0.15026 0.14992 -0.00086787 -0.10326 0.16106 0.1741 0.03488 -0.12467 0.16385 0.28719 -0.040138 -0.045341 0.10848 0.14701
139.74 116.08 3.6192 1.6647 -0 0 0 0 -0 0 0 0 -0 0 0 0 -0 0 0 0 0.0029479 0.0013358 0.0029479 0.0013358 0.076933 0.12521 0.093318 0.27148 -0.011329 0.17723 0.098172 0.53149 -0.018689 0.094241 0.087963 0.30516 0.015991 0.023851 0.037426 0.031096 0.078646 -0.091796 0.17542 0.30766 -0.016124 -0.1164 0.17357 0.43028 -0.017272 -0.062253 0.12024 0.21509 -0.0040404 0.015142 0.10243 0.059989 -0.020903 -0.001582 0.03643 0.056324 -3.7638e-05 -0.0043522 0.014166 0.069395 0.0048958 0.0011149 0.016789 0.020265
123.3 122.85 3.6966 4.7565 -0.019068 -0.010911 0.05711 0.050187 -0.0027968 -0.036409 0.024741 0.057504 -0.0047526 -0.020672 0.018743 0.082177 0.037941 -0.012323 0.055039 0.045286 -0.0046795 0.0049552 0.059109 0.058384 0.015659 0.048618 0.087242 0.11661 0.0086011 0.13192 0.1104 0.2092 -0.0093918 0.033771 0.088221 0.0872 0.047548 -0.018884 0.067184 0.12539 0.011459 -0.060289 0.19224 0.61768 -0.0042686 -0.095501 0.16845 0.58506 -0.052142 -0.033867 0.071305 0.12521 0.0019384 -0.0055077 0.0019384 0.0055077 0.00048088 -0.033037 0.0062321 0.033037 -0.0011208 -0.028148 0.0032457 0.028148 -0.00046004 -0.0026075 0.00049693 0.0026075
83.844 140.34 3.1335 0.56006 0 0 0 0 0 0 0 0 0 0 0 0 0 0 0 0 -0.067236 0.060946 0.12482 0.14181 0.10615 0.093591 0.18604 0.1882 -0.052246 0.17388 0.20242 0.27284 -0.025539 0.026985 0.032291 0.029508 -0.13436 -0.037604 0.21046 0.22282 0.10692 -0.080976 0.31563 0.24612 0.058012 -0.06804 0.40484 0.3169 -0.090338 0.033912 0.1284 0.067756 -0.050835 -0.0027776 0.092846 0.063691 0.022728 -0.0023574 0.083265 0.059385 0.11865 0.021555 0.19154 0.1467 -0.062613 0.0078712 0.11822 0.055607
101.43 158.14 3.2757 1.9815 0.003953 -0.019593 0.044716 0.1002 0.0011356 -0.033335 0.035504 0.073792 0.0064269 -0.0013597 0.070071 0.082964 -0.012094 0.029273 0.044523 0.072072 0.00418 0.12275 0.11099 0.21318 -0.067577 0.13469 0.15036 0.19422 0.12186 0.057962 0.23067 0.27062 -0.050535 0.041363 0.26154 0.22477 0.057374 -0.072323 0.15543 0.27084 -0.062031 -0.0066767 0.26691 0.38278 -0.0049379 -0.026605 0.203 0.27958 -0.078134 -0.075806 0.12221 0.13686 0.01561 -0.036313 0.026375 0.052359 -0.0025262 -0.09083 0.054347 0.12042 -0.018596 -0.069351 0.031166 0.073975 -0.0072223 -0.011612 0.0073552 0.011733
98.47 184.83 3.2883 5.1158 0 0 0 0 0 0 0 0 0 0 0 0 0 0 0 0 0 0 0 0 0 0 0 0 0 0 0 0 0 0 0 0 0.05641 0.12967 0.071118 0.14183 0.023297 0.22856 0.20577 0.35283 -0.07107 0.22458 0.19967 0.44419 -0.039346 0.094245 0.071555 0.15046 -0.027311 -0.0057276 0.13399 0.15799 0.051515 -0.11464 0.21391 0.25222 0.032765 -0.11396 0.20562 0.35463 -0.025038 -0.0062651 0.13115 0.1885
119.92 183.97 3.7829 4.6333 0 -0 0 0 0 -0 0 0 0 -0 0 0 0 -0 0 0 0.0028886 0.0031925 0.0028886 0.0031981 0.01034 0.076364 0.015274 0.076376 0.0078547 0.11417 0.040706 0.13693 -0.012315 0.076812 0.023764 0.07861 0.07621 0.084283 0.13562 0.15901 0.040434 0.087272 0.25937 0.50177 -0.063192 -0.014508 0.25316 0.43613 0.03356 -0.016077 0.20322 0.30093 -0.031765 0.0039979 0.16481 0.12938 -0.029633 -0.10635 0.10705 0.18606 -0.021709 -0.062862 0.056817 0.19058 0.065013 -0.038018 0.08 0.076168
124.16 106.23 4.669 1.6207 -0 0 0 0 -0 0 0 0 -0 0 0 0 -0 0 0 0 0.003704 0.011278 0.003704 0.011278 0.0052531 0.17282 0.016454 0.17282 -0.012882 0.16006 0.029209 0.16006 -0.0039968 0.011415 0.0039968 0.011415 0.055061 -0.001289 0.073207 0.10068 0.015957 -0.067939 0.19645 0.66677 -0.052556 -0.045175 0.18704 0.55216 -0.023942 0.0012269 0.032198 0.048744 -0.01721 0.010613 0.089647 0.053745 0.0015229 -0.017677 0.027379 0.082005 0.0094583 0.010095 0.036258 0.052148 -0.0049237 0.014326 0.074214 0.053201
84.454 147.52 5.3558 2.8306 0.0049306 0.017172 0.15815 0.08333 -0.024292 0.017814 0.1246 0.060976 0.087995 -0.088008 0.55965 0.31176 -0.069924 0.0037031 0.1974 0.073808 0.072389 -0.056459 0.1865 0.11395 -0.032739 0.10641 0.2708 0.27196 -0.021638 -0.020897 0.30018 0.24898 -0.022976 -0.026882 0.060676 0.032565 0.018581 -0.024509 0.02297 0.027466 0.047556 -0.1128 0.11384 0.21185 -0.035835 -0.050047 0.08653 0.10559 -0 0 0 0 -0 0 0 0 -0 0 0 0 -0 0 0 0 -0 0 0 0
83.614 180.34 5.4062 5.332 0 0 0 0 0 0 0 0 0 0 0 0 0 0 0 0 0 0 0 0 0.0017952 0.0012806 0.0017952 0.0012806 0.00060343 0.00043047 0.00060343 0.00043047 0 0 0 0 0.069821 0.046712 0.082985 0.053721 0.029347 0.12143 0.28368 0.46568 -0.062876 0.18733 0.3119 0.46046 -0.074379 0.084437 0.092863 0.10759 0.037065 0.0010914 0.070908 0.067398 -0.057483 -0.076551 0.1896 0.17796 0.048618 -0.13115 0.18254 0.25398 0.0047594 -0.01256 0.20984 0.19919
91.534 184.53 5.1634 5.1923 0 0 0 0 0 0 0 0 0 0 0 0 0 0 0 0 0 0 0 0 0.00042884 0.00022323 0.00042884 0.00022323 0.00077895 0.00040548 0.00077895 0.00040548 0 0 0 0 0.070667 0.065287 0.092657 0.091327 0.067955 0.1089 0.25383 0.44925 -0.082279 0.25492 0.28313 0.48098 -0.061019 0.11014 0.098008 0.12732 0.034389 -0.033883 0.11055 0.099453 -0.013954 -0.089325 0.16547 0.1843 0.0089031 -0.11857 0.14167 0.24218 0.01668 -0.014315 0.19202 0.20485
138.28 120.76 6.5137 4.9585 0.016855 0.0052833 0.063377 0.060447 -0.0055702 -0.014441 0.081519 0.17521 -0.013116 0.021181 0.10359 0.14267 -0.01401 0.0097714 0.028126 0.017985 0.030035 -0.012534 0.091039 0.11142 0.0080293 0.071953 0.21952 0.61167 -0.025885 -0.016313 0.28124 0.29775 -0.025654 -0.016571 0.068761 0.03817 0.01776 -0.023479 0.030191 0.054912 0.031476 -0.12339 0.13523 0.46022 -0.045244 -0.055517 0.09286 0.17693 -0.00094138 -0.0026796 0.0026525 0.0026796 0 0 0 0 0 0 0 0 0 0 0 0 0 0 0 0
116.45 168.69 6.9034 1.8201 0.0093624 0.02327 0.06408 0.039287 0.019711 -0.020538 0.21812 0.34656 -0.077129 0.0035143 0.19124 0.43167 -0.015743 -0.0003693 0.02066 0.027387 0.051695 -0.029795 0.24278 0.15711 -0.017745 0.051757 0.20662 0.35889 -0.00559 0.044513 0.28105 0.32922 -0.040571 0.0018802 0.10351 0.05564 0.017488 -0.025715 0.031576 0.038496 0.044046 -0.094131 0.083056 0.19916 -0.034588 -0.099042 0.10967 0.20771 -0.016168 -0.013804 0.024663 0.018819 -0 0 0 0 -0 0 0 0 -0 0 0 0 -0 0 0 0
