60 64
73.378 122.28 2.2353 1.1313 0 0 0 0 0 0 0 0 0 0 0 0 0 0 0 0 0.022285 0.045891 0.027223 0.048293 0.038586 0.22224 0.096088 0.30023 -0.073606 0.17184 0.08641 0.19415 -0.0086026 0.012071 0.0086026 0.012071 0.12742 0.17894 0.25985 0.20242 -0.055414 0.057171 0.24873 0.30967 -0.10751 -0.029321 0.22988 0.31651 -0.039882 0.027713 0.12309 0.12384 -0.032858 -0.0069806 0.19524 0.20779 -0.087508 0.034765 0.12645 0.25307 -0.0904 0.041773 0.13279 0.17091 0.0028002 -0.022414 0.094123 0.083213
87.744 124.06 2.093 1.904 -4.8576e-05 9.8895e-05 9.018e-05 0.00012216 -0 0 0 0 -0 0 0 0 -0 0 0 0 0.021943 0.14963 0.096655 0.18658 0.045789 0.31625 0.11709 0.35403 -0.059045 0.19352 0.11253 0.29802 -0.037361 0.057972 0.049243 0.078415 0.086266 -0.040413 0.21045 0.29806 -0.049396 -0.017561 0.20704 0.37774 -0.056591 -0.022097 0.17125 0.20799 -0.067839 0.010752 0.12809 0.12249 0.023118 -0.0062127 0.098267 0.073116 0.048415 -0.055946 0.13061 0.11324 -0.06924 -0.015664 0.11398 0.12083 -0.01287 -0.020741 0.083453 0.045153
100.25 124.13 2.0825 2.0591 -0.00018368 0.00034581 0.0004447 0.00083722 -0.0001044 0.00019655 0.00026342 0.00049593 -0 0 0 0 -0 0 0 0 -0.035427 0.035526 0.22217 0.1226 -0.040398 0.070482 0.07038 0.084089 0.0064897 0.085581 0.014501 0.085581 -0.0091791 0.045655 0.011229 0.045655 0.034954 -0.04897 0.21962 0.15181 0.068724 0.13627 0.36502 0.50493 -0.063911 0.17423 0.16455 0.43513 -0.044278 0.038824 0.11384 0.16626 0.013975 0.0068722 0.046533 0.040562 0.087912 -0.069743 0.16306 0.12274 -0.021486 -0.048978 0.14955 0.13928 -0.020235 -0.029446 0.065374 0.073541
168.71 128.74 1.8541 4.2939 -0.03199 -0.011842 0.050809 0.048175 0.040406 0.020722 0.060101 0.061687 0.011525 0.062944 0.092614 0.082934 -0.02266 0.016669 0.051372 0.022399 0.034389 0.18689 0.12754 0.22039 -0.0060249 0.14059 0.15838 0.19669 0.0066531 0.048672 0.14718 0.13559 -0.067055 -0.0058285 0.096344 0.033556 0.035284 -0.11459 0.116 0.34844 -0.0492 -0.11443 0.12237 0.51323 -0.10645 -0.092818 0.21423 0.43988 -0.03382 -0.019143 0.040165 0.036974 0.0032201 -0.030237 0.0049155 0.031886 -0.0006469 -0.049125 0.0078457 0.069267 -0.011045 -0.029358 0.015047 0.040447 -0.00074103 -0.000762 0.00074103 0.00096958
183.64 131.87 2.1397 2.7176 -0 0 0 0 -0 0 0 0 -0 0 0 0 -0 0 0 0 -0.00038982 0.037526 0.047211 0.10067 0.033044 0.12568 0.056062 0.19775 -0.051471 0.20389 0.077178 0.22509 -0.017219 0.0313 0.020002 0.031427 0.011378 0.0033103 0.068496 0.098234 0.15359 0.024801 0.19622 0.28417 0.098756 0.03853 0.25632 0.28612 -0.10502 0.09401 0.41531 0.22511 -0.0081731 0.0058057 0.051742 0.066015 0.057421 -0.069808 0.12628 0.1245 0.13667 0.014238 0.19896 0.16185 -0.12117 0.016671 0.32704 0.10244
153.77 138.24 1.9968 4.706 0.0065776 0.0029914 0.0065777 0.0051287 0.045515 0.025797 0.10913 0.14864 -0.045943 -0.013941 0.10639 0.12512 -0.00074343 -0.0088086 0.044188 0.021682 0.029448 0.016769 0.047984 0.040031 0.0026265 0.047952 0.24942 0.30948 -0.044618 0.079242 0.078679 0.18957 0.019444 0.044091 0.048929 0.066244 0.030843 -0.0080081 0.16254 0.21869 0.15185 -0.049055 0.29106 0.49042 -0.086531 0.099351 0.19581 0.31098 -0.025273 0.046567 0.081565 0.080348 -0.0002032 -0.010621 0.013198 0.026563 0.030025 -0.06015 0.038931 0.070346 0.048043 -0.12684 0.097441 0.19378 -0.01239 -0.050499 0.058063 0.16951
163.73 138.39 2.3984 4.4801 0.025311 0.0087058 0.091586 0.094348 -0.054149 0.0033374 0.1174 0.1052 0.0050534 -0.014217 0.065316 0.040203 0.00097853 0.0050394 0.035291 0.020436 -0.00049067 -0.020977 0.2043 0.17892 -0.037034 0.041395 0.094726 0.1634 0.057176 0.083664 0.10826 0.13379 0.00072023 0.054517 0.095312 0.078429 0.11155 0.030657 0.21473 0.33358 -0.035059 0.18209 0.19256 0.40602 -0.065974 0.15455 0.15832 0.20791 -0.036951 0.017649 0.11571 0.11306 0.025604 -0.074583 0.062573 0.11344 0.031587 -0.16123 0.069798 0.21113 -0.010531 -0.11933 0.088722 0.32139 -0.044275 -0.045077 0.061467 0.10568
67.95 142.16 2.1045 3.4284 0.01566 -0.0022614 0.031171 0.051041 0.12109 -0.021903 0.14248 0.13793 0.081064 -0.0086085 0.21085 0.22111 0.043681 -0.086055 0.20347 0.16702 -0.015761 0.025315 0.067829 0.11555 0.11298 -0.072928 0.14253 0.21717 0.073852 -0.18897 0.2833 0.30411 0.095063 -0.024754 0.21296 0.16787 -0.011883 -0.033145 0.041473 0.063149 0.046432 -0.039869 0.09086 0.28554 0.029889 -0.040988 0.10254 0.3961 0.0014831 -0.12997 0.13547 0.22748 0.00046886 -0.0040777 0.001853 0.0040777 0.0054663 -0.028069 0.0077054 0.032073 -0.001889 -0.03007 0.0049851 0.03262 -0.0021256 -0.010011 0.0027253 0.010305
101.96 146.12 2.1551 4.0244 -0.0096318 0.020335 0.038097 0.020801 -0.0014812 0.0088626 0.0061722 0.0089005 0 -0 0 0 0 -0 0 0 0.0098866 0.046782 0.12367 0.11851 -0.047141 0.11256 0.12046 0.19196 -0.013659 0.043208 0.055003 0.077218 -0.0096986 0.01835 0.025178 0.019544 0.023721 0.015368 0.10532 0.14 -0.037936 0.084827 0.12994 0.3237 0.033712 0.1823 0.20903 0.38173 -0.037751 0.010918 0.2331 0.36302 0.045897 0.0057788 0.057779 0.10257 0.039364 0.051731 0.086623 0.20761 -0.063661 0.024796 0.347 0.30743 -0.074298 -0.038392 0.09319 0.087807
148.28 146.88 2.2351 5.4949 0 0 0 0 0 0 0 0 0.031742 0.012055 0.032178 0.023947 0.027957 0.03596 0.10509 0.064776 -0.00087155 0.015889 0.0064383 0.015889 0.037639 0.091256 0.061178 0.1296 0.031401 0.13775 0.11999 0.23524 0.008476 -0.030876 0.13352 0.15528 0.091394 0.0052822 0.24318 0.23991 -0.018772 0.1321 0.31635 0.42759 0.023527 -0.07667 0.15146 0.31885 -0.033644 -0.029964 0.1022 0.097485 0.12032 -0.033779 0.14225 0.067947 -0.029705 0.064604 0.31507 0.23553 -0.089643 0.070898 0.11305 0.098751 0.0099886 0.0073725 0.030831 0.025616
66.033 147.99 2.1327 3.6349 -0.042187 0.025276 0.064803 0.048786 0.020872 0.014051 0.07274 0.096134 0.13917 0.028528 0.17948 0.16616 0.052036 0.064977 0.11057 0.17619 -0.036744 -0.0027098 0.10566 0.095917 -0.0062382 0.018918 0.13904 0.17953 0.16201 -0.11406 0.20596 0.29601 0.06539 -0.13924 0.21459 0.27187 0.012822 -0.04625 0.03021 0.048602 0.038257 -0.026901 0.12184 0.17526 0.020516 0.049195 0.15697 0.4785 0.088419 -0.040818 0.14955 0.3226 4.5238e-05 -8.4144e-05 4.5238e-05 8.4144e-05 0.0075483 -0.01161 0.0083588 0.014376 0.010333 -0.046183 0.017094 0.074367 0.0048262 -0.036359 0.011154 0.057722
87.543 153.73 2.1793 5.6061 -0.008018 0.0022196 0.048327 0.057316 -0.018837 -0.017628 0.047529 0.075786 0.0024727 -0.0018931 0.018568 0.05985 -0.0015859 -0.014177 0.013791 0.045624 -0.0066553 0.11666 0.17776 0.13615 -0.03079 0.16921 0.15718 0.26148 -0.025547 0.066546 0.17463 0.27364 -0.037604 0.0057365 0.055037 0.11262 0.00031907 0.076885 0.25475 0.10989 -0.082058 -0.020159 0.34573 0.20757 -0.10032 -0.018885 0.29366 0.2279 -0.032337 -0.033433 0.043643 0.058502 -0.05026 0.11541 0.20991 0.15953 -0.12191 0.039499 0.30577 0.14402 -0.068108 -0.038801 0.15974 0.091492 -0.011011 -0.0044952 0.013329 0.0087588
66.2 158.89 2.0566 2.8162 0.0081274 -0.031511 0.037046 0.094998 0.04939 -0.1333 0.077255 0.24446 0.15602 -0.14487 0.22497 0.21488 -0.049054 -0.12515 0.22169 0.17199 -0.041223 0.12758 0.054534 0.17888 -0.0093008 0.12305 0.080926 0.27973 0.033969 -0.02432 0.14951 0.304 0.048146 -0.014728 0.21763 0.2944 0.012077 -0.059974 0.063558 0.19291 -0.052653 -0.021257 0.088547 0.33042 -0.079504 -0.063078 0.1082 0.18385 -0.0092723 -0.070606 0.082387 0.11901 0.0071482 -0.030184 0.0080336 0.030846 -0.0044604 -0.057938 0.01127 0.061571 -0.011122 -0.022554 0.011196 0.023093 -0.00040606 -0.00067873 0.00042221 0.00067873
98.255 161.52 1.8534 2.915 -0 0 0 0 -0 0 0 0 0.020408 0.0055219 0.020408 0.008927 0.041062 0.032272 0.094621 0.070637 0.0039733 0.0012661 0.0061369 0.0017984 0.019778 0.068146 0.051981 0.074672 0.16007 0.13987 0.24426 0.22939 -0.020454 0.06969 0.31874 0.19723 -0.00072207 0.0037757 0.024505 0.01318 0.10782 -0.030316 0.1725 0.31514 0.10412 0.010427 0.29779 0.43554 0.051927 0.059989 0.25571 0.27086 -0.02111 0.028309 0.059806 0.063252 0.0050323 -0.025125 0.045404 0.094489 0.036372 -0.075943 0.053498 0.15806 0.083861 -0.062792 0.1022 0.11033
67.77 163.82 2.0349 2.6474 0.012847 -0.031721 0.03904 0.098786 0.0099847 -0.12235 0.079859 0.18753 0.11505 -0.13326 0.16995 0.20773 -0.04684 -0.14385 0.22444 0.18318 -0.042852 0.12415 0.061065 0.21146 -0.016197 0.15649 0.065186 0.27082 0.021594 0.012395 0.14442 0.36583 0.039609 -0.031099 0.1702 0.22208 -0.0095123 -0.058934 0.065016 0.21837 -0.018543 0.034624 0.086482 0.32911 -0.090151 -0.032485 0.1193 0.28841 -0.045596 -0.049937 0.070971 0.086354 0.0046521 -0.044637 0.009402 0.044998 -0.0047459 -0.070215 0.019968 0.075569 -0.016847 -0.04664 0.017665 0.049533 -0.0023262 -0.0030191 0.0023262 0.0032084
172.61 171.79 1.8675 3.1161 0.0084254 0.014059 0.010392 0.014171 0.017041 0.039995 0.05163 0.055306 -0.026667 0.0070064 0.038773 0.058503 0.009912 -0.0082077 0.014569 0.042831 0.021066 0.051755 0.076067 0.082384 -0.043308 -0.00070763 0.11117 0.14139 -0.01134 0.045956 0.081806 0.13699 0.010992 0.037807 0.035949 0.11768 0.03248 0.0066988 0.18497 0.15099 -0.070416 0.086133 0.33464 0.34682 -0.0016419 0.0079192 0.11303 0.29219 -0.00393 0.04416 0.080512 0.20415 0.080147 0.0015867 0.23063 0.1157 -0.022543 -0.013541 0.38767 0.19301 -0.0017455 0.13573 0.22051 0.24907 0.018226 0.019547 0.15236 0.15572
158.41 180.2 2.1586 1.1608 0.0083108 -0.010638 0.0789 0.048359 0.074405 -0.04266 0.17196 0.16193 -0.08298 -0.023327 0.11526 0.19165 -0.015423 0.0043032 0.019073 0.024403 0.016779 0.0069717 0.10997 0.085645 0.042439 0.056984 0.18032 0.318 -0.017946 0.059044 0.15263 0.39114 -0.013303 0.049884 0.18628 0.35667 0.011721 0.024444 0.068151 0.091709 0.022589 -0.051422 0.14045 0.35383 -0.040008 -0.10052 0.12273 0.31096 -0.019482 -0.089714 0.1015 0.22018 0.01379 -0.019684 0.023805 0.037484 -0.024953 -0.024274 0.042494 0.070318 -0.013594 -0.0075565 0.024727 0.048002 -0.002575 -4.227e-05 0.0049228 0.0098197
140.43 185.43 2.3155 1.4025 -0.019286 -0.034617 0.095734 0.15362 -0.078968 -0.019366 0.081961 0.13242 -0.0041993 -0.00080108 0.0041993 0.0029671 0 0 0 0 -0.016815 0.039228 0.10597 0.3157 0.0015984 0.17145 0.13513 0.47108 -0.065351 0.087057 0.096776 0.15097 -0.00043609 7.4112e-05 0.00043609 7.4112e-05 -0.011039 -0.081854 0.073207 0.22176 0.0051219 -0.18302 0.14889 0.57277 -0.073825 -0.050083 0.0976 0.21099 -0.00019207 3.2641e-05 0.00019207 3.2641e-05 -0.0045234 -0.0026181 0.012256 0.026632 -0.0025351 -0.00694 0.0045196 0.018988 -0.0002343 -0.001543 0.00065251 0.0040038 1.2459e-17 7.3309e-17 1.2459e-17 7.3309e-17
151.23 188.63 2.2883 4.4653 0 -0 0 0 0.0031634 0.00066093 0.0036129 0.0095964 0.0047787 0.0026315 0.011147 0.024635 0.001297 0.012026 0.0062241 0.01464 0.00921 0.029089 0.011963 0.040005 0.018418 0.11659 0.032847 0.14953 0.015589 0.059942 0.045117 0.14974 0.031041 0.008628 0.058295 0.095562 0.081695 0.0042217 0.11176 0.19807 -0.038833 0.017699 0.1853 0.6239 0.02834 -0.032431 0.16703 0.44344 -0.041284 -0.017377 0.13924 0.24226 0.0076107 -0.018941 0.014919 0.026239 0.040969 -0.0021489 0.062944 0.14934 0.026704 0.10532 0.094491 0.2524 -0.018875 -0.0036036 0.07331 0.083988
170.61 187.22 2.2684 4.068 1.3282e-17 7.7963e-16 8.3856e-16 1.14e-15 3.0345e-17 -1.3048e-16 5.2246e-16 2.7382e-16 3.0286e-16 -2.8624e-16 1.4306e-15 1.0224e-15 -1.8753e-17 -9.1021e-17 8.6668e-16 5.4796e-16 0.006847 0.0088045 0.023662 0.039703 0.064273 0.096045 0.096451 0.13432 -0.033215 0.087074 0.08599 0.12291 -0.014555 0.053965 0.027249 0.058679 0.042584 0.038739 0.073785 0.12648 0.029396 0.14772 0.17109 0.51523 -0.071032 -0.0078447 0.15384 0.29875 -0.011198 -0.024565 0.043902 0.084083 0.00084218 0.015925 0.19728 0.33228 0.0006573 -0.018748 0.17469 0.43773 -0.034846 -0.013238 0.14733 0.19984 -0.017298 0.018419 0.078929 0.081646
79.628 196.72 1.9174 5.0799 0 0 0 0 0 0 0 0 0 0 0 0 0 0 0 0 0.0001353 0.00030469 0.0001353 0.00030469 0.0024298 0.028244 0.010666 0.028787 0.00010257 0.053905 0.014877 0.054248 -0.0017141 0.018035 0.0017141 0.018035 0.10226 0.17984 0.11294 0.19676 0.0020939 0.30447 0.16844 0.42054 -0.069419 0.13292 0.16409 0.4085 -0.088585 0.0040599 0.12621 0.16468 -0.037294 -0.076852 0.1361 0.17355 -0.078668 -0.1953 0.13456 0.33312 -0.033865 -0.10964 0.091839 0.26865 -0.018732 -0.032689 0.040807 0.076923
87.402 200.83 1.7034 4.9248 0 0 0 0 0 0 0 0 0 0 0 0 0 0 0 0 6.0412e-05 0.00030972 0.00038428 0.00037957 0.00034472 0.0010533 0.0015661 0.0012772 0.00021436 0.00869 0.00046727 0.00869 1.7335e-05 0.00059647 1.7335e-05 0.00059647 0.068004 0.2206 0.11232 0.23155 0.0098191 0.30927 0.16128 0.41239 -0.12461 0.11548 0.23907 0.37167 -0.026776 0.0073762 0.046967 0.04343 -0.036033 -0.058329 0.13497 0.20446 -0.097131 -0.1778 0.16234 0.35879 -0.07066 -0.09813 0.11535 0.26422 -0.0083346 -0.0077815 0.014714 0.023121
105.83 124.36 2.9217 1.962 -0 0 0 0 -0 0 0 0 -0 0 0 0 -0 0 0 0 0.0017408 -0.0046836 0.023667 0.012334 -0.010601 0.058712 0.075295 0.074864 0.0060014 0.077575 0.018808 0.077575 -0.0079323 0.051062 0.011818 0.051062 0.015091 -0.0035133 0.019329 0.0080781 0.1647 -0.024374 0.32758 0.34535 0.070135 0.12935 0.31127 0.57202 -0.085836 0.081474 0.16474 0.25441 0.00040295 -0.00028475 0.00051744 0.00076358 0.060016 -0.014616 0.1344 0.12017 0.079373 -0.087093 0.22241 0.18241 -0.041285 -0.048127 0.11363 0.10055
81.628 130.13 2.7466 1.6705 -0 0 0 0 0.0028575 0.039003 0.0054462 0.039003 -0.0014509 0.019776 0.0027458 0.019776 -0 0 0 0 0.087857 0.099376 0.18187 0.26521 -0.0068644 0.18331 0.24931 0.42217 -0.11534 0.091175 0.18791 0.29108 -0.034232 0.013331 0.039599 0.029168 0.081207 -0.065167 0.17291 0.22429 0.022619 -0.12946 0.25349 0.32669 -0.099642 -0.060866 0.24644 0.17452 -0.042927 -0.003119 0.10431 0.028289 0.033596 -0.006023 0.056061 0.052051 -0.0071429 -0.05845 0.12565 0.11963 -0.01036 -0.03868 0.10165 0.057509 -0.013882 -0.00065991 0.04192 0.015168
94.246 130.23 3.0336 2.0414 -0.0010353 0.0080269 0.002759 0.0080269 -0.0014491 0.0044492 0.0018097 0.0044492 -0 0 0 0 -0 0 0 0 0.039799 0.0062407 0.14905 0.081382 0.070884 0.16842 0.26848 0.42608 -0.065957 0.18654 0.14199 0.3787 -0.053036 0.06456 0.068609 0.095367 0.034866 0.0016306 0.050786 0.038891 0.16309 -0.075655 0.30425 0.28176 -0.073527 -0.072834 0.2345 0.28187 -0.076299 -0.0082332 0.14135 0.10278 0.026541 0.00010902 0.034834 0.028934 0.014215 -0.042186 0.12511 0.10815 -0.033426 -0.073772 0.10364 0.10311 -0.016835 -0.017535 0.077361 0.032743
154.78 131.79 2.757 1.1197 0 0 0 0 0 0 0 0 0 0 0 0 0.0068632 0.00094546 0.0068632 0.0069207 0.041206 0.068802 0.080507 0.13424 -0.0076576 0.21769 0.12965 0.36403 -0.10242 0.12126 0.25506 0.38361 -0.014051 0.0085209 0.041214 0.039988 0.047044 -0.018565 0.13382 0.10562 -0.034721 -0.16146 0.18926 0.32734 -0.081092 -0.036965 0.35491 0.35455 -0.027344 0.0029286 0.043048 0.026295 0.0049189 -0.021684 0.046614 0.033969 0.0032137 -0.0027325 0.076149 0.065472 0.028929 0.0034013 0.16154 0.12561 -0.030942 0.026066 0.054669 0.071593
71.756 135.45 2.7372 0.35893 0 0 0 0 -0.0002896 0.00077191 0.0002896 0.00077191 -0.00047197 0.001258 0.00047197 0.001258 -1.06e-05 2.8254e-05 1.06e-05 2.8254e-05 0.057558 0.045023 0.07312 0.056367 -0.006363 0.15651 0.16767 0.25431 -0.039195 0.049557 0.071341 0.25645 0.00085862 0.023559 0.036818 0.071189 0.17139 0.029057 0.23407 0.089535 -0.032945 0.14886 0.33685 0.27157 -0.15631 0.073246 0.21524 0.22529 0.00083026 -0.012921 0.061616 0.074376 0.15231 -0.02846 0.21501 0.080129 -0.052619 -0.134 0.34177 0.25375 -0.037223 -0.046427 0.16386 0.18018 -0.027109 0.0038914 0.053544 0.045416
95.373 140.51 2.6963 4.314 0.0055869 0.00095742 0.035164 0.015687 -0.019259 0.044253 0.081386 0.058088 -0.0071074 0.013659 0.0097217 0.015874 1.2236e-05 2.9068e-05 1.2236e-05 2.9068e-05 0.059799 0.032426 0.097763 0.050942 -0.023891 0.075258 0.17983 0.25722 -0.021405 0.11132 0.14285 0.23007 -0.028532 0.040345 0.06242 0.064014 0.076115 0.0048364 0.14088 0.11552 0.14111 0.061757 0.22288 0.31821 -0.18777 -0.01501 0.42017 0.45032 -0.053826 -0.026354 0.095877 0.098283 0.039505 -0.026043 0.060407 0.081753 0.0071465 -0.11106 0.13506 0.19547 -0.077341 -0.08672 0.10891 0.098526 -0.0028332 -0.0026882 0.0028332 0.0026882
154.54 141.29 2.6432 4.5996 0.012225 -0.003578 0.012274 0.014223 0.033571 -0.011186 0.1385 0.15423 -0.036478 0.014896 0.14637 0.079966 -0.0040111 -0.00026883 0.038111 0.016668 0.0041146 0.0030443 0.0041237 0.0034513 0.054796 0.0029615 0.23683 0.26058 -0.023734 0.034986 0.1477 0.19389 -0.0019588 0.045515 0.075639 0.074207 0.015431 -0.0011471 0.045475 0.02062 0.14581 -0.039919 0.31954 0.45741 -0.034748 0.037146 0.22636 0.48214 -0.065229 -0.00011388 0.12528 0.1853 8.6792e-05 -0.0033196 0.0059213 0.0045237 0.015759 -0.043876 0.02908 0.04593 0.01013 -0.095999 0.038875 0.14838 -0.018638 -0.035319 0.024426 0.069711
182.32 143.72 2.7747 4.4753 -0.032085 -0.0011244 0.12817 0.11865 -0.014493 -0.011967 0.087659 0.066193 -0.012211 0.0013876 0.027919 0.015111 0 -0 0 0 -0.063022 0.0035202 0.23815 0.19118 -0.016377 0.019147 0.16513 0.094441 -0.017301 0.014701 0.1204 0.076327 -0.0036548 0.00037561 0.0036548 0.00088311 -0.027763 0.20336 0.24029 0.35094 0.040975 0.18666 0.24362 0.25241 -0.10068 0.045301 0.20946 0.10861 -0.0036765 0.00073853 0.0036765 0.0008213 0.0078324 -0.09923 0.11988 0.30725 -0.083504 -0.13488 0.19523 0.38656 -0.065787 -0.038767 0.083076 0.073012 -7.4668e-06 1.804e-06 7.4668e-06 1.804e-06
157.66 150.77 2.9769 2.2392 0.0097969 0.0017606 0.03137 0.029337 0.049767 -0.031332 0.090713 0.1176 -0.0018018 0.058135 0.28831 0.21637 -0.067459 0.042942 0.088081 0.050087 0.0081306 0.0035443 0.063384 0.047741 0.020254 0.020228 0.15653 0.14969 0.12971 -0.074377 0.33199 0.43407 -0.094847 -0.032801 0.2002 0.23069 -0.008302 0.019894 0.1234 0.081435 0.019288 0.065346 0.25274 0.24724 -0.053568 -0.066665 0.13164 0.24634 -0.0089302 -0.030213 0.026411 0.056669 -0.0033177 -0.0020959 0.14264 0.095765 -0.041393 -0.0073795 0.19951 0.16585 -0.030664 -0.0078921 0.042115 0.022449 -0 0 0 0
77.623 153.01 2.7866 5.4019 0.0062637 0.0032276 0.0062714 0.0034324 0.031206 0.013732 0.053276 0.087389 0.00027611 -0.03358 0.042538 0.12711 -0.0053022 -0.025944 0.022384 0.076357 0.019471 0.029229 0.097213 0.062814 -0.0083641 0.038511 0.14875 0.16017 -3.0044e-05 0.055979 0.082276 0.14239 -0.01857 0.0022254 0.03846 0.06429 0.04582 0.072206 0.19675 0.11787 0.034099 0.17869 0.31875 0.25092 -0.093487 0.054404 0.31185 0.23299 -0.057445 -0.014333 0.083382 0.082966 0.083633 -0.031968 0.13995 0.13404 0.055253 -0.012203 0.2632 0.34115 -0.16987 0.032445 0.31601 0.24027 -0.020878 -0.0060719 0.030818 0.022826
59.703 158.68 2.8155 2.7163 0.02507 -0.024097 0.045739 0.10704 0.082141 -0.12804 0.15089 0.25386 0.024681 -0.19721 0.33185 0.29685 -0.064426 -0.099581 0.25141 0.18665 -0.02821 0.070144 0.071213 0.21656 -0.011375 0.08963 0.11788 0.29618 0.026346 -0.065028 0.28823 0.36846 -0.038297 -0.066635 0.14736 0.16721 0.0096418 -0.073308 0.022924 0.10577 -0.041396 -0.10714 0.062393 0.18645 -0.032755 -0.045386 0.043725 0.063847 -0.0022269 -0.0046579 0.0036783 0.0047653 -2.2156e-18 1.0036e-18 2.2156e-18 1.0036e-18 -0 0 0 0 -0 0 0 0 -0 0 0 0
99.574 158.73 2.8315 3.6569 -0.0022356 0.0018786 0.0048662 0.0025054 0 -0 0 0 0 -0 0 0 0.0022489 -0.00068423 0.0022489 0.00094561 -0.020065 0.0068872 0.054111 0.019094 -0.0045772 0.057476 0.073973 0.060424 -0.0033276 0.051582 0.039606 0.051995 0.010678 0.049874 0.056671 0.057802 -0.03535 0.0087204 0.073132 0.033765 0.10811 0.0065619 0.2475 0.20866 -0.0011386 0.1487 0.26604 0.41042 -0.014964 0.1641 0.39392 0.32899 -0.023692 0.013952 0.059452 0.044272 0.10019 -0.01024 0.13728 0.13055 0.099101 0.0035925 0.19756 0.26647 -0.1081 -0.02702 0.2969 0.13678
171.91 158.5 2.8804 3.401 0.0083876 0.020974 0.012199 0.023194 -0.0096879 0.017486 0.027368 0.045559 -0.00068646 0.0082567 0.02112 0.041872 -0.0015546 0.0054832 0.0082491 0.01405 -0.011222 0.040676 0.11777 0.15595 -0.018894 0.024803 0.09056 0.17296 -0.0019828 0.019994 0.073084 0.14121 0.019662 0.075036 0.11967 0.12022 0.014355 0.036969 0.30073 0.24513 0.0014851 0.13861 0.21522 0.3035 -0.0055446 0.042546 0.18633 0.18797 0.11981 0.088775 0.19164 0.18528 0.0013495 -0.039235 0.13794 0.088001 0.021236 -0.078152 0.17552 0.14677 0.094054 -0.013755 0.33667 0.22041 -0.0012626 -0.041165 0.26817 0.21625
151.64 167.38 2.9917 0.82745 -0.047387 -0.010082 0.18944 0.24024 -0.059766 0.013495 0.13766 0.094058 -0.00019882 0.00058526 0.00036923 0.00065531 0 0 0 0 0.037669 -0.033879 0.16372 0.13832 0.010194 0.077439 0.31333 0.24311 -0.063092 0.069393 0.11482 0.17236 -0.00039955 0.029227 0.012245 0.033989 0.01203 -0.021329 0.075682 0.096364 0.080906 -0.035873 0.22827 0.33739 0.0101 -0.0095982 0.30607 0.45304 -0.051911 -0.027643 0.12366 0.16197 0.012421 -0.0037487 0.021827 0.039995 0.024913 -0.0079443 0.070211 0.15777 -0.039042 -0.043513 0.092685 0.16558 -0.010473 -0.014685 0.015761 0.023091
60.296 180.2 2.8972 5.7756 0 0 0 0 0 0 0 0 0 0 0 0 0 0 0 0 0.0020955 0.0037679 0.0020955 0.0037679 0.0082348 0.061915 0.010439 0.061915 -0.001294 0.031561 0.0036685 0.031561 -0.00010595 0.00065907 0.00015848 0.00065907 0.07064 0.055245 0.11419 0.19313 0.063019 0.029487 0.13426 0.50439 -0.0041166 0.095973 0.16182 0.54157 -0.099455 0.10567 0.11637 0.15577 -0.044875 0.10641 0.17911 0.248 -0.041097 0.031193 0.091879 0.25405 0.021259 -0.093677 0.091915 0.18991 -0.011264 -0.057537 0.10991 0.12269
185.92 180.32 2.6496 3.6868 6.7297e-17 4.0816e-17 6.7297e-17 4.0816e-17 -2.9225e-16 2.4417e-16 9.6056e-16 6.9415e-16 -7.4619e-17 1.8277e-17 7.4619e-17 1.8277e-17 0 -0 0 0 0.0051386 0.014992 0.0051395 0.014992 0.013252 0.080272 0.019127 0.080745 -0.015854 0.064938 0.024549 0.064986 -0.0033584 0.0041964 0.0033584 0.0041964 0.079752 0.049212 0.11482 0.15476 -0.02868 0.10344 0.18047 0.40278 -0.056207 0.029609 0.098892 0.21918 0.00058231 0.0072392 0.075002 0.086402 0.063295 0.039769 0.27227 0.27039 -0.071484 0.051934 0.333 0.48505 -0.02626 0.067158 0.14096 0.30232 0.030634 0.029297 0.093845 0.12461
86.884 181.34 2.818 2.248 -0 0 0 0 0.046941 0.0092711 0.046941 0.051154 0.1106 -0.023196 0.30116 0.3349 0.027494 -0.15041 0.24078 0.23298 0.0040796 0.0058696 0.0083101 0.0085311 0.019963 0.053324 0.070236 0.11317 0.021513 -0.036675 0.13478 0.23315 0.049585 0.025947 0.16156 0.21208 0.038107 -0.0068404 0.042069 0.034355 0.082804 -0.025852 0.14416 0.31803 -0.006907 0.0092505 0.13334 0.46317 -0.036787 -0.060278 0.1146 0.26429 0.0018269 -0.0023723 0.0018269 0.0023723 0.014513 -0.046958 0.016225 0.048667 -0.0071355 -0.072562 0.018563 0.076629 -0.0072959 -0.021027 0.0073895 0.021233
183.94 183.05 2.6333 3.6397 5.7754e-17 3.1408e-17 5.7754e-17 3.1408e-17 -2.1801e-16 2.663e-16 9.785e-16 7.5806e-16 -1.1567e-16 5.2966e-17 2.0508e-16 1.1927e-16 0 -0 0 0 0.00057948 0.004016 0.001009 0.004016 0.011909 0.061884 0.019767 0.062162 -0.0021877 0.070576 0.022428 0.075917 -0.0061278 0.010214 0.0061895 0.011776 0.064761 0.017911 0.084226 0.074211 0.0071798 0.10433 0.22834 0.4146 -0.067608 0.026109 0.12148 0.23418 -0.0070831 0.0042814 0.066829 0.087872 0.081387 0.062953 0.18572 0.14231 -0.033854 0.056849 0.39913 0.48758 -0.033292 0.096804 0.1665 0.33426 0.011589 0.017186 0.078874 0.13286
77.07 186.08 2.7556 5.3395 0 0 0 0 0 0 0 0 0 0 0 0 0 0 0 0 0.039681 0.074187 0.039743 0.074187 0.056496 0.23701 0.095015 0.309 -0.069766 0.20123 0.094124 0.25137 -0.031972 0.038474 0.034151 0.046387 0.033383 -0.043 0.15466 0.24886 -0.027376 -0.17762 0.13503 0.41074 -0.030554 -0.16514 0.11222 0.35931 -0.037464 -0.025033 0.049258 0.074067 -0.010358 0.084579 0.15608 0.1632 0.001633 0.12407 0.17634 0.26945 -0.057012 0.02037 0.088535 0.14824 0.00013702 -0.001385 0.0009472 0.0018428
79.422 199.45 2.8034 5.0679 0 0 0 0 0 0 0 0 0 0 0 0 0 0 0 0 0 0 0 0 0.0035289 0.011589 0.0058488 0.011589 0.0023075 0.029799 0.0073326 0.029831 -6.211e-05 0.0016369 0.00044895 0.0016369 0.11651 0.14281 0.12714 0.16347 0.018856 0.16133 0.25812 0.6143 -0.13897 0.059062 0.21225 0.43808 -0.029099 0.0052119 0.033447 0.046429 -0.0080308 -0.051217 0.17808 0.20055 -0.05443 -0.11329 0.12949 0.24208 -0.03333 -0.035605 0.058517 0.12249 -0.0037777 -0.00438 0.0050859 0.0064014
89.179 110.28 3.1466 1.7683 -0 0 0 0 -0 0 0 0 -0 0 0 0 -0 0 0 0 -0 0 0 0 -0 0 0 0 -0 0 0 0 -0 0 0 0 0.042692 0.11314 0.13792 0.17247 0.048754 0.36698 0.19426 0.44028 -0.10588 0.22534 0.17909 0.32869 -0.031267 0.027868 0.034457 0.032603 0.087139 -0.048395 0.14044 0.18281 0.030283 -0.07891 0.25524 0.34772 -0.097944 -0.034738 0.19809 0.21071 -0.046024 -0.00035893 0.087005 0.038124
164.21 140.57 3.8867 4.3893 0.02756 -0.016078 0.076582 0.1709 -0.03184 -0.003879 0.15756 0.19237 -0.01585 -0.0014953 0.060994 0.052469 -0.0035512 0.00094352 0.0092335 0.004002 0.056332 -0.023704 0.074467 0.080613 -0.036163 0.0064658 0.29386 0.27194 -0.014895 0.085267 0.16867 0.16465 -0.023786 0.013131 0.041857 0.021176 0.040368 -0.0017657 0.051488 0.044611 0.098996 -0.0392 0.29814 0.55915 -0.099498 -0.018131 0.23953 0.3852 -0.038007 -0.008875 0.045606 0.030768 -0.0038928 -0.0063771 0.014882 0.02069 0.010158 -0.047952 0.018384 0.052566 -0.0066065 -0.040257 0.019012 0.053447 -0.0017841 -0.0021923 0.0019362 0.0031037
155.08 150.77 3.0089 2.2326 0.016697 0.002584 0.044235 0.042797 0.062807 -0.051422 0.11639 0.12307 -0.035704 0.036052 0.3197 0.20567 -0.056929 0.021056 0.067771 0.031125 0.0071694 0.005331 0.078622 0.049604 0.035022 0.046347 0.17001 0.21216 0.030448 -0.09345 0.39892 0.45346 -0.039362 -0.033445 0.19452 0.1383 0.022638 0.025416 0.15675 0.08604 -0.015965 0.038242 0.25548 0.24275 -0.074241 -0.044497 0.11301 0.14889 -0.0048663 -0.012853 0.024538 0.02066 0.010394 -0.0037952 0.14597 0.10286 -0.045247 -0.0032086 0.15967 0.14501 -0.018226 -0.0034288 0.021987 0.011402 -0 0 0 0
173.42 156.45 3.4438 3.4035 0.0064658 0.020563 0.014012 0.025192 -0.0089727 0.011109 0.021357 0.036727 -0.0027668 0.0089525 0.024089 0.035936 -0.0018068 0.005005 0.0054505 0.0085567 -0.021912 0.030542 0.10256 0.14577 -0.013914 0.031408 0.069595 0.15311 0.021096 0.023939 0.092976 0.13009 -0.0060227 0.068121 0.11819 0.1043 -0.0048887 0.041922 0.25801 0.22689 -0.03604 0.13011 0.19789 0.28761 0.059929 0.04701 0.19937 0.18062 0.028384 0.070571 0.26155 0.18718 0.0078393 -0.039347 0.12365 0.087946 0.0023286 -0.079795 0.20521 0.15584 0.12958 0.0038862 0.38914 0.24672 -0.056754 -0.063046 0.23912 0.19397
150.92 166.39 3.3532 0.75856 -0.059205 0.017839 0.22267 0.24547 -0.054378 0.022371 0.11953 0.070306 0 0 0 0 0 0 0 0 0.024632 -0.068068 0.21805 0.15947 -0.016576 0.092892 0.32622 0.22971 -0.036075 0.085722 0.083122 0.1481 0.00011552 0.028254 0.014454 0.035249 0.009015 -0.019093 0.096094 0.11582 0.057783 -0.0099187 0.22304 0.27289 0.0068707 0.027994 0.32047 0.42302 -0.044756 -0.021192 0.16344 0.1774 0.010076 5.5234e-05 0.024649 0.042113 0.032547 0.0055815 0.077943 0.14368 -0.039902 -0.046971 0.11767 0.18552 -0.011824 -0.013655 0.021687 0.024322
164.46 168.42 3.5207 3.5028 0.0043091 0.00583 0.0043656 0.00583 0.00386 0.027158 0.019919 0.042356 -0.0072393 0.0061496 0.015834 0.031106 -0.0010574 0.0015862 0.0037723 0.0081685 0.052335 0.010786 0.065928 0.047071 -0.020939 0.042206 0.21633 0.305 -0.0084998 0.033006 0.060335 0.19025 0.0216 0.063369 0.094529 0.10458 0.042046 0.01397 0.17197 0.11136 -0.014436 -0.048513 0.36965 0.35535 -0.014379 0.022772 0.35739 0.30378 0.060945 0.066042 0.31149 0.26198 -0.00040331 -0.0073796 0.01898 0.012371 -0.0048083 -0.026338 0.031464 0.034466 0.053193 -0.031145 0.12699 0.082285 -0.0087732 -0.058229 0.15621 0.12972
184.13 172.74 3.4188 3.478 1.3493e-16 9.5113e-17 5.2304e-16 2.7923e-16 -6.8884e-17 -1.8283e-17 3.7045e-16 2.7665e-16 0 -0 0 0 0 -0 0 0 0.013195 0.029383 0.01704 0.029973 0.012791 0.084796 0.048928 0.10758 -0.027314 0.022189 0.045254 0.071685 -0.0069151 0.013382 0.022517 0.047573 0.053762 0.045047 0.15487 0.16174 -0.070015 0.037485 0.23385 0.38906 -0.0021938 0.063978 0.11183 0.25887 0.02825 0.043711 0.097725 0.15939 0.047293 0.020914 0.26163 0.18625 -0.0092445 0.1106 0.35312 0.38047 -0.033691 0.12577 0.18614 0.31373 0.069465 0.040516 0.13187 0.12189
73.158 184.28 3.7408 5.6654 0 0 0 0 1.789e-18 2.5176e-18 1.789e-18 2.5176e-18 2.7337e-18 3.8471e-18 1.1667e-17 1.6419e-17 -6.5549e-19 -9.2248e-19 1.1123e-17 1.5653e-17 0.042147 0.05358 0.044308 0.077051 0.033825 0.14948 0.057899 0.29068 -0.058732 0.12209 0.07283 0.16615 -0.00618 0.0074763 0.0068878 0.0074763 -0.00039117 0.071206 0.20457 0.27586 -0.0044168 -0.037921 0.11331 0.38318 -0.042644 -0.091793 0.17349 0.30747 -0.028588 -0.0022718 0.040672 0.040937 -0.046789 0.16608 0.30142 0.2714 -0.16057 0.040585 0.3019 0.28792 -0.034633 -0.013705 0.044261 0.048527 -0.00075437 -0.0022712 0.0020159 0.0026491
159.26 110.5 4.638 1.1963 0 0 0 0 0 0 0 0 0 0 0 0 0 0 0 0 0 0 0 0 0 0 0 0 0 0 0 0 0.022948 0.012656 0.03035 0.039254 0.00011154 -4.3838e-05 0.00011154 4.3838e-05 0.15636 0.10334 0.20818 0.29779 -0.099041 0.12071 0.32716 0.67278 -0.022887 0.0035489 0.084368 0.086703 0.0020008 -0.00078634 0.0020008 0.00078634 0.041414 -0.061544 0.1237 0.12122 -0.0077992 -0.063611 0.28622 0.31039 -0.040851 0.0091754 0.073196 0.074105
76.628 160.19 5.1849 5.5031 0 0 0 0 0.0066358 0.016 0.0067837 0.016 5.1108e-05 0.050243 0.012295 0.050243 -0.0034235 0.0086234 0.0035308 0.0086234 0.0069863 0.0086351 0.020597 0.013676 0.020848 0.031254 0.12789 0.18795 7.5949e-05 -0.0062414 0.062026 0.2537 -0.017573 -0.0080735 0.028872 0.055425 0.078214 0.042177 0.14368 0.10221 -0.015154 0.24866 0.39065 0.38982 -0.12963 0.038912 0.21319 0.18296 -0.005984 -0.0039613 0.0073409 0.0086342 0.049614 -0.033147 0.057734 0.05688 0.038075 -0.1879 0.33746 0.39715 -0.075575 -0.033238 0.15664 0.11033 0.029588 0.01252 0.03486 0.019018
59.44 191.56 5.0948 5.606 0 0 0 0 0 0 0 0 0 0 0 0 1.076e-17 1.3382e-17 1.9617e-17 2.4397e-17 0 0 0 0 3.1614e-18 -6.8948e-18 3.1614e-18 6.8948e-18 3.2742e-17 2.3989e-17 6.1685e-17 8.1293e-17 -2.8672e-17 -3.5658e-17 7.161e-17 8.9058e-17 0.049914 0.044351 0.072743 0.094507 0.070056 0.062886 0.13088 0.50298 -0.075869 0.051781 0.17292 0.42337 -0.020681 0.0074489 0.024655 0.027086 0.067008 0.17184 0.27531 0.25406 -0.10934 0.15756 0.24199 0.42238 -0.052475 -0.032724 0.095666 0.14701 -0.0053738 -0.0041434 0.0083988 0.01092
87.38 190.48 5.5646 2.5107 0.034638 -0.041015 0.11934 0.10599 -0.034361 -0.06285 0.1709 0.15081 0.16297 0.044654 0.24624 0.11769 -0.068052 0.13433 0.36361 0.34025 0.00066343 -0.005999 0.0022917 0.005999 0.030336 0.023807 0.057942 0.085225 0.12321 0.027637 0.21973 0.35896 -0.038358 -0.17832 0.30129 0.34781 -5.3949e-18 -7.3851e-18 5.3949e-18 7.3851e-18 0.040814 -0.022396 0.052032 0.071154 -0.0017225 -0.064767 0.080188 0.24917 -0.019008 -0.025416 0.042528 0.071555 1.9207e-18 2.6292e-18 4.3296e-18 5.9268e-18 1.328e-06 -8.528e-06 1.328e-06 8.528e-06 3.1334e-05 -0.00021914 3.1334e-05 0.00021914 6.8128e-07 -5.9309e-06 6.8128e-07 5.9309e-06
186.5 109.52 6.5384 2.2018 -0 0 0 0 -0 0 0 0 -0 0 0 0 -0 0 0 0 -0 0 0 0 -0 0 0 0 -0 0 0 0 -0 0 0 0 0.0013631 0.00099607 0.0025451 0.0018598 0.20012 0.040772 0.28413 0.30451 -0.12892 0.10574 0.44019 0.38016 -0.0050678 0.00085153 0.0050678 0.00085153 0.01832 0.01023 0.039267 0.022445 0.058088 0.0015251 0.33124 0.30465 -0.073297 -0.065239 0.25418 0.25606 0.039074 0.1116 0.12292 0.20343
154.36 130.86 6.1325 1.1405 0 0 0 0 0 0 0 0 -0.00049338 0.0019204 0.00049338 0.0019204 0.062852 0.088524 0.10079 0.10457 0.017095 0.0084325 0.017095 0.0084325 0.022122 0.1755 0.12347 0.34204 -0.057973 0.034649 0.10332 0.17261 0.12251 -0.0768 0.19237 0.25736 0.032372 -0.0041978 0.036612 0.01799 0.051503 -0.11296 0.28763 0.41682 -0.10622 -0.024336 0.30174 0.35314 0.011296 -0.013519 0.028277 0.031483 0.0018574 -0.0014418 0.0024838 0.0020873 0.029734 -0.012133 0.068698 0.084772 -0.012681 -0.025648 0.17006 0.28695 -0.017721 0.00069255 0.031078 0.05505
90.123 133.08 9.0137 3.4401 0.018524 0.0019922 0.018524 0.01085 0.030541 -0.031291 0.21693 0.19063 -0.037141 -0.036635 0.31645 0.26247 -0.019337 -0.0044755 0.020301 0.013141 0.0093377 0.013959 0.074349 0.03797 0.10566 0.15639 0.39321 0.33451 -0.098069 0.049763 0.2989 0.20376 -0.0015825 -0.0016519 0.0015825 0.0016519 0.011426 -0.018734 0.04725 0.039489 0.080005 -0.14472 0.30507 0.29811 -0.085751 -0.072849 0.20086 0.14869 0 -0 0 0 -3.2387e-05 -0.0002979 3.2387e-05 0.0002979 0.0011187 -0.0073174 0.0014792 0.0073174 0.00015862 -0.0027594 0.00047342 0.0027594 0 -0 0 0
55.424 158.47 10.264 5.6365 0 0 0 0 0 0 0 0 0 0 0 0 8.7885e-19 1.1641e-18 3.4409e-18 4.5575e-18 0 0 0 0 0.022008 0.013461 0.026604 0.022366 0.0021437 0.034933 0.064064 0.12628 -0.0076023 0.0029138 0.0097896 0.016764 0 0 0 0 0.18665 0.050148 0.39505 0.40837 -0.14878 0.017413 0.36814 0.43532 -0.0093119 0.019935 0.048008 0.051752 0 0 0 0 0.041961 -0.071873 0.099309 0.1102 0.041881 0.012482 0.3209 0.26237 -0.025672 0.013576 0.1846 0.16036
160.41 177.32 10.098 2.7206 -0 0 0 0 -0 0 0 0 0.0023029 0.031599 0.01146 0.031599 -0.00083231 0.0056403 0.0016805 0.0056403 1.3721e-17 5.2342e-18 1.3721e-17 5.2342e-18 0.052117 0.032631 0.14759 0.10967 0.0048384 0.0045457 0.5705 0.46878 -0.049292 0.000702 0.10887 0.065973 3.5358e-18 7.8973e-18 3.5358e-18 7.8973e-18 0.043937 -0.024316 0.12024 0.083704 0.1074 -0.067086 0.30418 0.2614 -0.060326 0.074788 0.26277 0.22446 -1.3606e-18 -3.0391e-18 1.4895e-17 3.3268e-17 0.0073879 -0.00018442 0.0074634 0.005233 0.055801 -0.019985 0.10213 0.16185 -0.025552 -0.053017 0.093223 0.1197
160.59 176.09 13.407 3.5436 0 -0 0 0 0 -0 0 0 0 -0 0 0 0 -0 0 0 -2.3829e-18 5.6039e-18 6.013e-18 1.4141e-17 0.050399 0.037752 0.1286 0.098627 -0.010745 0.13775 0.26632 0.19317 -0.0096872 0.011673 0.024135 0.015381 0.010094 0.0021055 0.010094 0.0051516 0.099774 0.10128 0.21632 0.22283 -0.013591 0.035702 0.53266 0.51129 -0.020084 -0.0062393 0.03846 0.030615 0.0076607 -0.00097027 0.0076607 0.0029394 0.11217 -0.043552 0.18041 0.21323 -0.053043 -0.041351 0.19092 0.20355 5.9272e-05 -0.00013939 5.9272e-05 0.00013939
