52 64
178.23 124.43 2.0285 2.0914 -0 0 0 0 -0 0 0 0 -0 0 0 0 -0 0 0 0 0.0083542 0.014272 0.0083542 0.014272 0.028078 0.098718 0.05171 0.15476 -0.036428 0.13572 0.086531 0.17868 -0.0086384 0.014068 0.0096084 0.014068 0.040726 0.023111 0.084725 0.11798 0.058959 0.012247 0.15743 0.26006 0.025084 0.11833 0.37469 0.45176 -0.12005 0.1205 0.19485 0.15996 -0.00028993 -0.018326 0.052931 0.048795 0.030944 -0.048283 0.097231 0.10263 0.17409 -0.069144 0.21405 0.21158 -0.11368 0.093336 0.31756 0.23387
169.03 129.88 1.7721 4.2857 -0.018062 0.0086658 0.054243 0.049091 0.011413 0.010784 0.065331 0.057319 0.014559 0.047158 0.074987 0.06717 -0.017884 0.015911 0.050626 0.024522 0.0040034 0.16051 0.19092 0.22641 -0.040461 0.15557 0.20084 0.24489 0.0084495 0.065604 0.16649 0.12949 -0.044248 -0.00033422 0.086385 0.034513 0.030572 -0.14591 0.21163 0.40365 -0.079592 -0.14776 0.16698 0.45401 -0.083999 -0.099265 0.16631 0.34791 -0.026081 -0.020925 0.033924 0.036306 0.0034475 -0.031782 0.009688 0.033849 -0.00094025 -0.047574 0.0093611 0.060827 -0.0073594 -0.022184 0.0091947 0.027422 -0.00031323 -0.00034621 0.00031323 0.00035061
70.006 134.9 1.9143 4.9119 0.019634 0.0059647 0.019634 0.0074125 0.010097 0.037939 0.10166 0.052743 0.014173 0.018777 0.13681 0.040542 -0.0033681 0.017148 0.084053 0.038271 0.047524 -0.003515 0.047524 0.011078 0.010255 0.027462 0.22588 0.097027 0.010155 0.10809 0.27159 0.18319 -0.0030364 0.013902 0.13284 0.10801 0.012478 -0.0029208 0.012478 0.0033028 0.17971 -0.013976 0.26283 0.21983 0.041435 0.11302 0.25642 0.34176 0.015401 0.16016 0.23372 0.32176 0 0 0 0 0.067817 -0.058137 0.070265 0.085646 0.070957 -0.14127 0.13914 0.25265 -0.0079332 -0.13723 0.11071 0.22194
185.46 134.66 2.0135 2.867 -0 0 0 0 -0 0 0 0 -0 0 0 0 -0 0 0 0 0.00523 0.017956 0.069483 0.13288 0.034903 0.074178 0.10881 0.20714 -0.046108 0.15456 0.082593 0.20383 -0.01399 0.027156 0.016002 0.027644 0.0046687 -0.02035 0.036935 0.089856 0.13276 -0.028714 0.18218 0.25805 0.10544 0.065808 0.23642 0.34387 -0.12225 0.10658 0.3289 0.15453 -0.0075096 -0.0010379 0.049047 0.10113 0.044705 -0.019697 0.13984 0.12534 0.14751 0.072638 0.26389 0.20341 -0.17425 0.039312 0.36641 0.09356
90.109 135.79 2.1004 4.7674 0.014239 0.0077632 0.055984 0.019914 -0.0023387 0.012975 0.097141 0.045721 -0.015106 -0.0027052 0.091245 0.091439 -0.010647 -0.0018966 0.0196 0.019285 0.012489 0.045123 0.10698 0.10089 -0.0068477 0.054392 0.13834 0.17354 0.048497 0.12345 0.23166 0.18437 -0.038385 0.097049 0.093338 0.1692 0.026315 0.031251 0.098577 0.17893 0.064015 0.10507 0.20741 0.33175 -0.08956 -0.070218 0.36229 0.46828 -0.055949 -0.086236 0.11778 0.2156 0.022461 -0.063562 0.03917 0.099891 -0.0099367 -0.12844 0.082054 0.18463 -0.042339 -0.071873 0.059594 0.083807 -0.0030289 -0.0062461 0.0035773 0.0069249
173.82 136.16 2.0284 4.764 -0.022898 0.00038451 0.07186 0.10451 0.010247 -0.0049582 0.077446 0.048987 -0.021688 -0.00665 0.070726 0.030079 0.0037259 0.0073126 0.059835 0.027485 -0.095253 0.19711 0.19093 0.31906 -0.019221 0.13391 0.1355 0.23359 -0.015191 0.091608 0.13411 0.12478 -0.019788 0.0078006 0.095611 0.071745 -0.0019417 -0.11153 0.27079 0.40728 -0.11192 0.13568 0.2172 0.29217 -0.072365 0.01314 0.19561 0.20188 -0.04385 -0.017754 0.065361 0.042765 0.030312 -0.062679 0.044934 0.085187 -0.011126 -0.12206 0.071729 0.26932 -0.035601 -0.055215 0.0421 0.094155 -0.0034048 -0.003013 0.0036916 0.0035787
175.47 142.21 1.932 4.8256 -0.04332 -0.037389 0.1032 0.10245 0.0057166 -0.015159 0.13179 0.038538 -0.037239 0.0027364 0.078428 0.022522 0.0008451 0.002342 0.022114 0.011112 -0.064852 0.034133 0.13606 0.20338 0.0024156 0.024742 0.11482 0.14547 -0.031961 0.019189 0.1201 0.079736 -0.0080847 0.0083344 0.13183 0.067639 -0.17148 0.13135 0.27744 0.39972 -0.073656 0.12568 0.20718 0.25777 -0.043649 0.082453 0.21964 0.17465 -0.04117 -0.0054036 0.086226 0.056388 0.029567 -0.13533 0.17271 0.24593 -0.067673 -0.055137 0.15408 0.31271 -0.076842 -0.065419 0.12512 0.15604 -0.013989 -0.0093312 0.016634 0.011608
183.96 142.2 1.9313 4.7512 0.0051789 -0.014494 0.12445 0.038626 -0.054534 0.0056808 0.1134 0.036419 0.0041102 0.022843 0.072802 0.034691 -0.0060678 0.0024916 0.010758 0.0042815 -0.0041355 0.037287 0.12536 0.15943 -0.030688 0.045349 0.16767 0.13516 -0.010575 0.0053512 0.31378 0.17432 -0.021887 -0.0026426 0.03623 0.013578 -0.078892 0.13995 0.22083 0.29172 -0.039304 0.13886 0.31172 0.25498 -0.12204 0.00080362 0.24083 0.16285 -0.0062668 -0.0022851 0.010277 0.003388 -0.053932 -0.079562 0.14902 0.33966 -0.12046 -0.094028 0.20344 0.27489 -0.040556 -0.026521 0.050417 0.03491 -2.2084e-05 -8.5788e-07 2.2084e-05 8.5788e-07
73.994 145.37 1.8037 4.2231 -0.019363 -0.007621 0.10115 0.028266 0.017436 0.018842 0.12738 0.053642 0.043481 0.030073 0.15383 0.094225 -0.0040878 0.0094126 0.096218 0.096937 -0.0011777 -0.015046 0.098529 0.046473 0.040332 0.013291 0.20147 0.1366 0.018815 -0.017943 0.1626 0.2066 0.066612 -0.008012 0.13232 0.16486 0.052841 0.0033468 0.091823 0.078419 0.025318 0.04808 0.18855 0.17367 0.11396 0.13855 0.21529 0.38199 0.13432 0.10435 0.17134 0.32169 0.018328 -0.013936 0.021212 0.018312 0.067439 -0.037062 0.11227 0.15132 0.10568 -0.058755 0.17459 0.3098 -0.013403 -0.084578 0.11767 0.21279
93.348 146.61 1.8176 5.3561 0.0052813 0.01598 0.068876 0.043086 -0.016804 0.02895 0.090918 0.073051 -0.005833 0.045366 0.065176 0.075062 -0.0078797 0.013474 0.014625 0.022563 -0.014545 0.032891 0.14601 0.074142 -0.024922 -0.011114 0.16534 0.11119 -0.006426 -0.034276 0.17089 0.20138 -0.0252 -0.020978 0.0705 0.071201 -0.068758 0.12443 0.21015 0.18087 -0.011535 0.17294 0.30369 0.22302 -0.12478 0.066479 0.21672 0.14604 -0.0043535 -0.010569 0.020468 0.020724 0.0131 -0.070406 0.12823 0.23372 0.0039409 -0.11292 0.29512 0.35712 -0.11915 0.0046032 0.28105 0.24058 -0.023794 0.0083776 0.027397 0.019688
79.898 147.98 1.9013 0.335 -0.047543 0.056167 0.1447 0.13128 -0.036427 0.018909 0.077097 0.17545 -0.034118 -0.0041563 0.059062 0.13113 0.017361 0.0071325 0.03164 0.046867 -0.11647 -0.026629 0.2756 0.23454 -0.075052 0.014204 0.1891 0.29831 -0.037606 0.044599 0.087921 0.21615 0.011489 -0.0042449 0.084861 0.11347 -0.16175 0.017273 0.28733 0.28326 -0.0038622 -0.033084 0.1427 0.24796 -0.062193 -0.030884 0.12709 0.22992 -0.0065004 -0.014337 0.05664 0.074191 -0.082925 -0.06046 0.20021 0.20085 0.0064971 -0.03154 0.1462 0.16149 -0.035497 0.0011111 0.13972 0.14928 -0.015548 0.0024464 0.020037 0.022481
154.35 152.4 1.987 1.8896 0.0095821 -0.022583 0.03738 0.058125 0.11296 -0.095262 0.14363 0.23649 -0.0037139 -0.11209 0.29564 0.44784 -0.062302 -0.0031543 0.10899 0.17006 -0.016631 0.0038595 0.070068 0.032953 0.053377 0.04735 0.13634 0.25785 -0.021618 -0.070852 0.21067 0.30124 -0.02219 -0.029516 0.04746 0.071755 0.035724 0.018166 0.12913 0.04057 -0.008042 0.078225 0.25078 0.24849 -0.066046 -0.0099827 0.082793 0.080259 -0.0003424 -0.00022893 0.00038405 0.0003395 -0.0071597 0.048772 0.1413 0.094605 -0.012253 -0.054261 0.2051 0.22331 -0.057417 0.00021395 0.060361 0.057774 -3.6264e-05 -1.1971e-05 3.6264e-05 1.1971e-05
173.66 152.68 2.0281 3.2356 -0.024134 0.00057331 0.032423 0.052349 0.0041138 -0.0046185 0.022501 0.041905 0.015183 -0.017091 0.08738 0.15749 0.0032333 0.0383 0.068998 0.088925 -0.032144 0.041656 0.067991 0.13231 0.011961 0.090345 0.0471 0.16327 0.0056522 0.01938 0.10447 0.168 0.072705 0.038413 0.12891 0.16543 -0.062615 -0.0011548 0.11699 0.21263 -0.018802 -0.014975 0.067375 0.2507 0.014396 -0.010875 0.16748 0.11957 0.10963 0.043305 0.22295 0.1606 -0.004733 0.046576 0.20721 0.2262 -0.08186 0.063989 0.25563 0.22534 -0.00061027 0.059914 0.27767 0.1797 0.14424 0.12812 0.33712 0.20958
73.572 153.46 1.985 5.8714 0.0070812 0.03793 0.028152 0.045315 0.017201 -0.00099964 0.045781 0.065742 0.027299 -0.012892 0.046512 0.15066 0.014465 -0.0099362 0.032251 0.10468 -0.021689 0.021162 0.14642 0.17568 -0.063726 -0.019191 0.14572 0.2793 -0.013035 -0.0071164 0.088912 0.30883 0.0043866 -0.054249 0.037997 0.1418 -0.089331 0.0837 0.2596 0.17446 -0.044584 0.038541 0.27156 0.24857 -0.085377 0.031562 0.16107 0.29719 -0.023821 0.0034866 0.035559 0.088636 -0.10566 0.044806 0.28515 0.09442 -0.024754 0.022758 0.22563 0.13994 0.0165 -0.011733 0.19001 0.21086 -0.03936 0.028334 0.0909 0.12362
63.992 157.61 1.9741 2.7404 0.012094 -0.0029664 0.026539 0.074789 0.053168 -0.058389 0.12821 0.22141 0.04288 -0.032062 0.21188 0.21971 0.06256 -0.057397 0.18389 0.15364 -0.028105 0.076176 0.070657 0.26469 -0.020289 0.048087 0.12925 0.47818 0.05635 -0.019453 0.16191 0.32676 0.0073768 -0.077141 0.18499 0.25001 -0.0028496 -0.064206 0.059305 0.1921 -0.07298 -0.062119 0.096176 0.30928 -0.045663 -0.03858 0.079569 0.11799 -0.0085127 -0.040632 0.027053 0.047196 0.0036019 -0.023297 0.0056805 0.023851 -0.0080589 -0.041486 0.011177 0.042381 -0.0043194 -0.0081756 0.0043194 0.0081756 -2.1568e-05 -5.0846e-05 2.1568e-05 5.0846e-05
75.487 157.6 2.1435 3.3199 -0.0099281 0.011197 0.016996 0.012345 0.054882 -0.019345 0.065612 0.099003 0.024196 -0.028631 0.18088 0.25078 0.041873 -0.005288 0.12916 0.16932 -0.056682 0.0524 0.1426 0.15278 0.020803 0.031775 0.11837 0.2322 0.091188 -0.06461 0.15813 0.31998 0.016201 0.008897 0.17086 0.2227 -0.028369 0.0030928 0.13527 0.15825 -0.046398 0.031185 0.1716 0.33196 0.041185 -0.020865 0.10848 0.35019 0.078971 -0.023122 0.14151 0.25795 0.021416 -0.047487 0.03982 0.065239 -0.02721 -0.037945 0.055253 0.11303 0.043802 -0.026426 0.07719 0.12461 0.0074497 -0.041362 0.058731 0.1643
95.147 157.43 2.1292 5.8118 -0.0052282 0.030382 0.079407 0.10008 -0.037778 0.025884 0.06793 0.14611 -0.010664 -0.0050982 0.016047 0.042325 0.0032607 -0.0060259 0.0097208 0.0098143 -0.010884 -0.010037 0.18632 0.13149 -0.0034384 0.10638 0.20057 0.34423 -0.079179 0.09046 0.12428 0.19623 -0.0089061 0.0017269 0.0096091 0.011812 -0.088358 0.144 0.29689 0.24323 -0.035369 -0.065171 0.21729 0.26116 -0.071891 -0.069539 0.20952 0.20912 -0.014456 -0.0033789 0.024595 0.021595 -0.083604 -0.016423 0.42102 0.19939 -0.10978 0.013781 0.14772 0.072663 -0.0012611 -0.017286 0.029748 0.026299 -0.0036051 -0.0032452 0.0052646 0.0044379
170.65 160.16 1.7505 3.3894 0.00018616 -0.0021938 0.028585 0.045922 -0.028846 -0.019455 0.035421 0.066847 0.0014273 -0.007835 0.0146 0.035722 0.0019123 -0.012849 0.055233 0.079686 -0.065767 0.10542 0.21108 0.29088 -0.034664 0.046457 0.086433 0.23879 -0.0147 0.033665 0.057197 0.20563 0.014079 0.012591 0.068039 0.08564 -0.1182 -0.020573 0.25219 0.28555 -0.051509 0.13649 0.13569 0.3186 -0.019448 -0.011641 0.07239 0.1837 0.048346 0.0014408 0.13654 0.072072 0.06383 -0.030179 0.17403 0.13822 -0.043593 -0.055043 0.2311 0.26688 -0.015971 0.019383 0.23495 0.15174 0.10602 0.071853 0.20506 0.14025
161.13 178.11 2.1242 1.0875 0.0035274 0.003475 0.039386 0.026355 0.039722 -0.017744 0.10823 0.13113 -0.060424 0.020591 0.078874 0.11969 -0.0050358 0.006197 0.009913 0.013616 0.026663 0.015071 0.069793 0.069953 0.029364 0.15142 0.11548 0.24942 -0.041057 0.147 0.081929 0.24403 0.033794 0.0734 0.10718 0.21845 0.026471 -0.0011959 0.054191 0.06417 0.071965 -0.089956 0.11919 0.43209 -0.0087248 -0.1033 0.11321 0.53733 -0.055047 -0.11139 0.12998 0.29483 0.0041463 -0.012241 0.010753 0.017495 0.00049114 -0.028766 0.025243 0.060787 -0.0087021 -0.046436 0.032338 0.1085 -0.010555 -0.020007 0.016236 0.039623
64.002 180.06 2.1463 5.7899 0 0 0 0 0 0 0 0 0 0 0 0 0 0 0 0 0.015583 0.08784 0.020327 0.08784 -0.015089 0.15859 0.034065 0.15859 0.00077091 0.10124 0.016115 0.10124 -0.0040751 0.023692 0.0061591 0.023692 0.044489 -0.051554 0.073961 0.25087 0.027835 0.02275 0.12023 0.42615 0.020226 0.069288 0.15769 0.49967 -0.11323 0.098825 0.1318 0.20065 -0.0042586 -0.055502 0.087127 0.24778 0.0026829 -0.086244 0.056658 0.33031 0.00075755 -0.11989 0.080298 0.20576 0.023007 -0.067964 0.072838 0.12024
65.837 183.27 2.0276 5.8177 0 0 0 0 0 0 0 0 0 0 0 0 0 0 0 0 0.009766 0.11245 0.027274 0.11245 -0.012502 0.15329 0.027598 0.15329 -0.0036135 0.12305 0.024024 0.12305 -0.0021019 0.0096581 0.0031712 0.0096581 0.04333 -0.020488 0.091028 0.29253 0.087284 -0.0048653 0.1315 0.48034 -0.097856 0.12287 0.20997 0.47209 -0.091442 0.089931 0.099722 0.1358 -0.0074224 -0.0085403 0.065752 0.20975 0.005693 -0.089732 0.068375 0.22409 0.026104 -0.14054 0.1042 0.19021 0.00023573 -0.038536 0.083752 0.13859
140.53 183.74 2.147 1.4651 -0.016833 -0.028726 0.073271 0.109 -0.039448 -0.0081575 0.039844 0.060291 -0.00026898 -0.00019619 0.00029501 0.00045822 0 0 0 0 -0.058744 0.12698 0.093192 0.24281 0.014582 0.20097 0.13942 0.29706 -0.078689 0.087344 0.10503 0.21095 -0.0049296 0.00085612 0.0055522 0.016584 0.019886 -0.10676 0.094823 0.399 -0.046488 -0.12244 0.15224 0.60279 -0.079759 -0.061002 0.096292 0.22924 -0.0018539 -0.0014853 0.0019202 0.0038219 -0.0007839 -0.019802 0.016501 0.053108 -0.0056806 -0.032772 0.013402 0.092737 -0.0050189 -0.0080006 0.0055411 0.022777 0 0 0 0
171.77 187.41 2.1675 4.2285 1.756e-05 -9.2297e-06 1.756e-05 9.2297e-06 9.1203e-17 1.7211e-17 3.8043e-16 4.3951e-16 -2.7038e-19 2.7026e-18 2.4465e-16 2.5793e-16 -2.4052e-17 -3.716e-18 9.0755e-17 1.2177e-16 0.0035052 0.017737 0.02771 0.065495 0.015603 0.065637 0.053322 0.094879 -0.012503 0.055198 0.038113 0.068193 -0.0088809 0.025677 0.015437 0.027245 0.038958 0.19623 0.15786 0.44528 -0.058503 0.20805 0.14008 0.55122 -0.065235 0.049564 0.12024 0.18444 -0.0059865 -0.008212 0.039016 0.05418 -0.00047731 -0.080108 0.074489 0.22268 -0.0067545 -0.1303 0.10769 0.37435 -0.052489 -0.035527 0.11579 0.15773 -0.0094667 -0.00048034 0.024162 0.027757
76.674 193.48 1.9952 5.0645 0 0 0 0 0 0 0 0 0 0 0 0 0 0 0 0 0.0043415 0.0044668 0.0043415 0.0044668 0.0092475 0.11283 0.044721 0.11283 0.014743 0.17045 0.043167 0.17047 -0.018025 0.071965 0.024042 0.080914 0.15376 0.16072 0.16111 0.17613 -0.056356 0.17104 0.32959 0.4361 -0.038506 -0.0098149 0.18821 0.37954 -0.072178 -0.026319 0.12209 0.1679 0.0075245 -0.032125 0.15874 0.18322 -0.11502 -0.13767 0.20161 0.28793 -0.028398 -0.058987 0.044567 0.095583 -0.0047933 -0.0095494 0.011595 0.023767
96.175 195.7 2.0577 4.6912 0 -0 0 0 0 -0 0 0 0 -0 0 0 0 -0 0 0 0.042465 0.095101 0.042831 0.098392 0.0047726 0.22921 0.15704 0.28933 -0.054399 0.051301 0.089033 0.09542 5.8408e-07 2.7598e-05 4.8907e-06 0.00023109 0.0089587 0.11982 0.26505 0.34145 -0.21793 -0.11503 0.39164 0.46987 -0.071488 -0.030728 0.11493 0.11073 -6.1892e-07 -2.9244e-05 2.2679e-06 0.00010716 -0.14665 -0.09409 0.19475 0.19769 -0.034451 -0.05728 0.04554 0.10799 -0.0017505 -0.0049904 0.0030046 0.022472 -1.1974e-05 -0.00056578 0.0003514 0.016604
73.945 125.86 2.8367 1.1485 0 0 0 0 0 0 0 0 0 0 0 0 0 0 0 0 0.025929 0.026223 0.030548 0.027495 0.059485 0.20778 0.13533 0.29114 -0.066106 0.13017 0.090334 0.18999 -0.0077452 0.007207 0.0077452 0.0085625 0.13177 0.070497 0.26271 0.23667 -0.06023 -0.045461 0.32261 0.50461 -0.099052 -0.031824 0.20624 0.26166 -0.033125 0.0027111 0.062532 0.047191 0.022007 -0.064513 0.12793 0.19503 -0.035982 -0.064468 0.14022 0.16785 -0.038531 -0.020815 0.11787 0.089144 -0.0036468 0.0075625 0.059702 0.028082
99.863 136.32 2.9488 2.1142 -0.0053259 0.003889 0.026251 0.025072 -0.0019349 0.0060937 0.0075161 0.012178 -0 0 0 0 -0 0 0 0 0.019554 -0.0023826 0.028934 0.028855 0.092241 0.050119 0.23213 0.33545 0.020301 0.19195 0.26629 0.48616 -0.062591 0.10106 0.11089 0.17003 0.0046614 0.0040546 0.01591 0.010376 0.10139 -0.054246 0.18123 0.19516 0.056305 -0.13103 0.28412 0.32188 -0.039054 -0.055669 0.20237 0.18516 0.0083798 -0.0033307 0.015797 0.0098503 0.014547 -0.026337 0.091921 0.089764 0.0043289 -0.03353 0.11116 0.080845 -0.0013698 -0.034891 0.088774 0.05459
59.338 159.94 2.6953 0.29998 0 0 0 0 0 0 0 0 0 0 0 0 0 0 0 0 -0.051725 0.10418 0.089321 0.22374 -0.028057 0.060861 0.085385 0.16403 -0.024366 0.071859 0.046319 0.081064 -0.0012396 0.0017589 0.0012396 0.0017589 -0.15504 0.0082236 0.24959 0.33592 -0.022604 0.026683 0.21648 0.41073 0.0030773 0.081899 0.29125 0.31477 -0.053137 0.056905 0.065198 0.064224 -0.075517 0.0097626 0.19278 0.22018 -0.070219 0.00074817 0.13952 0.23639 0.10054 -0.065808 0.15905 0.14552 -0.045863 0.0004742 0.11668 0.076283
86.249 160.05 2.9166 5.4741 0.02273 0.0079352 0.03089 0.041198 0.021482 -0.008487 0.068564 0.15076 -0.019218 -0.038832 0.060719 0.14566 -0.017671 -0.00079046 0.031169 0.059997 -0.0016677 0.037117 0.13512 0.12401 -0.026038 0.02591 0.1699 0.20929 -0.018389 -0.0092135 0.044369 0.076043 -0.00076951 -0.011326 0.0068571 0.015427 -0.054207 0.11406 0.28558 0.19354 -0.037206 0.059038 0.26247 0.25341 -0.071178 0.023899 0.18338 0.18587 -0.013337 0.003243 0.019409 0.016093 0.029034 -0.044454 0.2419 0.28855 -0.11918 0.061255 0.33561 0.41788 -0.070458 0.013131 0.103 0.07971 -0.0016789 -0.0021196 0.0037366 0.0042817
73.92 165.51 2.8889 2.4713 0.017284 -0.0052656 0.028365 0.019682 0.06432 -0.023235 0.17996 0.22445 0.086362 -0.081321 0.28499 0.22865 0.040877 -0.11519 0.25447 0.18388 -0.0042984 0.026131 0.019115 0.030804 0.038333 -0.0096512 0.10064 0.1703 0.01499 -0.086291 0.25459 0.31261 -0.010565 -0.10785 0.22036 0.19714 0.037504 0.0012696 0.076699 0.16684 -0.012331 0.035234 0.12252 0.38523 -0.076507 -0.03595 0.14092 0.30321 -0.026292 -0.030251 0.048448 0.057899 0.01015 -0.023909 0.012783 0.028497 -0.004154 -0.053042 0.016479 0.061641 -0.011915 -0.034698 0.014571 0.039713 -0.0016166 -0.0018952 0.0016166 0.0019676
153.54 166.41 2.6106 0.7658 -0.049292 0.010985 0.18813 0.22477 -0.05677 0.00057716 0.096907 0.059738 -0.00054319 0.00023406 0.00054319 0.00023406 9.0375e-05 -0.00072031 0.00030293 0.00072031 -0.008734 -0.069812 0.13762 0.12842 0.024028 0.045315 0.22061 0.24055 -0.04604 0.054789 0.10401 0.12114 0.0078965 0.061814 0.059453 0.069709 0.0067728 -0.010894 0.055231 0.075518 0.096256 0.0012733 0.19162 0.31004 0.049639 0.10422 0.27957 0.49131 -0.064966 0.0010321 0.23485 0.24109 0.009604 0.00093271 0.015461 0.029499 0.053278 -0.027953 0.080859 0.1258 -0.013935 -0.094763 0.11644 0.21242 -0.026506 -0.024356 0.045502 0.055795
164.08 167.71 2.6672 1.0405 -0.0031711 -0.055274 0.076564 0.086375 -0.013186 -0.080477 0.14451 0.15948 -0.037767 0.010651 0.068769 0.055729 -0.00087101 0.00069893 0.00087101 0.00069893 -3.175e-05 -0.013924 0.061677 0.051759 0.049757 -0.010453 0.175 0.1627 -0.040151 0.027988 0.20359 0.29794 -0.0033997 0.074704 0.080781 0.11901 0.01032 0.0057315 0.032154 0.033225 0.097126 0.0093223 0.15946 0.19 0.058353 0.0046153 0.20854 0.57703 -0.075107 -0.051626 0.23306 0.38007 0.0071685 -0.0060346 0.0097677 0.013823 0.021012 -0.032091 0.032652 0.050263 0.0055773 -0.082886 0.05534 0.12191 -0.018086 -0.031299 0.031426 0.056382
185.3 171.59 3.0969 3.2428 -6.6033e-18 2.0602e-17 3.0117e-17 4.2034e-17 -9.4272e-18 3.2054e-17 2.4197e-16 1.3788e-16 -2.9602e-17 5.5363e-19 5.7866e-17 3.1063e-17 0 -0 0 0 0.0050116 0.0061802 0.0050116 0.0061802 0.01839 0.055456 0.049212 0.07684 -0.020617 0.017747 0.036348 0.071041 0.0069526 0.0065808 0.045012 0.067723 0.048599 0.041187 0.082131 0.055024 -0.033544 0.15864 0.25377 0.31109 -0.035773 0.042705 0.098449 0.22775 0.036355 0.0092098 0.091604 0.11589 0.12756 0.058396 0.23863 0.1304 -0.086428 0.01366 0.49954 0.40178 -0.055888 0.073704 0.19797 0.29114 0.058089 0.043615 0.15175 0.10982
149.98 177.85 3.011 1.2898 0.020724 -0.0086822 0.069767 0.052004 -0.032329 0.040282 0.10178 0.092026 -0.0072926 0.0084661 0.0076817 0.0087936 0.00035011 6.5288e-06 0.00035011 5.7602e-05 0.043459 0.034494 0.11916 0.099716 -0.052891 0.087168 0.1956 0.38312 -0.025573 0.12284 0.091358 0.19435 -0.0099724 0.010202 0.013313 0.024441 0.051725 -0.021686 0.085623 0.13901 -0.0050032 -0.019297 0.16095 0.54973 -0.093881 -0.04503 0.21918 0.49982 -0.022505 -0.0096667 0.025659 0.044474 0.0043869 -0.014556 0.010489 0.019203 0.0028446 -0.054358 0.026966 0.081754 -0.0086271 -0.026162 0.01587 0.048184 -0.00075119 -0.00084311 0.001061 0.0026331
81.866 179.9 2.9097 2.5017 4.9927e-05 -3.7164e-05 4.9927e-05 3.7164e-05 0.018515 -0.0034147 0.027814 0.021469 0.063799 -0.050442 0.22083 0.27263 0.03153 -0.040653 0.21055 0.19304 0.019955 0.035396 0.040106 0.064057 -0.014419 0.10011 0.048044 0.11335 0.035068 0.056668 0.11229 0.27823 0.012771 -0.018142 0.19349 0.30536 0.044 -0.030447 0.050267 0.063973 0.10587 -0.067556 0.17432 0.34075 -0.025574 -0.038436 0.15644 0.48826 -0.056796 -0.03393 0.10073 0.25663 0.0005806 -0.0010268 0.0005806 0.0010268 0.013807 -0.03437 0.016379 0.03626 -0.0045188 -0.049313 0.014645 0.051625 -0.0046894 -0.016819 0.0062379 0.017433
73.264 183.29 2.9155 5.7417 0 0 0 0 0 0 0 0 0 0 0 0 0 0 0 0 0.046905 0.067994 0.064834 0.19217 0.031762 0.20934 0.088546 0.39321 -0.10247 0.1697 0.12152 0.22726 -0.010445 0.014419 0.010445 0.014419 0.023747 -0.011655 0.1513 0.33044 0.022404 -0.15435 0.13197 0.35815 -0.011338 -0.129 0.18291 0.35683 -0.042715 -0.0065011 0.078439 0.10519 -0.039168 0.043664 0.17029 0.21277 -0.063927 0.063074 0.13352 0.18323 -0.0018057 -0.014912 0.018179 0.024463 -0.00083726 -0.014236 0.011058 0.017612
156.08 184.37 3.0786 1.2224 0.010999 -0.0020015 0.058899 0.039189 -0.014126 0.01932 0.14336 0.1513 -0.029503 0.0098685 0.031792 0.038671 0.00055189 0.0015196 0.00055189 0.0015196 0.040755 0.019776 0.091755 0.098659 0.039036 0.085934 0.21497 0.49816 -0.029991 0.14716 0.20845 0.47708 -0.041081 0.0073661 0.062931 0.09269 0.024637 -0.028664 0.046645 0.06287 0.032333 -0.16045 0.11961 0.32249 -0.070832 -0.14161 0.1243 0.3444 -0.016317 -0.017387 0.021771 0.050406 0.0015023 -0.0040563 0.0024366 0.004249 -0.00081345 -0.011033 0.0047393 0.015811 -0.0035605 -0.0044036 0.0041048 0.010833 -8.2747e-05 -2.9403e-05 8.2747e-05 0.00011912
86.222 190.77 2.6686 2.2982 0.0015698 -0.0026142 0.0015698 0.0026142 0.002797 -0.00078814 0.0028944 0.0017245 0.041611 -0.059652 0.11086 0.11681 0.034794 -0.06791 0.18773 0.20603 0.014128 0.00013709 0.014813 0.012448 0.066292 0.091532 0.12458 0.24831 0.056138 0.29662 0.12106 0.36622 0.02166 0.15489 0.17769 0.37285 0.0051984 -0.0029201 0.0054481 0.0046719 0.060411 -0.096292 0.075554 0.16077 0.067795 -0.19557 0.16879 0.41439 -0.038301 -0.11075 0.093947 0.22242 -0 0 0 0 -0 0 0 0 -0.00057574 -0.0066767 0.0013364 0.0066767 -0.00045117 -0.0018655 0.00052207 0.0018655
93.076 114.68 3.2296 1.9122 -0 0 0 0 -0 0 0 0 -0 0 0 0 -0 0 0 0 -2.727e-05 7.6754e-05 2.727e-05 7.6754e-05 -0 0 0 0 -0 0 0 0 -0 0 0 0 0.049827 0.088242 0.099701 0.19499 0.071441 0.25948 0.25155 0.52293 -0.089408 0.28084 0.21451 0.42555 -0.033906 0.034154 0.040495 0.043014 0.050921 -0.031673 0.065208 0.087296 0.0082751 -0.097377 0.19035 0.24179 -0.012811 -0.091122 0.18519 0.20218 -0.045825 -0.0095369 0.073541 0.04323
154.67 132.86 3.0515 1.1066 0 0 0 0 0 0 0 0 0.0022541 0.0070079 0.0022541 0.0070079 0.0020087 0.0057608 0.0098764 0.014669 0.042319 0.060373 0.059334 0.11779 0.031085 0.23887 0.13364 0.39579 -0.11764 0.095757 0.20287 0.33787 -0.015774 -0.0096739 0.040911 0.056499 0.040932 -0.026507 0.12846 0.10471 0.019465 -0.18711 0.22093 0.40555 -0.11699 -0.078401 0.28957 0.32421 -0.013871 0.0028902 0.02247 0.014974 0.0022019 -0.013181 0.046896 0.035129 -0.0037443 -0.0093667 0.083116 0.068857 0.02412 0.0082144 0.15693 0.15767 -0.030543 0.016781 0.042033 0.062653
180.53 144.13 3.5322 4.3884 -0.024976 -0.0057963 0.12136 0.28372 -0.058002 -0.0062673 0.096649 0.11736 -0.0107 0.0014145 0.012936 0.012731 0 -0 0 0 0.0017432 -0.053656 0.22897 0.22927 -0.036582 -0.0028388 0.19953 0.13562 -0.013442 0.017492 0.061526 0.050093 -0.00013595 4.5653e-05 0.00013595 4.5653e-05 0.10317 0.044856 0.2376 0.33226 -0.084401 0.12696 0.31091 0.52725 -0.0904 0.010919 0.15136 0.10516 -3.5068e-05 1.1776e-05 3.5068e-05 1.1776e-05 0.036814 -0.057049 0.052484 0.11661 -0.039141 -0.10787 0.076497 0.20133 -0.023674 -0.020424 0.025418 0.033875 0 -0 0 0
72.228 159.95 3.1604 2.4726 0.031606 0.0058973 0.060895 0.070226 0.04847 -0.018404 0.19944 0.20545 0.09516 -0.14814 0.3684 0.23951 -0.080773 -0.062236 0.28057 0.18288 0.011355 -0.0051752 0.018967 0.032727 0.04486 -0.055263 0.16331 0.22352 0.054124 -0.096727 0.27777 0.2563 -0.034856 -0.095622 0.21248 0.15646 0.018043 0.043534 0.073793 0.18385 -0.026953 0.056562 0.1081 0.31496 -0.053859 -0.018447 0.12739 0.21254 -0.015665 -0.025446 0.037493 0.035619 0.0068952 -0.039347 0.022624 0.054474 -0.010556 -0.051025 0.019048 0.076524 -0.013355 -0.024061 0.015188 0.033458 -0.00059659 -0.00056176 0.00059659 0.00056176
152.57 164.4 3.5393 0.83261 0.02476 0.061868 0.083301 0.145 -0.067089 0.01992 0.094739 0.12419 -0.0046615 -0.0085244 0.0076471 0.012349 0.0017546 -0.0088963 0.014991 0.018438 -0.014323 -0.085317 0.17394 0.22276 -0.048098 -0.0082638 0.21923 0.27304 -0.032589 0.04914 0.073231 0.10176 0.0004592 0.015316 0.0147 0.021464 -0.004839 -0.015298 0.059142 0.060118 0.092655 0.0003402 0.20127 0.32989 -0.015544 0.052834 0.35435 0.57348 -0.053798 -0.013616 0.12494 0.12736 0.008078 -0.0034136 0.011145 0.017107 0.035373 -0.035284 0.059815 0.098816 -0.024506 -0.075248 0.075456 0.13435 -0.011748 -0.011601 0.015226 0.019223
72.542 182.73 3.0683 5.7417 0 0 0 0 0 0 0 0 0 0 0 0 0 0 0 0 0.046905 0.067994 0.064834 0.19217 0.031762 0.20934 0.088546 0.39321 -0.10247 0.1697 0.12152 0.22726 -0.010445 0.014419 0.010445 0.014419 0.023747 -0.011655 0.1513 0.33044 0.022404 -0.15435 0.13197 0.35815 -0.011338 -0.129 0.18291 0.35683 -0.042715 -0.0065011 0.078439 0.10519 -0.039168 0.043664 0.17029 0.21277 -0.063927 0.063074 0.13352 0.18323 -0.0018057 -0.014912 0.018179 0.024463 -0.00083726 -0.014236 0.011058 0.017612
75.721 199.76 3.3357 5.0452 0 0 0 0 0 0 0 0 0 0 0 0 0 0 0 0 0 0 0 0 0 0 0 0 0 0 0 0 0 0 0 0 0.068331 0.067301 0.068457 0.068407 0.08225 0.29679 0.31367 0.46925 -0.0916 0.081259 0.18736 0.42538 -0.041057 -0.002254 0.048457 0.055215 0.053695 -0.0021001 0.20605 0.20765 -0.099655 -0.15449 0.27826 0.32881 -0.036966 -0.082281 0.049299 0.10616 -0.006177 -0.0082011 0.0069734 0.0086159
79.697 127.42 5.5454 1.5705 0 0 0 0 0 0 0 0 0 0 0 0 0 0 0 0 0.0048286 0.033329 0.024505 0.033329 0.072364 0.24252 0.19918 0.39542 -0.093172 0.099096 0.12251 0.17317 -0.0014036 0.00030524 0.0014036 0.00030524 0.013926 -0.010763 0.080261 0.11147 0.06977 -0.15226 0.35398 0.57941 -0.13675 -0.054257 0.2164 0.22593 -0.0070332 0.0010214 0.0092546 0.003927 -0.026064 0.0063708 0.032918 0.075293 0.038503 -0.011585 0.082179 0.088945 -0.029938 -0.0075921 0.11751 0.084239 -0.0042934 -0.00062885 0.0055769 0.0022788
80.835 166.64 5.0761 2.552 -0.03502 -0.04169 0.1265 0.090591 0.031374 0.018574 0.044703 0.034161 0.090804 0.09946 0.3139 0.39973 -0.073491 0.084198 0.13509 0.14891 0.003883 0.0055397 0.010358 0.017539 0.060324 -8.0015e-05 0.098223 0.13509 0.16685 -0.162 0.32547 0.38842 -0.099294 -0.084556 0.29407 0.22313 0.019271 -0.0066813 0.028245 0.038237 0.026212 -0.011474 0.095809 0.24792 -0.023728 -0.043648 0.10631 0.21994 -0.01387 -0.030289 0.043652 0.046191 0.00058636 -0.0011489 0.00059669 0.0011489 0.0017666 -0.019747 0.0074595 0.021377 -0.0055095 -0.013036 0.005704 0.015516 -0.00044268 -0.00051776 0.00044268 0.00051776
62.983 196.23 5.098 5.4559 0 0 0 0 0 0 0 0 3.7564e-18 3.4539e-18 3.7564e-18 3.4539e-18 1.2256e-17 1.1269e-17 1.4955e-17 1.3751e-17 0 0 0 0 2.896e-05 0.00069028 2.896e-05 0.00069028 1.6756e-05 0.00039938 1.6756e-05 0.00039938 2.7484e-18 2.5271e-18 2.7484e-18 2.5271e-18 0.046587 0.012367 0.059607 0.072294 0.066492 0.069616 0.2267 0.55754 -0.10701 0.024633 0.1832 0.443 -0.014445 0.0010838 0.018062 0.026758 0.054319 0.14397 0.21327 0.21264 -0.049061 0.078868 0.2694 0.3824 -0.044152 -0.028922 0.089574 0.14341 -0.0055126 0.016075 0.011596 0.025517
61.621 109.92 6.7034 0.97111 0 0 0 0 0 0 0 0 0 0 0 0 0 0 0 0 0 0 0 0 0 0 0 0 0 0 0 0 0 0 0 0 0.004098 0.0023209 0.004098 0.0023209 0.10127 0.26277 0.49822 0.49815 -0.16584 0.10837 0.2612 0.25264 -0.0051947 0.0050016 0.0082867 0.0061374 -0.026636 0.049914 0.080433 0.13076 0.017547 -0.11041 0.26053 0.25991 -0.044957 -0.037516 0.23566 0.13048 -0.016252 0.0027278 0.040537 0.014877
88.716 133.56 9.2638 1.676 -0 0 0 0 -0 0 0 0 -0 0 0 0 -0 0 0 0 -0.028311 0.048353 0.21942 0.30935 0.087321 0.091782 0.20027 0.34721 -0.091449 0.086356 0.18038 0.28974 -0.0034636 0.00034097 0.0034636 0.00083108 -0.055294 -0.0056846 0.34777 0.37645 0.066278 -0.073376 0.20534 0.29113 -0.086941 -0.060099 0.22195 0.25277 -0.0068803 -0.00056829 0.0068803 0.0019515 -0.011469 -0.032817 0.052668 0.079083 0.0092265 -0.012998 0.031593 0.04461 -0.010697 -0.017049 0.038749 0.041466 -0.00061187 -0.00019907 0.00061187 0.00028003
53.106 152.5 8.4683 5.5597 0 0 0 0 0 0 0 0 0 0 0 0 0 0 0 0 0 0 0 0 0.010495 0.0057245 0.011201 0.0088407 0.027315 0.036835 0.078626 0.18788 -0.019723 0.0094292 0.031194 0.05254 0 0 0 0 0.16927 0.094129 0.30816 0.30329 -0.12209 0.13291 0.36978 0.54548 -0.018723 0.020696 0.065691 0.099622 0 0 0 0 0.066053 -0.059343 0.098179 0.1256 -0.013314 -0.095616 0.17957 0.2619 0.078635 0.055086 0.23864 0.18949
157.87 179.39 9.4801 0.97992 0.016848 0.016236 0.016848 0.018635 0.002026 0.082884 0.082182 0.15458 0.024984 -0.068084 0.24338 0.26954 -0.036099 -0.008384 0.089947 0.060273 0.045049 -0.0090311 0.055376 0.056818 0.049465 0.03447 0.41896 0.60118 -0.059899 0.030693 0.19501 0.2834 -0.005897 -0.022588 0.05563 0.030667 0.0020902 -0.0027854 0.0025078 0.0027854 0.059743 -0.073273 0.13196 0.24609 -0.039017 -0.051626 0.098822 0.18366 -4.0232e-05 -0.0006437 0.00032412 0.0006437 0 0 0 0 0.00015716 -0.00069936 0.00015716 0.00069936 5.8173e-05 -0.00025255 5.8173e-05 0.00025255 2.6713e-17 -1.792e-17 2.7857e-17 1.8687e-17
