53 64
165.72 119.87 2.1185 1.586 -0 0 0 0 -0 0 0 0 -0 0 0 0 -0 0 0 0 0.0052525 0.0065403 0.0052764 0.0065403 0.034158 0.15319 0.041405 0.19177 -0.039777 0.17176 0.049892 0.20497 -0.0079878 0.013877 0.0079878 0.013877 0.10603 0.068741 0.14475 0.11182 0.040526 0.034215 0.24517 0.36001 0.060865 0.054534 0.21243 0.42963 -0.04734 0.15842 0.31915 0.37332 0.04257 -0.031842 0.087407 0.078142 0.024073 -0.024666 0.11412 0.087325 0.0065049 -0.066658 0.090993 0.097251 0.014287 -0.093191 0.13699 0.15954
121.17 122.42 2.3554 1.4615 0 0 0 0 0 0 0 0 0 0 0 0 0 0 0 0 0.025088 0.10683 0.054359 0.10683 0.021795 0.19757 0.11357 0.24275 -0.032248 0.22678 0.083417 0.28494 0.064174 0.15596 0.13433 0.17746 -0.01921 0.031701 0.17885 0.20891 -0.011286 -0.11386 0.31097 0.25103 0.079517 -0.074231 0.22172 0.31758 0.012104 -0.031396 0.25589 0.28199 -0.038524 -0.048912 0.072343 0.079376 -0.01034 0.0049674 0.13208 0.10476 0.039681 -0.019116 0.10071 0.12141 -0.020055 -0.027843 0.080551 0.086088
132.31 122.53 2.2154 1.6751 -0 0 0 0 -0 0 0 0 -0 0 0 0 -0 0 0 0 -0.0074805 0.11373 0.093339 0.18134 0.03387 0.21679 0.097462 0.27958 -0.029833 0.17358 0.14363 0.25425 -0.031475 0.11626 0.054083 0.13141 -0.0078007 0.029208 0.28129 0.32552 -0.082577 -0.075598 0.22545 0.27481 0.024253 -0.1139 0.33351 0.23128 0.038243 -0.0034064 0.17574 0.2089 0.0087371 -0.052147 0.063975 0.093959 -0.023954 -0.023839 0.10866 0.11178 0.00060984 0.010126 0.12099 0.10302 0.037421 -0.022556 0.074067 0.074471
99.05 124.83 1.793 1.9165 -0.028149 0.058105 0.040216 0.064263 -0.0049675 0.006508 0.0049675 0.006508 -0 0 0 0 -0 0 0 0 -0.0061442 0.041327 0.18821 0.16202 0.032506 0.23589 0.25037 0.39288 -0.001434 0.20989 0.085995 0.42713 -0.011105 0.10542 0.07582 0.24993 0.030919 -0.046169 0.13396 0.10207 -0.00099039 -0.11537 0.27899 0.2897 0.0097327 -0.092964 0.12163 0.20623 0.015883 -0.025783 0.10262 0.12343 -0.017011 0.0084485 0.062124 0.05028 -0.0021922 -0.040867 0.063127 0.071282 0.054779 -0.014934 0.077471 0.064812 -0.01236 -0.032157 0.072691 0.052846
89.991 128.37 2.2214 5.3203 -0.0011821 0.017666 0.10946 0.03851 0.014829 0.072633 0.11971 0.094351 -0.044675 -0.0021435 0.077578 0.064472 0.020941 -0.0045741 0.061184 0.02593 0.042542 0.056131 0.18685 0.080009 -0.038479 0.025735 0.20416 0.16333 -0.067205 0.074631 0.13477 0.13731 0.016112 0.040078 0.090608 0.086205 0.071162 -0.085263 0.15904 0.17934 0.037071 -0.064972 0.14826 0.39611 -0.056532 0.050671 0.21227 0.51523 -0.051195 0.062769 0.22215 0.16872 0.0063991 -0.015938 0.0073048 0.01719 0.019969 -0.07121 0.024261 0.092058 0.004934 -0.11941 0.061789 0.17175 0.037049 -0.055804 0.15776 0.10945
167.57 128.38 1.8914 4.3066 0.050365 0.0062882 0.069288 0.036798 -0.03646 0.0098885 0.11506 0.062731 -0.031566 0.062707 0.11076 0.081347 -0.013949 0.0095003 0.021601 0.013075 0.035693 0.098396 0.095267 0.1242 -0.035343 0.052667 0.12658 0.090817 -0.081152 0.036541 0.38625 0.14657 -0.069252 -0.0084289 0.080387 0.023686 -0.020008 -0.033535 0.26613 0.40499 -0.072308 -0.11494 0.18316 0.46044 -0.12482 -0.12517 0.23192 0.24809 -0.023727 -0.010837 0.024876 0.011076 -0.025155 -0.066385 0.061298 0.10597 -0.016483 -0.096549 0.028353 0.11351 -0.012893 -0.026572 0.014352 0.03071 -0.0002454 -0.00027019 0.0002454 0.00027019
115.46 130.06 1.9425 4.0594 -0.02273 0.02297 0.051782 0.061308 -0.0047232 0.0041033 0.12161 0.11014 -0.00034086 -0.024751 0.10976 0.096647 0.077525 0.0091995 0.09131 0.055945 0.033658 -0.012138 0.084723 0.11956 0.0024243 0.10914 0.1671 0.19367 0.018139 0.12055 0.19995 0.21586 0.015448 -0.027207 0.20345 0.20044 0.082359 0.061904 0.14325 0.14959 0.00050375 0.024326 0.26278 0.42803 -0.058005 -0.10756 0.14339 0.34707 -0.056969 -0.070306 0.082932 0.11321 0.055733 0.016679 0.15416 0.084115 -0.13018 -0.066175 0.25801 0.16127 -0.012805 -0.039399 0.016823 0.039399 -0.0015666 -0.0031108 0.0015666 0.0031108
80.54 145.93 2.0505 5.7822 0.025968 0.051982 0.084347 0.083883 -0.029672 -0.011374 0.091563 0.10829 -0.0012097 -0.047706 0.02501 0.069135 0.0084543 -0.045968 0.016627 0.052662 -0.044601 0.045453 0.26449 0.25818 0.00552 0.14279 0.19498 0.25214 -0.061992 0.13285 0.14333 0.18546 -0.011023 0.008243 0.013309 0.016891 -0.036965 0.10106 0.26334 0.27055 -0.070173 0.02564 0.2475 0.25694 -0.12212 -0.063221 0.19386 0.20393 -0.0012584 0.059268 0.13538 0.12204 -0.064254 0.040623 0.14065 0.16281 -0.10926 0.045947 0.16047 0.172 0.017956 0.028117 0.16353 0.085682 0.016404 0.044024 0.1479 0.078389
185.23 150.34 1.7915 3.0158 -0 0 0 0 -0 0 0 0 -0 0 0 0 -0 0 0 0 0.024036 0.068162 0.043969 0.083542 -0.0036024 0.10659 0.11304 0.23905 -0.040634 0.059739 0.097088 0.11347 0.0090508 0.10665 0.057543 0.10665 -0.025642 -0.036623 0.087876 0.12413 0.018626 -0.021302 0.13837 0.28154 0.03364 0.24245 0.18722 0.37846 0.1686 0.072005 0.29281 0.39144 -0.0035688 -0.014354 0.035415 0.03236 0.11566 -0.0057912 0.12881 0.16022 0.073242 0.022728 0.17824 0.29472 0.014226 0.030639 0.097105 0.15005
119.24 161.85 1.7812 4.3446 -0.0019682 -0.00039052 0.004606 0.006998 0.00057577 -0.0042819 0.0065955 0.017879 0.01203 -0.0023356 0.023 0.023858 0.059282 0.068608 0.099691 0.12851 0.022838 0.067155 0.046608 0.072829 0.0093895 0.1195 0.076985 0.15837 -0.0058685 0.047198 0.094522 0.12219 0.12443 -0.041111 0.20532 0.19342 0.069082 0.069173 0.12849 0.17638 -0.054493 0.13261 0.25846 0.34135 -0.080454 0.054682 0.19732 0.23586 0.070197 0.035795 0.15957 0.19834 0.090472 -0.06628 0.12268 0.19883 -0.034889 -0.031139 0.16731 0.23817 -0.040612 0.046501 0.24702 0.27471 0.0077962 -0.03291 0.16302 0.15717
185.43 161.25 2.1081 3.3075 -1.1153e-15 1.3973e-16 5.0064e-15 8.7248e-15 -4.0947e-16 -4.7705e-17 4.0947e-16 4.0267e-16 0 -0 0 0 0 -0 0 0 0.0061896 0.12993 0.06794 0.15826 0.0063371 0.16639 0.11119 0.23791 -0.027778 0.16195 0.12732 0.26965 -0.028995 0.044427 0.041711 0.060679 -0.10222 -0.062098 0.15668 0.20004 -0.026792 -0.1078 0.11759 0.24775 0.029493 -0.013587 0.15294 0.38568 0.0032275 0.055564 0.14265 0.20851 -0.039191 -0.044113 0.048936 0.051157 0.053626 0.010425 0.078766 0.091758 0.1826 0.078532 0.21273 0.34526 -0.017546 0.13647 0.15073 0.23305
105.93 165.5 2.2963 5.0116 -0.017684 -0.034889 0.019533 0.035128 -0.0017971 -0.012956 0.0042959 0.012956 -0.0014967 -0.006221 0.0098201 0.023414 -8.5804e-05 0.0017045 0.0070042 0.011151 0.023499 0.032175 0.029358 0.047181 0.02713 0.12826 0.11937 0.22921 -0.055678 0.074395 0.080823 0.12007 -0.0041148 0.0068146 0.014879 0.035011 0.062797 0.05875 0.22245 0.16081 0.04317 0.21607 0.26991 0.37223 -0.13193 0.10086 0.26179 0.32443 -0.045307 -0.00067815 0.071403 0.1151 0.050422 -0.020199 0.14996 0.093104 0.063831 -0.045938 0.272 0.23513 -0.12985 0.022214 0.25754 0.2065 -0.02143 0.023568 0.086038 0.084442
179.85 184.16 2.0358 3.7877 0 -0 0 0 0 -0 0 0 1.1116e-15 -2.4432e-16 2.9528e-15 2.813e-15 -6.9072e-16 -3.4414e-17 3.2988e-15 3.8622e-15 0.012529 0.03407 0.013034 0.03407 0.022542 0.18042 0.030344 0.18042 -0.0093355 0.20253 0.052944 0.20253 -0.023864 0.053034 0.026057 0.053034 0.12929 0.10935 0.14975 0.18645 -0.011478 0.15225 0.18439 0.46964 -0.079393 0.011393 0.16499 0.46033 -0.049934 0.054311 0.12848 0.21359 0.00047151 -0.079657 0.093663 0.12638 -0.063067 -0.17967 0.086499 0.19466 -0.025704 -0.1011 0.047497 0.13758 0.014769 -0.018105 0.055486 0.11722
153.87 186.23 1.9999 1.0261 -0.0092173 -0.0042789 0.036016 0.030054 0.021543 -0.11524 0.072134 0.14701 -0.026705 -0.087673 0.04363 0.09654 -0.00231 -0.0083631 0.024655 0.032643 -0.013203 0.14541 0.027585 0.1593 0.016176 0.19012 0.094969 0.19753 0.0048927 0.15077 0.095773 0.1654 -0.016702 0.065733 0.057347 0.11386 -0.02491 0.1502 0.11393 0.33986 -0.16381 0.10718 0.26922 0.41612 -0.053929 -0.026579 0.21787 0.31498 -0.037918 -0.026651 0.10812 0.13642 0.0073069 -0.14363 0.05492 0.17164 -0.068161 -0.12178 0.076267 0.14222 -0.017301 -0.046271 0.031955 0.055237 -0.0028177 -0.0076824 0.0054056 0.008409
142.28 192.69 2.1609 1.1005 -0.01328 -0.090286 0.063077 0.11214 -0.031218 -0.051444 0.035769 0.05282 -0.020433 -0.037895 0.071162 0.10505 -0.0040198 0.0015506 0.031386 0.029168 -0.0039873 0.1991 0.11122 0.20718 -0.0095261 0.20579 0.1425 0.27599 -0.031897 0.069689 0.11921 0.17916 -0.0017954 -0.0016055 0.020464 0.014854 -0.17025 -0.067527 0.28915 0.4048 -0.065017 -0.14463 0.2873 0.41919 -0.099468 -0.054926 0.15034 0.19071 -0.0023088 -0.00093782 0.0027018 0.0025655 -0.040447 -0.078868 0.050757 0.087216 -0.021821 -0.043344 0.033848 0.053165 -0.0030093 -0.009293 0.0058533 0.0099366 -8.2275e-05 2.0875e-05 8.2275e-05 2.0875e-05
160.05 196.28 1.8369 4.7479 -8.4767e-05 0.00019353 0.00040113 0.00019353 0 0 0 0 0 0 0 0 0 0 0 0 -0.011058 0.064727 0.063395 0.10148 -0.018698 0.10572 0.085823 0.13248 -0.024564 0.10124 0.039085 0.10172 -0.0039836 0.0076464 0.0039836 0.0076464 0.040284 -0.048637 0.10608 0.16253 0.10469 0.02979 0.28104 0.36151 0.052132 0.24321 0.23145 0.42908 -0.14836 0.16822 0.16891 0.1917 0.0090402 -0.0122 0.010147 0.012485 0.053422 -0.090856 0.071258 0.1152 0.16258 -0.18562 0.18903 0.25027 -0.068555 0.028207 0.16379 0.14907
89.864 113.93 2.9725 1.8222 -0 0 0 0 -0 0 0 0 -0 0 0 0 -0 0 0 0 -0.029331 0.07235 0.041239 0.079771 0.011972 0.11934 0.017544 0.11934 -0.024629 0.13688 0.030707 0.13688 -0.0027335 0.0041247 0.0027335 0.0041247 0.02908 0.022211 0.22512 0.26036 0.0045078 0.04472 0.22669 0.53959 -0.12055 0.10271 0.31661 0.42802 -0.060355 0.016113 0.075743 0.039088 -0.016183 -0.027299 0.094488 0.088957 0.047134 -0.061474 0.13056 0.11507 -0.029259 -0.066806 0.23851 0.10203 -0.032273 -0.0051654 0.075682 0.015058
106 119.79 2.9214 1.7368 -0 0 0 0 -0 0 0 0 -0 0 0 0 -0 0 0 0 -0.011154 0.095006 0.079882 0.18653 -0.046834 0.14969 0.076569 0.17063 0.027191 0.20983 0.048623 0.22523 -0.019348 0.10386 0.059948 0.15412 0.0077411 -0.044008 0.15733 0.1644 0.049409 -0.011215 0.29067 0.34929 -0.0031162 0.0058913 0.26257 0.50973 -0.034829 -0.006388 0.18605 0.21771 0.010317 -0.013309 0.063985 0.060851 -0.01118 -0.010542 0.1287 0.12187 0.019399 -0.045132 0.11209 0.098006 -0.0048165 -0.039174 0.09797 0.057824
147.06 121.59 2.8637 1.569 0 0 0 0 0 0 0 0 0 0 0 0 0 0 0 0 0.021885 0.10246 0.045708 0.13165 -0.039576 0.18507 0.067006 0.1951 0.026936 0.17138 0.098328 0.21667 -0.0040221 0.10702 0.070777 0.15947 0.044144 -0.012071 0.1449 0.16301 0.013438 -0.017515 0.29918 0.47795 -0.094814 -0.039244 0.28088 0.39959 0.016962 -0.049354 0.16556 0.19326 0.0028514 -0.029599 0.081747 0.055465 0.0064576 -0.066457 0.11176 0.10044 -0.017741 -0.03263 0.11621 0.1254 0.010182 -0.016798 0.060651 0.074677
176.1 128.27 2.5998 2.7176 -0 0 0 0 -0 0 0 0 -0 0 0 0 -0 0 0 0 0.00086068 0.014137 0.025304 0.035273 0.053205 0.12252 0.093275 0.23974 -0.064334 0.118 0.078428 0.1742 -0.0049256 0.0042404 0.0049256 0.0042404 0.047319 0.023366 0.093428 0.12513 0.089336 0.045263 0.15204 0.30489 -0.16609 0.13335 0.46369 0.30289 -0.053146 0.01821 0.064967 0.023394 0.026406 -0.027648 0.035168 0.043484 0.086712 -0.072138 0.11566 0.11636 -0.0060305 0.0054095 0.44407 0.28485 -0.074741 0.048774 0.097417 0.076456
127.19 131.22 2.8669 5.368 -0.036679 0.078038 0.08198 0.098891 -0.0082773 0.016873 0.13512 0.10311 -0.050377 -0.0092289 0.089899 0.074679 0.01744 0.02485 0.052733 0.042995 0.059212 -0.096344 0.23114 0.23688 -0.10557 -0.0017684 0.29779 0.19822 0.0053618 0.023549 0.18576 0.17288 -0.0047849 -0.0086835 0.10429 0.10159 0.038204 -0.034972 0.047666 0.037533 0.077178 -0.12162 0.28325 0.30911 0.075389 0.0037324 0.22714 0.41199 -0.061367 0.084341 0.17464 0.16596 1.5162e-05 -1.9714e-05 1.5162e-05 1.9714e-05 0.014646 -0.026252 0.016305 0.028428 0.08488 -0.082506 0.095546 0.11432 0.013539 -0.025002 0.15735 0.12118
167.64 131.58 2.7335 4.2357 0.0026615 0.015186 0.026214 0.019721 0.010625 0.05728 0.10454 0.077852 -0.031248 0.0098808 0.07834 0.048572 -0.0030148 0.0005514 0.0030148 0.0014088 0.0013719 0.051803 0.11629 0.08608 0.043332 0.062588 0.20392 0.12744 -0.11143 0.087823 0.29893 0.13645 -0.025807 0.0037339 0.027114 0.0095831 0.073659 0.074939 0.22308 0.25055 -0.044881 -0.062196 0.25733 0.52805 -0.15979 -0.12618 0.30236 0.26103 -0.018466 -0.0053676 0.018666 0.0064412 -0.041551 -0.078673 0.14853 0.14076 -0.025162 -0.088759 0.046734 0.11027 -0.015735 -0.031733 0.017903 0.036655 -0.00026411 -0.00018853 0.00026411 0.00018853
74.472 138.87 2.8933 5.7759 0 0 0 0 0.0066708 0.012459 0.0089395 0.014508 0.016382 0.021453 0.031052 0.063767 0.01315 0.011577 0.021351 0.066024 0.019713 0.02107 0.019713 0.02107 0.012166 0.085069 0.21218 0.22942 -0.033563 0.049791 0.12277 0.18016 -0.0042555 -0.01709 0.023311 0.053396 0.11298 0.038599 0.20157 0.076695 -0.035614 0.1178 0.40412 0.32293 -0.11144 0.01092 0.20758 0.22977 -0.0039367 0.042143 0.11549 0.087757 0.057452 -0.038283 0.094459 0.052926 0.065414 -0.088336 0.29249 0.33404 -0.10036 0.08119 0.18406 0.24168 0.010869 0.016121 0.10642 0.077204
177.83 142.44 2.5722 3.1782 0.00011753 0.0098663 0.0019206 0.0098663 -0.00083301 0.0079618 0.0013074 0.0079618 0 -0 0 0 0 -0 0 0 -0.0084795 0.0061679 0.049083 0.10494 -0.010817 0.061538 0.079207 0.19599 -1.1375e-05 0.17204 0.17723 0.24798 -0.02474 0.036813 0.032789 0.042485 0.019858 -0.020616 0.051588 0.051115 0.10809 0.019756 0.17661 0.30723 0.11511 0.10102 0.30225 0.36332 -0.14115 0.050542 0.2725 0.11197 0.01381 0.036637 0.026609 0.049574 0.067998 0.00242 0.10797 0.14738 0.084113 0.013618 0.35133 0.29984 -0.11353 -0.029726 0.16519 0.077504
127.43 144.11 2.6952 5.2722 0.02634 0.012718 0.088913 0.063447 -0.043498 0.026277 0.09837 0.095907 -0.020346 0.0086165 0.038505 0.035125 -0.0028969 0.018515 0.019596 0.020983 -0.018927 0.089156 0.1636 0.16821 -0.064018 -0.012133 0.17594 0.19872 0.030593 0.05841 0.14488 0.13333 -0.028272 0.011963 0.11972 0.078041 0.0021598 -0.060746 0.26554 0.21591 -0.062609 0.098457 0.28742 0.26738 -0.00038917 0.13898 0.18106 0.26679 -0.033267 0.023927 0.10353 0.11023 0.0262 -0.041609 0.051793 0.051618 0.054469 -0.10647 0.13246 0.26636 0.016781 -0.01459 0.2734 0.32894 -0.038969 0.047759 0.12061 0.10064
120.12 152.89 2.5631 3.2312 0.023659 6.9116e-05 0.029027 0.014864 0.025439 -0.016034 0.084503 0.15065 0.035947 0.011312 0.15441 0.16329 0.0042644 -0.02614 0.24754 0.18214 0.0086257 -0.0031834 0.013498 0.0056222 0.028561 -0.0039837 0.11864 0.10679 0.042616 -0.0077149 0.22176 0.21685 0.060447 -0.026826 0.26977 0.27344 0.030512 0.0069297 0.039142 0.016304 0.085221 0.059152 0.18105 0.13096 0.027204 0.036843 0.22839 0.22309 -0.029773 0.03022 0.32887 0.26888 -3.7725e-05 -0.000287 0.024661 0.011845 0.036568 -0.054305 0.12249 0.10684 0.049379 -0.021495 0.14316 0.15114 -0.0018971 0.0020835 0.2889 0.18177
67.611 162.9 2.4917 2.6155 0.000797 -0.0076127 0.0027077 0.0082203 0.02762 -0.038376 0.042698 0.072476 0.028658 -0.13657 0.15485 0.19908 0.055551 -0.029804 0.17714 0.20363 -0.07066 0.20094 0.079574 0.23281 -0.0043043 0.24463 0.082909 0.25935 0.008745 0.15751 0.12013 0.25682 0.00085237 -0.058036 0.20258 0.22873 -0.037895 -0.11651 0.094072 0.29485 -0.052042 -0.13751 0.12918 0.33668 -0.077257 -0.14849 0.11576 0.26866 -0.031988 -0.049957 0.044104 0.067829 -0.00072128 -0.025092 0.0054091 0.025092 -0.0040726 -0.024698 0.005906 0.024698 -0.001377 -0.0059357 0.0015804 0.0059357 -4.0855e-05 -7.0364e-05 4.0855e-05 7.0364e-05
140.38 164.06 3.0419 3.3281 0.012597 -0.025323 0.070434 0.052084 -0.035473 -0.03963 0.048969 0.044819 0.060607 -0.020456 0.067515 0.075299 0.059899 -0.011272 0.10982 0.14506 -0.011838 -0.020573 0.038912 0.03203 0.13505 0.060232 0.1723 0.15014 -0.014222 0.15059 0.17335 0.32714 0.18966 0.060705 0.2885 0.25172 0.00049154 -0.0015747 0.0068746 0.0051063 0.079394 -0.056349 0.12337 0.13804 0.069357 -0.10516 0.27498 0.26121 0.1344 -0.07661 0.29972 0.22986 -0.0022084 0.0027548 0.0089349 0.0037285 0.060274 0.055876 0.10531 0.077813 0.030903 0.098366 0.16376 0.14652 0.046089 0.062655 0.15395 0.16412
69.285 168.14 2.8254 2.5231 0.019639 -0.029974 0.038277 0.043745 0.0064448 -0.086986 0.12374 0.1296 0.080033 -0.10281 0.22516 0.24568 0.028607 -0.10841 0.33061 0.27603 -0.015838 0.14036 0.092562 0.24702 -0.04502 0.20275 0.078887 0.26614 -0.0035235 0.035461 0.14099 0.30712 -0.031549 -0.073766 0.18652 0.18209 0.039015 -0.13968 0.071788 0.22481 -0.057045 -0.15181 0.082681 0.29212 -0.049207 -0.082625 0.06293 0.14399 -0.010037 -0.013853 0.012125 0.018882 -0.00017389 -0.0012759 0.00021116 0.0012759 -6.6983e-05 -0.0022822 0.00018354 0.0022822 2.091e-06 -4.291e-05 2.091e-06 4.291e-05 -0 0 0 0
180.32 174.66 2.9436 3.5273 0 -0 0 0 2.0968e-15 -1.5534e-16 3.2506e-15 2.6263e-15 6.4572e-16 3.6616e-16 2.1655e-15 2.0143e-15 0 -0 0 0 0.034073 0.062052 0.038948 0.062052 0.046394 0.24696 0.10401 0.2745 -0.034178 0.14054 0.11021 0.25581 -0.025241 0.060479 0.052093 0.083011 0.098377 0.024399 0.18125 0.16556 -0.1144 -0.15133 0.21683 0.33982 0.055699 -0.025335 0.17694 0.31341 -0.024394 0.11343 0.19391 0.32142 -0.015254 -0.044176 0.063582 0.06847 -0.01315 -0.013487 0.052277 0.068928 0.11788 -0.016066 0.13599 0.13389 0.07576 0.0287 0.20827 0.22799
92.453 191.94 2.602 4.9201 0 0 0 0 0 0 0 0 0 0 0 0 0 0 0 0 0.044712 0.077885 0.046298 0.077885 0.039567 0.29563 0.12102 0.34755 -0.067138 0.1637 0.087193 0.26174 -0.033376 0.017194 0.035256 0.042212 0.097303 0.027516 0.23189 0.28336 -0.14371 -0.19346 0.25421 0.46667 -0.070919 -0.12198 0.081571 0.20459 -0.02201 -0.015786 0.024944 0.028807 -0.044277 -0.065265 0.096722 0.098806 0.0081118 0.014487 0.054251 0.10472 -0.010436 0.12477 0.078128 0.16893 -0.013272 0.027064 0.015547 0.033232
142.33 195.23 2.741 4.5517 0 -0 0 0 0 -0 0 0 0 -0 0 0 3.009e-16 1.4708e-15 2.0053e-15 1.4708e-15 -0.012556 0.012011 0.014953 0.014266 0.054142 0.029059 0.084453 0.099093 0.036596 0.16904 0.15125 0.25021 -0.001562 0.23001 0.11522 0.24266 -0.030861 -0.007969 0.036255 0.025427 0.042454 -0.040221 0.063 0.086387 0.10504 -0.13424 0.1778 0.3008 0.13894 -0.16398 0.22228 0.39763 -0.0024221 0.04176 0.018455 0.052297 0.13717 0.12112 0.15336 0.1798 -0.070303 0.23843 0.23345 0.30846 0.015187 -0.0032388 0.056595 0.079727
151.31 198.43 2.8888 4.6578 0 -0 0 0 0 -0 0 0 0 -0 0 0 0 -0 0 0 0.0078448 0.0047107 0.010459 0.0047607 0.013421 0.095332 0.065458 0.10055 -0.0063747 0.12917 0.054918 0.13325 -0.0071786 0.030271 0.011787 0.030271 0.014298 0.0028116 0.018858 0.020803 0.10301 -0.059075 0.17127 0.25805 0.18983 0.012731 0.31771 0.50419 -0.1144 0.18119 0.26323 0.33645 0.024713 0.015714 0.027512 0.038733 -0.02538 0.17584 0.12177 0.22064 0.04396 -0.071588 0.081543 0.1434 0.070819 -0.10722 0.1549 0.18126
83.784 200.35 2.944 5.0689 0 0 0 0 0 0 0 0 0 0 0 0 0 0 0 0 0 0 0 0 0.0032239 0.007124 0.0032239 0.007124 0.0057824 0.013083 0.0057824 0.013083 0.00029945 0.00032828 0.00029945 0.00032828 0.12541 0.15493 0.12884 0.18656 0.023289 0.23788 0.25443 0.62305 -0.11326 0.087408 0.15874 0.43586 -0.053573 0.016417 0.058806 0.10255 0.011764 -0.045444 0.13238 0.17565 -0.054771 -0.14631 0.093602 0.20155 -0.020104 -0.090982 0.029868 0.10099 -0.01003 -0.019443 0.014952 0.026033
106.92 118.35 3.5265 1.696 -0 0 0 0 -0 0 0 0 -0 0 0 0 -0 0 0 0 4.1641e-06 0.11217 0.055519 0.16006 -0.030428 0.14057 0.057355 0.1658 0.031132 0.19013 0.043647 0.2183 -0.022002 0.069471 0.037454 0.087077 -0.028204 -0.017577 0.17823 0.2448 0.049347 -0.00055136 0.28455 0.38585 0.029578 -0.00098701 0.26429 0.5012 -0.087925 0.010733 0.20756 0.16146 -0.011848 -0.019134 0.07721 0.055909 0.018146 -0.027759 0.11218 0.11915 -0.0073027 -0.05568 0.12688 0.1177 -0.017727 -0.026891 0.095258 0.039625
147.28 119.74 3.611 1.4973 0 0 0 0 0 0 0 0 0 0 0 0 0 0 0 0 0.018629 0.048086 0.018629 0.051652 -0.0067883 0.16224 0.047409 0.16707 0.030751 0.15866 0.064893 0.22557 0.010829 0.11217 0.045039 0.16248 0.091884 0.013868 0.16136 0.14498 0.01916 0.0024594 0.29107 0.4668 -0.072185 -0.030305 0.30644 0.41542 0.02963 -0.021453 0.16845 0.26315 0.031319 -0.025991 0.087487 0.05007 0.0051036 -0.074407 0.13666 0.095223 -0.026007 -0.021783 0.13402 0.1006 0.023266 -0.027166 0.068381 0.069845
116.63 126.76 3.3277 1.4628 0 0 0 0 0 0 0 0 0 0 0 0 0.020672 0.040333 0.020821 0.053243 0.019863 0.1111 0.10517 0.19297 0.020294 0.12296 0.16491 0.34883 0.062968 0.18053 0.22283 0.38867 0.02192 0.032071 0.19311 0.27219 -0.054558 -0.046956 0.16573 0.22114 0.005212 -0.059466 0.22951 0.25731 0.0032226 -0.093949 0.21615 0.27492 0.0018474 -0.075742 0.11716 0.11362 -0.0033813 -0.010162 0.07035 0.065762 -0.0015927 -0.024522 0.072685 0.092957 0.026005 -0.0098827 0.089994 0.10212 -0.023249 -0.0012477 0.060454 0.064337
125.78 133.16 3.3089 3.9662 0.0039186 0.0042338 0.025672 0.026727 0.032873 -0.017443 0.086435 0.092048 0.049592 0.072039 0.13408 0.13877 0.028526 0.045801 0.085455 0.14491 -0.01709 0.046421 0.086417 0.085165 -0.011489 0.014422 0.17439 0.17901 0.093549 0.0053831 0.34781 0.22309 -0.077667 -0.081955 0.18831 0.19578 0.050988 -0.0031473 0.10445 0.13553 -0.0023136 0.066191 0.20085 0.34163 -0.12064 -0.11552 0.30807 0.3305 -0.040413 -0.030231 0.051491 0.035246 0.035784 0.038426 0.15116 0.090671 -0.10173 -0.074161 0.2054 0.1754 -0.026091 -0.03674 0.028517 0.043145 -0.00067714 -0.00072243 0.00067714 0.00072243
152.7 144.21 3.9475 4.7183 0.0046617 0.011447 0.015898 0.016942 -0.0050028 0.029635 0.049774 0.048674 0.017581 -0.020542 0.041489 0.049399 -0.013261 -0.003152 0.046072 0.028592 -0.0068305 0.032264 0.088277 0.097204 -0.032366 0.035267 0.19078 0.14934 0.0002332 0.094664 0.1818 0.12574 -0.032825 0.0069909 0.10294 0.044072 -0.0022862 0.024984 0.19315 0.25532 0.038895 0.023267 0.32404 0.50342 -0.049821 0.019282 0.28699 0.41878 -0.078982 -0.0043514 0.11814 0.091054 0.0029602 -0.051524 0.041456 0.10152 0.0012495 -0.092515 0.060367 0.13216 -0.0077395 -0.096173 0.05344 0.15575 -0.013299 -0.015266 0.017116 0.023132
71.92 146.97 3.3435 5.7884 0 0 0 0 0.0066019 0.0096399 0.0066019 0.010566 0.018644 0.041301 0.02119 0.053418 0.0073035 0.046368 0.016335 0.052449 0.030242 0.034127 0.037058 0.039348 0.0016679 0.04998 0.17788 0.20639 0.003555 -0.02824 0.057453 0.15059 0.025758 -0.053011 0.037307 0.11387 0.10954 0.12112 0.24834 0.17348 -0.049727 0.15785 0.36196 0.39231 -0.092278 0.051662 0.18396 0.20595 -0.0092988 0.032528 0.049958 0.055435 0.10452 -0.03383 0.25678 0.16169 -0.11039 0.084942 0.23894 0.28439 -0.010482 0.045977 0.18138 0.15155 -0.0062583 0.035066 0.10582 0.076114
167.6 146.49 3.5139 5.465 -0.017913 0.016377 0.084732 0.087341 -0.032477 0.015561 0.13706 0.11898 0.01607 -0.0040769 0.056113 0.03025 -0.013574 0.0065543 0.060896 0.025693 -0.0070248 0.062143 0.25583 0.33255 -0.094809 0.13621 0.24845 0.2929 -0.022342 0.058027 0.14763 0.12853 -0.020245 -0.021222 0.090537 0.038679 0.11099 -0.11165 0.24915 0.19586 -0.1 -0.076531 0.34637 0.44018 -0.092975 -0.044352 0.16435 0.15836 -0.012038 -0.011901 0.025076 0.019292 0.013246 -0.01553 0.017353 0.017193 -0.0052122 -0.0551 0.044357 0.090997 -0.0097742 -0.0097529 0.010392 0.01628 -6.7589e-05 -0.00019038 9.9689e-05 0.00019038
140.39 162.66 3.6275 3.378 0.02805 0.0025218 0.041299 0.02927 -0.026533 -0.037216 0.077018 0.086141 0.052488 -0.00062715 0.090449 0.14276 0.023362 0.083441 0.11618 0.15218 0.0037556 -0.01514 0.035127 0.031937 0.043761 0.019826 0.09373 0.097588 0.060627 0.06582 0.17863 0.25932 0.08397 0.03366 0.34696 0.25528 -0.0025607 0.00303 0.0075059 0.0067529 0.04346 0.0021192 0.078512 0.091639 0.075309 -0.013421 0.23745 0.24768 -0.0091988 -0.039489 0.4194 0.23182 -0.01866 0.014564 0.041975 0.015617 0.077971 0.012758 0.11576 0.086761 0.055444 0.052225 0.17906 0.17986 -0.082017 -0.0041517 0.26866 0.1772
168.58 184.72 4.0089 0.94404 0.042741 -0.14414 0.30551 0.21585 -0.058221 -0.12361 0.27904 0.18388 -0.052256 -0.091774 0.22902 0.22792 -0.018009 -0.0078649 0.021865 0.019123 0.074154 -0.050928 0.20953 0.21383 0.017431 0.10358 0.16304 0.42046 -0.053027 0.080745 0.13572 0.2893 -0.0256 -2.103e-05 0.044784 0.056185 0.026139 -0.024042 0.029967 0.034331 0.052224 -0.14688 0.086278 0.26233 -0.063634 -0.10576 0.095594 0.1784 -0.011105 -0.01455 0.014468 0.017723 3.9882e-17 -1.3276e-16 1.4402e-16 2.2835e-16 7.771e-06 -4.8572e-05 7.771e-06 4.8572e-05 7.9267e-06 -4.9546e-05 7.9267e-06 4.9546e-05 -1.4072e-17 -2.2513e-18 1.4072e-17 2.2513e-18
108.34 196.55 3.3178 4.499 0 -0 0 0 0 -0 0 0 0 -0 0 0 0.00074117 0.0025191 0.001192 0.0025191 0.018718 0.035258 0.018718 0.035258 0.032996 0.17635 0.083409 0.19031 -0.048044 0.040384 0.066806 0.057847 0.037317 0.0034962 0.042674 0.05002 0.090932 0.20231 0.32932 0.35562 -0.21158 -0.11051 0.31847 0.42679 -0.06888 -0.040025 0.07477 0.070422 0.0037213 -0.0048027 0.012653 0.011504 -0.10107 -0.090454 0.30714 0.20729 -0.036662 -0.019177 0.10513 0.11434 -0.0066102 0.15549 0.081129 0.17889 0.021091 0.04978 0.083034 0.08897
81.216 201.38 3.3207 5.1325 0 0 0 0 0 0 0 0 0 0 0 0 0 0 0 0 0 0 0 0 0 0 0 0 0 0 0 0 0 0 0 0 0.083607 0.10944 0.083607 0.12312 0.061585 0.31514 0.22329 0.54273 -0.10466 0.15967 0.15802 0.43338 -0.052821 0.052239 0.056339 0.10468 0.030383 -0.033189 0.12815 0.1819 -0.05444 -0.17462 0.12899 0.29766 -0.031628 -0.12069 0.054403 0.169 -0.023465 -0.030967 0.030065 0.052403
152.71 200.42 3.5318 4.7507 0 0 0 0 0 0 0 0 0 0 0 0 0 0 0 0 -0.0075381 0.0065644 0.013903 0.012612 0.0018594 0.06296 0.048172 0.065729 -0.0086866 0.054606 0.020033 0.054613 -0.00071017 0.0018191 0.00071017 0.0018191 -0.010416 -0.0058135 0.017316 0.015334 0.081758 -0.037391 0.15476 0.20934 0.081498 0.082213 0.40059 0.54256 -0.11253 0.08952 0.15578 0.13607 0.031262 0.059964 0.14535 0.11894 -0.056935 0.14601 0.33365 0.20903 0.078131 -0.045749 0.21624 0.19532 -0.05624 -0.011101 0.21295 0.11442
107.19 156.8 5.4746 5.4141 0.011568 0.005774 0.024317 0.028189 0.0097527 -0.013443 0.040613 0.13948 -0.027048 -0.0062268 0.040044 0.10877 -0.0057232 2.8015e-05 0.0065213 0.0083353 0.0049965 0.080243 0.1745 0.14172 -0.016662 0.070202 0.16685 0.18735 -0.04284 0.022185 0.072407 0.086678 0.0029031 -0.00029136 0.012389 0.01067 0.061834 -0.061411 0.24946 0.35107 -0.072803 0.057426 0.3515 0.35194 -0.027281 0.041429 0.19557 0.17799 -0.022366 0.0079566 0.076697 0.054401 0.022696 -0.041138 0.032035 0.056936 0.060834 -0.080868 0.22688 0.23894 -0.011065 0.059407 0.25089 0.28249 -0.041858 0.040033 0.085458 0.094861
68.162 196.4 5.103 5.3633 0 0 0 0 0 0 0 0 5.9979e-18 4.5686e-18 2.171e-17 1.6537e-17 -9.9635e-19 -7.5892e-19 1.7874e-17 1.3615e-17 0 0 0 0 5.3585e-05 0.00039614 5.3585e-05 0.00039614 0.00012446 0.00092012 0.00012446 0.00092012 -2.2045e-18 -1.6792e-18 4.9251e-18 3.7514e-18 0.037633 0.022395 0.045356 0.042433 0.10574 0.055598 0.20319 0.50716 -0.096007 0.037943 0.17022 0.55301 -0.041539 0.011938 0.0502 0.07238 0.055945 0.094202 0.20658 0.15262 -0.01663 0.067398 0.26005 0.33588 -0.035395 0.042137 0.11717 0.21257 -0.0068698 -0.0061869 0.022871 0.024101
165.29 130.48 7.256 1.6485 -0 0 0 0 -0 0 0 0 -0 0 0 0 -0 0 0 0 -0 0 0 0 0.099902 0.086023 0.12516 0.17941 -0.018332 0.17794 0.17549 0.45046 0.010948 0.1213 0.097403 0.27927 0.0073049 0.00060902 0.0073049 0.00076969 0.086869 -0.062257 0.2308 0.18642 -0.0069083 -0.14817 0.32059 0.42172 0.018402 -0.083861 0.2089 0.29135 0.0016201 9.6743e-05 0.0016201 0.000237 0.011001 -0.014653 0.080833 0.079283 -0.011857 -0.023107 0.056686 0.069733 0.014798 -0.015295 0.041494 0.067664
87.455 157.22 8.1343 5.0725 0 0 0 0 0.0056657 0.016309 0.0071804 0.016309 -0.0039212 0.028785 0.013675 0.028785 -0.0010209 0.0010234 0.0011026 0.0010234 0.00012506 -0.00024109 0.00012506 0.00024109 0.045307 0.023941 0.14647 0.15442 -0.031723 0.033901 0.10652 0.19474 0.0074127 0.021405 0.03652 0.050066 0.0055109 -0.00010461 0.0055109 0.0017698 0.13552 0.022722 0.34091 0.38716 -0.010947 0.093988 0.3609 0.50884 -0.029203 0.099745 0.20523 0.19258 0.00028975 -0.00010589 0.00028975 0.00010589 0.025501 -0.053807 0.040622 0.084198 0.033832 -0.098695 0.099902 0.21181 -0.0152 -0.057636 0.11661 0.15961
61.981 102.03 9.7609 1.2261 0 0 0 0 0 0 0 0 0 0 0 0 0 0 0 0 0 0 0 0 -0.0050155 0.0025187 0.0050155 0.0025187 -0.0015058 0.00075619 0.0015058 0.00075619 0 0 0 0 0.058496 0.13392 0.14034 0.27627 -0.052369 0.13632 0.4537 0.62296 -0.0987 0.024922 0.15287 0.1182 0 0 0 0 0.00305 -0.043532 0.17286 0.21675 -0.011539 -0.096574 0.2247 0.23169 -0.040182 -0.013055 0.13621 0.082827 -5.1422e-05 -2.425e-05 5.1422e-05 2.425e-05
54.56 153.08 10.672 5.3844 0 0 0 0 0 0 0 0 -9.4106e-20 -7.4868e-20 2.0292e-18 1.6144e-18 -6.9881e-18 -5.5596e-18 9.8241e-18 7.8159e-18 0 0 0 0 0.0080467 0.0058019 0.015579 0.0069496 0.0022806 0.01634 0.095167 0.16751 -0.011711 0.0029897 0.019124 0.03421 0 0 0 0 0.13604 -0.0063517 0.18903 0.15956 -0.035189 0.13233 0.52227 0.58457 -0.039866 0.065801 0.14022 0.15178 0 0 0 0 0.019121 -0.022574 0.025218 0.028973 0.087339 -0.097399 0.22688 0.27229 -0.049539 -0.028602 0.14913 0.1684
145.01 160.78 9.2643 4.7916 0.0020018 0.013765 0.0078631 0.015048 -0.003829 0.0087768 0.0076422 0.012052 -0.00053678 0.0069972 0.0024796 0.0069972 -0.00011824 0.00015201 0.00011824 0.00015201 0.01419 0.019718 0.10889 0.12492 -0.017629 0.065236 0.13408 0.13221 -0.0033163 0.034248 0.16261 0.14448 -0.010178 0.0022671 0.018544 0.010832 0.0656 -0.011713 0.20382 0.29867 0.0088949 -0.017334 0.3253 0.62226 -0.10504 -0.012864 0.29611 0.36807 -0.018553 -0.0019124 0.023702 0.010066 0.0046342 -0.026251 0.021864 0.036878 0.0041799 -0.050812 0.025583 0.083938 -0.013649 -0.036749 0.026141 0.054178 -0.0018937 -0.00076958 0.0018937 0.0011011
