59 64
140.1 113.65 1.7924 1.5918 -0 0 0 0 -0 0 0 0 -0 0 0 0 -0 0 0 0 0.0010809 0.00089208 0.0010809 0.00089208 -0.0013506 0.017325 0.0066052 0.017325 -0.00065814 0.021164 0.0022634 0.021164 0.0091047 0.035514 0.010433 0.035514 0.044368 0.01191 0.044368 0.029315 0.14382 0.19525 0.22577 0.41527 -0.11858 0.13119 0.22258 0.59423 0.06159 0.056102 0.13185 0.18502 0.040201 -0.00088327 0.046789 0.02776 0.049171 -0.11112 0.21054 0.19326 -0.0084995 -0.066278 0.16769 0.24867 0.010592 -0.024548 0.086733 0.11143
95.516 124.38 2.1534 0.43496 0 0 0 0 0 0 0 0 0.002563 0.00046133 0.0031812 0.0019675 0.058135 0.035871 0.08102 0.054345 0.0042897 0.011707 0.004418 0.011707 0.032175 0.086169 0.065606 0.090867 -0.02416 0.10602 0.049028 0.11182 0.051673 -0.028556 0.090993 0.090428 0.17895 0.17835 0.22251 0.23364 -0.14284 0.13633 0.34957 0.41479 -0.038863 0.013942 0.15964 0.25155 -0.0016232 -0.00094323 0.13015 0.17306 0.10301 -0.04755 0.26291 0.14212 -0.1579 -0.058455 0.27248 0.22364 -0.02253 0.020845 0.080993 0.098865 -0.017931 -0.011784 0.049654 0.065231
102.78 127.87 2.1127 5.1103 -0.015977 -0.038786 0.040066 0.053866 0.022667 -0.0035822 0.12962 0.1174 -0.019144 0.0090403 0.097659 0.072143 -0.009369 0.0099805 0.026507 0.032443 0.033685 0.0039587 0.036429 0.014305 0.01223 0.0020574 0.24345 0.13457 0.039352 0.012096 0.14531 0.10506 -0.026804 0.035822 0.071676 0.097651 0.02153 -0.0039503 0.02153 0.012849 0.16162 0.12138 0.33673 0.27653 -0.027645 0.2495 0.27431 0.39431 -0.0306 0.0491 0.15168 0.17062 0.0010895 -0.00049156 0.0010895 0.00057638 0.11029 -0.099512 0.1331 0.13112 -0.01407 -0.16332 0.14183 0.32921 -0.025316 -0.05214 0.069927 0.11461
108.08 134.54 2.1111 5.7234 0.01238 0.010403 0.024013 0.042233 0.022275 0.028856 0.12938 0.16268 -0.035214 0.0097025 0.093152 0.10793 -0.0067098 0.00054062 0.015301 0.013027 0.032477 0.036091 0.15111 0.13389 0.0018341 0.0066866 0.18836 0.17949 -0.038107 0.050942 0.11348 0.1198 -0.017337 0.0052918 0.055099 0.035211 0.05029 0.12892 0.34993 0.2284 -0.12364 0.1868 0.2823 0.30807 -0.074459 0.034025 0.1594 0.1843 -0.026959 0.0079987 0.054022 0.041805 0.098577 -0.11789 0.17566 0.16385 -0.058003 -0.099929 0.26564 0.27144 -0.040486 0.042702 0.15281 0.14535 -0.024181 0.02094 0.054027 0.055827
69.627 138.37 1.7841 0.98943 0 0 0 0 0 0 0 0 0 0 0 0 0 0 0 0 0.023727 0.030779 0.034837 0.032628 0.038403 0.20285 0.08817 0.21776 -0.06142 0.1057 0.076057 0.11387 -0.00098667 0.0021338 0.00098667 0.0021338 0.14301 0.028644 0.18716 0.086884 -0.020876 0.066016 0.49177 0.34864 -0.10638 0.0045008 0.21614 0.23089 -0.042975 0.034471 0.053243 0.040654 0.044361 0.011634 0.19868 0.11986 -0.041054 -0.016077 0.44842 0.12573 -0.01796 -0.022723 0.15047 0.051201 -0.034371 0.015518 0.095741 0.047956
135.74 140.4 2.1043 4.2295 -0.006482 0.0036431 0.016594 0.013552 -0.00029688 0.00015566 0.00029688 0.00015566 0.051596 0.018531 0.078669 0.043286 0.026234 0.010046 0.12724 0.071501 -0.0067011 0.0034585 0.03387 0.031026 0.044721 0.06751 0.075631 0.074394 0.1029 0.0078055 0.21393 0.14179 -0.012361 0.0087243 0.18031 0.12271 0.005444 0.039203 0.065162 0.10785 0.070157 0.095921 0.18056 0.24145 0.080953 0.17736 0.23619 0.253 -0.10139 0.13276 0.26533 0.18094 0.008038 0.031381 0.12791 0.095593 -0.0092278 0.0077335 0.16322 0.20253 0.085226 -0.033007 0.2796 0.37309 -0.087387 -0.099367 0.17376 0.2072
123.77 141.89 2.0636 4.6143 0.0059824 0.0012333 0.023579 0.028229 0.0023262 -0.0013616 0.056373 0.074298 -0.0074087 -0.0020236 0.017498 0.018397 0 -0 0 0 -0.0036567 0.047308 0.054472 0.078693 -0.010692 0.057067 0.072882 0.10564 0.023241 0.072149 0.073744 0.087283 -0.018476 0.038342 0.047785 0.052698 0.021545 0.026204 0.11882 0.092002 -0.013347 0.14628 0.22307 0.28246 0.025291 0.16937 0.22296 0.32444 -0.010728 0.10723 0.15329 0.15421 0.066051 0.12329 0.14407 0.17927 -0.037926 0.13377 0.28321 0.35043 -0.0089928 0.005478 0.18738 0.24583 0.059519 0.040576 0.18392 0.29114
74.074 144.74 1.9314 5.8037 0 0 0 0 0.019144 0.027062 0.020717 0.02821 0.033033 0.058398 0.049124 0.10444 -0.0024295 0.013896 0.029788 0.064451 0.035817 0.014406 0.035817 0.017184 0.010617 0.083073 0.21416 0.16981 -0.038599 0.0076688 0.083949 0.18015 -0.0078578 0.020673 0.027556 0.092904 0.080338 -0.00057431 0.080338 0.027021 0.061334 0.03301 0.31993 0.36915 -0.029023 0.040938 0.13438 0.5851 -0.062853 -0.049313 0.10299 0.27567 0.0068785 -0.0023571 0.0080974 0.0083645 0.018073 -0.06459 0.056749 0.11173 0.018803 -0.026515 0.14442 0.25998 -0.029207 -0.021973 0.06932 0.099209
83.59 148.19 1.9875 2.8517 0.0063346 0.011721 0.020195 0.019375 0.057533 -6.947e-05 0.097254 0.14175 -0.0044841 -0.018858 0.16771 0.18545 -0.010607 -0.037415 0.085371 0.10822 0.025591 0.054821 0.076705 0.13733 0.036452 0.14915 0.10961 0.38002 -0.038566 0.17836 0.16146 0.3786 -0.047078 0.072767 0.066914 0.10488 0.019475 -0.037656 0.036222 0.12513 0.049578 -0.12416 0.066338 0.31016 0.07936 -0.088302 0.19155 0.40607 -0.11183 0.0050501 0.18285 0.10479 0.0025141 0.018896 0.021443 0.036396 0.0013438 0.024527 0.033684 0.098862 0.0035093 -0.038758 0.074412 0.11412 -0.029296 -0.030447 0.04418 0.036468
88.092 173.95 2.031 2.8726 0.0051313 0.0080046 0.021272 0.027716 0.0036005 -0.033808 0.071974 0.068112 0.013244 0.022536 0.096757 0.088333 0.0078976 0.022814 0.077763 0.10875 -0.015295 0.029302 0.069952 0.14449 0.02878 -0.0038177 0.1137 0.29949 0.097255 0.025601 0.16331 0.39467 0.10475 0.079242 0.18422 0.49739 0.049591 -0.01323 0.095637 0.11117 -0.013897 0.065493 0.12475 0.22869 -0.012521 0.02322 0.10182 0.26609 0.035715 -0.065695 0.063443 0.24215 0.018163 -0.023165 0.019164 0.02469 0.043991 -0.070447 0.06798 0.1109 -0.0036585 -0.034472 0.066323 0.14706 0.012018 -0.021056 0.063535 0.16071
160.86 173.4 2.1343 0.96509 -0.016001 0.0035148 0.021004 0.020289 -0.0095435 0.006079 0.015482 0.011718 -0.00072682 5.9208e-05 0.0021946 0.0014042 0.00012141 4.8455e-05 0.00012141 0.0001307 0.013045 0.083589 0.048112 0.090389 -0.003514 0.22185 0.078334 0.22272 -0.044225 0.17598 0.062658 0.22408 -0.015558 0.083135 0.023781 0.09365 0.044588 -0.052135 0.091954 0.18574 0.0052168 -0.092945 0.14771 0.50642 -0.010137 0.0081346 0.17021 0.53721 -0.031305 -0.01518 0.088835 0.23356 0.011245 -0.0229 0.016971 0.034582 0.015608 -0.055752 0.030289 0.13365 -0.0036512 -0.058354 0.035968 0.14539 -0.013856 -0.042227 0.019254 0.061232
141.4 179.71 1.9263 0.82455 -0.0002059 0.00022791 0.0011472 0.00061257 0.00018773 -0.0007559 0.00066712 0.0007559 0.0050279 0.002369 0.013276 0.011933 -0.00014966 -0.0012123 0.0072112 0.0066289 -0.00090172 0.0041378 0.0042567 0.0063448 0.0023608 0.0058482 0.0053788 0.0075543 -0.0041221 0.0052365 0.047575 0.041771 -0.0067342 -0.0022693 0.010331 0.0077249 -0.0595 0.14269 0.12084 0.37909 0.0013873 0.25133 0.12647 0.4473 -0.12601 0.12311 0.15579 0.22405 -0.014154 0.0011631 0.017009 0.015334 -0.017072 -0.05876 0.1774 0.39581 -0.058786 -0.13178 0.19083 0.38349 -0.091246 -0.065042 0.095777 0.097144 -0.0037147 -0.0016533 0.0048243 0.0031117
89.551 181.89 2.0944 2.5929 0.0087317 -0.0049563 0.020757 0.022803 0.022486 -0.045245 0.068629 0.087417 0.017317 0.005384 0.10165 0.097113 0.048878 0.075509 0.17263 0.2045 0.057925 0.032638 0.078634 0.10231 -0.014987 0.030359 0.11953 0.36253 0.044513 -0.051076 0.14696 0.40328 0.039455 -0.094736 0.16208 0.3454 0.042034 -0.049539 0.054243 0.076241 0.075534 -0.022446 0.17961 0.29093 0.021155 0.10081 0.14821 0.34049 -0.020027 0.08919 0.088017 0.16793 0.0018302 -0.00097674 0.0018302 0.00097674 0.024351 -0.043236 0.032076 0.047583 0.024517 -0.096119 0.041215 0.11323 0.0047566 -0.058594 0.029299 0.089683
90.03 194.27 2.0576 5.1579 0 0 0 0 0 0 0 0 0 0 0 0 0 0 0 0 0.021736 0.078052 0.022689 0.081439 -0.029563 0.1441 0.07364 0.16529 -0.014889 0.12872 0.085083 0.13066 -0.0051557 0.0082509 0.0074361 0.0084167 0.0049139 0.059516 0.12739 0.28468 -0.020866 -0.016158 0.31487 0.38593 -0.087512 0.019181 0.33398 0.30568 -0.03412 -0.001096 0.049169 0.059011 -0.0097915 -0.03672 0.13907 0.17687 -0.037132 0.0084074 0.27476 0.3765 -0.045887 -0.015292 0.13659 0.16455 -0.007761 0.0071596 0.023837 0.037134
97.58 113.42 2.6917 0.88114 0 0 0 0 0 0 0 0 0 0 0 0 0 0 0 0 0 0 0 0 -0.00019005 0.0059241 0.0032333 0.0059241 -0.00090696 0.0042174 0.002923 0.0042174 0.010398 0.022248 0.01214 0.022248 0.05328 0.025733 0.05328 0.031392 0.045395 0.22983 0.45234 0.50289 -0.13876 0.069735 0.26389 0.31185 0.062521 0.032141 0.15253 0.10055 0.048098 0.069158 0.11516 0.11772 -0.02689 -0.068459 0.27562 0.246 -0.055321 -0.028801 0.15686 0.15061 0.015356 -0.021051 0.11895 0.086505
142.32 122.31 3.1632 1.5277 0 0 0 0 0 0 0 0 0 0 0 0 0 0 0 0 0 0 0 0 0.11249 0.12634 0.14353 0.18627 -0.032107 0.1833 0.13948 0.33939 0.12062 0.10927 0.17906 0.32368 -0.057185 0.083065 0.10049 0.13205 0.12289 -0.064194 0.31281 0.25928 -0.026236 -0.087282 0.2392 0.36475 0.022642 -0.091239 0.16736 0.21936 -0.053874 -0.023912 0.10138 0.079272 -0.018778 -0.029025 0.1866 0.085863 -0.0046164 -0.04885 0.062004 0.062625 0.0073664 -0.02827 0.032192 0.049679
143.15 135.94 2.7874 4.5374 -0.0027543 0.0021711 0.012618 0.013322 0.0013788 0.00063795 0.0032325 0.0018559 0.049729 -0.014057 0.061227 0.05294 0.0099518 -0.023273 0.095298 0.07567 -0.0025392 0.040373 0.04474 0.06315 0.024517 0.070598 0.12649 0.091546 0.036594 0.01804 0.29993 0.17021 0.053315 -0.033125 0.17893 0.21887 0.0073581 0.10214 0.16104 0.20936 0.067292 0.09586 0.28066 0.40909 -0.16852 0.034345 0.34576 0.28343 0.0011322 -0.060744 0.050256 0.075742 -0.077124 -0.086188 0.14838 0.2207 -0.0066867 -0.10985 0.076434 0.18349 -0.043172 -0.056132 0.062024 0.082561 -0.0016023 -0.00031215 0.0016023 0.00086894
78.208 137.65 2.8722 2.6977 0.040518 -0.0055676 0.065792 0.070024 0.037977 -0.066189 0.2317 0.24706 -0.071001 -0.094982 0.17816 0.14523 -0.0047994 -0.0010228 0.0047994 0.0013597 0.062538 0.045458 0.11023 0.24676 -0.039082 0.11106 0.21297 0.5595 -0.092353 0.044044 0.11156 0.12888 -8.7432e-05 4.1575e-05 8.7432e-05 4.1575e-05 0.029429 -0.022212 0.055417 0.21001 0.025392 -0.092926 0.18547 0.38853 -0.10152 -0.049319 0.16675 0.11371 -2.3426e-05 1.114e-05 2.3426e-05 1.114e-05 -0.00056697 -0.019949 0.021469 0.062279 -0.017644 -0.038761 0.038678 0.076323 -0.0058731 -0.009133 0.0083471 0.010288 -0 0 0 0
109.71 139.31 2.9233 4.2616 -0.0070599 0.0050745 0.031121 0.022475 -0.001256 -0.0020731 0.019985 0.022746 0.0010185 0.0027477 0.015772 0.017451 0.023264 0.011072 0.040602 0.023749 -0.027878 0.036355 0.16149 0.07955 0.017843 0.068682 0.10922 0.11443 0.038936 0.10741 0.12145 0.1416 0.045578 0.079216 0.1468 0.15045 -0.042542 -0.0089816 0.23756 0.093684 0.079697 0.012729 0.27547 0.23198 0.085052 0.22068 0.34897 0.39304 -0.032727 -0.036277 0.17627 0.23211 -0.011952 -0.018969 0.032721 0.029029 0.073223 -0.051806 0.10816 0.11448 -0.017575 -0.14919 0.20244 0.31578 -0.039122 -0.035925 0.044334 0.054575
180.15 149.44 2.8053 3.4556 2.6361e-16 -3.6192e-16 2.6361e-16 4.4774e-16 4.7064e-17 -4.4777e-17 4.7064e-17 6.3884e-17 0 -0 0 0 0 -0 0 0 0.001224 0.21017 0.18637 0.31802 -0.10318 0.12188 0.1276 0.18439 -0.02716 0.098059 0.10146 0.1276 -0.007588 0.0073043 0.0087461 0.0073043 -0.11518 -0.13865 0.33995 0.39637 -0.036971 -0.041335 0.17913 0.23525 -0.046532 0.088449 0.34551 0.25916 -0.053095 0.0035296 0.06191 0.026517 -0.019646 -0.049611 0.032705 0.054142 0.038845 -0.008239 0.10575 0.18333 -0.034988 -0.073791 0.12882 0.1735 -0.015978 -0.0098844 0.017791 0.013374
67.506 159.7 2.8818 5.848 0 0 0 0 0 0 0 0 0 0 0 0 0 0 0 0 0.0049745 0.0078623 0.0049745 0.0078623 0.041261 0.092618 0.06454 0.15348 0.0060852 0.077798 0.052254 0.16231 -0.016477 0.050167 0.026672 0.072395 0.083931 0.072273 0.1652 0.10085 -0.021174 0.22219 0.18721 0.44873 -0.039813 0.077952 0.10358 0.36895 -0.0087826 -0.012236 0.059916 0.15339 0.055395 -0.040201 0.089409 0.092871 0.018019 -0.069114 0.17772 0.49176 -0.062767 -0.041367 0.12987 0.2685 -0.0099282 -0.0049023 0.0399 0.062984
63.565 168.42 2.6837 5.8871 0 0 0 0 0 0 0 0 0 0 0 0 0 0 0 0 0.00080059 0.0019143 0.00080059 0.0019143 0.017592 0.070514 0.024477 0.070514 -0.0062597 0.076333 0.027666 0.076333 -0.0049936 0.015025 0.0050794 0.015025 0.037069 0.090275 0.14128 0.16195 -0.033404 0.0049089 0.15029 0.33893 -0.01977 -0.017106 0.12024 0.25185 -0.038043 0.026474 0.073027 0.13015 0.070275 -0.024892 0.20794 0.30677 -0.07661 -0.007864 0.16323 0.61937 -0.070779 -0.020899 0.12203 0.29241 -0.0076099 -0.014812 0.050949 0.10515
95.919 168.83 2.6815 3.4311 0.001219 0.0030095 0.0029289 0.0040878 0.0097958 0.010808 0.02822 0.022147 0.012982 0.011865 0.043099 0.039196 0.010983 0.011758 0.047522 0.035757 0.0097025 0.020001 0.064612 0.08079 0.0061631 0.016356 0.11924 0.1236 -0.0015319 0.035912 0.092364 0.10116 0.068291 0.034639 0.12642 0.11606 0.042392 -0.0014361 0.097296 0.06249 0.018999 0.012024 0.18272 0.21644 0.027485 0.11685 0.29042 0.47673 0.0042078 0.021755 0.23872 0.36256 0.025775 -0.016684 0.02948 0.021038 0.02022 -0.01561 0.10469 0.12582 0.09078 -0.013193 0.21147 0.29111 -0.072181 0.0057528 0.23328 0.23769
108.16 172.68 3.1438 3.1692 0.011571 -0.022311 0.019835 0.022324 -0.015861 -0.043889 0.082804 0.064622 0.0017737 0.008482 0.027121 0.018113 0.03939 0.0052528 0.056588 0.036675 0.00097696 0.00085 0.0031211 0.0040066 0.028984 0.022354 0.064134 0.064767 0.010655 0.011268 0.10557 0.11276 0.092761 0.028672 0.17294 0.10291 0.019283 0.019608 0.057415 0.08711 -0.0028712 0.040786 0.12931 0.20502 -0.0071957 0.10335 0.14582 0.27331 0.08868 0.024907 0.20507 0.36018 0.033244 -0.011265 0.051715 0.045884 -0.0055219 0.030375 0.12871 0.17973 0.078836 -0.017382 0.16165 0.39147 0.027073 0.036852 0.21159 0.49667
75.022 176.05 2.732 5.7036 0 0 0 0 0 0 0 0 0 0 0 0 0 0 0 0 0.030337 0.061883 0.044101 0.079576 0.01211 0.10953 0.070706 0.16821 -0.037799 0.10484 0.055634 0.14842 -0.018598 0.021458 0.020843 0.028066 -0.0045732 0.091265 0.15227 0.29043 -0.0048523 0.082134 0.1374 0.39969 -0.029743 -0.032877 0.1171 0.31937 -0.030482 -0.0054371 0.065616 0.11986 -0.015694 -0.045715 0.14962 0.43801 -0.067969 -0.025435 0.20185 0.41915 -0.018292 -0.011269 0.090773 0.11995 -0.013226 -0.0031427 0.025682 0.034103
71.752 186.27 2.8568 5.549 0 0 0 0 0 0 0 0 0 0 0 0 0 0 0 0 0.0010886 0.0012061 0.0010886 0.0012061 0.0047718 0.045812 0.0051465 0.045812 -0.00033332 0.031081 0.0033803 0.031081 6.6788e-05 0.00063661 0.0003312 0.00063661 0.048137 0.090273 0.16511 0.23847 -0.01714 0.032767 0.14302 0.36622 -0.040541 0.045692 0.15982 0.33806 -0.041161 0.033178 0.077818 0.08901 0.0065595 0.18487 0.19737 0.3628 -0.076952 0.086635 0.27128 0.46847 -0.03401 -0.044557 0.13738 0.21211 -0.018144 -0.011872 0.039997 0.050814
150.31 186.19 3.1995 0.73421 -0.0062189 -0.0017417 0.014614 0.011772 -5.8714e-05 -0.00014867 0.0010138 0.00030411 -0.0015024 0.0027486 0.013495 0.0076915 -0.00060902 -0.00056002 0.0019089 0.0015888 0.0098191 0.17596 0.091174 0.23502 -0.010354 0.21795 0.13793 0.40596 -0.085598 0.083569 0.13221 0.16371 -0.0060505 5.5636e-05 0.0064868 0.0029075 0.0069683 -0.097884 0.19858 0.39101 -0.06938 -0.14322 0.30035 0.50157 -0.089281 -0.069199 0.11098 0.12573 -0.0024011 -0.00073473 0.0025015 0.0010416 0.0037906 -0.028873 0.012113 0.03935 -0.009697 -0.027292 0.014802 0.032351 -0.0012363 -0.0023524 0.0013582 0.0026113 0 0 0 0
164.58 185.94 2.9483 4.2862 0 -0 0 0 0 -0 0 0 0 -0 0 0 0 -0 0 0 0.019341 0.041332 0.021212 0.041332 0.016871 0.16185 0.038003 0.17085 -0.028178 0.090107 0.036225 0.1002 -0.0056768 0.0088925 0.0056784 0.0088925 0.069174 -0.027715 0.079531 0.11164 0.06973 -0.027227 0.20831 0.58237 -0.04151 0.085092 0.18905 0.61963 -0.079081 0.042524 0.092926 0.098872 0.0028723 -0.010855 0.0072924 0.013017 0.027069 -0.055572 0.032264 0.086851 0.035725 -0.086873 0.062469 0.13725 -0.032592 -0.0050128 0.056622 0.044096
135.5 187.79 2.5686 0.6011 -0.0020005 -0.0029358 0.012841 0.0063343 0.0024641 -0.0055694 0.017445 0.015737 -0.0010865 -0.0067214 0.012485 0.011737 -1.2253e-05 -0.0058623 0.010493 0.011106 -9.6513e-05 0.0018443 0.00055853 0.0022484 0.00035543 0.036626 0.046532 0.047388 -0.0072312 0.0077602 0.014206 0.01061 1.5025e-05 -6.2851e-05 3.6839e-05 7.4181e-05 0.024367 0.21659 0.27482 0.49531 -0.16163 0.12037 0.36125 0.43325 -0.057735 -0.0023291 0.060693 0.030004 0 0 0 0 -0.037949 -0.10708 0.25031 0.34198 -0.088859 -0.10347 0.13981 0.16241 -0.0098269 -0.0058799 0.0098269 0.0060479 0 0 0 0
96.222 189.73 2.7445 2.682 -0.00021786 -0.0036421 0.0035744 0.0040042 0.0081559 -0.0037514 0.028232 0.024238 0.013569 0.0076654 0.10254 0.11754 0.024278 0.019869 0.1098 0.089061 -0 0 0 0 0.049841 0.058235 0.096273 0.13602 0.017959 0.036185 0.1835 0.35371 0.11418 0.0024168 0.26628 0.47015 -0 0 0 0 0.069454 -0.050267 0.095554 0.12302 0.0907 -0.046824 0.23444 0.42996 0.012795 -0.010195 0.13568 0.37086 -0 0 0 0 0.0020673 -0.0017313 0.0020673 0.0017313 0.020628 -0.040792 0.022761 0.045621 0.0043877 -0.061204 0.02286 0.082599
109.55 119.33 3.6728 1.6755 -0 0 0 0 -0 0 0 0 -0 0 0 0 -0 0 0 0 -0.00057455 0.10722 0.093372 0.18347 0.062085 0.20054 0.15474 0.39978 -0.10357 0.10944 0.14122 0.22305 -0.0016729 0.0012401 0.0016729 0.0012401 0.02465 -0.066309 0.17694 0.21947 0.025293 -0.12336 0.25835 0.42541 -0.11738 -0.029254 0.2974 0.26946 -0.016627 0.05419 0.071982 0.073894 0.00288 -0.015215 0.022778 0.022124 0.0061612 -0.038364 0.038191 0.066746 0.046357 -0.0096316 0.19171 0.10191 -0.02257 -0.0057369 0.1484 0.087575
169.76 135.96 3.3799 1.9657 -0 0 0 0 -0 0 0 0 -0 0 0 0 7.2814e-05 3.0349e-05 7.2814e-05 3.0349e-05 0.032564 0.013352 0.039245 0.038428 0.089166 0.17557 0.16968 0.31633 -0.11923 0.098793 0.16334 0.15438 0.10289 0.078471 0.13867 0.15464 0.055428 0.016351 0.073923 0.056974 0.10264 -0.069207 0.22559 0.22062 -0.10698 -0.044314 0.38847 0.27165 0.098935 -0.07086 0.22582 0.21207 0.11513 0.067944 0.18691 0.12551 -0.15177 0.096782 0.26348 0.17686 -0.028758 -0.026486 0.09046 0.058672 0.0034371 -0.018607 0.040979 0.032579
77.744 138.98 3.9695 2.7482 0.02472 -0.0011481 0.040459 0.026067 0.11906 -0.062611 0.22531 0.21858 -0.13419 -0.1009 0.32021 0.24478 -0.011614 -0.0011105 0.011614 0.0042528 0.039728 0.0213 0.074515 0.13226 -0.0036492 0.045324 0.24647 0.5575 -0.093363 0.0063386 0.13363 0.15942 -0.000519 -0.00023205 0.000519 0.00023205 0.021837 -0.010137 0.057725 0.15786 0.0047073 -0.084763 0.17504 0.3738 -0.070553 -0.0409 0.11774 0.093919 -0 0 0 0 0.0013135 -0.01412 0.0096668 0.023493 -0.008695 -0.02194 0.015771 0.03678 -0.0017573 -0.0038801 0.00206 0.0040824 -0 0 0 0
75.818 157.31 3.2676 5.8143 0 0 0 0 0.0081517 0.024591 0.0095894 0.024591 0.0055914 0.036285 0.010393 0.041559 -0.00356 0.014196 0.0043255 0.014605 0.025645 0.040292 0.059012 0.049704 0.001749 0.038966 0.12426 0.22815 -0.0045486 -0.0098721 0.072217 0.18216 -0.0081409 0.0026536 0.042001 0.10101 0.094545 -0.017574 0.17482 0.14509 -0.047071 0.0088977 0.18134 0.63382 -0.080899 0.0021517 0.16668 0.41109 -0.018599 -0.011482 0.054138 0.099573 0.025587 0.0063332 0.051694 0.06613 0.0030935 -0.02904 0.17984 0.28314 -0.045737 -0.024026 0.10105 0.13092 0.00046949 -0.0046612 0.027684 0.029513
67.72 159.99 2.9703 5.848 0 0 0 0 0 0 0 0 0 0 0 0 0 0 0 0 0.0049745 0.0078623 0.0049745 0.0078623 0.041261 0.092618 0.06454 0.15348 0.0060852 0.077798 0.052254 0.16231 -0.016477 0.050167 0.026672 0.072395 0.083931 0.072273 0.1652 0.10085 -0.021174 0.22219 0.18721 0.44873 -0.039813 0.077952 0.10358 0.36895 -0.0087826 -0.012236 0.059916 0.15339 0.055395 -0.040201 0.089409 0.092871 0.018019 -0.069114 0.17772 0.49176 -0.062767 -0.041367 0.12987 0.2685 -0.0099282 -0.0049023 0.0399 0.062984
108.35 171.95 3.6025 3.1588 0.066589 -0.027273 0.066589 0.034872 -0.054767 -0.16 0.22594 0.19164 -0.015609 -0.013374 0.025411 0.021502 0.1131 0.015669 0.16551 0.14458 0.00065 -0.00082322 0.0011459 0.00194 0.0087753 0.0044285 0.037122 0.035899 0.0070954 0.0066964 0.099027 0.047999 0.14723 -0.01199 0.23939 0.19098 0.021061 0.0057723 0.033369 0.030604 0.011029 0.037146 0.12476 0.16948 0.050732 0.113 0.17974 0.33433 0.027425 0.020526 0.21258 0.38478 0.011989 -0.0056457 0.013684 0.010091 0.025248 -0.018384 0.089971 0.12048 0.061941 -0.032555 0.13839 0.34494 -0.046008 -0.025153 0.17547 0.27672
70.732 189.19 3.3211 5.4913 0 0 0 0 0 0 0 0 0 0 0 0 0 0 0 0 0 0 0 0 0 0 0 0 0 0 0 0 0 0 0 0 0.050961 0.1093 0.11885 0.16962 0.017852 0.13123 0.15298 0.39047 -0.058253 0.084444 0.16972 0.35274 -0.040671 0.046289 0.076839 0.092967 -0.030646 0.046016 0.20341 0.29838 -0.041631 0.05424 0.27853 0.44834 -0.044254 -0.012916 0.19196 0.31913 -0.028244 -0.0089958 0.061766 0.069381
149.81 186.55 3.5233 4.6133 0 -0 0 0 0 -0 0 0 0 -0 0 0 0 -0 0 0 0.00096429 -4.133e-05 0.0014384 0.0002298 0.075073 0.081076 0.10033 0.16521 -0.048332 0.14649 0.09977 0.29451 -0.019745 0.023856 0.020884 0.03489 -0.00031626 0.0013748 0.009073 0.0094563 0.097991 -0.074177 0.12244 0.14613 0.1101 -0.070714 0.31669 0.73158 -0.11916 0.039895 0.16092 0.19563 -0.0030271 0.0048928 0.0086775 0.012917 0.0073373 0.0073053 0.012906 0.012528 0.075375 -0.037822 0.10653 0.099063 -0.038653 -0.0054552 0.085351 0.073053
95.117 106.84 5.1783 0.95937 0 0 0 0 0 0 0 0 0 0 0 0 0 0 0 0 0 0 0 0 0 0 0 0 0 0 0 0 -0.00047016 0.0003296 0.00047016 0.0003296 0.0084342 0.015255 0.0084342 0.015255 0.085941 0.15802 0.4562 0.46844 -0.049644 0.095709 0.34935 0.30234 -0.030506 0.050626 0.20428 0.14313 0.053985 0.0023363 0.1218 0.11353 -0.033973 -0.10025 0.23378 0.27352 -0.025267 -0.061833 0.16807 0.14707 -0.00062873 -0.027095 0.13165 0.07051
127.7 111.29 5.1893 1.8145 -0 0 0 0 -0 0 0 0 -0 0 0 0 -0 0 0 0 0.011922 0.013411 0.013993 0.013411 -0.01733 0.11936 0.060399 0.11936 -0.0077625 0.072678 0.017591 0.073164 -0.0016138 0.0037206 0.0016828 0.0039249 0.00037689 0.013722 0.21085 0.18481 0.049374 -0.015879 0.30506 0.42046 -0.076532 0.031049 0.36635 0.56568 -0.05822 0.0053645 0.072767 0.064253 -0.068939 0.022468 0.12215 0.098701 0.021551 -0.052058 0.049802 0.069963 0.021601 -0.068042 0.17098 0.14003 -0.0099584 0.012853 0.15352 0.11125
88.006 127.09 5.4738 0.65862 0 0 0 0 0 0 0 0 0 0 0 0 0 0 0 0 0.0037776 0.011392 0.0038845 0.011392 -0.0051805 0.07652 0.022952 0.07652 0.03081 0.086232 0.15957 0.16218 -0.02587 0.031667 0.047777 0.055924 0.15098 0.0388 0.18156 0.12092 -0.092367 0.056913 0.48471 0.44518 -0.00091608 -0.049433 0.37823 0.3325 -0.03666 0.0011968 0.14706 0.11303 0.041606 -0.022776 0.16417 0.14041 -0.081839 -0.078024 0.13926 0.13497 -0.0061033 -0.030443 0.055124 0.066219 -0.00030203 -0.013467 0.049576 0.035819
158.14 126.36 4.9485 0.84318 0 0 0 0 4.1249e-05 0.00056771 4.1249e-05 0.00056771 0.12548 0.068563 0.15125 0.13463 -0.031815 0.024433 0.17674 0.17762 0 0 0 0 0.066334 -0.0038606 0.066334 0.034894 0.051003 -0.072032 0.33013 0.33891 -0.045893 -0.082205 0.11037 0.12247 0 0 0 0 0.10891 0.04529 0.21598 0.22047 -0.082492 0.033491 0.23433 0.27843 -0.0087771 0.018993 0.025107 0.044221 0 0 0 0 0.044551 -0.041688 0.067493 0.0525 0.09538 -0.0062133 0.25364 0.36336 -0.058993 0.023952 0.17703 0.30326
123.47 143.64 4.8062 4.5631 -0.0045026 0.0069812 0.035785 0.024776 -0.0018269 0.0022415 0.014558 0.012717 0.10132 -0.055016 0.13239 0.20466 -0.027982 -0.0045827 0.17171 0.27703 -0.014002 0.0341 0.18241 0.064561 -0.021932 0.048677 0.066476 0.078365 0.013486 0.026267 0.098002 0.087176 0.047782 -0.046168 0.22181 0.19247 0.0086844 -0.03217 0.1943 0.11062 0.050509 0.094336 0.32796 0.39049 -0.064645 0.027985 0.2845 0.38389 -0.030484 -0.039529 0.14451 0.1309 0.006744 -0.0079441 0.011789 0.010635 0.010957 -0.081501 0.10864 0.16823 -0.027364 -0.060438 0.048007 0.080449 -0.005553 -0.0066516 0.0071878 0.0079696
103.06 153.28 5.1704 3.808 -2.054e-07 0.0038861 0.0029852 0.0043082 0.017537 -0.019113 0.037656 0.042885 -0.00036797 -0.082137 0.048673 0.10403 0.033678 -0.021965 0.11051 0.14323 0.0057746 0.015425 0.063901 0.043032 -0.010775 0.03714 0.063217 0.079399 0.092432 0.092745 0.12926 0.12378 -0.0083229 0.0475 0.26505 0.24594 0.020575 -0.0061611 0.084474 0.060513 0.012051 0.063388 0.345 0.29992 0.15456 -0.022908 0.36396 0.40014 -0.1112 -0.068174 0.29795 0.23901 0.0063267 -0.0076878 0.012415 0.014991 0.0068855 -0.050902 0.096379 0.11485 0.00074336 -0.043502 0.052296 0.071681 -0.0081045 -0.023586 0.020558 0.028174
158.92 155.06 5.2527 0.66287 0.019339 -0.00023067 0.019339 0.010672 0.033802 -0.020306 0.18505 0.16731 -0.050741 -0.050919 0.087547 0.091979 -0.00016248 -0.013125 0.027448 0.030535 0.05073 0.020899 0.064765 0.049753 -0.037131 0.029425 0.21495 0.2423 -0.02008 0.041232 0.046833 0.082013 -0.00023254 0.026533 0.016752 0.033555 0.033442 -0.023138 0.047505 0.038683 0.11369 -0.045263 0.24157 0.29763 0.0016713 0.028908 0.39676 0.61354 -0.085064 -0.006501 0.13706 0.15386 0.00018584 -0.00062742 0.00064794 0.00062742 0.021673 -0.033977 0.02698 0.042519 -0.010636 -0.094898 0.061423 0.11217 -0.0097614 -0.015804 0.0145 0.017263
170.33 169.38 5.3556 0.86767 0.025358 0.01748 0.032374 0.0292 0.0070003 -0.0015804 0.1693 0.17233 -0.02356 -0.041227 0.055317 0.067695 0.00031788 -0.0075047 0.012321 0.015828 0.049581 -0.024009 0.068272 0.053967 0.07638 0.048409 0.29652 0.33147 -0.040816 0.242 0.23219 0.45634 -0.050201 0.036958 0.071063 0.096613 0.001134 -0.0022747 0.0029689 0.0022891 0.10468 -0.11031 0.14476 0.19849 -0.037969 -0.18138 0.23424 0.43012 -0.04755 -0.033325 0.060139 0.079932 0 0 0 0 0.00048002 -0.001238 0.00048002 0.001238 0.00057551 -0.004598 0.0018274 0.004598 -8.9118e-05 -0.00017388 0.0001289 0.00017388
96.519 176.59 5.06 3.4525 0 -0 0 0 0.056818 -0.02428 0.069471 0.044475 -0.02559 -0.13569 0.15541 0.16549 0.039401 -0.035744 0.087219 0.11447 0.0037937 0.0006921 0.0037937 0.0016729 0.0083856 0.031812 0.064703 0.075386 -0.0015607 0.040926 0.083282 0.081252 0.17437 0.067621 0.22665 0.15703 0.0044771 -0.0015488 0.0044771 0.00203 0.037267 0.002779 0.15541 0.14644 0.069457 0.098044 0.34531 0.48857 0.084555 -0.027991 0.31825 0.36062 8.3059e-05 -5.2585e-05 8.3059e-05 5.2585e-05 0.021478 -0.024976 0.032718 0.043127 0.053564 -0.077967 0.12875 0.23074 -0.031172 -0.040288 0.072614 0.093264
58.57 178.58 5.0241 5.7647 0 0 0 0 0 0 0 0 0 0 0 0 0 0 0 0 0 0 0 0 0 0 0 0 -2.7231e-18 -4.773e-18 2.7231e-18 4.773e-18 8.4112e-19 1.4743e-18 1.212e-17 2.1244e-17 0.042998 0.064156 0.074469 0.074159 0.038062 0.18779 0.18268 0.44809 -0.032917 0.074183 0.11873 0.28455 -0.021435 0.0094159 0.034557 0.038514 0.078275 4.0481e-05 0.12256 0.15756 -0.043045 0.0086835 0.27689 0.6608 -0.052613 -0.028718 0.12164 0.16384 -0.0090939 -0.0047566 0.018961 0.017745
84.151 180.19 5.2937 5.6126 0 0 0 0 2.4636e-18 3.1058e-18 2.4636e-18 3.1058e-18 2.0089e-18 2.5327e-18 8.2269e-18 1.0372e-17 -4.0723e-19 -5.134e-19 3.0024e-18 3.7852e-18 0.02105 0.036031 0.039662 0.064827 0.0066843 0.065644 0.071965 0.20017 -0.029071 0.045038 0.051882 0.11141 -0.0029217 0.0016729 0.0033303 0.0041307 0.064564 0.042154 0.24707 0.36943 -0.10157 0.015474 0.2808 0.50324 -0.03963 -0.022979 0.10422 0.1312 -0.0034161 -0.00068414 0.0042685 0.0043428 0.043084 0.076955 0.20542 0.2357 -0.10132 0.067737 0.23078 0.26842 -0.01234 -0.0056941 0.038478 0.030796 0.05907 0.11004 0.24737 0.15306
85.079 121.21 6.4331 0.90158 0 0 0 0 0 0 0 0 0 0 0 0 0 0 0 0 0.0026435 0.005757 0.0026435 0.005757 -0.00081925 0.071675 0.012049 0.071675 -0.0024276 0.054645 0.035578 0.054645 -0.0047561 0.0070677 0.0051429 0.0070677 0.14102 0.11238 0.18954 0.17863 -0.084836 0.075841 0.48866 0.48105 -0.0020727 0.0048974 0.43683 0.27123 -0.039205 0.012597 0.090058 0.0538 0.016643 -0.0042255 0.17129 0.17139 -0.056349 -0.082885 0.11292 0.12755 0.015125 -0.046526 0.1052 0.081858 -0.014216 -0.0093892 0.04848 0.024797
160.66 118 6.7518 2.7066 -0 0 0 0 -0 0 0 0 -0 0 0 0 -0 0 0 0 0.039348 0.092599 0.076653 0.10494 -0.057409 0.075883 0.16871 0.17556 -0.010851 0.0041749 0.010851 0.0076193 -0 0 0 0 -0.033132 0.017757 0.48918 0.24116 -0.014595 -0.021445 0.4065 0.35577 -0.08695 0.13087 0.28925 0.21874 -0.0060513 0.0061675 0.0060513 0.0061675 -0.019506 -0.048802 0.10428 0.059312 0.062165 -0.017267 0.11328 0.072366 -0.029554 -0.04044 0.24129 0.23606 -0.016508 -0.0022256 0.018335 0.013228
186.69 151.69 6.8834 3.0428 -0 0 0 0 -0 0 0 0 -0 0 0 0 -0 0 0 0 -0 0 0 0 0.009657 0.069622 0.027562 0.069622 -0.0067452 0.060716 0.02952 0.060716 -0.0013632 0.0015054 0.0013863 0.0015054 0.076675 0.03233 0.10852 0.052235 -0.041166 0.027036 0.60246 0.47366 -0.087289 0.032331 0.31908 0.32311 -0.021846 0.01901 0.033108 0.027636 0.02926 -0.019084 0.058407 0.031079 -0.032352 -0.077632 0.15348 0.10503 0.064997 0.0085467 0.24413 0.15042 -0.051942 0.018007 0.1071 0.064356
98.452 167 6.0868 3.5748 0 -0 0 0 0.068784 -0.031345 0.10146 0.083169 0.0065619 -0.16197 0.2038 0.28398 0.00010622 -0.021823 0.18025 0.20025 0.010156 0.0025223 0.010156 0.0080727 -0.004216 0.030013 0.063024 0.063592 0.058458 0.049551 0.091178 0.090921 0.0048465 0.070311 0.35841 0.25033 0.015892 -0.0038599 0.015892 0.0071956 0.065864 -0.010855 0.18144 0.19857 -0.0040295 0.0074073 0.33927 0.39168 -0.050823 -0.10407 0.29686 0.24535 0.00053067 -0.00021496 0.00053067 0.00021496 0.014923 -0.020764 0.023811 0.038806 -0.0090217 -0.048979 0.077336 0.09241 -0.0054655 -0.010651 0.0073852 0.013215
167.19 173.14 7.3741 0.78386 0.0092372 0.0075138 0.010713 0.011154 0.047164 -0.032545 0.23453 0.23511 -0.040676 -0.059692 0.11453 0.1247 -0.0059576 -0.01665 0.055897 0.045046 0.047254 -0.0048299 0.055024 0.052243 0.07846 0.050507 0.35687 0.48619 -0.1061 0.11027 0.21981 0.42501 -0.018587 -0.0012662 0.026773 0.03032 0.0026513 -0.0043166 0.0033102 0.0043166 0.083298 -0.12855 0.12331 0.23199 -0.07284 -0.12926 0.14557 0.27526 -0.010302 -0.005172 0.010423 0.012067 0 0 0 0 0 0 0 0 -6.4105e-08 -4.1693e-05 6.4105e-08 4.1693e-05 0 0 0 0
53.755 182.41 6.4427 5.6463 0 0 0 0 0 0 0 0 0 0 0 0 0 0 0 0 0 0 0 0 0 0 0 0 0 0 0 0 0 0 0 0 0.012071 0.016673 0.012071 0.016673 0.063463 0.18194 0.19678 0.33786 -0.049016 0.078547 0.14332 0.32541 -0.017569 0.0044077 0.025489 0.03474 0.050808 -0.00037111 0.050808 0.03537 0.016978 -0.0024432 0.41475 0.62421 -0.088697 -0.034617 0.18123 0.23841 -0.0030099 0.025711 0.039838 0.050868
162.39 107.96 9.9399 2.0711 -0 0 0 0 -0 0 0 0 -0 0 0 0 -0 0 0 0 -0 0 0 0 0.010236 0.02539 0.010726 0.02566 0.0031338 0.0099554 0.0032764 0.010034 -0 0 0 0 0.070308 0.027927 0.070308 0.036961 0.020992 0.11726 0.52723 0.37391 -0.033364 0.052973 0.3411 0.50495 -0.035849 0.016253 0.049796 0.060786 0.048941 -0.012353 0.048941 0.022879 -0.038126 -0.075802 0.2691 0.17772 0.024283 -0.042279 0.16014 0.14608 -0.023708 -0.0079014 0.055258 0.039894
143.73 153.79 9.9511 0.68812 0 0 0 0 0.03063 0.060095 0.095451 0.088266 -0.015196 0.062134 0.12359 0.13324 -0.0098118 0.0068408 0.015106 0.01546 0.0070806 0.00012255 0.008163 0.001194 0.072647 0.0098544 0.36817 0.35645 -0.053657 -0.060321 0.1998 0.22633 -0.016867 -0.0096302 0.028511 0.02732 0.013491 -0.0026737 0.014186 0.0035196 0.12729 -0.046304 0.30275 0.46219 -0.13099 -0.027535 0.23558 0.41304 -0.0078341 -0.0025731 0.0086801 0.0045785 0 0 0 0 0.012827 -0.031789 0.019295 0.031789 -0.0095922 -0.031114 0.018001 0.031114 -0.00030424 -0.00016517 0.00030424 0.00016517
163.24 95.833 12.882 2.1909 -0 0 0 0 -0 0 0 0 -0 0 0 0 -0 0 0 0 -0 0 0 0 0.0066985 0.01077 0.0066985 0.01077 0.0005265 0.0014156 0.0005265 0.0014156 -0 0 0 0 0.089381 0.021121 0.089381 0.055535 0.0068888 0.088183 0.68056 0.43814 -0.074142 0.084445 0.2921 0.33505 -0.010157 0.0029985 0.010157 0.0058513 0.037305 -0.0096664 0.037305 0.019442 0.0028114 -0.072517 0.21284 0.1338 -0.015427 -0.045653 0.12846 0.12657 -0.00791 -0.0022915 0.00791 0.0074668
125.25 158.61 12.992 4.3777 -4.2848e-19 1.4901e-19 1.1275e-18 3.921e-19 -1.799e-19 6.2561e-20 3.2898e-19 1.1441e-19 -0.0019272 0.0030259 0.0019272 0.0030259 -0.00012633 0.00013646 0.00012633 0.00013646 0.0096202 0.0053989 0.0096202 0.0053989 0.059273 0.051571 0.11663 0.13628 0.0089228 0.034896 0.48498 0.54449 -0.031915 0.005037 0.04937 0.027637 0.017241 -0.00010381 0.017544 0.0060887 0.07132 -0.058087 0.22919 0.32312 -0.072417 -0.11628 0.29609 0.3851 -0.015194 -0.0066041 0.02439 0.01645 0.00036794 -0.0001806 0.00036794 0.0001806 0.0045895 -0.022561 0.015294 0.025332 -0.0058012 -0.017621 0.011583 0.019023 -0.00015897 -6.9324e-05 0.00015897 6.9324e-05
