37 64
115.85 112.1 1.8456 1.7839 -0 0 0 0 -0 0 0 0 -0 0 0 0 -0 0 0 0 -0.04035 0.13893 0.057538 0.15537 0.030089 0.21167 0.07547 0.22148 -0.048719 0.2542 0.087135 0.27494 -0.018966 0.038511 0.018966 0.038726 -0.0059501 -0.062112 0.088217 0.20214 0.03407 -0.062971 0.1705 0.32839 0.046439 -0.057827 0.22673 0.48859 -0.1334 0.067974 0.18616 0.22541 0.0038539 -0.025187 0.029959 0.043327 0.021212 -0.053876 0.10253 0.1135 0.034813 -0.063881 0.13353 0.15364 -0.014495 -0.029168 0.11269 0.092416
96.344 118.37 1.6643 0.57177 0 0 0 0 0 0 0 0 0.021639 -0.0041748 0.021918 0.01813 -0.0048919 -0.0032749 0.044784 0.034972 0.0095294 0.013278 0.0095294 0.013278 0.022659 0.14994 0.070284 0.15206 0.054965 0.10868 0.17803 0.22107 -0.031202 0.081271 0.18095 0.20147 0.15225 0.11009 0.2016 0.17855 -0.077035 0.022645 0.39585 0.37561 -0.045421 -0.01065 0.25307 0.24427 -0.018272 -0.045669 0.12279 0.18235 0.032967 -0.0074813 0.16322 0.090273 -0.063006 -0.08865 0.22001 0.18647 0.0099948 -0.01354 0.15082 0.10949 -0.031993 0.025944 0.085374 0.062608
145.25 126.21 1.9503 4.7925 0.016531 -0.014903 0.042709 0.051632 0.013018 -0.046613 0.07154 0.10274 -0.022603 0.011186 0.0893 0.056705 0.00036076 0.024909 0.072815 0.054953 -0.0038881 0.038386 0.048551 0.060556 0.02093 0.029708 0.083958 0.12994 0.066358 0.040273 0.24675 0.17195 -0.036368 -0.019329 0.2202 0.13759 0.026797 0.016851 0.092251 0.22466 0.014651 0.070911 0.18877 0.58626 -0.14156 -0.071559 0.25745 0.39922 -0.026931 -0.041579 0.060626 0.054741 0.010081 -0.053585 0.017637 0.065196 -0.010609 -0.11434 0.04009 0.15622 -0.026067 -0.046306 0.028126 0.054953 -0.00046717 -0.00058122 0.00046717 0.00058122
88.028 128.24 2.1672 0.78533 0 0 0 0 0.02654 -0.0030968 0.02659 0.014174 -0.0083554 0.00084645 0.07075 0.055591 -0.0090404 0.00084048 0.012602 0.00682 -0.041223 0.14334 0.10121 0.18227 0.011528 0.16645 0.23766 0.26563 -0.094198 0.12332 0.251 0.21965 -0.016332 0.011827 0.031515 0.021356 -0.06977 -0.027113 0.19872 0.21692 -0.024824 -0.036492 0.34907 0.31604 -0.034388 -0.06934 0.26831 0.32703 -0.038537 0.022446 0.096195 0.078417 0.014731 -0.026609 0.11013 0.094264 0.00034275 0.053152 0.18841 0.15641 -0.029091 -0.0076434 0.11244 0.09295 -0.0065843 -0.0083843 0.06729 0.049505
113.19 131.39 2.3769 2.1887 0.031818 -0.056252 0.052886 0.071778 0.037198 -0.10243 0.12068 0.18459 0.061644 -0.0031057 0.17575 0.27204 -0.080186 0.10081 0.16726 0.16411 -0.018647 0.00454 0.078992 0.083842 0.035778 -0.054279 0.11681 0.1176 0.11816 -0.06871 0.26443 0.27976 -0.020365 -0.098727 0.27636 0.27415 0.027521 -0.018448 0.07507 0.075606 0.045914 0.11878 0.1437 0.20606 -0.013926 0.020169 0.1976 0.2794 -0.0017846 -0.040799 0.18786 0.18103 -0.0073925 0.010584 0.053286 0.053574 0.043362 -0.07895 0.088065 0.11512 -0.033553 -0.051469 0.097675 0.12847 0.029049 -0.016851 0.13887 0.093794
177.6 134.49 1.8377 3.4764 0 -0 0 0 0 -0 0 0 0 -0 0 0 0 -0 0 0 0.012469 0.0053876 0.013034 0.013416 0.032721 0.089159 0.098317 0.24535 -0.04358 0.034303 0.061543 0.085886 0 -0 0 0 0.044212 0.014685 0.10671 0.1029 -0.027285 -0.020735 0.29453 0.51045 -0.057519 -0.022174 0.065731 0.075954 0 -0 0 0 0.054462 -0.0028887 0.12063 0.15755 -0.032136 0.076512 0.36105 0.55737 -0.083972 0.024194 0.1084 0.10093 0 -0 0 0
153.62 135.32 2.0413 5.824 -0.043107 0.029237 0.053477 0.053607 0.082746 -0.015449 0.13364 0.086932 -0.075038 -0.032511 0.12969 0.08115 -0.010382 -0.0013111 0.013925 0.0055349 -0.14817 0.089124 0.30287 0.24646 -0.031718 0.044724 0.21918 0.20046 -0.049841 0.018834 0.1602 0.14449 -0.01395 0.0044454 0.025761 0.024838 -0.032634 -0.10745 0.19176 0.21136 0.020843 -0.040161 0.27874 0.47479 -0.093752 0.020907 0.2797 0.2741 -0.027579 0.0017867 0.058009 0.028101 0.00063004 -0.0023881 0.0012886 0.0023881 0.0099993 -0.038313 0.023671 0.047747 0.025582 -0.018128 0.11485 0.11045 -0.015831 0.0066054 0.06817 0.04098
90.665 138.19 2.124 3.5158 -0.011005 0.0061068 0.021441 0.028456 0.084792 0.010967 0.10266 0.074881 -0.0088969 -0.009123 0.20776 0.12213 0.029977 0.025767 0.12552 0.10699 -0.0031152 0.013747 0.089498 0.090126 0.021061 0.046401 0.13608 0.17397 0.064825 -0.016887 0.2718 0.24743 0.071595 0.011585 0.18564 0.18001 0.012306 -0.01556 0.075855 0.078922 0.070124 -0.0572 0.19648 0.25231 -0.0001833 -0.0036021 0.33941 0.48831 -0.039249 -0.088842 0.17231 0.23714 -0.0034347 -0.0042657 0.015282 0.011616 0.020508 -0.024529 0.044152 0.034569 0.0080122 -0.029902 0.12902 0.1065 -0.023337 0.0023756 0.039822 0.034505
158.28 140.72 1.935 3.8326 0.0018735 -0.0038747 0.0086684 0.013566 0.0014439 0.00026049 0.0022475 0.0029553 0.015508 0.0090475 0.025018 0.040835 0.0017063 0.013277 0.027592 0.066889 0.004573 0.0010579 0.0080986 0.010726 0.049916 0.04349 0.078098 0.098894 0.018159 0.09095 0.22311 0.36029 -0.033241 -0.01714 0.089687 0.1192 0.012311 0.1073 0.078277 0.12748 0.0095002 0.074388 0.12859 0.20354 0.057529 -0.016612 0.40568 0.49877 -0.072207 -0.0025964 0.11448 0.10015 -0.016633 -0.034768 0.079738 0.10281 -0.013479 -0.04138 0.1046 0.11514 0.048455 0.066466 0.26972 0.28198 -0.052187 0.01842 0.083128 0.054203
70.176 155.88 1.9821 1.4582 -0.11123 -0.023575 0.33012 0.21299 -0.031203 0.0030466 0.056639 0.057126 -0.0010579 1.1218e-05 0.0011875 0.0009592 0 0 0 0 -0.054691 -0.019197 0.35594 0.31574 -0.037978 0.10815 0.23942 0.2281 -0.04396 0.032757 0.089388 0.038734 0 0 0 0 -0.014075 0.015149 0.38789 0.19081 -0.065715 -0.03221 0.36932 0.19151 -0.078371 -0.021313 0.13487 0.043258 0 0 0 0 -0.035249 -0.019183 0.19896 0.07642 -0.044872 -0.052719 0.10612 0.069568 -0.0079278 -0.0052015 0.010101 0.0058189 0 0 0 0
83.324 161.72 1.7455 3.3579 0.015386 0.014546 0.0348 0.049226 0.01375 0.02711 0.086538 0.20296 -0.043215 0.028492 0.11161 0.13524 0.079964 -0.0022053 0.11366 0.080095 0.04407 -0.027051 0.060494 0.076532 0.015467 -0.041989 0.14021 0.4 -0.080717 0.0095811 0.26305 0.40969 0.029713 0.07118 0.2779 0.28103 0.014985 -0.0042647 0.015665 0.013291 0.061713 -0.0032922 0.11045 0.19076 -0.064416 -0.021662 0.16299 0.25655 0.03886 -0.085846 0.20919 0.24316 0.000286 -0.00017233 0.000286 0.00017233 0.030509 -0.035622 0.045647 0.079348 -0.02397 -0.038476 0.055204 0.094523 -0.0034362 -0.0091901 0.022545 0.020846
114.94 163.82 2.1379 4.7875 0.027575 0.021199 0.055746 0.039128 -0.03085 0.034718 0.092228 0.080714 -0.022138 0.015822 0.038904 0.050897 0.023536 0.021437 0.045428 0.040386 0.031753 -0.0082124 0.15568 0.067704 -0.043376 -0.053765 0.14749 0.21614 0.0047436 -0.014142 0.12581 0.28561 0.0047766 -0.0021298 0.11369 0.17002 -0.008948 -0.032803 0.0889 0.071553 0.075621 -0.0095965 0.19157 0.29423 -0.01167 0.033247 0.16568 0.4857 -0.041077 -0.0014908 0.11913 0.24137 0.031863 0.08423 0.089375 0.11505 -0.032182 0.12925 0.16658 0.26209 -0.016528 -0.016885 0.085135 0.16686 0.070088 0.07267 0.13801 0.18548
128.58 165.83 1.9442 5.1247 -0.027137 0.00086852 0.060751 0.080611 -0.033146 0.011106 0.054935 0.06867 0.01383 0.04007 0.042132 0.056099 -0.0091109 0.021947 0.021104 0.022302 -0.018548 0.028613 0.093598 0.18416 0.0052325 -0.021187 0.14915 0.33572 0.062237 -0.0070757 0.1955 0.25131 -0.044322 -0.0065645 0.10822 0.072644 0.012377 -0.010151 0.1486 0.26781 -0.052744 -0.035904 0.14739 0.47126 -0.037777 -0.036653 0.13128 0.22639 -0.022024 -0.018187 0.046516 0.061436 -0.010473 0.010609 0.080011 0.099484 0.065147 0.11326 0.23903 0.28518 -0.081636 0.082779 0.17956 0.17389 -0.0047267 0.0034547 0.0098112 0.013857
115.12 176.56 2.071 3.0563 0.0027722 0.00067369 0.0027722 0.0019582 0.043232 -0.04852 0.090148 0.096781 0.0053609 -0.013371 0.25848 0.20142 0.02901 0.024252 0.26253 0.14162 0.01024 -2.9342e-05 0.01024 0.003154 0.013632 0.039131 0.10542 0.08356 0.042173 0.038695 0.33282 0.1826 0.11913 -0.025817 0.39714 0.14621 0.012007 -0.0001059 0.012007 0.00084642 0.13198 0.022499 0.16972 0.17845 0.010569 0.046708 0.26986 0.26668 -0.042207 -0.03167 0.23064 0.21595 0.00047107 1.5251e-05 0.00047107 3.4295e-05 0.042357 -0.04144 0.043113 0.060985 0.019501 -0.067531 0.09638 0.20777 -0.016343 -0.00084213 0.077009 0.13596
142.17 117.91 2.9784 1.8196 -0 0 0 0 -0 0 0 0 -0 0 0 0 -0 0 0 0 0.0069132 0.018379 0.0076551 0.018385 0.096426 0.19009 0.11184 0.34254 -0.055805 0.20017 0.090305 0.31976 -0.0058473 0.12865 0.037295 0.14284 0.032181 0.010319 0.21331 0.15153 0.030483 -0.087068 0.25659 0.39232 0.0080819 -0.14778 0.12384 0.36683 0.042577 -0.060716 0.12401 0.26694 0.010479 -0.027094 0.065237 0.040481 0.020185 -0.0064373 0.13303 0.11354 -0.02322 -0.0017545 0.088964 0.10163 0.026498 0.0046254 0.072513 0.087378
125.72 119.88 2.6366 4.797 0.010475 0.014786 0.069324 0.076941 -0.031728 -0.010443 0.088067 0.1002 0.037402 -0.015304 0.088771 0.10918 -0.015849 0.014613 0.068029 0.053813 -0.0078381 0.088247 0.15905 0.17628 -0.017032 0.16916 0.15945 0.25337 0.020302 0.19758 0.11718 0.2828 0.0086437 0.061616 0.18264 0.226 0.046683 -0.12105 0.095497 0.25906 -0.044144 -0.14791 0.11347 0.37158 0.037685 -0.15591 0.099354 0.4245 -0.052533 -0.077612 0.084172 0.19083 0.00069857 -0.0057994 0.00069857 0.0057994 -0.0014583 -0.01317 0.002314 0.01317 0.0001285 -0.0057792 0.0010034 0.0057792 -5.3019e-05 -0.00066817 0.00011447 0.00066817
133.5 133.91 2.8015 4.848 0.0034403 0.022029 0.041515 0.064595 0.0071291 0.0055656 0.056282 0.12485 -0.020045 0.041634 0.053838 0.08218 -0.0033298 0.0025913 0.0056029 0.0051177 -0.039133 -0.0074857 0.10965 0.1418 0.036065 -0.020554 0.14478 0.1588 -0.02606 -0.0090092 0.17543 0.19373 -0.014056 0.052179 0.12246 0.081348 -0.040054 0.10877 0.15308 0.23767 0.014632 0.16954 0.14217 0.33886 -0.031786 0.14611 0.23346 0.4652 -0.044097 -0.030054 0.21494 0.18298 -0.0090354 -0.075705 0.041372 0.14234 0.015546 -0.10185 0.05354 0.19096 -0.035291 -0.10238 0.073485 0.24051 -0.015327 -0.018251 0.020018 0.029218
116.36 155.85 2.8001 4.8352 0.00035281 0.016307 0.06688 0.028083 0.00052229 0.026551 0.083349 0.07312 -0.012823 0.013456 0.044443 0.075132 -0.0032847 0.012623 0.038817 0.038679 -0.016049 -0.010345 0.1203 0.075231 0.031751 -0.027008 0.14072 0.19684 -0.015772 0.024925 0.12828 0.3397 -0.021751 -0.01172 0.062869 0.092956 0.031543 0.064027 0.18484 0.15478 -0.045322 0.12272 0.24544 0.33876 0.057501 0.0096825 0.21389 0.31687 -0.049104 0.088795 0.14774 0.17323 0.014208 0.03993 0.21678 0.15303 -0.077275 0.0091705 0.2254 0.24232 0.011037 0.031818 0.14421 0.17313 0.00077251 -0.011386 0.13429 0.13695
126.28 107.59 4.3391 1.6867 -0 0 0 0 -0 0 0 0 -0 0 0 0 -0 0 0 0 0.008331 0.022073 0.008331 0.022073 -0.0017336 0.10776 0.027355 0.10776 -0.0034009 0.13093 0.025814 0.13093 -0.0042933 0.016353 0.0042933 0.016365 0.066211 0.028673 0.16572 0.24737 -0.012531 -0.032263 0.16591 0.5458 0.039607 -0.027486 0.18232 0.53981 -0.077733 0.041019 0.15669 0.17034 0.024339 -0.031535 0.094425 0.082158 -0.029184 -0.027747 0.11026 0.15125 0.027349 -0.049529 0.12256 0.17701 -0.020621 -0.031392 0.13456 0.087545
84.825 119.07 3.5083 0.80687 0 0 0 0 0 0 0 0 0 0 0 0 0 0 0 0 0.0016118 0.0056289 0.0016118 0.0056289 0.019854 0.059561 0.031223 0.066857 -0.012775 0.027864 0.07447 0.083477 -0.0041542 0.0007209 0.0044525 0.0029732 0.11401 0.080663 0.22488 0.23455 -0.081716 0.083078 0.37438 0.5462 -0.066647 0.023317 0.27672 0.31207 -0.015775 0.021907 0.042436 0.033862 -0.027391 -0.028084 0.21257 0.18723 -0.0046109 -0.063523 0.2099 0.21155 -0.027893 -0.018116 0.14144 0.1251 -0.0062016 -0.00028727 0.056458 0.051233
157.67 120.55 3.0687 2.2406 -0 0 0 0 -0 0 0 0 -0 0 0 0 -0 0 0 0 0.0036832 0.016074 0.046689 0.026482 -0.00094435 0.05364 0.028421 0.054247 2.0815e-05 0.099901 0.021164 0.099901 -0.002162 0.012528 0.002162 0.012528 0.039114 -0.0061707 0.12451 0.077121 0.01766 0.0024486 0.34012 0.33406 0.076478 0.018467 0.36618 0.5948 -0.094822 0.10269 0.19646 0.27769 0.0090891 -0.00597 0.015577 0.012291 0.052862 -0.010075 0.13504 0.085022 -0.017839 -0.017569 0.12749 0.13337 0.034766 -0.052585 0.086168 0.12098
107.73 140.21 3.5929 4.9187 0.013132 0.003042 0.02616 0.019577 0.0050898 -0.00073827 0.090807 0.045309 -0.0063718 0.016987 0.055576 0.074152 -0.0045222 0.0069934 0.029983 0.037041 0.024483 0.026087 0.099464 0.058494 0.02229 0.059012 0.20009 0.1957 -0.0022196 0.022801 0.152 0.24562 -0.024706 0.045029 0.096191 0.11786 0.057302 -0.021028 0.16529 0.10756 0.017289 0.12277 0.34026 0.36581 -0.052518 0.15775 0.17726 0.31395 0.0047567 0.070768 0.14558 0.19521 0.011804 -0.0080121 0.016893 0.010994 0.043261 -0.095707 0.1146 0.23939 0.011631 -0.087539 0.083624 0.31423 -0.022367 -0.046045 0.080791 0.1903
137.24 144.27 3.6844 4.2794 0.0054244 0.010361 0.018352 0.019105 -0.0065464 0.0073814 0.035311 0.037038 -0.0033488 0.00099766 0.0040428 0.0027727 -0.00042364 0.00056399 0.00042364 0.00056399 0.0015126 -0.0070398 0.069269 0.096326 0.02166 0.034909 0.13419 0.17582 -0.0043798 0.08557 0.14507 0.16601 -0.034632 0.03854 0.13028 0.10828 0.013443 0.035789 0.11746 0.1466 0.013804 0.043076 0.18112 0.23347 0.040383 0.12178 0.36771 0.44698 -0.088372 -0.0061267 0.17178 0.12021 0.043272 -0.011353 0.13474 0.13697 -0.020117 0.021539 0.20295 0.3304 -0.060595 -0.093666 0.17557 0.28086 -0.024521 -0.015449 0.030649 0.029862
121.57 147.02 4.27 4.208 0.0038113 0.011617 0.01764 0.01543 0.0042401 0.0095651 0.047161 0.052396 -0.010725 0.0028469 0.026695 0.026883 0.00070479 0.0084872 0.0030067 0.0091136 0.00064733 0.004535 0.077435 0.055211 -0.0031284 0.0067517 0.13149 0.17925 0.026395 0.020861 0.16282 0.22343 0.00071083 0.035811 0.17433 0.15252 0.0065688 0.0089871 0.10972 0.090137 -0.012369 0.072117 0.20994 0.27363 0.061376 0.083875 0.22448 0.28698 -0.039492 0.0072331 0.3082 0.32576 0.023942 -0.007322 0.088579 0.08599 0.047516 -0.01177 0.21007 0.2678 -0.055419 -0.04347 0.22099 0.32277 -0.035625 -0.054084 0.070393 0.096795
107.59 175.17 3.8109 3.946 0 -0 0 0 0.00043832 0.00045529 0.00043832 0.00045529 0.016628 0.0096665 0.03189 0.041192 -0.0078698 0.0088559 0.020269 0.025465 -0.00023801 0.00022914 0.00023801 0.00022914 0.041407 0.043713 0.088022 0.068725 0.03805 0.06487 0.20043 0.20291 0.020049 0.072777 0.18988 0.17614 0.0174 0.00042529 0.018771 0.010957 0.06249 0.010572 0.19856 0.1893 0.049036 -0.001615 0.30375 0.30289 0.0019583 0.0004185 0.29991 0.29156 0.011472 -0.0012497 0.011605 0.0072154 0.026142 -0.025464 0.13668 0.13527 0.098032 0.059512 0.28718 0.2816 0.042435 0.11921 0.27846 0.26706
136.67 175.73 2.8988 3.5474 0 -0 0 0 0 -0 0 0 -0.0002965 0.00069007 0.0014466 0.0033668 -0.0015687 0.003651 0.0043697 0.01017 0 -0 0 0 0.052453 0.043318 0.09078 0.12485 -0.034433 0.051931 0.10345 0.13428 0.010088 0.034099 0.036374 0.058318 0.0054513 0.0049864 0.015461 0.0096286 0.065188 0.0058298 0.21645 0.16123 -0.019939 0.059735 0.36689 0.23715 0.14327 0.098268 0.3049 0.3499 0.037286 0.010485 0.046889 0.03363 -0.0062346 0.055079 0.22559 0.14975 0.0015446 0.019062 0.42946 0.21431 0.013537 -0.017965 0.25781 0.18962
121.17 131.72 5.0222 4.6742 0.0061248 0.0041933 0.037311 0.021991 -0.00069868 0.0034227 0.049585 0.068882 -0.013216 0.016674 0.039969 0.05843 -0.0026516 0.0018473 0.0027531 0.0033283 0.026841 0.025815 0.12631 0.070672 -0.015504 0.052442 0.1931 0.23913 0.0028156 0.041421 0.18713 0.24186 -0.026353 0.033146 0.14613 0.11031 0.05321 -0.028989 0.13521 0.094795 0.011848 -0.049499 0.21926 0.511 -0.028236 -0.071329 0.18803 0.55628 -0.049241 -0.038988 0.10251 0.13418 0.0035214 -0.0045197 0.0051195 0.0053453 0.0021479 -0.040715 0.019759 0.062629 -0.0058691 -0.035852 0.011161 0.039433 -0.0020214 -0.0058321 0.0023723 0.0058321
150.48 148.52 5.2127 4.1898 0.0011675 0.0032325 0.0025178 0.0032325 -0.00062755 0.0040291 0.0025156 0.0040291 -1.2221e-16 -1.2199e-16 1.2221e-16 1.2199e-16 -8.9702e-18 -1.5573e-17 8.9702e-18 1.5573e-17 0.0047016 0.029067 0.056643 0.063916 -0.015606 0.060871 0.068811 0.092796 0.014086 0.062348 0.055083 0.10146 -0.0042213 0.0051745 0.016177 0.023597 0.0032285 0.025303 0.13102 0.14978 0.049767 0.051194 0.26088 0.31168 -0.079613 0.090453 0.44784 0.32751 -0.028688 -0.0048812 0.044245 0.025022 0.034089 0.019516 0.16439 0.18018 -0.006888 0.005116 0.29263 0.41023 -0.080157 -0.081694 0.19659 0.23031 -0.0051525 -0.0015571 0.0053986 0.001809
96.638 151.95 5.18 5.3218 0.00055991 0.00050029 0.00065944 0.00051464 0.0035057 0.014484 0.01157 0.016723 -0.0033258 0.014915 0.01602 0.019147 -0.00037433 0.001864 0.00064743 0.0019344 0.010309 0.0081218 0.010594 0.012376 0.01205 0.014326 0.11323 0.13685 -0.011993 0.021345 0.12162 0.11137 -0.013863 0.012603 0.041911 0.040792 0.065228 0.0031935 0.098413 0.087388 0.0057767 0.10461 0.36367 0.34014 -0.023633 0.029688 0.24179 0.30262 -0.028763 0.018963 0.084409 0.10502 0.031735 -0.0099924 0.034562 0.016618 0.064045 -0.089227 0.28082 0.35001 -0.00383 0.054901 0.26445 0.39432 -0.034051 0.024898 0.13641 0.13572
83.911 160.72 5.4655 5.5552 0 0 0 0 0 0 0 0 -1.7337e-07 3.0141e-06 1.7337e-07 3.0141e-06 -1.5936e-08 2.7706e-07 1.5936e-08 2.7706e-07 0 0 0 0 0.029628 0.036538 0.061952 0.07938 -0.012954 0.054343 0.079356 0.10545 -0.0056719 0.010664 0.0093964 0.013091 0.051246 0.035758 0.086201 0.10108 -0.0031189 0.14514 0.30475 0.37637 -0.020471 0.052766 0.21298 0.25065 -0.025061 0.020683 0.072876 0.070659 0.10529 -3.7662e-05 0.13675 0.093161 -0.038098 0.098117 0.44397 0.40745 -0.02465 0.03088 0.27629 0.25307 -0.028307 0.0055573 0.081802 0.068288
96.065 181.31 4.5782 5.4456 0 0 0 0 0 0 0 0 0 0 0 0 0 0 0 0 0.0094811 0.017135 0.018736 0.02909 -0.014998 0.05445 0.072129 0.078451 -0.010218 0.018935 0.014802 0.023934 -1.0643e-06 1.1817e-06 1.0643e-06 1.1817e-06 0.023853 0.092655 0.19407 0.2144 0.013496 0.048039 0.2597 0.29362 -0.036078 0.038288 0.14917 0.1778 -0.0046736 0.010654 0.013484 0.01406 0.040354 0.088215 0.36552 0.32403 -0.066486 0.0283 0.38292 0.40032 -0.044274 0.04409 0.22059 0.25008 -0.011743 -0.004294 0.025597 0.022535
86.202 102.96 6.5234 0.94218 0 0 0 0 0 0 0 0 0 0 0 0 0 0 0 0 0 0 0 0 0 0 0 0 -0.0020239 0.0084077 0.015306 0.013131 -0.0009572 0.00085529 0.0009572 0.00085529 0.042989 0.053654 0.056259 0.065235 0.068487 0.18321 0.4254 0.53104 -0.12856 0.068937 0.25058 0.27588 -0.01145 0.0062116 0.018535 0.012337 0.063925 -0.0014497 0.14417 0.1066 -0.026975 -0.075509 0.31704 0.35571 -0.038397 -0.035819 0.16357 0.15896 -0.0093645 -0.0027194 0.022189 0.01445
125.72 102.02 6.7604 1.7731 -0 0 0 0 -0 0 0 0 -0 0 0 0 -0 0 0 0 0.0022275 0.0031073 0.0022275 0.0031073 0.0015648 0.096444 0.035561 0.096444 -0.0015348 0.034152 0.014221 0.034152 -0.00010402 3.884e-05 0.00010402 3.884e-05 0.058119 0.0070757 0.10057 0.10804 0.071814 -0.015311 0.29288 0.60779 -0.089362 0.054493 0.3443 0.50484 -0.036925 0.008661 0.062535 0.042833 0.01233 -0.009655 0.018655 0.018848 0.023412 -0.045535 0.12616 0.15666 -0.010962 -0.050104 0.173 0.14829 -0.014554 -0.0057942 0.032726 0.018214
122.29 135.3 7.2098 4.6582 0.0027794 0.0062797 0.0066331 0.0068994 0.0016526 0.023825 0.03315 0.031846 -0.0078173 0.0086793 0.015782 0.015229 -0.00036488 1.9784e-05 0.00036488 1.9784e-05 0.023675 0.015081 0.053565 0.041202 0.012399 0.080751 0.19859 0.26668 -0.026492 0.10327 0.20892 0.28317 -0.024358 0.017851 0.045932 0.061849 0.038102 -0.016708 0.073919 0.052915 0.041615 -0.084596 0.25102 0.50581 -0.085112 -0.095509 0.23673 0.55811 -0.031826 -0.016545 0.042888 0.056121 0.00096273 -0.0014025 0.0020814 0.0014051 0.0023269 -0.034111 0.015179 0.034934 -0.0054103 -0.025426 0.0075713 0.025536 -0.00053063 -0.00093357 0.00053063 0.00093357
80.835 160.95 6.6681 5.264 0 0 0 0 1.9182e-18 1.1803e-18 1.9182e-18 1.1803e-18 -2.9368e-18 -1.807e-18 5.6464e-18 3.4742e-18 -6.3509e-19 -3.9077e-19 6.3509e-19 3.9077e-19 0 0 0 0 0.018677 0.015323 0.02598 0.031769 -0.012958 0.033025 0.074321 0.064169 -0.0072087 0.0039844 0.010697 0.0061917 0.0073415 0.0017652 0.0082357 0.0097434 0.07957 0.065163 0.27881 0.20785 -0.042695 0.068402 0.33029 0.34186 -0.027935 0.019157 0.074033 0.089864 0.0021885 -0.00062478 0.0030481 0.003103 0.10307 -0.059701 0.22915 0.22363 -0.0016568 -0.017817 0.36323 0.56113 -0.059844 0.0056926 0.11993 0.16085
162.96 101.1 9.3839 2.0841 -0 0 0 0 -0 0 0 0 -0 0 0 0 -0 0 0 0 -0 0 0 0 -0 0 0 0 -0 0 0 0 -0 0 0 0 -0 0 0 0 0.14242 0.025889 0.19585 0.28619 -0.025249 0.15945 0.41075 0.66039 -0.051265 0.039497 0.075173 0.080629 -1.0485e-17 2.3896e-17 9.4709e-17 4.7393e-17 0.043442 -0.036701 0.090335 0.092162 0.014399 -0.10565 0.27651 0.30499 -0.035047 -0.019092 0.070799 0.064912
69.321 144.51 9.094 5.6967 0 0 0 0 0 0 0 0 0 0 0 0 0 0 0 0 0 0 0 0 0.0083484 0.01203 0.0096424 0.012316 0.001372 0.035589 0.040506 0.052038 -0.0045341 0.0052981 0.0054471 0.0071131 0 0 0 0 0.15255 0.10969 0.35307 0.25224 -0.075527 0.13194 0.42537 0.39343 -0.028872 0.0081829 0.055094 0.051108 0 0 0 0 0.11346 -0.068746 0.18176 0.13365 -0.04375 -0.042846 0.4227 0.38503 -0.034366 0.0030302 0.054736 0.038308
