40 64
123.97 114.02 1.8088 1.6663 -0 0 0 0 -0 0 0 0 -0 0 0 0 -0 0 0 0 0.012815 0.1049 0.05773 0.19692 -0.0019143 0.16563 0.10875 0.38804 0.027236 0.13122 0.12173 0.36086 -0.017278 0.11713 0.087935 0.2442 0.0027764 -0.066325 0.12806 0.20866 -0.03319 -0.12934 0.22516 0.36276 0.01901 -0.11603 0.19895 0.27433 0.013041 -0.10009 0.14365 0.21747 0.011405 -0.017454 0.034682 0.041515 0.0071251 0.0040786 0.09497 0.11574 -0.02505 0.00333 0.075991 0.081552 0.0095257 -0.0085215 0.0372 0.028212
146.49 117.8 1.778 2.0626 -0 0 0 0 -0 0 0 0 -0 0 0 0 -0 0 0 0 0.025498 0.030233 0.026236 0.033098 0.06058 0.1721 0.12118 0.21335 -0.026087 0.24555 0.13675 0.31637 -0.032032 0.091635 0.047332 0.10276 0.055753 -0.0089664 0.05929 0.062769 0.049282 -0.11447 0.23732 0.30632 0.032489 -0.068833 0.31369 0.38846 0.016507 -0.048577 0.25678 0.39575 0.0052857 -0.004665 0.0098221 0.0058647 -0.0028542 -0.02101 0.056789 0.045493 0.029608 -0.026688 0.11113 0.10436 -0.0022432 -0.017001 0.079725 0.084611
102.46 129.66 1.9771 5.5209 0.030953 -0.012165 0.03112 0.022855 0.0059138 -0.045102 0.14988 0.19366 0.0041584 -0.00026987 0.10061 0.15976 -0.020243 0.021508 0.068678 0.078279 0.0175 0.045665 0.042486 0.049283 0.005205 0.063701 0.072628 0.11682 -0.0073399 -0.00060772 0.09615 0.090879 -0.023092 -0.0069498 0.077418 0.076706 0.04124 0.11866 0.25161 0.22455 -0.097183 0.088985 0.23194 0.32867 -0.01593 0.0077393 0.10524 0.095227 -0.0080522 0.061569 0.061271 0.073361 0.12738 -0.041899 0.24851 0.19747 -0.12926 0.060408 0.35155 0.38999 -0.03352 0.037903 0.13551 0.13905 -0.00469 -0.0005463 0.10435 0.14232
119.52 131.44 1.8738 1.7566 -0.0046319 -0.056773 0.15195 0.21982 -0.0139 -0.10659 0.25148 0.42298 0.037452 -0.078269 0.22183 0.35398 -0.0028615 -0.0353 0.1675 0.2999 0.021548 -0.04148 0.11625 0.12617 -0.019114 0.046385 0.24291 0.24423 -0.017466 -0.023202 0.16099 0.14772 0.030255 -0.065722 0.15193 0.11916 0.014455 -0.012143 0.05731 0.087176 0.0047532 -0.076412 0.093992 0.17274 -0.027449 -0.026838 0.050234 0.081759 0.0045072 -0.016703 0.045672 0.047516 0.00777 0.0018714 0.024549 0.12517 -0.013468 0.022807 0.03354 0.147 0.0038548 0.0090699 0.02994 0.092113 -0.0072358 0.0089518 0.028096 0.072051
143.01 133.71 1.9728 4.2073 0.0061518 -0.0051942 0.058297 0.088918 -0.02435 -0.015525 0.048337 0.10442 0.0078867 -0.012124 0.02195 0.025877 -0.003996 -0.05594 0.091702 0.082902 -0.014826 0.0051733 0.096339 0.14519 0.0082851 0.013153 0.075734 0.10573 0.016935 0.055152 0.064246 0.098535 -0.013048 0.035448 0.053731 0.043805 0.014176 0.058275 0.12547 0.1625 -0.0093425 0.043923 0.14226 0.17112 0.15245 0.11596 0.28857 0.29407 -0.12232 0.046095 0.23149 0.13036 -0.015786 -0.022081 0.11935 0.11545 0.12378 0.13773 0.2244 0.31434 -0.024096 0.02358 0.32994 0.37615 -0.091103 -0.044467 0.11413 0.075285
82.187 137.48 2.0482 0.84662 -0.0028775 0.007572 0.0028775 0.007572 0 0 0 0 0 0 0 0 0 0 0 0 -0.055419 0.0002979 0.069319 0.059923 0.045244 0.1035 0.099306 0.12147 -0.043462 0.15567 0.11643 0.18743 -0.010854 0.036027 0.02704 0.03662 -0.02553 -0.017538 0.067954 0.053979 0.14349 -0.044926 0.4262 0.33392 0.011995 -0.020907 0.524 0.33026 -0.042482 0.033239 0.17545 0.10839 0.022516 0.013215 0.057157 0.054225 0.032047 0.0060697 0.19397 0.11876 0.068229 -0.016249 0.16995 0.11023 -0.023963 0.004411 0.093553 0.061932
166.45 143.21 2.1258 2.7969 0.0030462 0.0096663 0.0062273 0.0096663 -0.00092184 0.0065488 0.0043371 0.0065488 -0 0 0 0 -0 0 0 0 0.053927 0.0775 0.18031 0.15573 -0.026861 0.21632 0.27166 0.54089 -0.11405 0.077517 0.1363 0.18505 0.001303 0.016072 0.0031968 0.016072 -0.024533 -0.067286 0.19015 0.14214 -0.064691 -0.20751 0.28665 0.39802 -0.061277 -0.045816 0.10103 0.10774 0.1087 0.023232 0.11931 0.1039 -0.043988 -0.0030508 0.075664 0.064076 -0.01126 0.020616 0.074779 0.037337 -0.016313 0.0093239 0.040308 0.017555 0.030463 -0.01762 0.081709 0.062084
171.83 155.07 2.1339 3.4435 1.2843e-17 8.6386e-17 1.1734e-16 1.7743e-16 4.7446e-17 9.0367e-17 4.7446e-17 9.0367e-17 0 -0 0 0 0 -0 0 0 0.028809 0.052354 0.032153 0.061905 0.042203 0.16618 0.10397 0.23292 -0.08013 0.11334 0.14133 0.17761 -0.0082841 0.003183 0.0082841 0.0047359 -0.014861 0.034572 0.11258 0.1205 0.045124 -0.10732 0.28119 0.25977 -0.00813 0.012479 0.4255 0.59012 -0.087088 0.01204 0.1073 0.12497 -0.028923 -0.033601 0.085514 0.064711 -0.015714 -0.025269 0.084817 0.057856 0.021953 -0.091693 0.10198 0.15829 -0.015753 -0.018557 0.037556 0.042615
122.03 164.52 2.1346 1.8307 -0.0023747 -0.024521 0.082193 0.16007 0.025581 -0.07269 0.10226 0.37228 -0.037726 -0.019875 0.088812 0.31366 0.012479 0.0037071 0.062901 0.11016 -0.0068253 0.069005 0.10206 0.13775 -0.0071523 0.069114 0.074473 0.2012 -0.0033039 0.056008 0.079643 0.17918 0.015369 0.04101 0.1143 0.22482 -0.012103 -0.013867 0.2116 0.18165 0.0040512 0.018873 0.18821 0.20361 0.067315 0.14728 0.16025 0.26416 -0.030401 0.046172 0.14425 0.20267 0.010647 -0.039735 0.0456 0.047599 0.030175 -0.063913 0.10712 0.14459 0.039863 -0.12837 0.09283 0.21061 -0.0061776 -0.081525 0.10136 0.14866
89.966 169.57 2.1975 5.4081 0 0 0 0 0 0 0 0 0 0 0 0 0 0 0 0 0.021163 0.12033 0.054735 0.12033 -0.0037107 0.20499 0.073752 0.21136 -0.030815 0.22708 0.11814 0.24766 -0.03485 0.089287 0.048355 0.090822 0.011 -0.040826 0.18866 0.20952 0.010845 -0.089662 0.21158 0.27628 0.053089 0.035928 0.27286 0.34352 -0.066043 0.12538 0.14401 0.25051 -0.032958 -0.0074846 0.11752 0.14403 0.015143 -0.067449 0.13611 0.14736 0.080419 -0.075626 0.20317 0.23195 -8.4299e-05 -0.072856 0.06519 0.14018
109.66 171.47 2.0111 2.2611 -0.032279 0.018836 0.10014 0.091524 -0.021538 0.045832 0.068881 0.10125 0.010055 -0.0015938 0.078286 0.12425 0.013067 -0.0082898 0.095922 0.12567 0.053123 -0.048497 0.15086 0.15062 0.017385 0.12476 0.16061 0.27012 -0.047459 0.1902 0.19377 0.33032 -0.050948 0.048929 0.16677 0.18609 0.017236 -0.046167 0.056599 0.074467 0.11673 -0.15948 0.19368 0.29794 -0.0088072 -0.10362 0.22757 0.3856 -0.037075 0.050397 0.1552 0.16957 0.0014948 -0.0029654 0.0016917 0.0030633 0.024358 -0.031192 0.026872 0.039291 0.021407 -0.099769 0.066305 0.13189 0.0068964 -0.077999 0.040396 0.097892
163.67 174.2 1.9774 3.9468 0 -0 0 0 0 -0 0 0 -1.3743e-17 7.8092e-17 1.9196e-16 7.9997e-17 -3.1199e-17 2.0776e-17 6.8481e-17 2.1699e-17 0.0062245 0.0084786 0.0062245 0.0084786 0.022931 0.11992 0.028528 0.11992 -0.011189 0.12888 0.027777 0.12987 -0.010963 0.051155 0.014324 0.051239 0.076012 0.11515 0.14412 0.16593 -0.010943 0.081796 0.26874 0.36151 -0.012672 0.0293 0.26267 0.33606 -0.012212 0.061433 0.20031 0.32306 -0.042533 -0.012691 0.12605 0.14948 -0.055461 -0.12728 0.14764 0.1745 -0.018525 -0.069836 0.17226 0.18565 0.12505 -0.073025 0.22852 0.25891
98.817 175.52 1.9934 5.2514 0 0 0 0 0 0 0 0 0 0 0 0 0 0 0 0 0.02498 0.12175 0.055629 0.12559 0.015122 0.23855 0.15426 0.27985 -0.055219 0.14291 0.076165 0.18596 -0.013066 0.024882 0.014911 0.025834 -0.008895 -0.025239 0.13916 0.16451 0.068271 0.010648 0.30696 0.29929 -0.068074 0.10163 0.22222 0.4133 -0.086395 0.10185 0.12589 0.16791 -0.013422 -0.045895 0.084835 0.087973 0.063547 -0.074506 0.19268 0.21747 -0.015804 -0.14412 0.11609 0.21883 -0.017576 -0.030183 0.071571 0.090472
128.17 181.8 2.1444 4.2596 0 -0 0 0 -0.00010919 -1.9766e-05 0.00010919 0.00025915 0.00046147 0.00067656 0.00057113 0.00083597 0.0011774 0.017832 0.0040837 0.017832 0.011602 0.0040831 0.011602 0.0095107 0.022254 0.059171 0.11443 0.1232 0.066804 0.14687 0.13056 0.16391 0.058249 0.075552 0.15459 0.19173 0.059687 0.095806 0.080009 0.1205 0.020411 0.2019 0.25586 0.33948 0.086109 0.041881 0.33969 0.38795 -0.062091 -0.075019 0.21029 0.23333 0.042695 0.078251 0.16931 0.14249 -0.08552 -0.019268 0.18367 0.17672 -0.060383 -0.0778 0.11418 0.12803 -0.0043228 -0.027152 0.067814 0.11906
109.42 111.92 2.9161 1.4905 0 0 0 0 0 0 0 0 0 0 0 0 0 0 0 0 0.018329 0.11368 0.027117 0.12709 0.049271 0.18275 0.11095 0.36647 -0.072547 0.15336 0.11815 0.29458 -0.013549 0.013315 0.014981 0.015288 -0.028909 -0.031741 0.16181 0.37992 0.010789 -0.11466 0.24975 0.44679 -0.063612 -0.10826 0.27411 0.28724 -0.027475 -0.0071715 0.039848 0.025365 0.00046619 -0.024633 0.058089 0.072938 -0.018894 -0.017563 0.059202 0.083516 0.0030405 0.0008655 0.038764 0.048044 0.010636 0.0090134 0.072863 0.056903
135.81 114.47 2.8612 1.7139 -0 0 0 0 -0 0 0 0 -0 0 0 0 -0 0 0 0 0.018224 0.023892 0.018224 0.023892 0.039262 0.17592 0.071622 0.21649 -0.012198 0.16639 0.066273 0.3996 -0.0046755 0.12255 0.060069 0.22518 0.067514 -0.0074525 0.10098 0.0967 0.034918 -0.10041 0.21643 0.34752 -0.045712 -0.071918 0.24619 0.48014 0.02587 -0.077104 0.14578 0.29813 -0.0041423 -0.0038516 0.030684 0.025937 0.0097705 -0.021983 0.053016 0.058678 -0.0056737 -0.032379 0.069948 0.13194 -0.0010256 -0.01262 0.029538 0.03646
124.26 122.54 2.8873 4.8502 -0.0056387 -0.0041514 0.026995 0.04693 0.0064299 0.0081884 0.020945 0.066722 0.0013594 0.009309 0.02775 0.10061 -0.00023026 -0.0077288 0.017227 0.044983 -0.0085192 0.054379 0.088922 0.073794 0.010035 0.040654 0.1113 0.15896 -0.010763 0.063364 0.14411 0.19529 -0.010752 0.06811 0.072219 0.094766 0.044979 -0.040937 0.13607 0.29349 -0.030902 -0.034795 0.19847 0.52985 0.0016659 -0.0656 0.18367 0.54572 -0.056279 -0.045224 0.121 0.20733 0.0046899 -0.021393 0.0067001 0.021664 -0.00044267 -0.044319 0.010061 0.053425 -0.00059837 -0.043633 0.009006 0.054455 -0.0046046 -0.016998 0.0061631 0.018187
109.93 124.56 3.0437 4.6688 -0.020856 0.0012007 0.064835 0.051384 -0.0060673 -0.0095861 0.040614 0.071717 0.0037467 -0.0013687 0.024805 0.094806 -0.00070821 0.0011922 0.019794 0.06365 -0.0068381 -0.018546 0.064911 0.057829 -0.00859 0.025924 0.080532 0.066701 0.032397 0.0099632 0.095179 0.17715 -0.0023252 0.048731 0.08808 0.13256 0.052402 -0.0021655 0.056207 0.046283 0.071932 0.04616 0.26005 0.4634 -0.0025508 0.043615 0.25255 0.56334 1.3372e-05 -0.035054 0.13657 0.37258 0.0047586 -0.0044536 0.0050375 0.0052721 0.019232 -0.066252 0.032297 0.11198 -0.011932 -0.072145 0.031516 0.12495 -0.0050235 -0.030336 0.0075949 0.044237
140.24 126.02 2.8179 4.8672 0.0020653 0.0034447 0.012882 0.054319 -0.0050756 0.0024233 0.029835 0.14173 -0.0080253 -0.0062269 0.036419 0.067758 0.033335 0.0064822 0.065633 0.040198 0.013951 0.016112 0.091156 0.11736 -0.027527 0.06631 0.15711 0.18885 -0.019637 0.092865 0.11533 0.12617 0.0063384 -0.018671 0.075193 0.064283 -0.0027565 -0.017169 0.15541 0.39083 0.0092008 -0.033725 0.23699 0.6151 -0.10739 -0.066235 0.21887 0.36667 -0.024343 -0.0070989 0.026909 0.024032 0.00051252 -0.034672 0.0076691 0.047521 -0.0012074 -0.050901 0.011526 0.070279 -0.0098069 -0.028479 0.012922 0.030202 -0.00069207 -0.00064427 0.00069207 0.00064427
135.84 153.74 2.8757 4.6691 -0.022718 0.053625 0.068029 0.1104 -0.0053504 0.036637 0.15562 0.15782 0.014884 0.014556 0.15454 0.17539 -0.032554 0.036315 0.087621 0.097512 -0.040075 -0.076894 0.10484 0.15659 -0.00072263 -0.016856 0.1118 0.26938 0.0041665 -0.050691 0.15434 0.23981 0.068 -0.042618 0.15255 0.11991 0.0069008 -0.017071 0.050831 0.13665 0.0015557 0.0019583 0.10277 0.34926 -0.02403 -0.0045476 0.089711 0.19324 0.091078 -0.023706 0.21508 0.103 0.021496 0.016917 0.079281 0.099598 0.0056436 0.056447 0.23248 0.29333 0.017256 0.18386 0.20972 0.27654 -0.042277 0.028379 0.088594 0.084506
80.384 158.62 3.1249 5.7141 0 0 0 0 0 0 0 0 0 0 0 0 0 0 0 0 0.026007 0.008889 0.026007 0.015174 0.045796 0.13637 0.12017 0.19586 -0.032095 0.17835 0.072154 0.19143 -0.026028 0.047853 0.027335 0.04875 0.095561 0.012263 0.18096 0.15557 -0.026468 -0.036915 0.36645 0.43391 0.04978 -0.053641 0.25477 0.30633 -0.059694 0.10293 0.16558 0.22235 0.02561 0.014678 0.063107 0.09468 -0.01062 -0.03972 0.14398 0.20072 0.03751 -0.038284 0.22829 0.17351 0.038111 -0.069485 0.10663 0.13715
168.02 160.03 2.6704 3.7012 0 -0 0 0 -2.2591e-05 -1.4151e-05 2.2591e-05 1.4151e-05 -3.312e-06 -2.0746e-06 3.312e-06 2.0746e-06 0 -0 0 0 0.039128 0.073828 0.052667 0.076344 0.041677 0.13568 0.11474 0.25105 -0.041504 0.15318 0.13725 0.24512 -0.014872 0.0081266 0.017508 0.011741 0.016043 -0.0003166 0.16009 0.20883 -0.052037 -0.10493 0.20573 0.23032 0.053819 -0.12225 0.47557 0.50032 -0.056067 -0.0067864 0.09795 0.090283 -0.036345 -0.018962 0.10328 0.10454 -0.010405 -0.018095 0.13185 0.13552 0.023312 -0.001592 0.078628 0.09406 -0.011902 0.054305 0.076635 0.073396
156.31 171.42 2.906 1.0376 -0.0082996 0.049782 0.18576 0.11824 0.00089574 -0.0043876 0.070082 0.15661 0.0085084 -0.0068242 0.11417 0.21669 0.038173 0.037382 0.085289 0.093398 0.037209 -0.035107 0.31309 0.29465 -0.037301 0.123 0.2856 0.31217 0.060314 0.10103 0.26451 0.32021 -0.034074 -0.060232 0.18046 0.18806 0.027272 -0.059511 0.044396 0.077251 0.045724 -0.14333 0.13241 0.2244 -0.041612 -0.14648 0.13171 0.22465 -0.018387 -0.038792 0.028927 0.045301 -8.9765e-06 -5.3683e-06 1.546e-05 1.9791e-05 -0.00010831 -0.00014078 0.0001143 0.00017148 -0.00012838 -0.00021752 0.00012838 0.00021752 -2.4338e-06 1.4365e-06 2.4338e-06 1.4365e-06
144.82 177.45 2.4914 4.3459 6.318e-05 -2.4251e-05 6.318e-05 2.4251e-05 5.5336e-06 -4.4874e-05 3.4138e-05 4.4874e-05 -8.0805e-18 -2.1051e-17 8.0805e-18 2.1051e-17 0 -0 0 0 0.0081397 0.044237 0.031337 0.054643 0.08357 0.13856 0.13646 0.19034 0.050142 0.20223 0.16194 0.25755 -0.037207 0.13362 0.10274 0.16723 0.066921 0.065111 0.19066 0.20473 -0.049177 0.0058104 0.35544 0.34442 0.020591 -0.15572 0.27733 0.31486 -0.016475 -0.079435 0.18445 0.22072 -0.025053 -0.041763 0.078581 0.089335 -0.033999 -0.059109 0.10738 0.166 -0.012651 0.059374 0.065143 0.13279 0.00071113 0.012875 0.038594 0.085595
151.6 180.28 2.6173 4.5225 0 -0 0 0 0 -0 0 0 0 -0 0 0 0 -0 0 0 0.0071756 0.036011 0.029441 0.041314 0.014308 0.13146 0.057625 0.13174 -0.017365 0.10094 0.042512 0.10094 -0.0016421 0.0038802 0.0020713 0.0038802 0.0040267 0.053933 0.2005 0.22034 0.0056043 -0.052222 0.37347 0.36243 -0.018214 -0.018839 0.33783 0.38927 -0.063759 0.078995 0.13347 0.12612 -0.0095171 -0.016296 0.062134 0.13312 -0.019199 -0.0039899 0.11567 0.24637 0.063676 -0.050377 0.14977 0.17568 -0.027903 0.031694 0.28394 0.14514
108.1 112.4 2.9097 1.4509 0 0 0 0 0 0 0 0 0 0 0 0 0 0 0 0 0.02157 0.1194 0.029323 0.13329 0.058797 0.18976 0.11078 0.34297 -0.073927 0.14717 0.11131 0.26766 -0.01089 0.010329 0.012164 0.011192 -0.032538 -0.027287 0.15943 0.40445 -0.0021076 -0.12501 0.25467 0.45165 -0.065849 -0.10056 0.2656 0.28633 -0.023226 -0.0026362 0.034497 0.024224 0.00076665 -0.03016 0.06242 0.091139 -0.021272 -0.01761 0.065661 0.095785 0.0038728 0.0017109 0.040534 0.046015 0.016118 0.0078602 0.075355 0.062575
148.71 120.92 3.9594 4.7546 -0.00096819 -0.0025101 0.0255 0.09219 -0.0063285 -0.0021356 0.035461 0.12335 0.04922 -0.018799 0.13966 0.098629 -0.027648 -0.0079017 0.068859 0.041062 0.024327 0.1379 0.1509 0.24231 -0.0184 0.20802 0.23765 0.38842 -0.05803 0.0098293 0.16127 0.15093 -0.0065504 -0.010405 0.017465 0.013765 -0.0018489 -0.088978 0.13541 0.43567 -0.052328 -0.15716 0.15781 0.49449 -0.053538 -0.037857 0.071145 0.087983 0 0 0 0 -0.00035339 -0.0062339 0.0010674 0.0062339 5.6377e-07 -1.3345e-05 5.6377e-07 1.3345e-05 0 0 0 0 0 0 0 0
83.252 139.91 3.3352 0.43299 0 0 0 0 0 0 0 0 0 0 0 0 0 0 0 0 -0.021551 0.079491 0.063338 0.083664 0.075863 0.085836 0.1805 0.19097 -0.025994 0.13561 0.25855 0.2694 -0.029313 0.034317 0.044966 0.042681 -0.1608 -0.0082938 0.30191 0.28785 0.054845 -0.04934 0.24453 0.25413 0.076637 -0.077276 0.31729 0.30967 -0.083977 0.04364 0.14858 0.091115 -0.0544 0.003792 0.12203 0.1041 0.016439 -0.0023719 0.14238 0.087941 0.082789 0.018102 0.19822 0.16862 -0.04003 0.017976 0.12673 0.091067
97.318 156.02 3.5131 2.074 0.014329 0.0016757 0.080932 0.1139 0.012694 -0.090406 0.15577 0.26541 0.0072273 -0.14641 0.22568 0.27858 -0.025987 -0.015652 0.041987 0.037518 -0.015238 0.065528 0.11132 0.18282 -0.021318 0.11629 0.16611 0.30518 0.029394 0.09921 0.26883 0.28669 -0.044674 0.027121 0.097028 0.07238 0.061331 -0.076938 0.11057 0.17055 -0.030768 -0.067365 0.2053 0.34253 -0.050845 -0.078229 0.19207 0.28459 -0.032442 -0.024268 0.051347 0.042074 0.004066 -0.010876 0.0051329 0.011116 0.0055197 -0.047226 0.018684 0.04896 -0.0076905 -0.026454 0.011462 0.02718 -0.00089139 -0.0017243 0.00089139 0.0017243
155.08 169 3.3211 0.96029 -0.011572 0.038817 0.11577 0.092899 0.0044835 0.011128 0.065465 0.14897 -0.016548 -0.035733 0.14812 0.22433 0.048903 0.027793 0.082368 0.080404 -0.0059759 0.0032663 0.39238 0.28674 -0.064795 0.11752 0.23442 0.24937 0.06505 0.096069 0.27445 0.28276 -0.034387 -0.059315 0.17958 0.18608 0.037351 -0.079662 0.083523 0.12855 0.047698 -0.13488 0.15467 0.26511 -0.049919 -0.13743 0.14125 0.2294 -0.02913 -0.046353 0.041931 0.054104 0.00014067 -9.8426e-05 0.00014067 9.8426e-05 0.0014045 -0.0092031 0.0017794 0.0093261 -0.00046636 -0.0051695 0.0010072 0.0051695 4.755e-18 -2.6911e-17 4.755e-18 2.6911e-17
172.07 168.29 3.7413 3.7803 0 -0 0 0 0 -0 0 0 0 -0 0 0 0 -0 0 0 0.0020685 0.0047954 0.0020685 0.0047954 0.013105 0.077404 0.018585 0.077404 -0.020377 0.087265 0.02741 0.087344 -0.0019043 0.0036935 0.0019795 0.0037235 0.078277 0.079583 0.12884 0.14942 -0.0051582 -0.0079718 0.24132 0.39886 -0.058232 0.014532 0.49449 0.52871 -0.049945 0.0076833 0.081205 0.060176 -0.015446 0.0068011 0.12691 0.12418 -0.04348 -0.035141 0.15591 0.13642 0.029641 -0.002058 0.18338 0.19641 -0.024008 0.037068 0.068237 0.064971
111.09 184.02 3.3491 4.7483 0 0 0 0 0 0 0 0 0 0 0 0 0 0 0 0 0.00070292 0.0028211 0.00078223 0.0028211 0.0028466 0.055866 0.0090983 0.055866 0.0025258 0.057191 0.051396 0.070326 -0.0026354 0.029893 0.02098 0.032408 0.088259 0.11933 0.14738 0.1541 0.034289 0.21362 0.30149 0.41186 -0.074203 0.10758 0.24412 0.34734 0.0068647 0.063264 0.24901 0.21191 -0.023235 -0.04423 0.1401 0.1305 -0.028405 -0.13387 0.20551 0.30875 -0.031721 -0.017351 0.09539 0.24265 -0.0048734 -0.0023253 0.076516 0.1633
134.73 184.11 3.6112 4.639 0 -0 0 0 0 -0 0 0 0 -0 0 0 0 -0 0 0 0.0041453 0.025058 0.0054201 0.02509 0.0041366 0.061779 0.038195 0.061938 -0.0041352 0.10519 0.038832 0.10521 -0.0041555 0.016873 0.0063623 0.016883 0.017154 0.071726 0.18817 0.29021 -0.058278 0.018864 0.27983 0.39641 0.010669 -0.043078 0.33771 0.38628 -0.052552 0.05838 0.19965 0.18912 -0.026371 -0.059991 0.1163 0.14384 -0.015396 -0.053355 0.094664 0.2769 -0.0024718 -0.043419 0.062623 0.18912 0.02196 -0.029486 0.25464 0.13782
94.778 99.578 4.8606 1.302 0 0 0 0 0 0 0 0 0 0 0 0 0 0 0 0 0 0 0 0 0 0 0 0 0 0 0 0 0 0 0 0 0.038523 0.11693 0.13143 0.29231 -0.036163 0.081496 0.35571 0.71713 -0.09687 0.033783 0.15185 0.16591 -0.0010354 0.0059969 0.0033798 0.0059969 -9.2004e-05 -0.053905 0.13205 0.21106 -0.036577 -0.065399 0.12324 0.22253 0.023102 0.0014776 0.13593 0.11337 -0.024978 0.0085483 0.055811 0.035883
83.343 180.58 5.1613 5.2388 0 0 0 0 0 0 0 0 0 0 0 0 0 0 0 0 0 0 0 0 0.00038482 0.00022363 0.00038482 0.00022363 0.00062588 0.00036372 0.00062588 0.00036372 3.0691e-18 -5.2812e-18 3.0691e-18 5.2812e-18 0.050152 0.022886 0.059144 0.030194 0.10325 0.097322 0.20904 0.38455 -0.051856 0.14805 0.23978 0.5626 -0.076778 0.1026 0.1028 0.15402 0.053735 -0.01658 0.067301 0.05195 0.010284 -0.08757 0.20843 0.24966 0.010465 -0.12298 0.16924 0.30957 0.0083012 -0.050795 0.14261 0.21184
124.84 184.41 5.5944 4.6695 2.7977e-18 -1.201e-19 2.7977e-18 1.201e-19 -1.9788e-18 8.4946e-20 1.4929e-17 6.4087e-19 0 -0 0 0 0 -0 0 0 0.003463 0.010617 0.003463 0.010617 0.010583 0.092132 0.033595 0.092422 -0.0050711 0.11632 0.056325 0.11645 -0.0058938 0.021448 0.0090386 0.021452 0.06387 0.036675 0.14023 0.12992 -0.036453 -0.013622 0.21957 0.44776 -0.012871 -0.056504 0.19415 0.39279 -0.038033 0.032609 0.21769 0.1522 0.016133 -0.022443 0.11155 0.099248 0.016822 0.10981 0.1258 0.32465 -0.018666 0.17872 0.18679 0.37726 -0.024853 -0.012798 0.12494 0.084005
139.31 122.52 6.3836 4.6171 0.0064064 0.0079822 0.063112 0.099578 -0.016726 -0.016641 0.074574 0.15543 -0.0022621 0.003117 0.13602 0.13186 -0.014527 0.005376 0.032193 0.01758 -0.01157 0.0064324 0.10845 0.12544 0.046326 0.1753 0.16389 0.36113 -0.047114 0.045794 0.23441 0.21732 -0.012014 -0.0088212 0.031825 0.016212 0.046868 -0.037649 0.10681 0.21186 -0.012496 -0.11669 0.21273 0.64782 -0.064119 -0.056471 0.1051 0.18708 -0.0011415 0.00010908 0.0011415 0.00010908 0.00021161 -0.0094702 0.002249 0.0094702 -0.0016816 -0.011593 0.0026381 0.011593 0 -0 0 0 0 -0 0 0
84.723 151.98 6.7537 2.2653 0.0069955 -0.0091306 0.10918 0.096442 0.038443 -0.03356 0.37229 0.51368 -0.083748 0.015313 0.23938 0.25434 -0.0011039 -8.8962e-05 0.0011039 8.8962e-05 0.028731 -0.00054902 0.17017 0.18625 0.016133 0.078738 0.24945 0.35484 -0.074653 -0.035623 0.22235 0.20027 -0.0010091 -9.2978e-05 0.0010091 9.2978e-05 0.032383 -0.034412 0.042077 0.058309 -0.0032083 -0.091762 0.10411 0.22765 -0.038074 -0.030423 0.061504 0.064897 -0 0 0 0 -1.0409e-19 -8.6709e-20 3.6496e-18 3.0401e-18 -2.8488e-19 -2.3731e-19 2.8488e-19 2.3731e-19 -0 0 0 0 -0 0 0 0
103.96 169.3 6.1052 1.812 0.01465 0.00097094 0.11604 0.12264 0.02003 -0.099687 0.1709 0.49092 -0.05412 -0.048527 0.19262 0.38721 -0.012042 0.0027815 0.017461 0.015899 -0.010031 0.0016689 0.15352 0.19705 0.0064047 0.097084 0.14357 0.34992 -0.030017 0.043112 0.28141 0.30081 -0.033126 -0.0059825 0.061615 0.036643 0.014642 -0.036814 0.027138 0.064405 0.028229 -0.097323 0.08157 0.21102 -0.045798 -0.078217 0.080058 0.14534 -0.0087637 -0.0064136 0.010487 0.0088301 -1.1938e-18 -2.9371e-19 2.4447e-18 6.0149e-19 2.7538e-18 2.5159e-18 3.6068e-18 2.5159e-18 3.8697e-19 3.496e-19 5.05e-19 3.496e-19 -0 0 0 0
99.231 173.62 12.589 5.0139 0 0 0 0 0 0 0 0 7.2421e-18 2.2525e-18 1.647e-17 5.1227e-18 -9.1353e-19 -2.8413e-19 6.2149e-18 1.933e-18 0 0 0 0 0.038068 0.051142 0.074744 0.15352 -0.033507 0.070099 0.080883 0.21183 -0.0050212 0.0059873 0.0050212 0.007658 0 0 0 0 0.13408 0.0030504 0.25254 0.55184 -0.036242 -0.016109 0.37397 0.59124 -0.019326 -0.0055668 0.04914 0.03658 0 0 0 0 0.033584 -0.024388 0.046894 0.10642 -0.015245 -0.022245 0.063086 0.088122 -0.0019477 -0.0021996 0.003574 0.0032327
