54 64
112.14 126.02 2.1112 1.6885 -0 0 0 0 -0 0 0 0 -0 0 0 0 -0 0 0 0 0.014748 0.0094303 0.033181 0.060104 0.0175 0.089333 0.10521 0.22008 -0.049862 0.049961 0.095422 0.106 0.00041165 0.0057625 0.0077246 0.0081175 0.0054355 0.10162 0.19978 0.49375 -0.032814 0.0059411 0.25341 0.41037 -0.060971 0.096819 0.14265 0.2166 0.061296 0.06452 0.1022 0.09665 0.0034604 -0.068596 0.063087 0.15728 0.010418 -0.023526 0.12797 0.22254 0.051557 0.0077494 0.20914 0.27589 -0.028865 0.0030084 0.16254 0.12658
84.277 127.75 2.0773 1.5524 0 0 0 0 5.8436e-05 0.0031844 5.8436e-05 0.0031844 2.8236e-05 0.0015387 2.8236e-05 0.0015387 0 0 0 0 0.00060935 0.0024812 0.01493 0.013481 0.14957 0.18971 0.19777 0.29528 -0.073686 0.237 0.13435 0.38108 -0.050375 0.063789 0.050375 0.081385 0.01679 0.099437 0.11315 0.16055 0.095544 -0.089902 0.30702 0.36924 -0.0507 -0.13068 0.20172 0.31706 -0.065349 -0.0041431 0.10842 0.10744 -0.027311 -0.027927 0.14497 0.13864 -0.010392 -0.026006 0.12248 0.093827 -0.0093434 -0.033944 0.10759 0.078134 -0.0055096 -0.018912 0.050484 0.032211
85.138 136.28 2.0139 4.6357 0.0010575 0.0067545 0.056625 0.014373 0.011131 0.016313 0.084132 0.041687 0.025819 0.012945 0.11055 0.081733 -0.016722 0.049949 0.078526 0.082131 0.025862 0.040048 0.095572 0.063126 -0.017761 0.072719 0.14879 0.17262 0.048082 0.046453 0.25396 0.22142 0.011629 -0.060623 0.19605 0.2759 0.078772 -0.018635 0.10642 0.13486 0.055908 0.042098 0.21956 0.45861 -0.19548 -0.024884 0.32732 0.34058 -0.01228 -0.04889 0.057557 0.071148 0.020117 -0.032137 0.020433 0.040026 0.011869 -0.13621 0.048708 0.168 -0.047119 -0.065634 0.057932 0.086984 0.0019654 -0.0022046 0.0058247 0.0046339
91.75 135.69 1.704 2.5623 0.021344 0.023283 0.12906 0.077123 -0.06119 0.023332 0.15526 0.1023 -0.014327 -0.0070796 0.023213 0.016852 -3.3008e-05 0.00012155 6.5481e-05 0.00012155 0.11379 -0.0084169 0.21257 0.11013 -0.12096 0.059577 0.40001 0.23077 0.032486 0.21244 0.1849 0.28028 -0.05419 0.091085 0.084893 0.097558 0.014624 -0.031661 0.10293 0.10776 0.027072 -0.045756 0.20562 0.15204 0.17258 -0.049029 0.31762 0.26488 -0.12808 0.021015 0.24486 0.17001 0.0073004 -0.0065808 0.030995 0.039008 0.0014166 -0.017434 0.05331 0.075051 0.040779 -0.040858 0.11199 0.07711 -0.032763 -0.036615 0.095801 0.049403
124.28 136.45 1.7587 1.6054 0.0032473 0.0026958 0.0040272 0.012211 0.0065677 0.0065778 0.019753 0.028195 0.02995 0.040163 0.0477 0.10952 -0.016696 0.022987 0.036538 0.045211 -0.013777 0.0532 0.035168 0.078067 0.075582 0.17241 0.17897 0.41212 -0.026075 0.062848 0.21685 0.40221 -0.02504 0.039935 0.1023 0.15081 -0.050934 -0.012286 0.080605 0.18025 0.067867 -0.11934 0.16115 0.39662 -0.046697 -0.06683 0.17041 0.32606 0.074519 -0.016349 0.13645 0.22652 0.0073101 -0.010934 0.029633 0.040854 -0.011876 -0.0091316 0.020594 0.032832 0.014578 -0.019412 0.041374 0.079415 0.015348 -0.018984 0.05083 0.056837
144.89 138.04 2.3454 1.2297 0 0 0 0 0 0 0 0 0.0020776 -0.00135 0.023103 0.031315 0.029693 0.056062 0.072666 0.11355 -0.057246 0.17419 0.13134 0.27738 -0.0010168 0.19657 0.13199 0.26603 -0.041259 0.082005 0.11285 0.20675 0.03053 -0.083788 0.15745 0.26698 -0.0054299 -0.1032 0.2248 0.27235 -0.0092499 -0.076182 0.38941 0.41094 -0.065245 -0.056254 0.15939 0.18047 -0.017477 -0.020563 0.061341 0.076786 -0.014021 -0.025657 0.052152 0.038973 -0.012036 -0.032213 0.062125 0.070671 -0.0049487 -0.0039917 0.018518 0.019072 -0.0032226 -0.0072389 0.01089 0.008784
181.84 141.11 2.1097 3.5805 -0.0069195 0.0030943 0.0082469 0.014008 0.012112 0.011368 0.03094 0.055364 -0.0089423 0.015609 0.018712 0.026051 0 -0 0 0 -0.0031728 0.045322 0.041015 0.074605 0.056018 0.049448 0.1281 0.18763 -0.010573 0.068196 0.18726 0.16712 -0.013723 0.010766 0.015356 0.012108 0.056715 -0.016389 0.10055 0.099567 0.13102 0.11082 0.40284 0.25391 -0.085135 0.16898 0.33592 0.26447 -0.093025 0.029662 0.10298 0.051591 0.023962 0.026875 0.075459 0.060564 0.12601 0.11218 0.34343 0.16163 -0.11107 0.03521 0.28781 0.20804 -0.070663 -0.017571 0.090736 0.039401
106.17 144.54 1.8684 4.0218 0.0015316 0.0051334 0.021224 0.016286 -0.0039626 0.015198 0.01493 0.017101 -2.533e-06 0.028178 0.051159 0.042903 0.024137 0.028407 0.042579 0.055193 0.006703 0.020242 0.044113 0.062904 -0.0052827 0.069581 0.094934 0.14097 -0.024161 0.039921 0.17157 0.23153 0.072354 -0.028081 0.32197 0.35826 0.018892 0.0084761 0.088627 0.10424 0.096688 -0.0020006 0.22632 0.46032 -0.10938 -0.0063506 0.19607 0.37169 -0.0069632 -0.027852 0.17834 0.18684 0.0064947 0.011808 0.043272 0.071389 -0.021538 0.0042405 0.15487 0.17589 -0.030994 -0.025901 0.055071 0.058034 0.0015553 -0.023434 0.041813 0.054527
168.24 146.38 2.0542 5.3056 -0.01358 0.054847 0.026694 0.059374 -0.010162 -0.00086052 0.067307 0.056905 0.033083 2.4861e-05 0.061182 0.024997 0.033612 -0.07158 0.12302 0.082775 -0.078874 0.06283 0.27482 0.27632 -0.095396 0.040956 0.12844 0.15709 0.01798 0.049283 0.095268 0.092465 -0.011227 -0.010169 0.06173 0.044599 0.047295 -0.0034614 0.37855 0.2597 -0.12365 0.12846 0.1789 0.41308 -0.078894 0.054697 0.16416 0.28858 -0.020825 0.012294 0.049449 0.039681 0.073412 -0.07842 0.14471 0.11244 -0.0037054 -0.075873 0.12685 0.18281 -0.079897 -0.019573 0.1099 0.11909 -0.01435 -0.0054109 0.044637 0.058838
176.15 145.88 1.6256 3.5881 -0.03278 0.00905 0.0346 0.057163 0.00074037 -0.0005306 0.011489 0.023436 0.01708 0.0074886 0.072713 0.082527 -0.0082469 0.0091973 0.0143 0.014189 -0.048295 -0.00073912 0.064189 0.12179 0.028241 0.072405 0.12186 0.15117 0.047593 0.10936 0.17079 0.20998 -0.049958 0.065918 0.10278 0.083114 0.0032978 -0.0091484 0.031567 0.06198 0.15095 -0.022601 0.25985 0.12244 0.091486 0.07001 0.36857 0.19203 -0.12059 0.024044 0.22268 0.12196 0.013908 0.015389 0.048446 0.059045 0.15873 0.13085 0.25288 0.18712 0.06115 0.09695 0.34146 0.29752 -0.10358 -0.042426 0.1771 0.13367
75.298 149.89 2.0397 5.9105 0.010358 0.028699 0.021601 0.031629 -0.0057607 0.036274 0.038842 0.067966 0.024747 0.022864 0.038732 0.10439 0.0083157 0.0030894 0.02485 0.080435 -0.0063993 0.070911 0.14316 0.12293 -0.049675 0.03647 0.11951 0.21158 -0.018753 -0.0069785 0.081002 0.29035 0.0060368 -0.02504 0.05052 0.17176 -0.067925 0.11718 0.27445 0.18535 -0.06231 0.047336 0.25242 0.23715 -0.03167 0.050454 0.10757 0.23101 -0.04266 0.024202 0.063503 0.093022 -0.083513 -0.048727 0.3536 0.25482 -0.088434 0.049843 0.28313 0.19561 0.0040189 0.043058 0.17255 0.18903 -0.033493 0.0021716 0.072653 0.049136
169.86 154.78 1.651 0.3088 -0.050881 -0.030767 0.25994 0.23154 -0.097945 -0.092568 0.17789 0.17994 -0.0052191 -0.0034412 0.070817 0.097217 -0.012812 0.0029117 0.023994 0.032868 -0.088757 -0.034982 0.32447 0.13339 -0.074566 0.040989 0.15668 0.11436 0.00061926 0.037478 0.041122 0.12791 0.083712 0.1272 0.093516 0.15762 -0.038377 -0.094347 0.15283 0.15522 -0.047796 -0.05399 0.11738 0.16205 0.10253 0.01284 0.11715 0.23379 0.19047 -0.0001181 0.30656 0.40248 -0.014938 -0.0065115 0.051839 0.066184 -0.0059456 -0.0094422 0.014844 0.031544 0.048077 -0.012866 0.049303 0.093527 0.029062 -0.075949 0.078346 0.11852
93.833 156.2 1.8439 4.452 -0.016792 -0.0050808 0.074905 0.058084 0.0020763 -0.0012197 0.036829 0.02991 -0.001535 0.0032471 0.054832 0.04071 -0.0042363 0.0023653 0.0064013 0.0070967 0.0076592 0.015078 0.10755 0.045634 0.0070109 0.084644 0.074815 0.13779 -0.012926 0.03949 0.097467 0.11468 -0.016265 0.03959 0.0586 0.061845 0.041002 0.022391 0.14473 0.040107 -0.021026 0.0085528 0.19261 0.18575 0.064778 0.17084 0.33766 0.33598 -0.052909 0.14728 0.16877 0.29949 0.021661 0.032294 0.10521 0.074271 0.0074399 0.047639 0.13842 0.1605 0.06193 -0.059997 0.30738 0.3696 -0.045712 -0.081425 0.13242 0.27302
104.19 158.5 1.9912 4.0697 0.00043279 0.0048745 0.010398 0.008276 -0.0052598 0.010382 0.030133 0.024755 -0.0025647 -0.00047244 0.0028983 0.0027297 0 -0 0 0 -0.0004941 6.7294e-05 0.036662 0.026968 0.015085 0.023251 0.097678 0.077829 -0.013756 0.06197 0.04657 0.067989 -0.021806 0.053818 0.096574 0.067077 0.034458 0.041109 0.070848 0.062256 0.028421 0.064033 0.15044 0.19311 -0.025898 0.16888 0.19233 0.30357 -0.063297 0.057951 0.20412 0.3073 0.028135 0.0047239 0.096386 0.046917 0.015607 0.021015 0.18986 0.19328 0.085792 0.044467 0.27957 0.52446 -0.10005 0.013323 0.16308 0.29584
60.349 159.89 2.0549 2.3539 -0.00056778 -0.061011 0.087042 0.18896 0.01594 -0.051898 0.23908 0.28087 0.0091502 -0.12609 0.24529 0.23411 -0.082252 -0.089216 0.15125 0.10281 -0.0010556 0.0801 0.11067 0.40333 -0.045892 0.03699 0.21892 0.39164 -0.068667 -0.081797 0.16456 0.19537 -0.018569 -0.025236 0.024418 0.0268 -0.047979 -0.06002 0.089162 0.24097 -0.090004 -0.094604 0.11262 0.2415 -0.04203 -0.016535 0.042621 0.04564 -3.8905e-05 -3.8727e-05 3.8905e-05 3.8727e-05 -0.010081 -0.037504 0.01051 0.037979 -0.0076135 -0.018811 0.0077938 0.018866 -0.00011558 -0.00024665 0.00011558 0.00024665 -0 0 0 0
153.4 160.02 1.6724 0.65365 -0.036117 0.00041683 0.33266 0.24778 -0.10872 -0.038932 0.19956 0.088391 -0.0058575 -0.016676 0.043386 0.03138 -0.00058845 3.4197e-05 0.00058845 0.00044599 -0.067853 -0.15728 0.23773 0.20979 -0.035097 -0.025078 0.1571 0.1296 -0.0088711 0.014599 0.046248 0.046023 0.00013044 0.00023753 0.0013153 0.0016665 -0.025479 0.0080914 0.071907 0.055175 0.015554 -0.020536 0.088865 0.092795 -0.01457 0.0040048 0.048238 0.067196 0.14064 0.14688 0.14131 0.15216 0.0058893 -0.0016788 0.044137 0.067077 0.07056 0.14248 0.10478 0.22058 0.050782 0.27261 0.17302 0.35889 0.054689 0.041831 0.23452 0.2834
174.83 161.14 2.0567 2.6937 -0.00016326 0.0094664 0.011641 0.015461 -0.0027024 4.8409e-05 0.0091673 0.010955 0.022685 0.00075883 0.0373 0.076002 0.063749 0.032245 0.084309 0.098524 0.0027606 0.042787 0.058963 0.067443 -0.037803 0.072482 0.10603 0.13263 0.04607 0.012229 0.10458 0.14635 0.064899 -0.066932 0.13342 0.23288 0.087031 0.13961 0.31253 0.17361 -0.19286 0.12921 0.3329 0.27906 -0.0448 -0.022954 0.085455 0.10412 0.032213 -0.027279 0.057837 0.093875 0.11109 -0.013789 0.4123 0.1219 -0.20675 -0.044052 0.32619 0.12333 0.0041957 -0.0021018 0.066199 0.058953 0.0084386 -0.0052986 0.045552 0.056325
62.055 165.1 2.0499 2.4127 0.011809 0.0052561 0.046974 0.15052 0.033264 0.0070898 0.15335 0.29711 -0.00082129 -0.063598 0.20455 0.25597 -0.031303 -0.08803 0.15447 0.13379 -0.014525 0.050231 0.091746 0.36049 -0.014985 0.076817 0.17258 0.47216 -0.085631 -0.015365 0.18584 0.27206 -0.026558 -0.037201 0.047681 0.051132 -0.03899 -0.088477 0.06847 0.20011 -0.067717 -0.1492 0.087958 0.23543 -0.068822 -0.087612 0.071588 0.12239 -0.0031291 -0.0021211 0.0031291 0.0029441 -0.0019682 -0.011939 0.0023281 0.011939 -0.0022936 -0.008313 0.0022936 0.008313 -0.00031442 -0.0004616 0.00031442 0.0004616 -0 0 0 0
84.231 168.75 2.1907 2.4078 0.0070968 0.0023856 0.043232 0.057864 0.066524 -0.034173 0.10947 0.086445 0.028631 0.0017647 0.19191 0.17749 0.025478 -0.0054911 0.13912 0.13435 0.0032199 0.008251 0.034433 0.063791 0.034922 -0.016525 0.091747 0.1016 0.043289 -0.1221 0.13341 0.24149 0.0082403 -0.049547 0.15926 0.23216 0.01466 0.053032 0.07207 0.16727 0.0026421 0.070138 0.11432 0.42955 0.0023284 0.051084 0.10101 0.43873 -0.0033354 0.018978 0.14273 0.27192 0.026519 -0.035504 0.046589 0.10367 -0.004889 -0.022771 0.070662 0.20498 -0.029873 -0.04124 0.077571 0.20405 -0.022794 -0.030955 0.035223 0.089918
188.36 169.99 2.0187 3.1322 3.5151e-19 3.7261e-17 8.7924e-18 9.3203e-16 1.6512e-19 1.7503e-17 4.1302e-18 4.3782e-16 -0 0 0 0 -0 0 0 0 0.0053902 0.0039576 0.0053902 0.0044104 0.014541 0.050075 0.03885 0.071934 -0.020814 0.014327 0.030141 0.052561 0.012944 0.0032975 0.013999 0.029426 0.054691 0.052461 0.068371 0.071991 -0.0050496 0.17524 0.12711 0.22504 -0.075572 0.071624 0.084672 0.18606 0.022768 0.02608 0.035018 0.065792 0.14521 0.10295 0.33011 0.18772 -0.084797 0.17618 0.55347 0.42418 -0.14862 0.0067724 0.15758 0.23835 0.012495 -0.0089285 0.040134 0.080207
106.32 171.99 1.9936 2.3068 -0.0093619 0.0019862 0.011407 0.0064428 -0 0 0 0 0.14055 -0.017012 0.16433 0.12725 0.23728 -0.034931 0.40039 0.24149 -0.0053678 -0.00038592 0.0074212 0.0041562 0.038673 0.004859 0.075744 0.093849 0.063154 0.012663 0.20304 0.26363 0.14266 -0.058031 0.32101 0.25256 0.00016387 -0.00018092 0.00016387 0.00018092 0.040079 -0.040303 0.058911 0.076301 -0.011688 -0.057594 0.14497 0.21315 0.081191 -0.067769 0.14613 0.15565 0.0062626 0.010894 0.0088176 0.012103 0.0059365 0.057653 0.030632 0.079999 0.033378 0.048782 0.096269 0.28504 0.017333 0.041883 0.056884 0.29864
165.84 175.92 2.239 1.0732 -0.00019276 -0.0013341 0.027642 0.02164 0.00073446 0.0083143 0.027299 0.022935 -0.0013695 -0.0049646 0.017889 0.016132 -3.7732e-06 0.0016561 0.0017367 0.0022866 0.050979 0.02345 0.070551 0.069767 0.044285 0.21159 0.14639 0.24536 -0.036759 0.2005 0.077443 0.24443 0.035006 0.086605 0.10687 0.22827 0.045914 -0.017634 0.056333 0.052174 0.06589 -0.15656 0.14639 0.4138 -0.043943 -0.14825 0.1459 0.45544 -0.0095437 -0.12326 0.12241 0.36788 0.0067871 -0.012645 0.0089309 0.01401 0.0086566 -0.047735 0.025403 0.073664 -0.0025487 -0.070413 0.019988 0.099749 -0.0059062 -0.036164 0.010394 0.046617
69.866 177.74 2.0253 5.7448 0 0 0 0 0 0 0 0 0 0 0 0 0 0 0 0 0.026202 0.077706 0.03156 0.11564 0.022944 0.17736 0.045843 0.23511 -0.04031 0.22731 0.062088 0.29178 -0.03895 0.082579 0.041417 0.085753 0.030459 0.01509 0.085271 0.24383 0.026006 -0.064666 0.11677 0.47651 0.005307 -0.056172 0.15896 0.40521 -0.037918 -0.0065606 0.10148 0.16862 -0.0139 0.019872 0.065487 0.18192 -0.012103 -0.041612 0.070866 0.2544 -0.0042228 -0.05123 0.10919 0.21498 0.00068164 -0.042034 0.057257 0.090176
65.821 182.23 2.077 5.7047 0 0 0 0 0 0 0 0 0 0 0 0 0 0 0 0 0.0098233 0.058179 0.0098233 0.058179 0.0046771 0.11389 0.0058094 0.11389 -0.0095621 0.095462 0.014031 0.095462 -0.0014865 0.0068043 0.0014865 0.0068043 0.03775 0.0074591 0.065197 0.20416 0.048997 0.027313 0.12155 0.41495 0.0019776 0.1157 0.13467 0.3964 -0.08501 0.12644 0.1046 0.17223 -0.0083665 -0.028185 0.08256 0.25249 -0.0061612 -0.0011469 0.095752 0.42271 -0.0035249 -0.028174 0.16449 0.37144 -0.0077158 -0.061102 0.079272 0.15229
183.82 181.93 2.0963 3.9192 0 -0 0 0 0 -0 0 0 -1.9078e-16 4.4983e-16 5.2917e-16 4.4983e-16 -3.1322e-16 2.8663e-16 3.7988e-16 2.8663e-16 0.0038046 0.0066821 0.0042075 0.011404 -0.0010033 0.032608 0.012641 0.042573 -0.0074165 0.039315 0.011909 0.039559 -0.0040358 0.0076578 0.004041 0.0076843 0.031672 0.14144 0.11377 0.29652 -0.021646 0.27717 0.14453 0.43446 -0.068938 0.080477 0.090219 0.14171 -0.024372 0.0048789 0.027903 0.036715 0.036416 0.0081529 0.16714 0.31439 -0.11115 -0.037074 0.2514 0.52345 -0.11856 -0.017798 0.12955 0.17564 -0.01612 0.0043974 0.019014 0.023601
86.548 184.11 2.1052 2.2755 0.0041793 -0.0022076 0.0057665 0.0062913 0.0036388 -0.025906 0.036859 0.063723 0.014794 -0.020732 0.058421 0.076052 0.016552 -0.05877 0.062914 0.11834 0.0087233 0.039864 0.018779 0.047297 0.038232 0.05912 0.091716 0.21809 0.027912 0.12328 0.10268 0.50749 -0.0009305 0.041444 0.077135 0.38124 0.042818 -0.016793 0.055788 0.082074 0.096706 -0.0051519 0.14588 0.30456 0.032423 0.0023926 0.12796 0.41147 -0.034536 -0.027192 0.10378 0.29334 0.0037463 -0.0052951 0.0039251 0.0067167 0.024514 -0.05434 0.026346 0.058726 0.0054723 -0.10559 0.02771 0.11297 -0.013397 -0.053544 0.016291 0.057558
133.56 188.63 1.9501 5.2803 -3.5284e-05 -3.2475e-05 7.8119e-05 5.2333e-05 0 0 0 0 0 0 0 0 4.7565e-18 -7.4557e-18 4.7565e-18 7.4557e-18 0 0 0 0 0.024661 0.022488 0.031075 0.023224 0.0041678 0.092176 0.1121 0.1248 -0.018138 0.037813 0.032284 0.042567 -0.00060502 0.0013886 0.0026552 0.0059165 0.088148 -0.007727 0.11511 0.080285 0.1539 0.085837 0.45299 0.50141 -0.093084 0.11988 0.29796 0.30887 0.00016584 -0.0003317 0.00028651 0.00071129 0.013697 -0.010561 0.015372 0.016286 0.13755 -0.12459 0.20089 0.25608 -0.010627 -0.019097 0.21182 0.21713
141.47 188.29 2.0058 5.053 0 0 0 0 0.00047233 0.013167 0.0027217 0.013167 -0.0013711 0.0096157 0.0022934 0.0096157 1.406e-17 2.6313e-17 1.406e-17 4.1603e-17 0.0050642 0.00036563 0.0050668 0.0014576 0.038249 0.047158 0.12489 0.11907 0.01274 0.096162 0.19358 0.30849 -0.039072 0.054724 0.057303 0.081405 0.0034866 0.00012763 0.0068372 0.01529 0.10634 -0.042192 0.16143 0.20143 0.074373 -0.036722 0.30256 0.67218 -0.061028 0.039312 0.19415 0.2841 0.00032834 -0.00067174 0.00040835 0.0011709 0.010913 -0.016449 0.011796 0.01817 0.051977 -0.084422 0.063173 0.094576 0.052485 -0.021891 0.11162 0.12723
71.469 191.94 1.9973 5.3966 0 0 0 0 0 0 0 0 0 0 0 0 0 0 0 0 0 0 0 0 8.5964e-05 0.00025125 8.5964e-05 0.00025125 0.00015574 0.0011658 0.00015574 0.0011658 1.0904e-05 0.00010744 1.0904e-05 0.00010744 0.056444 0.12421 0.069839 0.14528 0.040637 0.25682 0.12204 0.37 -0.058483 0.27547 0.13325 0.34347 -0.089355 0.12519 0.09538 0.17393 0.019539 -0.017182 0.10179 0.22863 -0.010651 -0.12105 0.12024 0.4443 -0.040387 -0.12218 0.11801 0.3445 -0.032261 -0.041215 0.049404 0.11696
79.397 196.14 1.8987 5.1194 0 0 0 0 0 0 0 0 0 0 0 0 0 0 0 0 0 0 0 0 0.00019432 0.016059 0.0019379 0.016059 0.0018403 0.017402 0.0064012 0.017402 0.00024696 0.0014853 0.00068393 0.0014853 0.090723 0.17496 0.11907 0.20586 0.013462 0.26151 0.14671 0.38191 -0.12464 0.096828 0.16679 0.38756 -0.064007 0.019378 0.087753 0.14864 9.9685e-05 -0.030168 0.15723 0.22812 -0.066822 -0.11031 0.14683 0.42351 -0.075887 -0.08765 0.10842 0.32435 -0.020689 -0.027058 0.027176 0.052552
176.9 131.72 3.0069 2.1503 -0 0 0 0 -0 0 0 0 -0 0 0 0 -0 0 0 0 0.011579 0.0085603 0.016092 0.01973 0.076924 0.11784 0.10486 0.16322 -0.080325 0.21132 0.17179 0.25767 -0.023822 0.02337 0.028501 0.026335 0.01856 -0.0060689 0.039844 0.037447 0.13184 -0.057591 0.21763 0.23681 0.021277 0.0023505 0.47857 0.46322 -0.1166 0.051945 0.1869 0.10608 0.012607 0.044928 0.063082 0.04819 -0.0087569 -0.010611 0.084196 0.082277 0.077923 -0.087842 0.17823 0.17843 -0.050805 -0.037116 0.14715 0.18025
114.39 133.18 2.6135 1.4956 0 0 0 0 0.0016379 0.0056843 0.002735 0.0056843 -0.00091923 0.0054827 0.003118 0.0054827 0.0048132 0.017334 0.0048626 0.017334 0.0092529 0.030954 0.018457 0.048383 0.027826 0.1353 0.15153 0.31614 -0.027985 0.10069 0.13424 0.21344 0.09649 0.042146 0.17704 0.20362 -0.0078248 -0.00091955 0.12981 0.26043 -0.0080472 -0.064684 0.2273 0.49059 0.056353 -0.024515 0.26886 0.40111 -0.0184 -0.032418 0.18428 0.16037 -0.0068096 -0.016906 0.027083 0.035792 0.0017341 -0.013404 0.020398 0.033941 0.019334 -0.032716 0.049818 0.057566 0.0010126 -0.023457 0.040072 0.047574
100.24 141.28 2.5056 4.0344 0.0024684 0.0044222 0.01978 0.01422 6.1014e-05 0.020089 0.028095 0.033288 0.0055732 0.024535 0.064733 0.05276 0.016296 0.040558 0.11577 0.12109 0.011823 0.017653 0.062056 0.056073 0.07296 0.061878 0.18779 0.27048 -0.015684 0.080293 0.27829 0.37857 -0.047061 -0.032487 0.25601 0.28825 0.029506 0.0178 0.093956 0.080981 0.018806 0.096238 0.27578 0.34196 -0.049296 -0.044835 0.19562 0.20578 -0.027288 -0.028526 0.091887 0.080914 0.046024 -0.024842 0.05375 0.08567 -0.029536 -0.083244 0.20016 0.2522 -0.053577 -0.018932 0.065654 0.048644 -0.0002797 -0.0011167 0.0009519 0.0011715
90.728 148.89 2.4941 5.7437 -0.015499 0.030204 0.059366 0.063399 -0.0059722 0.048516 0.050981 0.11502 -0.012663 0.024348 0.031449 0.091831 -0.0039184 -0.001742 0.020851 0.040056 -0.091654 0.034993 0.19089 0.09738 -0.043674 -0.021376 0.12968 0.15719 -0.024983 0.00095386 0.15011 0.1147 -0.024377 0.010229 0.04764 0.031687 -0.10659 -0.071407 0.26103 0.27908 0.026366 0.095991 0.37499 0.30954 -0.075649 0.056224 0.24325 0.21849 -0.023571 0.0042572 0.053438 0.044488 0.0012421 -0.051858 0.03661 0.065794 0.10436 -0.073173 0.36043 0.16576 -0.09318 -0.018878 0.27124 0.14996 -0.015385 0.010716 0.043658 0.041876
87.375 157.79 3.129 5.6389 0.0098997 0.016122 0.020711 0.029046 0.022311 0.0039793 0.047968 0.11713 0.0087424 -0.011921 0.046828 0.14854 -0.019606 0.0038364 0.037742 0.07069 -0.010268 0.086258 0.1231 0.13411 -0.014318 0.066684 0.11775 0.21556 -0.033227 0.0048398 0.084228 0.13014 -0.0049816 -0.0094231 0.029538 0.046214 -0.071485 0.077116 0.33577 0.28345 -0.054085 0.11866 0.31823 0.30652 -0.074426 0.031496 0.1523 0.13489 -0.013313 -0.0027159 0.023879 0.03755 -0.0096854 -0.1067 0.11659 0.17304 -0.0095454 -0.053171 0.4039 0.23467 -0.09557 -0.0095752 0.20545 0.14926 -0.0089422 -0.0009315 0.010562 0.0092894
94.769 163.74 2.9027 4.4986 0.0089041 0.021572 0.061084 0.05591 -0.035827 -0.001877 0.056271 0.069887 -0.001798 0.0045448 0.0087053 0.010038 0.0046801 -0.0013759 0.0062825 0.0083812 -0.022591 -0.018961 0.1541 0.095645 -0.02397 0.014727 0.10263 0.11662 -0.0053689 0.028017 0.07854 0.074454 -0.0045636 0.0011294 0.0063682 0.0049817 0.013269 -0.0020928 0.19816 0.048687 0.022921 0.058596 0.2038 0.16837 -0.042227 0.17527 0.25406 0.2812 -0.027411 0.067302 0.12571 0.16318 0.046139 0.036964 0.11904 0.063302 0.015781 0.12069 0.20204 0.21389 -0.019777 -0.038968 0.31457 0.44243 0.0021025 -0.02066 0.20237 0.33329
80.448 187.44 2.7213 5.3007 0 0 0 0 0 0 0 0 0 0 0 0 0 0 0 0 0.039258 0.065881 0.042349 0.07009 0.042866 0.19638 0.08742 0.27475 -0.058279 0.1345 0.083191 0.22542 -0.020048 0.018079 0.020726 0.029833 0.051476 -0.0028715 0.16788 0.24687 -0.029599 -0.15654 0.17256 0.5579 -0.053922 -0.13011 0.11075 0.33734 -0.015797 -0.014774 0.019913 0.040028 0.0073973 0.054498 0.18831 0.18697 -0.066504 0.067415 0.1647 0.21484 -0.015425 0.031895 0.078085 0.11221 -0.0061577 0.005189 0.010276 0.015577
135.9 191.7 2.8033 5.055 -0.00046448 0.00026796 0.00050644 0.00078758 0 0 0 0 5.9923e-18 1.2638e-17 5.9923e-18 1.2638e-17 1.0128e-18 2.136e-18 1.0128e-18 2.136e-18 -0.00048459 -9.7934e-05 0.00050728 0.00064098 0.017051 0.015133 0.023324 0.027342 -0.0091735 0.082711 0.066347 0.12886 -0.0058213 0.010287 0.0064976 0.010626 -0.00091522 -0.0011052 0.0019587 0.0042245 0.067441 0.0017359 0.099781 0.12381 0.077121 0.068234 0.38473 0.7603 -0.086424 0.092963 0.14875 0.23006 -0.0019716 0.0019025 0.0022712 0.002796 0.0079902 -0.0050795 0.0091284 0.011403 0.068272 -0.079573 0.1004 0.13619 -0.0017556 -0.019795 0.17829 0.20034
160.38 194.06 2.6334 4.4357 0 -0 0 0 0 -0 0 0 -3.8668e-17 1.0981e-17 3.8668e-17 1.0981e-17 0 -0 0 0 0.0052617 0.02201 0.0052617 0.02201 0.0054688 0.11972 0.0092239 0.12041 -0.0018478 0.069795 0.0098359 0.072572 -0.00065408 0.0070356 0.0034413 0.0073204 0.070735 0.0084233 0.09085 0.17708 0.03189 0.034723 0.17047 0.63004 -0.02003 0.10677 0.15983 0.56802 -0.065099 0.050618 0.078639 0.12245 0.014897 -0.019917 0.019214 0.045086 0.0076017 -0.091452 0.043756 0.15168 0.030699 -0.10554 0.084969 0.18032 -0.030306 -0.036014 0.0635 0.066022
148.75 139.68 3.6952 4.837 -0.0054855 0.0059023 0.0085934 0.010686 0.024641 -0.024043 0.025733 0.038094 0.093737 -0.11127 0.13896 0.2253 -0.052064 -0.040233 0.12671 0.13861 -0.032745 0.051892 0.16058 0.23949 0.047914 0.11824 0.17775 0.30548 -0.0022712 0.18808 0.17554 0.25954 -0.028208 0.026335 0.10872 0.088232 -0.015957 -0.033606 0.12241 0.20652 0.059629 -0.060545 0.11807 0.20111 0.067353 -0.1054 0.32181 0.44004 -0.086864 -0.032 0.1279 0.14244 -0.00048514 -0.0041549 0.001894 0.004165 0.00018103 -0.00063559 0.00035034 0.00063559 0.0083275 -0.038338 0.019311 0.039712 -0.0063403 -0.016431 0.0083642 0.016637
162.74 146.21 3.8082 4.6278 0.03716 -0.03411 0.042023 0.078713 0.067144 -0.10671 0.15078 0.33383 -0.091099 -0.033272 0.18228 0.22099 -0.013821 -0.0012042 0.017522 0.010598 0.0075471 0.014751 0.027847 0.029559 0.026135 0.058593 0.12004 0.15577 -0.019492 0.019538 0.17774 0.13805 -0.01533 0.0072029 0.036275 0.015344 0.0086121 -0.0089232 0.13658 0.22827 0.1062 -0.040597 0.28154 0.50093 -0.09646 -0.018797 0.26113 0.36658 -0.043527 -0.0047439 0.055368 0.036358 -0.0059469 -0.013956 0.013011 0.024604 0.019944 -0.045253 0.028918 0.04947 -0.010379 -0.059865 0.033919 0.071834 -0.0037606 -0.0042134 0.0037606 0.004453
87.341 156.72 3.7668 4.4638 0.018819 0.010795 0.027141 0.015852 -0.019667 0.010004 0.077369 0.077547 -0.0064606 0.0010501 0.016128 0.018718 0.0099763 -0.0082194 0.014387 0.016009 0.027976 -0.0070142 0.083549 0.026754 -0.019059 0.0099122 0.14422 0.1071 -0.010786 0.067868 0.10552 0.13204 -0.0075252 0.019774 0.039204 0.050234 0.028125 -0.0041101 0.051173 0.026556 0.051822 0.10815 0.22459 0.16325 -0.00027951 0.029842 0.37613 0.44729 -0.040266 0.012642 0.28028 0.41178 0.015644 -0.0053152 0.018436 0.011741 0.10745 -0.070551 0.14801 0.24956 -0.08958 -0.094156 0.19107 0.23059 -0.010986 -0.03473 0.048558 0.077812
167.95 175.85 3.6506 1.0485 0.035022 -0.033626 0.10866 0.08614 -0.0503 -0.076809 0.13903 0.18979 -0.028757 -0.020693 0.050537 0.057926 -0.00071388 -0.0023202 0.0023389 0.0033742 0.014868 -0.023529 0.05876 0.034876 0.08569 0.1024 0.22386 0.26636 0.019717 0.20284 0.22227 0.43232 -0.067934 0.062754 0.12919 0.22357 0.011102 -0.003147 0.012401 0.01138 0.093023 -0.12002 0.14335 0.23659 -0.035837 -0.2208 0.18732 0.43216 -0.054526 -0.053641 0.087744 0.15641 0.00018205 -0.00024285 0.00018205 0.00024285 0.00060133 -0.0057855 0.0018153 0.0057855 -0.00013692 -0.0059386 0.0007886 0.0059386 -2.5284e-06 -0.00013422 1.5533e-05 0.00013422
63.232 188.18 3.4607 5.6226 0 0 0 0 0 0 0 0 0 0 0 0 0 0 0 0 0 0 0 0 0 0 0 0 0 0 0 0 0 0 0 0 0.054761 0.042722 0.066022 0.13109 0.054284 0.13422 0.1265 0.4309 -0.069715 0.16274 0.14579 0.43508 -0.059617 0.060561 0.061194 0.087014 0.0038804 0.013564 0.15681 0.24413 0.0074478 -0.050539 0.16064 0.44633 -0.0088783 -0.12462 0.14958 0.35682 -0.028028 -0.027437 0.061585 0.088958
78.536 187.09 3.0915 5.3181 0 0 0 0 0 0 0 0 0 0 0 0 0 0 0 0 0.03629 0.060431 0.039316 0.063142 0.043166 0.19652 0.073497 0.24338 -0.072935 0.16662 0.097568 0.22053 -0.02058 0.023101 0.02119 0.026085 0.063362 0.0030435 0.19386 0.2766 -0.025333 -0.12218 0.2019 0.54265 -0.074395 -0.093296 0.11996 0.33294 -0.021445 -0.014439 0.023823 0.046548 -0.002806 0.049283 0.18822 0.18872 -0.068806 0.080959 0.16264 0.21221 -0.019846 0.020666 0.088477 0.11845 -0.0067472 -0.00078306 0.0099137 0.013929
173.61 191.75 3.8866 4.1871 0 -0 0 0 0 -0 0 0 0 -0 0 0 0 -0 0 0 2.9191e-17 5.0367e-17 2.9191e-17 5.0367e-17 -0.0029134 0.013184 0.0038026 0.013184 -0.0051673 0.023023 0.007032 0.023023 -0.00046292 0.0011333 0.00046292 0.0011333 0.093142 0.069594 0.14369 0.26355 0.043408 0.1352 0.30635 0.68312 -0.17097 0.050348 0.24639 0.33764 -0.022845 0.0027348 0.0241 0.018463 0.01982 -0.041923 0.050457 0.094105 0.00052041 -0.10491 0.083479 0.1927 -0.015202 -0.052996 0.10515 0.13245 -0.0090144 0.032464 0.054692 0.042959
66.555 116.2 5.2005 1.036 0 0 0 0 0 0 0 0 0 0 0 0 0 0 0 0 0 0 0 0 0 0 0 0 0 0 0 0 0 0 0 0 0.00081801 0.025379 0.025749 0.029637 0.1373 0.17873 0.44538 0.47503 -0.16755 0.088125 0.22071 0.23669 -0.0077359 0.0026553 0.0078412 0.0052549 0.029401 -0.0070649 0.1778 0.25835 -0.00044892 -0.078224 0.31949 0.35027 -0.05675 -0.026719 0.18276 0.11471 -0.014047 0.0061865 0.034517 0.01375
99.969 125.4 5.2435 2.1451 -0.040571 0.021211 0.050836 0.029844 -0 0 0 0 -0 0 0 0 -0 0 0 0 -0.057126 -0.0088724 0.22444 0.27666 -0.042906 0.077998 0.20372 0.26035 -0.0077223 0.045961 0.020493 0.055401 -0.00014351 0.0011278 0.00014351 0.0011278 0.020945 -0.028652 0.064682 0.10583 0.09051 0.0013442 0.36057 0.39659 -0.096339 0.056071 0.38225 0.4672 -0.04651 0.0071077 0.050772 0.033257 0.0025373 -0.0004619 0.0085906 0.0066802 0.025899 -0.033971 0.075416 0.086664 -0.028469 -0.064068 0.11699 0.11004 -0.012977 -0.0073316 0.016812 0.009557
116.84 145.53 5.2464 3.9793 0.0013267 0.0019423 0.0042708 0.0023658 0.032971 -0.064151 0.1039 0.1593 -0.003827 -0.085819 0.10848 0.18248 0.032814 0.071869 0.11972 0.12849 -0.0090087 0.017883 0.040109 0.028385 0.0059711 0.04053 0.050106 0.054917 0.071643 0.019988 0.30224 0.28 -0.0028202 -0.11718 0.15199 0.2707 0.021746 0.024843 0.099823 0.087313 -0.0065112 0.10927 0.32586 0.37397 -0.07365 -0.022249 0.27419 0.29554 -0.0081979 -0.0046912 0.010505 0.0079523 0.047414 -0.019657 0.062918 0.072396 -0.061004 -0.069955 0.23443 0.22389 -0.025362 -0.013972 0.033125 0.027787 -0.00052081 -0.0001963 0.00052081 0.00024362
88.52 173.24 5.121 2.6627 -0.037812 -0.083818 0.23482 0.12788 -0.023912 -0.0094029 0.054867 0.033815 0.083028 0.024439 0.41695 0.28741 -0.044021 0.071259 0.14227 0.14058 0.0003655 -0.0061748 0.0099746 0.013318 0.012426 0.014988 0.042343 0.047617 0.096802 -0.043972 0.3193 0.2716 -0.063672 -0.014046 0.39954 0.34767 0.0078763 -0.0004137 0.0089216 0.0068042 0.033559 0.00035544 0.10322 0.1857 -0.006373 -0.020449 0.090047 0.2155 -0.01765 -0.076056 0.080686 0.10848 8.6909e-05 -0.00018345 8.6909e-05 0.00018345 0.0051449 -0.01589 0.0074556 0.020145 -0.0035277 -0.018296 0.0083882 0.027236 -0.001152 -0.0013663 0.0012268 0.0022594
61.834 111.23 6.6812 0.85929 0 0 0 0 0 0 0 0 0 0 0 0 0 0 0 0 0 0 0 0 0 0 0 0 0 0 0 0 0 0 0 0 0.002672 0.01005 0.011658 0.01005 0.15809 0.14547 0.38896 0.40715 -0.15476 0.12142 0.28661 0.32772 -0.0089321 0.0093681 0.0097714 0.010679 0.023358 0.085263 0.10549 0.14155 0.042528 -0.079615 0.35813 0.38105 -0.06024 -0.051998 0.22823 0.16137 -0.01994 0.0047367 0.044844 0.018602
165.46 135.06 7.7938 1.032 0 0 0 0 0 0 0 0 0.00259 0.0038198 0.0050224 0.017152 0.018945 0.04805 0.090325 0.11308 0 0 0 0 0.091585 0.072427 0.13725 0.199 -0.038186 0.045356 0.20882 0.36719 -0.0034901 -0.056244 0.14939 0.19153 0 0 0 0 0.099919 -0.061826 0.17888 0.18755 -0.0058488 0.047353 0.32504 0.63858 -0.041081 0.0068974 0.07375 0.10115 0 0 0 0 0.015693 -0.0053473 0.016206 0.010843 0.0090279 -0.069959 0.074287 0.18155 -0.01413 -0.013515 0.017497 0.030997
61.93 201.46 6.4354 5.5386 0 0 0 0 0 0 0 0 0 0 0 0 -1.8153e-17 -1.9699e-17 1.8153e-17 1.9699e-17 0 0 0 0 9.2653e-18 1.0055e-17 9.2653e-18 1.0055e-17 7.2799e-17 7.9e-17 7.2799e-17 7.9e-17 -2.712e-18 -2.943e-18 8.7314e-18 9.4751e-18 0.031327 0.037031 0.041425 0.055654 0.055045 0.052004 0.16112 0.4389 -0.076647 0.018308 0.11832 0.23677 -0.0036402 0.00063743 0.0036402 0.0021058 0.10656 0.15893 0.36586 0.32147 -0.17166 0.1886 0.33927 0.44415 -0.034199 -0.018445 0.083198 0.090449 -0.0057724 0.095479 0.077411 0.096067
192.9 110.05 9.8588 2.386 -0 0 0 0 -0 0 0 0 -0 0 0 0 -0 0 0 0 -0 0 0 0 -0 0 0 0 -0 0 0 0 -0 0 0 0 0.023829 0.010614 0.024534 0.010614 0.078464 0.12289 0.44884 0.3781 -0.079206 0.043253 0.28328 0.20223 0.0014227 0.0019827 0.0014227 0.0019827 0.052255 -0.0055423 0.052396 0.017289 -0.0024039 -0.10076 0.45269 0.3311 0.084188 0.0068175 0.27833 0.25805 -0.033866 0.025153 0.096984 0.10362
